1.842646707292656861e-15
-6.081864804337974162e-01
-1.188778264544009478e+00
-1.718355670894052167e+00
-2.180585075572833098e+00
-2.567219916525115941e+00
-2.877350741264831591e+00
-3.115589100008345991e+00
-3.289952956871401213e+00
-3.410000658907253346e+00
-3.485461672370371300e+00
-3.525384843945777114e+00
-3.537706643153948782e+00
-3.529110212930435697e+00
-3.505059650643099101e+00
-3.469924741925546119e+00
-3.427140479090399872e+00
-3.379369573726466847e+00
-3.328651124728571276e+00
-3.276529142261338290e+00
-3.224159188709302182e+00
-3.172395104298503909e+00
-3.121857929921270980e+00
-3.072990483809520335e+00
-3.026099769495915304e+00
-2.981390229895985566e+00
-2.938989241873283920e+00
-2.898967173622353677e+00
-2.861352674057753731e+00
-2.826145009939079245e+00
-2.793323555804744895e+00
-2.762855736493776249e+00
-2.734702749506880082e+00
-2.708823657311674182e+00
-2.685176640961144834e+00
-2.663718205807541928e+00
-2.644399877912265939e+00
-2.627164327439420521e+00
-2.611941214952155921e+00
-2.598644887589806274e+00
-2.587173581844387726e+00
-2.577411295887360065e+00
-2.569230873066363330e+00
-2.562498735300253294e+00
-2.557079389706318651e+00
-2.552840231540355109e+00
-2.549655003038658219e+00
-2.547406894636706998e+00
-2.545989992464899210e+00
-2.545310434794728405e+00
-2.545286136945735578e+00
-2.545846611554006600e+00
-2.546931713829284405e+00
-2.548490866465610516e+00
-2.550481479402292972e+00
-2.552868106207454968e+00
-2.555620928876603859e+00
-2.558715110650313651e+00
-2.562129505915569982e+00
-2.565846288442857226e+00
-2.569849907010886447e+00
-2.574126970789890834e+00
-2.578665408946225313e+00
-2.583454559430089947e+00
-2.588484474816236780e+00
-2.593746157976025479e+00
-2.599230961952944341e+00
-2.604930926234519717e+00
-2.610838230850129893e+00
-2.616945599817275259e+00
-2.623245781942542543e+00
-2.629731999172167711e+00
-2.636397436332702071e+00
-2.643235720416033274e+00
-2.650240408404888282e+00
-2.657405489171596358e+00
-2.664724863083097972e+00
-2.672192861806402586e+00
-2.679803716226045740e+00
-2.687552091652074981e+00
-2.695432542272392151e+00
-2.703440060543067514e+00
-2.711569517360804760e+00
-2.719816225128521836e+00
-2.728175363353874783e+00
-2.736642555256326492e+00
-2.745213278760012088e+00
-2.753883456687422182e+00
-2.762648853231422397e+00
-2.771505677852649008e+00
-2.780449967355483221e+00
-2.789478203622258956e+00
-2.798586681418361088e+00
-2.807772140087422930e+00
-2.817031117193668610e+00
-2.826360594282183669e+00
-2.835757336444903576e+00
-2.845218552227225306e+00
-2.854741219182268530e+00
-2.864322757984515633e+00
-2.873960344017106650e+00
-2.883651595735487572e+00
-2.893393872317073789e+00
-2.903184976303446518e+00
-2.913022437328641523e+00
-2.922904229057663894e+00
-2.932828039000082931e+00
-2.942791999754674759e+00
-2.952793944907608825e+00
-2.962832154586720890e+00
-2.972904597438670748e+00
-2.983009690492528510e+00
-2.993145527206511503e+00
-3.003310651637318252e+00
-3.013503272544977296e+00
-3.023722051862894222e+00
-3.033965304847467959e+00
-3.044231802842679357e+00
-3.054519959460657130e+00
-3.064828647634229686e+00
-3.075156371813842604e+00
-3.085502099301381307e+00
-3.095864418449503219e+00
-3.106242384269973122e+00
-3.116634662621029950e+00
-3.127040390084657950e+00
-3.137458304127652031e+00
-3.147887617242701275e+00
-3.158327133069784409e+00
-3.168776134795528776e+00
-3.179233487222804744e+00
-3.189698539423841517e+00
-3.200170212745144127e+00
-3.210647917711409782e+00
-3.221130627953487480e+00
-3.231617811360149695e+00
-3.242108489917913783e+00
-3.252602185108085298e+00
-3.263097963647508593e+00
-3.273595397129271944e+00
-3.284093593653900633e+00
-3.294592171712484863e+00
-3.305090277698227830e+00
-3.315587574031485740e+00
-3.326083242541855611e+00
-3.336576986834997260e+00
-3.347068021536201865e+00
-3.357556088899065205e+00
-3.368040433901489550e+00
-3.378520835097271302e+00
-3.388996565555598472e+00
-3.399467437956979587e+00
-3.409932751367549031e+00
-3.420392350580899521e+00
-3.430845558719263888e+00
-3.441292250823040355e+00
-3.451731772270818066e+00
-3.462164026618805845e+00
-3.472588379831881511e+00
-3.483004762375883967e+00
-3.493412559251593663e+00
-3.503811726342692889e+00
-3.514201666245570621e+00
-3.524582358875858468e+00
-3.534953223086595209e+00
-3.545314261537012346e+00
-3.555664908091363152e+00
-3.566005186953810302e+00
-3.576334545840856638e+00
-3.586653029385912905e+00
-3.596960098078416657e+00
-3.607255815942020494e+00
-3.617539655233174667e+00
-3.627811698397703122e+00
-3.638071428521327810e+00
-3.648318945569116956e+00
-3.658553742581414969e+00
-3.668775936200330712e+00
-3.678985028604146557e+00
-3.689181152325903490e+00
-3.699363817919218977e+00
-3.709533173073904067e+00
-3.719688736006137475e+00
-3.729830668876484179e+00
-3.739958496897348272e+00
-3.750072396058563573e+00
-3.760171897945471464e+00
-3.770257191777154571e+00
-3.780327814928383656e+00
-3.790383969286083232e+00
-3.800425197467899086e+00
-3.810451713502901239e+00
-3.820463064739643144e+00
-3.830459476856801437e+00
-3.840440501453810107e+00
-3.850406375397381176e+00
-3.860356654087618633e+00
-3.870291585146469426e+00
-3.880210727352283673e+00
-3.890114338676102790e+00
-3.900001980877879415e+00
-3.909873921896831472e+00
-3.919729726101849554e+00
-3.929569671042524526e+00
-3.939393323346568110e+00
-3.949200969837880493e+00
-3.958992179073791196e+00
-3.968767246836777396e+00
-3.978525743304090145e+00
-3.988267972919836701e+00
-3.997993507189881335e+00
-4.007702658940712759e+00
-4.017395000732498112e+00
-4.027070853511478532e+00
-4.036729790633528658e+00
-4.046372140917624982e+00
-4.055997478271927470e+00
-4.065606139155121035e+00
-4.075197697798204288e+00
-4.084772498080517344e+00
-4.094330114339335580e+00
-4.103870897668051576e+00
-4.113394422305977294e+00
-4.122901046365978317e+00
-4.132390343796693344e+00
-4.141862679546816750e+00
-4.151317627092286244e+00
-4.160755558044649582e+00
-4.170176045235152174e+00
-4.179579466774979046e+00
-4.188965394688181298e+00
-4.198334213431476059e+00
-4.207685494068183374e+00
-4.217019627255124803e+00
-4.226336182949618880e+00
-4.235635557871276546e+00
-4.244917320734044708e+00
-4.254181874190661183e+00
-4.263428785581615088e+00
-4.272658463370311743e+00
-4.281870473400618771e+00
-4.291065229830933525e+00
-4.300242296891885196e+00
-4.309402094327437815e+00
-4.318544184644538042e+00
-4.327668993069369030e+00
-4.336776080280452916e+00
-4.345865876888442614e+00
-4.354937941644119626e+00
-4.363992710450175672e+00
-4.373029740035570434e+00
-4.382049471507620808e+00
-4.391051459484046404e+00
-4.400036150194068796e+00
-4.409003096059496585e+00
-4.417952748353171089e+00
-4.426884657220420571e+00
-4.435799278903730603e+00
-4.444696161195518691e+00
-4.453575765237802742e+00
-4.462437636397466711e+00
-4.471282240649743223e+00
-4.480109120866980099e+00
-4.488918747794821584e+00
-4.497710661745440319e+00
-4.506485338175543198e+00
-4.515242314774661203e+00
-4.523982071654259585e+00
-4.532704143821946197e+00
-4.541409015990576670e+00
-4.550096220429385774e+00
-4.558766246402278455e+00
-4.567418623386188870e+00
-4.576053845148368993e+00
-4.584671438322259540e+00
-4.593271901133128665e+00
-4.601854757322303868e+00
-4.610420509530144706e+00
-4.618968678559376428e+00
-4.627499771424972153e+00
-4.636013305946655727e+00
-4.644509793475711135e+00
-4.652988748806554220e+00
-4.661450687590427577e+00
-4.669895121556190354e+00
-4.678322570620524701e+00
-4.686732543408379748e+00
-4.695125564069345891e+00
-4.703501138087697875e+00
-4.711859793815038167e+00
-4.720201033559991544e+00
-4.728525389847058058e+00
-4.736832361775634936e+00
-4.745122486015538321e+00
-4.753395258425026526e+00
-4.761651219793081147e+00
-4.769889862706220285e+00
-4.778111732047902294e+00
-4.786316317103706197e+00
-4.794504166828231106e+00
-4.802674767178195303e+00
-4.810828671157153735e+00
-4.818965361366212896e+00
-4.827085394837189014e+00
-4.835188250789872910e+00
-4.843274490264577459e+00
-4.851343589075392870e+00
-4.859396112252472477e+00
-4.867431532180676257e+00
-4.875450417862466246e+00
-4.883452238231059894e+00
-4.891437566244610124e+00
-4.899405867363042510e+00
-4.907357718484704812e+00
-4.915292581575466002e+00
-4.923211037459171102e+00
-4.931112544587892721e+00
-4.938997687696967454e+00
-4.946865921705628999e+00
-4.954717835247842928e+00
-4.962552879691592977e+00
-4.970371647557130679e+00
-4.978173586643798387e+00
-4.985959293346560628e+00
-4.993728211879173706e+00
-5.001480942500574400e+00
-5.009216925822653543e+00
-5.016936765958280198e+00
-5.024639899901773177e+00
-5.032326935610478280e+00
-5.039997306446208469e+00
-5.047651624201725973e+00
-5.055289318591993819e+00
-5.062911005236978568e+00
-5.070516110190763648e+00
-5.078105252892802568e+00
-5.085677855722828156e+00
-5.093234541932702975e+00
-5.100774730214817865e+00
-5.108299047626727152e+00
-5.115806909161045191e+00
-5.123298945674843452e+00
-5.130774568448861928e+00
-5.138234412133933837e+00
-5.145677884287342074e+00
-5.153105623348445796e+00
-5.160517033139741194e+00
-5.167912755884254139e+00
-5.175292191658919627e+00
-5.182655986465948494e+00
-5.190003536626097258e+00
-5.197335491916869721e+00
-5.204651244892589901e+00
-5.211951449102292244e+00
-5.219235493324128505e+00
-5.226504034875313565e+00
-5.233756458748299423e+00
-5.240993426025475799e+00
-5.248214317904262849e+00
-5.255419799229689382e+00
-5.262609247395067413e+00
-5.269783331005742255e+00
-5.276941423642298012e+00
-5.284084197668277305e+00
-5.291211022843000933e+00
-5.298322575286505298e+00
-5.305418220928684647e+00
-5.312498639644563703e+00
-5.319563193526513523e+00
-5.326612566203458243e+00
-5.333646115922380027e+00
-5.340664530065069471e+00
-5.347667163025689341e+00
-5.354654705938139969e+00
-5.361626509336227642e+00
-5.368583268105648898e+00
-5.375524328912661964e+00
-5.382450390394338591e+00
-5.389360795342429178e+00
-5.396256246145385127e+00
-5.403136081713467043e+00
-5.410001008186732463e+00
-5.416850360587292634e+00
-5.423684848807177161e+00
-5.430503803973615540e+00
-5.437307939731233830e+00
-5.444096583306095916e+00
-5.450870452096045149e+00
-5.457628869419639983e+00
-5.464372556428911842e+00
-5.471100832528762226e+00
-5.477814422626486213e+00
-5.484512642207265642e+00
-5.491196219934953326e+00
-5.497864467368979824e+00
-5.504518116931171434e+00
-5.511156476249523095e+00
-5.517780281505281437e+00
-5.524388836389199753e+00
-5.530982880843807514e+00
-5.537561714616932029e+00
-5.544126081414185947e+00
-5.550675277034932797e+00
-5.557210048949841941e+00
-5.563729689004457413e+00
-5.570234948436555200e+00
-5.576725115132416200e+00
-5.583200944099171004e+00
-5.589661719258609551e+00
-5.596108199389632887e+00
-5.602539664444127432e+00
-5.608956876975303985e+00
-5.615359112960087273e+00
-5.621747138728466986e+00
-5.628120226277304461e+00
-5.634479145716143833e+00
-5.640823165056707111e+00
-5.647153058190891528e+00
-5.653468089140304187e+00
-5.659769035582062457e+00
-5.666055157542749576e+00
-5.672327236487701541e+00
-5.678584528443571422e+00
-5.684827818667032240e+00
-5.691056359179998303e+00
-5.697270939033692194e+00
-5.703470806240368951e+00
-5.709656753649057670e+00
-5.715828025257736478e+00
-5.721985417716614286e+00
-5.728128171004565061e+00
-5.734257085576432544e+00
-5.740371397387320052e+00
-5.746471910700249985e+00
-5.752557857441875200e+00
-5.758630045687001875e+00
-5.764687703329225421e+00
-5.770731642258798644e+00
-5.776761086331618777e+00
-5.782776851257177775e+00
-5.788778156849110346e+00
-5.794765822639959651e+00
-5.800739064396488232e+00
-5.806698705478234857e+00
-5.812643957600569067e+00
-5.818575647953910135e+00
-5.824492984197769729e+00
-5.830396797357510152e+00
-5.836286291032144469e+00
-5.842162300086183535e+00
-5.848024024053646741e+00
-5.853872301642255138e+00
-5.859706328316608648e+00
-5.865526946631876015e+00
-5.871333347978735517e+00
-5.877126378764133463e+00
-5.882905226300190193e+00
-5.888670740850029617e+00
-5.894422105642915355e+00
-5.900160174802388191e+00
-5.905884127470354628e+00
-5.911594821635311803e+00
-5.917291432347312252e+00
-5.922974821464301876e+00
-5.928644159940029468e+00
-5.934300313506452262e+00
-5.939942449016498927e+00
-5.945571436080841821e+00
-5.951186437447073985e+00
-5.956788326609149919e+00
-5.962376262204988286e+00
-5.967951121616567711e+00
-5.973512059367514837e+00
-5.979059956732572623e+00
-5.984593964116723619e+00
-5.990114966692284604e+00
-5.995622110741045674e+00
-6.001116285337715794e+00
-6.006596632636398425e+00
-6.012064045619179176e+00
-6.017517662307921178e+00
-6.022958379597014300e+00
-6.028385331371550748e+00
-6.033799418443252627e+00
-6.039199770555942592e+00
-6.044587292443598159e+00
-6.049961109704282691e+00
-6.055322130999373442e+00
-6.060669477776504444e+00
-6.066004062629638760e+00
-6.071325002851445163e+00
-6.076633214973522712e+00
-6.081927812129069189e+00
-6.087209714792511051e+00
-6.092478031932935245e+00
-6.097733687972897165e+00
-6.102975787712701106e+00
-6.108205259528327602e+00
-6.113421204046698421e+00
-6.118624553602513672e+00
-6.123814404644585707e+00
-6.128991693471767199e+00
-6.134155512350176309e+00
-6.139306801548076287e+00
-6.144444649144150894e+00
-6.149569999381630403e+00
-6.154681936147119004e+00
-6.159781407664126185e+00
-6.164867493622460337e+00
-6.169941146231495921e+00
-6.175001440979411171e+00
-6.180049334067095224e+00
-6.185083896776273349e+00
-6.190106089304830306e+00
-6.195114978723362142e+00
-6.200111529232317231e+00
-6.205094803686339588e+00
-6.210065770294121101e+00
-6.215023487689427029e+00
-6.219968928094980143e+00
-6.224901145918790846e+00
-6.229821117403227859e+00
-6.234727892725725695e+00
-6.239622452154068633e+00
-6.244503841630172580e+00
-6.249373045453013198e+00
-6.254229105324053073e+00
-6.259073009579281255e+00
-6.263903795674743868e+00
-6.268722455989302667e+00
-6.273528023728554892e+00
-6.278321495320128065e+00
-6.283101899714198524e+00
-6.287870237393060613e+00
-6.292625533046378727e+00
-6.297368791217082595e+00
-6.302099032329265604e+00
-6.306817264992485406e+00
-6.311522505360137814e+00
-6.316215766114414265e+00
-6.320896059132864231e+00
-6.325564401176451135e+00
-6.330219799841660944e+00
-6.334863275974268682e+00
-6.339493832884565805e+00
-6.344112495509204308e+00
-6.348718262867084405e+00
-6.353312163991926553e+00
-6.357893193605925752e+00
-6.362462384846028662e+00
-6.367018728132491034e+00
-6.371563260711716303e+00
-6.376094968696667920e+00
-6.380614893449465086e+00
-6.385122016770403697e+00
-6.389617384143583045e+00
-6.394099973051313057e+00
-6.398570833105996059e+00
-6.403028937466494597e+00
-6.407475339879849408e+00
-6.411909009176024021e+00
-6.416331003243083586e+00
-6.420740286576672062e+00
-6.425137921212243697e+00
-6.429522867305551337e+00
-6.433896191045970880e+00
-6.438256848243820052e+00
-6.442605909248803719e+00
-6.446942325520220507e+00
-6.451267171574597725e+00
-6.455579394514717073e+00
-6.459880073030409342e+00
-6.464168149862262958e+00
-6.468444707879993594e+00
-6.472708685456223243e+00
-6.476961169647321270e+00
-6.481201094452190503e+00
-6.485429551120382996e+00
-6.489645469271390077e+00
-6.493849944354602499e+00
-6.498041901604370452e+00
-6.502222440676576731e+00
-6.506390482414557752e+00
-6.510547130687474038e+00
-6.514691301941805790e+00
-6.518824104266713881e+00
-6.522944449705933678e+00
-6.527053450575455606e+00
-6.531150014510297197e+00
-6.535235258060132502e+00
-6.539308084445282887e+00
-6.543369614455914807e+00
-6.547418746891715102e+00
-6.551456606790271309e+00
-6.555482088524550832e+00
-6.559496321386381723e+00
-6.563498195316088690e+00
-6.567488843866678749e+00
-6.571467152539574030e+00
-6.575434259156132555e+00
-6.579389044772660178e+00
-6.583332651485799936e+00
-6.587263955900668932e+00
-6.591184104396172749e+00
-6.595091969120066011e+00
-6.598988700740572533e+00
-6.602873166941787275e+00
-6.606746522688487389e+00
-6.610607631194676870e+00
-6.614457651728895549e+00
-6.618295443028737068e+00
-6.622122168673594267e+00
-6.625936682918360354e+00
-6.629740153660528712e+00
-6.633531430665795980e+00
-6.637311686156994739e+00
-6.641079765404230173e+00
-6.644836844962961564e+00
-6.648581765601138116e+00
-6.652315708214189272e+00
-6.656037509061387247e+00
-6.659748353385544384e+00
-6.663447072930620330e+00
-6.667134857294143124e+00
-6.670810533698174005e+00
-6.674475296102414745e+00
-6.678127967200400583e+00
-6.681769745321358478e+00
-6.685399448623658536e+00
-6.689018279813615742e+00
-6.692625052507545469e+00
-6.696220973796483733e+00
-6.699804852747896611e+00
-6.703377900845000958e+00
-6.706938922599743336e+00
-6.710489133895061187e+00
-6.714027334680493730e+00
-6.717554745246335557e+00
-6.721070160972713481e+00
-6.724574806565201790e+00
-6.728067472827425455e+00
-6.731549388887801300e+00
-6.735019340966680979e+00
-6.738478562622968404e+00
-6.741925835486686225e+00
-6.745362397555061840e+00
-6.748787025860649713e+00
-6.752200962846848675e+00
-6.755602980941638691e+00
-6.758994327042410433e+00
-6.762373768965421306e+00
-6.765742558069955059e+00
-6.769099457553253707e+00
-6.772445723244493010e+00
-6.775780113714721331e+00
-6.779103889270849059e+00
-6.782415803850432745e+00
-6.785717122246150979e+00
-6.789006593754723262e+00
-6.792285487662722332e+00
-6.795552548618541522e+00
-6.798809050410676846e+00
-6.802053733031854676e+00
-6.805287874780606927e+00
-6.808510210986534972e+00
-6.811722024466256187e+00
-6.814922045878804902e+00
-6.818111562567132466e+00
-6.821289300511983456e+00
-6.824456551590963649e+00
-6.827612037098941045e+00
-6.830757053456425254e+00
-6.833890317264705416e+00
-6.837013129495514541e+00
-6.840124202048955659e+00
-6.843224840456191949e+00
-6.846313751908440715e+00
-6.849392246504767634e+00
-6.852459026719591506e+00
-6.855515407228364388e+00
-6.858560085780860405e+00
-6.861594381637315720e+00
-6.864616987815041149e+00
-6.867629228167604793e+00
-6.870629790971833017e+00
-6.873620004683192342e+00
-6.876598552830085254e+00
-6.879566768478372119e+00
-6.882523330400027284e+00
-6.885469576280003778e+00
-6.888404180125776932e+00
-6.891328484249992670e+00
-6.894241157887464944e+00
-6.897143547987257151e+00
-6.900034319003445660e+00
-6.902914822530215488e+00
-6.905783718232631152e+00
-6.908642362358887290e+00
-6.911489409776621073e+00
-6.914326221396946082e+00
-6.917151447281828069e+00
-6.919966453014049890e+00
-6.922769883841602301e+00
-6.925563110027898261e+00
-6.928344771998466989e+00
-6.931116244706267970e+00
-6.933876163745966714e+00
-6.936625908769114446e+00
-6.939364110530928720e+00
-6.942092153390591491e+00
-6.944808663255348513e+00
-6.947515029201100312e+00
-6.950209872278475309e+00
-6.952894586289219525e+00
-6.955567787418671877e+00
-6.958230874203689353e+00
-6.960882457955526625e+00
-6.963523941955295449e+00
-6.966153932631520718e+00
-6.968773838018829103e+00
-6.971382259654120617e+00
-6.973980610334868047e+00
-6.976567486697556220e+00
-6.979144306311784618e+00
-6.981709660904623860e+00
-6.984264972827328499e+00
-6.986808828888540823e+00
-6.989342656230632223e+00
-6.991865036734725258e+00
-6.994377402343769923e+00
-6.996878330002432200e+00
-6.999369256463705113e+00
-7.001848753726656049e+00
-7.004318263363878749e+00
-7.006776352419607612e+00
-7.009224467295850580e+00
-7.011661170072659210e+00
-7.014087911991024882e+00
-7.016503250157660965e+00
-7.018908640662269605e+00
-7.021302635628811295e+00
-7.023686696005492891e+00
-7.026059368924125970e+00
-7.028422120201234691e+00
-7.030773491966984423e+00
-7.033114954916131367e+00
-7.035445046167713379e+00
-7.037765241304578367e+00
-7.040074072425090534e+00
-7.042373020010101570e+00
-7.044660611127697258e+00
-7.046938331166867187e+00
-7.049204702155591029e+00
-7.051461214401091304e+00
-7.053706384881545333e+00
-7.055941708832458303e+00
-7.058165698172476077e+00
-7.060379853075542833e+00
-7.062582680390881329e+00
-7.064775685241100334e+00
-7.066957369396113187e+00
-7.069129242937447266e+00
-7.071289802545694947e+00
-7.073440563271673476e+00
-7.075580016696656038e+00
-7.077709682851061501e+00
-7.079828048206699087e+00
-7.081936637784181698e+00
-7.084033932935643207e+00
-7.086121463682212074e+00
-7.088197706246317509e+00
-7.090264195660081370e+00
-7.092319403005933331e+00
-7.094364868337653007e+00
-7.096399057587263748e+00
-7.098423515840867282e+00
-7.100436703869687172e+00
-7.102440171802810731e+00
-7.104432375240276265e+00
-7.106414869364854781e+00
-7.108386104594896615e+00
-7.110347641177666489e+00
-7.112297924339234356e+00
-7.114238519402242389e+00
-7.116167866389890406e+00
-7.118087535710986735e+00
-7.119995962175210913e+00
-7.121894721288564156e+00
-7.123782242636410800e+00
-7.125660106832893526e+00
-7.127526738228333159e+00
-7.129383722556149827e+00
-7.131229478920579901e+00
-7.133065598185493350e+00
-7.134890494198183220e+00
-7.136705762964066224e+00
-7.138509813062514198e+00
-7.140304245651809545e+00
-7.142087464032244704e+00
-7.143861074526175692e+00
-7.145623475143869641e+00
-7.147376277383092891e+00
-7.149117873952778979e+00
-7.150849881537535424e+00
-7.152570687533719607e+00
-7.154281913824323880e+00
-7.155981942481741243e+00
-7.157672400598844575e+00
-7.159351664912752433e+00
-7.161021367737712140e+00
-7.162679880464154714e+00
-7.164328840639378804e+00
-7.165966614295554926e+00
-7.167594844224783657e+00
-7.169211891089375399e+00
-7.170819402937949505e+00
-7.172415735051298924e+00
-7.174002540746467815e+00
-7.175578169910995285e+00
-7.177144281142107118e+00
-7.178699218922433900e+00
-7.180244647141333481e+00
-7.181778904864538404e+00
-7.183303661285656005e+00
-7.184817250041594328e+00
-7.186321345642210368e+00
-7.187814276283678083e+00
-7.189297721804156716e+00
-7.190770004946965166e+00
-7.192232810890908823e+00
-7.193684456914320791e+00
-7.195126633548772688e+00
-7.196557652595428678e+00
-7.197979209951013146e+00
-7.199389611927211163e+00
-7.200790559798297075e+00
-7.202180354374113413e+00
-7.203560702318934972e+00
-7.204929898928339682e+00
-7.206289656269093236e+00
-7.207638264110092230e+00
-7.208977439933078379e+00
-7.210305467967758730e+00
-7.211624071123484470e+00
-7.212931528078053489e+00
-7.214229567181273062e+00
-7.215516461546273241e+00
-7.216793944976017450e+00
-7.218060285006228760e+00
-7.219317220905912436e+00
-7.220563014620505982e+00
-7.221799410897895122e+00
-7.223024666080314127e+00
-7.224240530407599614e+00
-7.225445254605737055e+00
-7.226640594419487584e+00
-7.227824794945534315e+00
-7.228999617446681292e+00
-7.230163301377150020e+00
-7.231317613530974242e+00
-7.232460787706679994e+00
-7.233594596242742369e+00
-7.234717267268702123e+00
-7.235830578680806369e+00
-7.236932752926193757e+00
-7.238025573472302909e+00
-7.239107257070359402e+00
-7.240179592772448380e+00
-7.241240791620371375e+00
-7.242292648264358590e+00
-7.243333368023167296e+00
-7.244364751158833826e+00
-7.245384997253260018e+00
-7.246395912193940525e+00
-7.247395689812257125e+00
-7.248386141634854063e+00
-7.249365455728722374e+00
-7.250335449273475064e+00
-7.251294304557714732e+00
-7.252243844427981756e+00
-7.253182245380427773e+00
-7.254111335942424077e+00
-7.255029286803651445e+00
-7.255937932186362183e+00
-7.256835436959431895e+00
-7.257723641054255381e+00
-7.258600703504617613e+00
-7.259468469965068671e+00
-7.260325093620068948e+00
-7.261172425861640356e+00
-7.262008614010382779e+00
-7.262835515210102066e+00
-7.263651270903033641e+00
-7.264457743999320094e+00
-7.265253070048030892e+00
-7.266039117740110242e+00
-7.266814016716914182e+00
-7.267579641464663176e+00
-7.268334115702245413e+00
-7.269079319725781474e+00
-7.269813371316755202e+00
-7.270538156596019874e+00
-7.271251787392658095e+00
-7.271956155667076871e+00
-7.272649367280799027e+00
-7.273333320048671169e+00
-7.274006113849663002e+00
-7.274669652367959927e+00
-7.275322029484650344e+00
-7.275965154768413434e+00
-7.276597116087046402e+00
-7.277219828908853216e+00
-7.277831375073032127e+00
-7.278433675962652671e+00
-7.279024807372705297e+00
-7.279606696616377270e+00
-7.280177413428977395e+00
-7.280738891069073127e+00
-7.281289193196490039e+00
-7.281830259030809493e+00
-7.282360146140532287e+00
-7.282880799721747955e+00
-7.283390271235764324e+00
-7.283890511870819040e+00
-7.284379566965034414e+00
-7.284859393714524955e+00
-7.285328031318120345e+00
-7.285787442995575347e+00
-7.286235661790360751e+00
-7.286674656961726448e+00
-7.287102455381418764e+00
-7.287521032364191242e+00
-7.287928408593717933e+00
-7.288326565456334727e+00
-7.288713517431125943e+00
-7.289091251992204867e+00
-7.289457777397435834e+00
-7.289815087224973844e+00
-7.290161183494762831e+00
-7.290498065905363312e+00
-7.290823730222057542e+00
-7.291140182280138937e+00
-7.291445411573371338e+00
-7.291741430090315390e+00
-7.292026221036249645e+00
-7.292301802569562064e+00
-7.292566151589956469e+00
-7.292821292442360992e+00
-7.293065195703692716e+00
-7.293299891922239375e+00
-7.293523345334794961e+00
-7.293737592709903517e+00
-7.293940591926835637e+00
-7.294134385991353220e+00
-7.294316926407668156e+00
-7.294490262435832761e+00
-7.294652339187454260e+00
-7.294805212193949728e+00
-7.294946820156575917e+00
-7.295079224895456349e+00
-7.295200358683574748e+00
-7.295312289647198689e+00
-7.295412943613047929e+00
-7.295504395030882883e+00
-7.295584563263243894e+00
-7.295655529100884884e+00
-7.295715205423995542e+00
-7.295765679381975843e+00
-7.295804857354237782e+00
-7.295834832866735731e+00
-7.295853505779751558e+00
-7.295862976013443024e+00
-7.295861136890527732e+00
-7.295850094743363101e+00
-7.295827736338385883e+00
-7.295796174438245352e+00
-7.295753289234328420e+00
-7.295701199937711046e+00
-7.295637780145929341e+00
-7.295565155536622548e+00
-7.295481193094523142e+00
-7.295388024982218944e+00
-7.295283511552479006e+00
-7.295169791471376008e+00
-7.295044718440421683e+00
-7.294910437647690316e+00
-7.294764796124154849e+00
-7.294609945598471867e+00
-7.294443726411681261e+00
-7.294268296851780242e+00
-7.294081490550180291e+00
-7.293885472373233370e+00
-7.293678069222944593e+00
-7.293461452562862490e+00
-7.293233442545866474e+00
-7.292996217251784152e+00
-7.292747590064374563e+00
-7.292489745698922832e+00
-7.292220490749933504e+00
-7.291942016587485753e+00
-7.291652122996597818e+00
-7.291353008021474125e+00
-7.291042464617395247e+00
-7.290722697522143747e+00
-7.290391492840702981e+00
-7.290051062024175188e+00
-7.289699184306539514e+00
-7.289338077871921229e+00
-7.288965515062662881e+00
-7.288583720815647204e+00
-7.288190460560636907e+00
-7.287787966007357454e+00
-7.287373995651901026e+00
-7.286950787996812728e+00
-7.286516094583456393e+00
-7.286072160727364633e+00
-7.285616730993810464e+00
-7.285152057531640857e+00
-7.284675877908572517e+00
-7.284190451127125598e+00
-7.283693507735921280e+00
-7.283187313611722224e+00
-7.282669592262234204e+00
-7.282142616459034379e+00
-7.281604102647153631e+00
-7.281056330513733243e+00
-7.280497009419074850e+00
-7.279928425986726737e+00
-7.279348282470063936e+00
-7.278758872450007189e+00
-7.278157891050750727e+00
-7.277547638831768140e+00
-7.276925803765449174e+00
-7.276294693410996217e+00
-7.275651988566555595e+00
-7.275000003812325033e+00
-7.274336412749295988e+00
-7.273663537000212287e+00
-7.272979042946078110e+00
-7.272285259273642666e+00
-7.271579845120861307e+00
-7.270865136260152184e+00
-7.270138784563142664e+00
-7.269403132909880938e+00
-7.268655825882156307e+00
-7.267899213489521060e+00
-7.267130933000497173e+00
-7.266353341576121672e+00
-7.265564069147965931e+00
-7.264765480050647817e+00
-7.263955196854905871e+00
-7.263135591091340437e+00
-7.262304277945738740e+00
-7.261463636167055036e+00
-7.260611273531904608e+00
-7.259749576030268159e+00
-7.258876144005053987e+00
-7.257993370709939107e+00
-7.257098849029704368e+00
-7.256194979504364539e+00
-7.255279347535887879e+00
-7.254354360973540139e+00
-7.253417597711522724e+00
-7.252471472931500962e+00
-7.251513556994776621e+00
-7.250546272438455730e+00
-7.249567182065812965e+00
-7.248578715792688421e+00
-7.247578428838740372e+00
-7.246568758522179188e+00
-7.245547252453279796e+00
-7.244516355376055650e+00
-7.243473607265844549e+00
-7.242421460315997983e+00
-7.241357446840830825e+00
-7.240284026506940585e+00
-7.239198723941442815e+00
-7.238104006308095251e+00
-7.236997390520345519e+00
-7.235881351263266481e+00
-7.234753397710047551e+00
-7.233616012091212077e+00
-7.232466695812997060e+00
-7.231307938675628932e+00
-7.230137234291392545e+00
-7.228957080054792428e+00
-7.227764961756937723e+00
-7.226563384411127444e+00
-7.225349825959971106e+00
-7.224126799060280213e+00
-7.222891773778625790e+00
-7.221647270440118227e+00
-7.220390751207476754e+00
-7.219124744099233659e+00
-7.217846703346130433e+00
-7.216559164685258487e+00
-7.215259574387226316e+00
-7.213950475932851880e+00
-7.212629307604339957e+00
-7.211298620651527713e+00
-7.209955845339477420e+00
-7.208603540712747559e+00
-7.207239128990373445e+00
-7.205865177037226843e+00
-7.204479098997267350e+00
-7.203083469581485154e+00
-7.201675694829510199e+00
-7.200258357324343272e+00
-7.198828854971717206e+00
-7.197389778252794024e+00
-7.195938516909704319e+00
-7.194477669347941529e+00
-7.193004617116029564e+00
-7.191521966570135760e+00
-7.190027091035023687e+00
-7.188522604844068020e+00
-7.187005873067783490e+00
-7.185479518043400127e+00
-7.183940896556516797e+00
-7.182392638975021448e+00
-7.180832093768694691e+00
-7.179261899362978205e+00
-7.177679395880700142e+00
-7.176087229831965786e+00
-7.174482732961250164e+00
-7.172868559890590134e+00
-7.171242033954403183e+00
-7.169605817914038504e+00
-7.167957226662117876e+00
-7.166298931126700467e+00
-7.164628237726480720e+00
-7.162947825584013550e+00
-7.161254992611659986e+00
-7.159552426154285776e+00
-7.157837415585306395e+00
-7.156112656499949765e+00
-7.154375429699787681e+00
-7.152628439058518417e+00
-7.150868956772827190e+00
-7.149099695023156897e+00
-7.147317917367930207e+00
-7.145526344322891354e+00
-7.143722230774484316e+00
-7.141908305602414408e+00
-7.140081814987327746e+00
-7.138245496201644613e+00
-7.136396586686094778e+00
-7.134537832134872914e+00
-7.132666461214255627e+00
-7.130785228069396631e+00
-7.128891352557603867e+00
-7.126987597304276001e+00
-7.125071173322782059e+00
-7.123144851748243411e+00
-7.121205834714994687e+00
-7.119256901897607293e+00
-7.117295246515912943e+00
-7.115323656813816733e+00
-7.113339317060927591e+00
-7.111345024100619305e+00
-7.109337953216312123e+00
-7.107320909881090110e+00
-7.105291060356026200e+00
-7.103251218774389919e+00
-7.101198542338331698e+00
-7.099135853872032165e+00
-7.097060301482072120e+00
-7.094974716714403939e+00
-7.092876238542968892e+00
-7.090767707266565800e+00
-7.088646252689300375e+00
-7.086514723894249634e+00
-7.084370241478040953e+00
-7.082215663339463063e+00
-7.080048100830084401e+00
-7.077870420696154241e+00
-7.075679725006057907e+00
-7.073478889385616419e+00
-7.071265006581693768e+00
-7.069040961131857870e+00
-7.066803836422971941e+00
-7.064556525936921183e+00
-7.062296103661700464e+00
-7.060025472056237206e+00
-7.057741695670662452e+00
-7.055447685973876837e+00
-7.053140498038962036e+00
-7.050823052378024869e+00
-7.048492394547462681e+00
-7.046151454136280634e+00
-7.043797267144324969e+00
-7.041432772271278395e+00
-7.039054995920529301e+00
-7.036666885936475602e+00
-7.034265459085783156e+00
-7.031853672392033516e+00
-7.029428532944565156e+00
-7.026993006980861267e+00
-7.024544091872350293e+00
-7.022084763105355343e+00
-7.019612008292321015e+00
-7.017128812203855759e+00
-7.014632152652246155e+00
-7.012125023727994844e+00
-7.009604393401880351e+00
-7.007073265120255634e+00
-7.004528596970729382e+00
-7.001973401791978802e+00
-6.999404627746553587e+00
-6.996825297102029495e+00
-6.994232348053926351e+00
-6.991628812335862975e+00
-6.989011618134013837e+00
-6.986383806685447340e+00
-6.983742296124570537e+00
-6.981090137229740478e+00
-6.978424238040870087e+00
-6.975747658915840255e+00
-6.973057297757271122e+00
-6.970356224541126799e+00
-6.967641326989745032e+00
-6.964915684736230794e+00
-6.962176175279303436e+00
-6.959425887948731848e+00
-6.956661689976217033e+00
-6.953886680428107425e+00
-6.951097716225504541e+00
-6.948297906211643671e+00
-6.945484096953256525e+00
-6.942659407111322345e+00
-6.939820672854287942e+00
-6.936971022702033807e+00
-6.934107282380780113e+00
-6.931232590311153352e+00
-6.928343761732687511e+00
-6.925443945008975533e+00
-6.922529944848662353e+00
-6.919604919601038517e+00
-6.916665663399272468e+00
-6.913715344621650161e+00
-6.910750746781100240e+00
-6.907775048328719691e+00
-6.904785022112525539e+00
-6.901783856700624220e+00
-6.898768314231190857e+00
-6.895741593434261851e+00
-6.892700445693110467e+00
-6.889648079945164483e+00
-6.886581236773469783e+00
-6.883503135368915338e+00
-6.880410505469192195e+00
-6.877306576565096030e+00
-6.874188067503453681e+00
-6.871058218122295891e+00
-6.867913736332102559e+00
-6.864757872365800040e+00
-6.861587323151974616e+00
-6.858405349366888615e+00
-6.855208636911443776e+00
-6.852000456954296048e+00
-6.848777484322849496e+00
-6.845543000727889904e+00
-6.842293669877404838e+00
-6.839032784074496440e+00
-6.835756995861896002e+00
-6.832469608186034549e+00
-6.829167262378207148e+00
-6.825853272079831946e+00
-6.822524267364645567e+00
-6.819183572621472678e+00
-6.815827806620198714e+00
-6.812460304549973422e+00
-6.809077673830646660e+00
-6.805683260505515975e+00
-6.802273660597840887e+00
-6.798852231059522744e+00
-6.795415556470878471e+00
-6.791967004747513137e+00
-6.788503148980307600e+00
-6.785027368104483259e+00
-6.781536223674830666e+00
-6.778033105702846228e+00
-6.774514564160651453e+00
-6.770984000193282171e+00
-6.767437952143447788e+00
-6.763879832347977406e+00
-6.760306167473327577e+00
-6.756720381107069962e+00
-6.753118988192428063e+00
-6.749505423627403466e+00
-6.745876190585148535e+00
-6.742234735334447393e+00
-6.738577549231440145e+00
-6.734908089976967105e+00
-6.731222837062961872e+00
-6.727525259684399295e+00
-6.723811825421854849e+00
-6.720086015027280979e+00
-6.716344284122611974e+00
-6.712590125080501124e+00
-6.708819981516833231e+00
-6.705037357489369576e+00
-6.701238684560620662e+00
-6.697427478538767964e+00
-6.693600158885303131e+00
-6.689760253224894981e+00
-6.685904168870549391e+00
-6.682035445330307688e+00
-6.678150477720878442e+00
-6.674252817501450608e+00
-6.670338847544582173e+00
-6.666412131329256141e+00
-6.662469039435932494e+00
-6.658513147432703505e+00
-6.654540813559865597e+00
-6.650555625544946281e+00
-6.646553929239773950e+00
-6.642539324602468653e+00
-6.638508145047967268e+00
-6.634464002836895524e+00
-6.630403218898857531e+00
-6.626329417869722960e+00
-6.622238908145024361e+00
-6.618135326809514218e+00
-6.614014969675794831e+00
-6.609881486351980584e+00
-6.605731160018651238e+00
-6.601567652882575743e+00
-6.597387235443084919e+00
-6.593193582581696965e+00
-6.588982952067047094e+00
-6.584759031532418483e+00
-6.580518065965950569e+00
-6.576263755830611402e+00
-6.571992333284043752e+00
-6.567707511697531864e+00
-6.563405510348085059e+00
-6.559090055594722024e+00
-6.554757353783428719e+00
-6.550411144341216740e+00
-6.546047620632179154e+00
-6.541670535232676720e+00
-6.537276068473788726e+00
-6.532867986163019225e+00
-6.528442455547193823e+00
-6.524003255747716779e+00
-6.519546540875383656e+00
-6.515076103449152889e+00
-6.510588084391697450e+00
-6.506086289703900682e+00
-6.501566847067861588e+00
-6.497033576051514991e+00
-6.492482591043637008e+00
-6.487917725265194946e+00
-6.483335079758263397e+00
-6.478738501483729983e+00
-6.474124078083284495e+00
-6.469495670345200011e+00
-6.464849352456637277e+00
-6.460188999121593945e+00
-6.455510671018122260e+00
-6.450818256855010091e+00
-6.446107803746036424e+00
-6.441383214494669218e+00
-6.436640522594723635e+00
-6.431883645034989883e+00
-6.427108601633178431e+00
-6.422319323654632761e+00
-6.417511817184209377e+00
-6.412690027856002395e+00
-6.407849947964643356e+00
-6.402995537605672638e+00
-6.398122775225562719e+00
-6.393235635474896483e+00
-6.388330082893394213e+00
-6.383410106780885052e+00
-6.378471657711072496e+00
-6.373518739727966675e+00
-6.368547289379312026e+00
-6.363561325548978687e+00
-6.358556770698005067e+00
-6.353537658646491337e+00
-6.348499897707419848e+00
-6.343447536733993530e+00
-6.338376469829078097e+00
-6.333290760976629130e+00
-6.328186290006392767e+00
-6.323067136131542476e+00
-6.317929164844820811e+00
-6.312776470687463615e+00
-6.307604904750800046e+00
-6.302418577003790823e+00
-6.297213324070737528e+00
-6.291993271448627745e+00
-6.286754241228376117e+00
-6.281500374535775144e+00
-6.276227478861224895e+00
-6.270939711060774080e+00
-6.265632863956000165e+00
-6.260311110235375232e+00
-6.254970227982442843e+00
-6.249614405820827834e+00
-6.244239407025784061e+00
-6.238849436259425119e+00
-6.233440241917485913e+00
-6.228016044804447482e+00
-6.222572578364300000e+00
-6.217114079648308866e+00
-6.211636267075345330e+00
-6.206143394048632800e+00
-6.200631163887359243e+00
-6.195103846452222562e+00
-6.189557129887352183e+00
-6.183995300617080026e+00
-6.178414031533574935e+00
-6.172817625731648050e+00
-6.167201740773569085e+00
-6.161570696531973645e+00
-6.155920135160022788e+00
-6.150254393416057397e+00
-6.144569097963777260e+00
-6.138868602555621834e+00
-6.133148518284173178e+00
-6.127413216004946150e+00
-6.121658291156474974e+00
-6.115888131806846317e+00
-6.110098317656333933e+00
-6.104293254095668253e+00
-6.098468505001183537e+00
-6.092628493196925454e+00
-6.086768766648359197e+00
-6.080893765723947908e+00
-6.074999022389995673e+00
-6.069088994671056447e+00
-6.063159198444445508e+00
-6.057214109503150645e+00
-6.051249227544392539e+00
-6.045269046242199629e+00
-6.039269049021058322e+00
-6.033253747549564672e+00
-6.027218608885186235e+00
-6.021168162805000890e+00
-6.015097859903924871e+00
-6.009012248181833549e+00
-6.002906761674007718e+00
-5.996785966718167771e+00
-5.990645280691112795e+00
-5.984489288384151173e+00
-5.978313390415254780e+00
-5.972122190145451981e+00
-5.965911071332089755e+00
-5.959684656022563587e+00
-5.953438311010161854e+00
-5.947176677145963986e+00
-5.940895104154000350e+00
-5.934598251807119418e+00
-5.928281452653252792e+00
-5.921949385505478780e+00
-5.915597365627228932e+00
-5.909230090991007600e+00
-5.902842859465551761e+00
-5.896440388302520041e+00
-5.890017957864167819e+00
-5.883580304801753869e+00
-5.877122691857308290e+00
-5.870649875202975210e+00
-5.864157099845153098e+00
-5.857649141598468390e+00
-5.851121227616638443e+00
-5.844578153479305982e+00
-5.838015128368515327e+00
-5.831436967752072320e+00
-5.824838862719602162e+00
-5.818225648750956935e+00
-5.811592498720737687e+00
-5.804944268245479932e+00
-5.798276111860402260e+00
-5.791592905444045591e+00
-5.784889785065869816e+00
-5.778171646992685595e+00
-5.771433608700024642e+00
-5.764680586969881837e+00
-5.757907680553727481e+00
-5.751119826876554875e+00
-5.744312105833893511e+00
-5.737489475622217228e+00
-5.730646997147224475e+00
-5.723789649506335842e+00
-5.716912474479577178e+00
-5.710020472195714625e+00
-5.703108665171201963e+00
-5.696182074697442310e+00
-5.689235703887550955e+00
-5.682274595327718281e+00
-5.675293732585972251e+00
-5.668298179676407145e+00
-5.661282900478220803e+00
-5.654252980567636477e+00
-5.647203363988997360e+00
-5.640139158015950116e+00
-5.633055286710192178e+00
-5.625956879178870551e+00
-5.618838839351214531e+00
-5.611706318305162533e+00
-5.604554199685471971e+00
-5.597387656679299717e+00
-5.590201552492871429e+00
-5.583001082562062400e+00
-5.575781089498403453e+00
-5.568546791127277906e+00
-5.561293009307208379e+00
-5.554024984395007358e+00
-5.546737517335729173e+00
-5.539435871160824476e+00
-5.532114825739395059e+00
-5.524779666921869392e+00
-5.517425153336692922e+00
-5.510056593799069091e+00
-5.502668725529826332e+00
-5.495266880456081360e+00
-5.487845774221977280e+00
-5.480410762015020865e+00
-5.472956537731340276e+00
-5.465488479968724889e+00
-5.458001260701827562e+00
-5.450500282090092519e+00
-5.442980194010837991e+00
-5.435446422338038097e+00
-5.427893594673758315e+00
-5.420327160760932017e+00
-5.412741725745903842e+00
-5.405142763396566075e+00
-5.397524856221107115e+00
-5.389893502169948114e+00
-5.382243260928145645e+00
-5.374579654787958738e+00
-5.366897220424006854e+00
-5.359201504631522894e+00
-5.351487020885027590e+00
-5.343759340645359401e+00
-5.336012953995147079e+00
-5.328253457225399892e+00
-5.320475316832321333e+00
-5.312684154103544110e+00
-5.304874411752204644e+00
-5.297051736230762309e+00
-5.289210546270000535e+00
-5.281356513657553542e+00
-5.273484032940195299e+00
-5.265598801412866514e+00
-5.257695189234196320e+00
-5.249778919380732489e+00
-5.241844337416322830e+00
-5.233897192175453128e+00
-5.225931804418008753e+00
-5.217953949014880521e+00
-5.209957921710278939e+00
-5.201949523592176661e+00
-5.193923025174729702e+00
-5.185884253945948430e+00
-5.177827454973177090e+00
-5.169758482329462446e+00
-5.161671555415758839e+00
-5.153572555077851725e+00
-5.145455674828057546e+00
-5.137326822474804544e+00
-5.129180165416906689e+00
-5.121021638617762939e+00
-5.112845383135147692e+00
-5.104657361282265882e+00
-5.096451687545608067e+00
-5.088234351785567711e+00
-5.079999441684087458e+00
-5.071752974848966922e+00
-5.063489011921705085e+00
-5.055213598460116309e+00
-5.046920767826500231e+00
-5.038616593734181137e+00
-5.030295082024580644e+00
-5.021962334774798364e+00
-5.013612330060743361e+00
-5.005251198534400814e+00
-4.996872890258673650e+00
-4.988483564674436543e+00
-4.980077143581064014e+00
-4.971659815425204521e+00
-4.963225473489191408e+00
-4.954780335445548189e+00
-4.946318265802837288e+00
-4.937845511682541044e+00
-4.929355908559720056e+00
-4.920855733231106477e+00
-4.912338791875333399e+00
-4.903811391193889868e+00
-4.895267307802749102e+00
-4.886712878541066729e+00
-4.878141850192724505e+00
-4.869560589970669540e+00
-4.860962814553972500e+00
-4.852354921768977647e+00
-4.843730597913999958e+00
-4.835096271671734947e+00
-4.826445598680156657e+00
-4.817785038725180158e+00
-4.809108216501440936e+00
-4.800421623148318773e+00
-4.791718852130687267e+00
-4.783006426195418825e+00
-4.774277907287507006e+00
-4.765539850019199442e+00
-4.756785784521904148e+00
-4.748022297534930658e+00
-4.739242887078711775e+00
-4.730454172285153192e+00
-4.721649618762713274e+00
-4.712835878305490667e+00
-4.704006383804894220e+00
-4.695167819991082681e+00
-4.686313586729486502e+00
-4.677450401964236448e+00
-4.668571632222002776e+00
-4.659684028942978173e+00
-4.650780924998318078e+00
-4.641869105610804347e+00
-4.632941869675041957e+00
-4.624006036487362081e+00
-4.615054870640711293e+00
-4.606095225800462600e+00
-4.597120331928445047e+00
-4.588137077359205840e+00
-4.579138657089756315e+00
-4.570131994428463074e+00
-4.561110249069477263e+00
-4.552080379604530158e+00
-4.543035510082274797e+00
-4.533982634692250713e+00
-4.524914841490286221e+00
-4.515839160583194456e+00
-4.506748643682155553e+00
-4.497650357135626109e+00
-4.488537315953561979e+00
-4.479416623055691105e+00
-4.470281256389148083e+00
-4.461138355779947773e+00
-4.451980861745915341e+00
-4.442815951359577298e+00
-4.433636527338033595e+00
-4.424449804345969461e+00
-4.415248646923137343e+00
-4.406040307677783652e+00
-4.396817612590334434e+00
-4.387587852569675206e+00
-4.378343814649616306e+00
-4.369092828402471262e+00
-4.359827641522705299e+00
-4.350555622614889373e+00
-4.341269479635763595e+00
-4.331976620596897476e+00
-4.322669713313370465e+00
-4.313356205584732095e+00
-4.304028724674338946e+00
-4.294694758557146663e+00
-4.285346893528999779e+00
-4.275992658133846547e+00
-4.266624597278081410e+00
-4.257250280474915272e+00
-4.247862210813195816e+00
-4.238467999182274681e+00
-4.229060106418983445e+00
-4.219646185202599931e+00
-4.210218653676931488e+00
-4.200785206731785237e+00
-4.191338219370470242e+00
-4.181885429121074083e+00
-4.172419167392062533e+00
-4.162947214784838756e+00
-4.153461858651661842e+00
-4.143970923109742799e+00
-4.134466650986794001e+00
-4.124956910365750851e+00
-4.115433899074210089e+00
-4.105905529618492089e+00
-4.096363954343142488e+00
-4.086817130643338736e+00
-4.077257164890066399e+00
-4.067692059840895880e+00
-4.058113875394955272e+00
-4.048530660154092686e+00
-4.038934427039254871e+00
-4.029333270986762194e+00
-4.019719157425137190e+00
-4.010100228123755883e+00
-4.000468400496246524e+00
-3.990831863652454903e+00
-3.981182486460035808e+00
-3.971528505885798310e+00
-3.961861741711569795e+00
-3.952190479286714631e+00
-3.942506488758651173e+00
-3.932818104394018910e+00
-3.923117046148185239e+00
-3.913411697749498153e+00
-3.903693728394276974e+00
-3.893971571826718492e+00
-3.884236845907448110e+00
-3.874498034960696113e+00
-3.864746704925102971e+00
-3.854991391279218416e+00
-3.845223607443417180e+00
-3.835451940635368207e+00
-3.825667851150555077e+00
-3.815879978541110162e+00
-3.806079729360739794e+00
-3.796275796102301925e+00
-3.786459530949916719e+00
-3.776639679954767903e+00
-3.766807540292411716e+00
-3.756971912201346520e+00
-3.747124037198573454e+00
-3.737272770350455353e+00
-3.727409296853744891e+00
-3.717542527255282003e+00
-3.707663589758048328e+00
-3.697781451054254820e+00
-3.687887181667359293e+00
-3.677989805112326760e+00
-3.668080333535003401e+00
-3.658167847963356145e+00
-3.648243301454649146e+00
-3.638315833253299214e+00
-3.628376336603879704e+00
-3.618434009684222019e+00
-3.608479685188657804e+00
-3.598522620959192064e+00
-3.588553588388597504e+00
-3.578581905727890700e+00
-3.568598282302839042e+00
-3.558612097533004448e+00
-3.548613997896972183e+00
-3.538613424757096837e+00
-3.528600960950016407e+00
-3.518586110570450565e+00
-3.508559392002608579e+00
-3.498530372879018024e+00
-3.488489506305402887e+00
-3.478446424273268001e+00
-3.468391513767874024e+00
-3.458334471977363211e+00
-3.448265618907817576e+00
-3.438194717798733535e+00
-3.428112020801115989e+00
-3.418027358077956102e+00
-3.407930913031809173e+00
-3.397832583638982662e+00
-3.387722483642383153e+00
-3.377610579739714236e+00
-3.367486915084417998e+00
-3.357361526022568654e+00
-3.347224384169298794e+00
-3.337085596465221293e+00
-3.326935062018951061e+00
-3.316782959331531000e+00
-3.306619114016692063e+00
-3.296453777122341666e+00
-3.286276699758127418e+00
-3.276098206526092405e+00
-3.265907973001638265e+00
-3.255716398369633779e+00
-3.245513081619012308e+00
-3.235308497568488040e+00
-3.225092167545744903e+00
-3.214874643077044958e+00
-3.204645366731000422e+00
-3.194414967838281605e+00
-3.184172809087000733e+00
-3.173929598733244983e+00
-3.163674618438250263e+00
-3.153418656529626052e+00
-3.143150912470266345e+00
-3.132882255830422569e+00
-3.122601802677258398e+00
-3.112320505021294981e+00
-3.102027394309552655e+00
-3.091733506217407612e+00
-3.081427786319971052e+00
-3.071121355209783577e+00
-3.060803071309534662e+00
-3.050484141410124472e+00
-3.040153335472028040e+00
-3.029821947795094506e+00
-3.019478658537604332e+00
-3.009134850849365606e+00
-2.998779113715271727e+00
-2.988422920507466163e+00
-2.978054767634043642e+00
-2.967686220094317484e+00
-2.957305680282882765e+00
-2.946924806264450414e+00
-2.936531904949152949e+00
-2.926138728939626343e+00
-2.915733488155269004e+00
-2.905328031244911902e+00
-2.894910469594237590e+00
-2.884492749443022142e+00
-2.874062882062728086e+00
-2.863632912866842073e+00
-2.853190751392895574e+00
-2.842748543849901832e+00
-2.832294096381657855e+00
-2.821839657654940492e+00
-2.811372928718126829e+00
-2.800906262399961211e+00
-2.790427252908720845e+00
-2.779948358982208934e+00
-2.769457066199646711e+00
-2.758965940999623889e+00
-2.748462358497024027e+00
-2.737958994669308588e+00
-2.727443112284166027e+00
-2.716927498743667790e+00
-2.706399302536059537e+00
-2.695871424423197826e+00
-2.685330896630716779e+00
-2.674790735266436847e+00
-2.664237854257263116e+00
-2.653685387096350823e+00
-2.643120127320777168e+00
-2.632555327903290721e+00
-2.621977659843487629e+00
-2.611400497744496008e+00
-2.600810387861922202e+00
-2.590220828639291817e+00
-2.579618239320501161e+00
-2.569016244460507803e+00
-2.558401133960578111e+00
-2.547786660821437454e+00
-2.537158983205086038e+00
-2.526531984958233501e+00
-2.515891690038733586e+00
-2.505252115607503161e+00
-2.494599148882839401e+00
-2.483946942878997977e+00
-2.473281245465397404e+00
-2.462616348122510512e+00
-2.451937856685387995e+00
-2.441260203789702654e+00
-2.430568850471343190e+00
-2.419878373289714002e+00
-2.409174085633874807e+00
-2.398470710838387809e+00
-2.387753411711874829e+00
-2.377037061301176646e+00
-2.366306668811751557e+00
-2.355577260029122932e+00
-2.344833687439617176e+00
-2.334091132687122094e+00
-2.323334288325981767e+00
-2.312578495074974594e+00
-2.301808282242504333e+00
-2.291039152939831514e+00
-2.280255469810354096e+00
-2.269472901780494656e+00
-2.258675641299788150e+00
-2.247879526642286407e+00
-2.237068576420204291e+00
-2.226258801902379680e+00
-2.215434044100728084e+00
-2.204610491045325471e+00
-2.193771802259977477e+00
-2.182934346427436445e+00
-2.172081597565203914e+00
-2.161230109030265467e+00
-2.150363165179439928e+00
-2.139497508201913423e+00
-2.128616228496714502e+00
-2.117736261385660068e+00
-2.106840498863925770e+00
-2.095946073835462276e+00
-2.085035675289268031e+00
-2.074126638316952320e+00
-2.063201444135708496e+00
-2.052277634793751027e+00
-2.041337478799341465e+00
-2.030398730097514370e+00
-2.019443439371008342e+00
-2.008489577581391572e+00
-1.997518972280768912e+00
-1.986549816755313058e+00
-1.975563709923626732e+00
-1.964579072902351564e+00
-1.953577270265895782e+00
-1.942576956674836319e+00
-1.931559256430370075e+00
-1.920543063668850747e+00
-1.909509256259524390e+00
-1.898476973975823379e+00
-1.887426841854825676e+00
-1.876378251709780898e+00
-1.865311569090881028e+00
-1.854246444508334424e+00
-1.843162977102731359e+00
-1.832081083006256605e+00
-1.820980587744398527e+00
-1.809881680278927263e+00
-1.798763905016621756e+00
-1.787647731254542460e+00
-1.776512414461957512e+00
-1.765378712091937752e+00
-1.754225582524716165e+00
-1.743074079522552999e+00
-1.731902855873170832e+00
-1.720733270153158356e+00
-1.709543660681672739e+00
-1.698355699727033485e+00
-1.687147401869221630e+00
-1.675940762340223156e+00
-1.664713462291818047e+00
-1.653487829609713522e+00
-1.642241201884624635e+00
-1.630996249789740338e+00
-1.619729956750424860e+00
-1.608465346832401277e+00
-1.597179038190079003e+00
-1.585894419387700705e+00
-1.574587731670274104e+00
-1.563282739739307869e+00
-1.551955295723837613e+00
-1.540629552669260605e+00
-1.529280960776834508e+00
-1.517934074247397236e+00
-1.506563927896452881e+00
-1.495195490537919447e+00
-1.483803367453219835e+00
-1.472412956216849311e+00
-1.460998417689656215e+00
-1.449585593092341140e+00
-1.438148183187974327e+00
-1.426712488519243927e+00
-1.415251733226903008e+00
-1.403792693698670435e+00
-1.392308100018552430e+00
-1.380825221851874174e+00
-1.369316276813677291e+00
-1.357809046256713614e+00
-1.346275215862833274e+00
-1.334743098133940098e+00
-1.323183826220342807e+00
-1.311626264368477068e+00
-1.300040971374910814e+00
-1.288457385049445625e+00
-1.276845466690116560e+00
-1.265235250810997858e+00
-1.253596076635196788e+00
-1.241958599953242981e+00
-1.230291511784475045e+00
-1.218626115320122549e+00
-1.206930425560946984e+00
-1.195236420908367014e+00
-1.183511410695937460e+00
-1.171788078178149783e+00
-1.160032995373797560e+00
-1.148279582031707768e+00
-1.136493639025634828e+00
-1.124709356422151751e+00
-1.112891727731596614e+00
-1.101075749549050631e+00
-1.089225569184827380e+00
-1.077377028590892349e+00
-1.065493387164066164e+00
-1.053611373917776373e+00
-1.041693315453591007e+00
-1.029776872718346059e+00
-1.017823391139383915e+00
-1.005871511965258813e+00
-9.938815471998729834e-01
-9.818931706312292729e-01
-9.698656042959464818e-01
-9.578396110529575624e-01
-9.457732616492768862e-01
-9.337084693233441701e-01
-9.216020868781573672e-01
-9.094972445714915033e-01
-8.973495046387585106e-01
-8.852032869645610758e-01
-8.730127838895772596e-01
-8.608237842352463032e-01
-8.485890235652899793e-01
-8.363557465013206071e-01
-8.240751364023298775e-01
-8.117959890974850712e-01
-7.994678306089081365e-01
-7.871411130832088876e-01
-7.747635890071609133e-01
-7.623874830192781671e-01
-7.499586451962942935e-01
-7.375312015169681601e-01
-7.250489561842319297e-01
-7.125680799519339415e-01
-7.000301708077701912e-01
-6.874936045909640914e-01
-6.748975930990575023e-01
-6.623028971969229239e-01
-6.496461395423646090e-01
-6.369906689378570519e-01
-6.242702888921792814e-01
-6.115511661131292076e-01
-5.987640228577026935e-01
-5.859781057958090011e-01
-5.731207554743502630e-01
-5.602645989328303155e-01
-5.473332483265305193e-01
-5.344030576894889251e-01
-5.213935078864161410e-01
-5.083850827819207385e-01
-4.952926599843170408e-01
-4.822013250837693388e-01
-4.690207946564475261e-01
-4.558413137140412963e-01
-4.425667720706295549e-01
-4.292932397990712468e-01
-4.159179764868750628e-01
-4.025436806292361780e-01
-3.890599995788167065e-01
-3.755772421425485064e-01
-3.619762257525239169e-01
-3.483760870751541616e-01
-3.346472782852216721e-01
-3.209192990832035464e-01
-3.070502623898975214e-01
-2.931820047440054644e-01
-2.791577024587831857e-01
-2.651341260319512450e-01
-2.509360011173427107e-01
-2.367385459379901802e-01
-2.223431158356337922e-01
-2.079482960518310997e-01
-1.933248813850820258e-01
-1.787020138619280218e-01
-1.638088156090702352e-01
-1.489160969421438885e-01
-1.336927871808993862e-01
-1.184698841829221333e-01
-1.028217300718056448e-01
-8.717390329265412019e-02
-7.093049144379057203e-02
-5.468731858481361285e-02
-3.745121678491902806e-02
-2.021525178336225706e-02
-1.747582105377216626e-15
