1.999999999999957589e+00
1.983891283085954083e+00
1.937110373427967769e+00
1.863931388125244171e+00
1.770424185554347885e+00
1.663307945278724276e+00
1.548950615460553903e+00
1.432719259118051536e+00
1.318706189727441469e+00
1.209741475557486901e+00
1.107569848003215007e+00
1.013089677402987165e+00
9.265886865188246446e-01
8.479443426852563137e-01
7.767792321183837334e-01
7.125738040010208829e-01
6.547438678223549413e-01
6.026912144650612424e-01
5.558348542681378346e-01
5.136288642841169150e-01
4.755713238533215148e-01
4.412075366380405206e-01
4.101297454433200373e-01
3.819748190077242866e-01
3.564208762613665371e-01
3.331834604885060003e-01
3.120116384040723112e-01
2.926842419220745395e-01
2.750063655446612354e-01
2.588061573346205346e-01
2.439318814975485750e-01
2.302491865771165158e-01
2.176385041685570676e-01
2.059925482011757403e-01
1.952139748156346000e-01
1.852133509324624394e-01
1.759076092307141348e-01
1.672191124834528642e-01
1.590753329759996837e-01
1.514090257618748991e-01
1.441586882150787396e-01
1.372690769328349103e-01
1.306915907365037433e-01
1.243844008049340699e-01
1.183122878329635613e-01
1.124462107358252111e-01
1.067626720196840490e-01
1.012429612177014049e-01
9.587235516723936757e-02
9.063933973789019272e-02
8.553489865404960424e-02
8.055189618582468680e-02
7.568456456130105703e-02
7.092809513922461451e-02
6.627832469011277206e-02
6.173150394843293642e-02
5.728413406293288157e-02
5.293285683279765064e-02
4.867438595053816264e-02
4.450546833003832942e-02
4.042286660181576563e-02
3.642335577053469609e-02
3.250372872515310679e-02
2.866080671619090914e-02
2.489145206152198336e-02
2.119258123463511889e-02
1.756117716063164413e-02
1.399430003598359923e-02
1.048909633388475648e-02
7.042805892442813298e-03
3.652767135135452647e-03
3.164205650810908432e-04
-2.968689276192371107e-03
-6.204913174442792945e-03
-9.394497720727576495e-03
-1.253958670054360763e-02
-1.564222321031877999e-02
-1.870435233818543846e-02
-2.172782426782057102e-02
-2.471439768516175972e-02
-2.766574338718969656e-02
-3.058344801013248432e-02
-3.346901780972624807e-02
-3.632388243975877284e-02
-3.914939868678531110e-02
-4.194685412848993267e-02
-4.471747069130389135e-02
-4.746240808960854735e-02
-5.018276713412563039e-02
-5.287959290169256393e-02
-5.555387776196465954e-02
-5.820656425938953299e-02
-6.083854785101890789e-02
-6.345067950224342335e-02
-6.604376814392989847e-02
-6.861858299517863136e-02
-7.117585575670323794e-02
-7.371628268018530494e-02
-7.624052651916241041e-02
-7.874921836729625868e-02
-8.124295938964989916e-02
-8.372232245275143536e-02
-8.618785365900816231e-02
-8.864007379083098381e-02
-9.107947966974387632e-02
-9.350654543545956765e-02
-9.592172374965157733e-02
-9.832544692903927297e-02
-1.007181280120540284e-01
-1.031001617630933620e-01
-1.054719256183402759e-01
-1.078337805766354518e-01
-1.101860720388442433e-01
-1.125291305989709056e-01
-1.148632727899118328e-01
-1.171888017867663556e-01
-1.195060080702139843e-01
-1.218151700525816339e-01
-1.241165546687465066e-01
-1.264104179341536127e-01
-1.286970054718939716e-01
-1.309765530107757647e-01
-1.332492868561251653e-01
-1.355154243350076837e-01
-1.377751742173519700e-01
-1.400287371144955384e-01
-1.422763058564397720e-01
-1.445180658491185821e-01
-1.467541954128553094e-01
-1.489848661030864219e-01
-1.512102430144440512e-01
-1.534304850691128042e-01
-1.556457452903963756e-01
-1.578561710623503922e-01
-1.600619043762415428e-01
-1.622630820646561167e-01
-1.644598360238540280e-01
-1.666522934251297716e-01
-1.688405769157114711e-01
-1.710248048098504392e-01
-1.732050912705654921e-01
-1.753815464826404547e-01
-1.775542768172853336e-01
-1.797233849889167123e-01
-1.818889702045424495e-01
-1.840511283060731196e-01
-1.862099519059857988e-01
-1.883655305166460070e-01
-1.905179506736762174e-01
-1.926672960536676138e-01
-1.948136475864631900e-01
-1.969570835623825067e-01
-1.990976797346220295e-01
-2.012355094170290015e-01
-2.033706435775466947e-01
-2.055031509275020429e-01
-2.076330980069913124e-01
-2.097605492664967874e-01
-2.118855671449993427e-01
-2.140082121446523211e-01
-2.161285429023169224e-01
-2.182466162579831392e-01
-2.203624873203408052e-01
-2.224762095295271525e-01
-2.245878347172903522e-01
-2.266974131646067037e-01
-2.288049936569531706e-01
-2.309106235372368476e-01
-2.330143487566203597e-01
-2.351162139232222115e-01
-2.372162623488908162e-01
-2.393145360940603927e-01
-2.414110760108044706e-01
-2.435059217842209522e-01
-2.455991119721008809e-01
-2.476906840431116752e-01
-2.497806744134581924e-01
-2.518691184820557871e-01
-2.539560506644532589e-01
-2.560415044253269712e-01
-2.581255123098349369e-01
-2.602081059737024193e-01
-2.622893162121872623e-01
-2.643691729879762975e-01
-2.664477054579914017e-01
-2.685249419992424835e-01
-2.706009102336611183e-01
-2.726756370520896366e-01
-2.747491486373240255e-01
-2.768214704863389275e-01
-2.788926274317196086e-01
-2.809626436622942869e-01
-2.830315427430341035e-01
-2.850993476342342237e-01
-2.871660807100226975e-01
-2.892317637761969151e-01
-2.912964180874520470e-01
-2.933600643639804328e-01
-2.954227228074933764e-01
-2.974844131167308503e-01
-2.995451545023474216e-01
-3.016049657013764596e-01
-3.036638649911405086e-01
-3.057218702027075241e-01
-3.077789987338898636e-01
-3.098352675618007424e-01
-3.118906932549914690e-01
-3.139452919851816182e-01
-3.159990795385957951e-01
-3.180520713269324173e-01
-3.201042823979580731e-01
-3.221557274457674258e-01
-3.242064208206999476e-01
-3.262563765389308590e-01
-3.283056082917699681e-01
-3.303541294546284424e-01
-3.324019530957370017e-01
-3.344490919845443666e-01
-3.364955585998863907e-01
-3.385413651378653688e-01
-3.405865235195144058e-01
-3.426310453981840087e-01
-3.446749421667149593e-01
-3.467182249644132352e-01
-3.487609046837595317e-01
-3.508029919769486971e-01
-3.528444972622121201e-01
-3.548854307299566524e-01
-3.569258023487176246e-01
-3.589656218709083024e-01
-3.610048988384285673e-01
-3.630436425880878004e-01
-3.650818622568618443e-01
-3.671195667869988633e-01
-3.691567649309933086e-01
-3.711934652563614323e-01
-3.732296761503345328e-01
-3.752654058243809487e-01
-3.773006623186034858e-01
-3.793354535060023403e-01
-3.813697870966457071e-01
-3.834036706416666385e-01
-3.854371115372001166e-01
-3.874701170281599771e-01
-3.895026942119507174e-01
-3.915348500420502420e-01
-3.935665913314885800e-01
-3.955979247562329548e-01
-3.976288568585032435e-01
-3.996593940499389430e-01
-4.016895426147427117e-01
-4.037193087126909052e-01
-4.057486983820749460e-01
-4.077777175425680856e-01
-4.098063719980087893e-01
-4.118346674391085149e-01
-4.138626094460741700e-01
-4.158902034911939327e-01
-4.179174549413193773e-01
-4.199443690602712720e-01
-4.219709510112436002e-01
-4.239972058590713022e-01
-4.260231385724781994e-01
-4.280487540262550294e-01
-4.300740570033878551e-01
-4.320990521971045384e-01
-4.341237442129127766e-01
-4.361481375705414942e-01
-4.381722367058540901e-01
-4.401960459727025099e-01
-4.422195696447656643e-01
-4.442428119172663892e-01
-4.462657769087313708e-01
-4.482884686626610327e-01
-4.503108911491420785e-01
-4.523330482664604246e-01
-4.543549438426444653e-01
-4.563765816369889095e-01
-4.583979653415072852e-01
-4.604190985823889970e-01
-4.624399849214064218e-01
-4.644606278572588898e-01
-4.664810308269364270e-01
-4.685011972069948460e-01
-4.705211303148476021e-01
-4.725408334099830410e-01
-4.745603096951857003e-01
-4.765795623177222495e-01
-4.785985943704742507e-01
-4.806174088930728061e-01
-4.826360088729921283e-01
-4.846543972466165751e-01
-4.866725769002855362e-01
-4.886905506713204450e-01
-4.907083213490123219e-01
-4.927258916755922757e-01
-4.947432643471864067e-01
-4.967604420147371802e-01
-4.987774272849146984e-01
-5.007942227209883912e-01
-5.028108308437125862e-01
-5.048272541321444651e-01
-5.068434950244935511e-01
-5.088595559188959783e-01
-5.108754391742368339e-01
-5.128911471108843489e-01
-5.149066820114721610e-01
-5.169220461216095241e-01
-5.189372416506167207e-01
-5.209522707722102908e-01
-5.229671356251947012e-01
-5.249818383141476863e-01
-5.269963809100565166e-01
-5.290107654509540458e-01
-5.310249939425740751e-01
-5.330390683589300016e-01
-5.350529906429406513e-01
-5.370667627070107031e-01
-5.390803864335755868e-01
-5.410938636757136599e-01
-5.431071962576539125e-01
-5.451203859753178671e-01
-5.471334345968655866e-01
-5.491463438631901672e-01
-5.511591154884266652e-01
-5.531717511604387072e-01
-5.551842525413107632e-01
-5.571966212678108876e-01
-5.592088589518585673e-01
-5.612209671809562650e-01
-5.632329475186613754e-01
-5.652448015049948982e-01
-5.672565306568820853e-01
-5.692681364685507894e-01
-5.712796204119432453e-01
-5.732909839371249650e-01
-5.753022284726546642e-01
-5.773133554259725075e-01
-5.793243661837939040e-01
-5.813352621124420194e-01
-5.833460445582178133e-01
-5.853567148477601956e-01
-5.873672742883878639e-01
-5.893777241684289292e-01
-5.913880657575465438e-01
-5.933983003070776308e-01
-5.954084290503348642e-01
-5.974184532029295225e-01
-5.994283739630614782e-01
-6.014381925118293948e-01
-6.034479100135234919e-01
-6.054575276159007702e-01
-6.074670464504625667e-01
-6.094764676327560915e-01
-6.114857922626152353e-01
-6.134950214244468958e-01
-6.155041561874632361e-01
-6.175131976059710093e-01
-6.195221467195876075e-01
-6.215310045535074046e-01
-6.235397721187345699e-01
-6.255484504123074441e-01
-6.275570404175508932e-01
-6.295655431042799233e-01
-6.315739594290469272e-01
-6.335822903353262037e-01
-6.355905367537528772e-01
-6.375986996023315090e-01
-6.396067797866207272e-01
-6.416147781999596011e-01
-6.436226957236453883e-01
-6.456305332271409236e-01
-6.476382915682630248e-01
-6.496459715933540213e-01
-6.516535741374945845e-01
-6.536611000246510539e-01
-6.556685500678739453e-01
-6.576759250694631520e-01
-6.596832258211392519e-01
-6.616904531042085980e-01
-6.636976076897329602e-01
-6.657046903386830694e-01
-6.677117018020980455e-01
-6.697186428212459353e-01
-6.717255141277727049e-01
-6.737323164438449030e-01
-6.757390504823085342e-01
-6.777457169468252829e-01
-6.797523165320172867e-01
-6.817588499236035826e-01
-6.837653177985340003e-01
-6.857717208251371543e-01
-6.877780596632361299e-01
-6.897843349642774902e-01
-6.917905473714793807e-01
-6.937966975199266750e-01
-6.958027860367190787e-01
-6.978088135410748238e-01
-6.998147806444612318e-01
-7.018206879506970752e-01
-7.038265360560810313e-01
-7.058323255494993731e-01
-7.078380570125253346e-01
-7.098437310195427896e-01
-7.118493481378503906e-01
-7.138549089277533843e-01
-7.158604139426902879e-01
-7.178658637293003908e-01
-7.198712588275567592e-01
-7.218765997708433968e-01
-7.238818870860588284e-01
-7.258871212937115791e-01
-7.278923029080056617e-01
-7.298974324369419397e-01
-7.319025103823916245e-01
-7.339075372402087405e-01
-7.359125135003001805e-01
-7.379174396467081953e-01
-7.399223161577030972e-01
-7.419271435058730768e-01
-7.439319221581741637e-01
-7.459366525760490196e-01
-7.479413352154806738e-01
-7.499459705270747900e-01
-7.519505589561447101e-01
-7.539551009427661876e-01
-7.559595969218741995e-01
-7.579640473233110187e-01
-7.599684525719302419e-01
-7.619728130876278760e-01
-7.639771292854344864e-01
-7.659814015755805894e-01
-7.679856303635667070e-01
-7.699898160502074429e-01
-7.719939590317230760e-01
-7.739980596997857454e-01
-7.760021184415906159e-01
-7.780061356399119443e-01
-7.800101116731616990e-01
-7.820140469154596152e-01
-7.840179417366749393e-01
-7.860217965025080300e-01
-7.880256115745166712e-01
-7.900293873101952302e-01
-7.920331240630241743e-01
-7.940368221825155892e-01
-7.960404820142776838e-01
-7.980441039000589765e-01
-8.000476881778051386e-01
-8.020512351817008501e-01
-8.040547452422432961e-01
-8.060582186862529364e-01
-8.080616558369616564e-01
-8.100650570140202067e-01
-8.120684225335917938e-01
-8.140717527083568550e-01
-8.160750478475844449e-01
-8.180783082571585485e-01
-8.200815342396413632e-01
-8.220847260942968360e-01
-8.240878841171500602e-01
-8.260910086010244679e-01
-8.280940998355724725e-01
-8.300971581073360861e-01
-8.321001836997687917e-01
-8.341031768932821722e-01
-8.361061379652972025e-01
-8.381090671902596823e-01
-8.401119648396910833e-01
-8.421148311822302945e-01
-8.441176664836609334e-01
-8.461204710069486490e-01
-8.481232450122827560e-01
-8.501259887571145368e-01
-8.521287024961661238e-01
-8.541313864815102130e-01
-8.561340409625560754e-01
-8.581366661861109524e-01
-8.601392623964098094e-01
-8.621418298351388732e-01
-8.641443687414777086e-01
-8.661468793521162057e-01
-8.681493619013064267e-01
-8.701518166208660476e-01
-8.721542437402288739e-01
-8.741566434864765922e-01
-8.761590160843487629e-01
-8.781613617562860075e-01
-8.801636807224550996e-01
-8.821659732007746113e-01
-8.841682394069441120e-01
-8.861704795544751434e-01
-8.881726938547082062e-01
-8.901748825168465107e-01
-8.921770457479849536e-01
-8.941791837531256615e-01
-8.961812967352073001e-01
-8.981833848951320531e-01
-9.001854484317917127e-01
-9.021874875420908824e-01
-9.041895024209584131e-01
-9.061914932613949203e-01
-9.081934602544737833e-01
-9.101954035893762285e-01
-9.121973234534063169e-01
-9.141992200320243622e-01
-9.162010935088560348e-01
-9.182029440657186736e-01
-9.202047718826508182e-01
-9.222065771379173160e-01
-9.242083600080446271e-01
-9.262101206678301502e-01
-9.282118592903746412e-01
-9.302135760470863213e-01
-9.322152711077171805e-01
-9.342169446403655320e-01
-9.362185968115172008e-01
-9.382202277860329787e-01
-9.402218377272006933e-01
-9.422234267967311006e-01
-9.442249951547823095e-01
-9.462265429599806543e-01
-9.482280703694403456e-01
-9.502295775387666898e-01
-9.522310646220810693e-01
-9.542325317720542488e-01
-9.562339791399029343e-01
-9.582354068753982101e-01
-9.602368151269148333e-01
-9.622382040414141358e-01
-9.642395737644837705e-01
-9.662409244403320496e-01
-9.682422562118175868e-01
-9.702435692204736117e-01
-9.722448636064920935e-01
-9.742461395087664844e-01
-9.762473970648979371e-01
-9.782486364112038535e-01
-9.802498576827403109e-01
-9.822510610133150522e-01
-9.842522465354910377e-01
-9.862534143806154230e-01
-9.882545646788262195e-01
-9.902556975590557364e-01
-9.922568131490645538e-01
-9.942579115754373031e-01
-9.962589929636037622e-01
-9.982600574378434066e-01
-1.000261105121313499e+00
-1.002262136136040649e+00
-1.004263150602958898e+00
-1.006264148641885070e+00
-1.008265130371571283e+00
-1.010266095909691852e+00
-1.012267045372858165e+00
-1.014267978876636667e+00
-1.016268896535547750e+00
-1.018269798463102394e+00
-1.020270684771778402e+00
-1.022271555573061708e+00
-1.024272410977433712e+00
-1.026273251094399486e+00
-1.028274076032495099e+00
-1.030274885899280957e+00
-1.032275680801383322e+00
-1.034276460844465007e+00
-1.036277226133280216e+00
-1.038277976771645461e+00
-1.040278712862465094e+00
-1.042279434507748848e+00
-1.044280141808606066e+00
-1.046280834865266129e+00
-1.048281513777080898e+00
-1.050282178642539588e+00
-1.052282829559266553e+00
-1.054283466624051924e+00
-1.056284089932836068e+00
-1.058284699580735788e+00
-1.060285295662038996e+00
-1.062285878270232464e+00
-1.064286447497984955e+00
-1.066287003437177860e+00
-1.068287546178900760e+00
-1.070288075813464745e+00
-1.072288592430407306e+00
-1.074289096118500764e+00
-1.076289586965765377e+00
-1.078290065059471559e+00
-1.080290530486142542e+00
-1.082290983331577916e+00
-1.084291423680844080e+00
-1.086291851618291782e+00
-1.088292267227559229e+00
-1.090292670591580970e+00
-1.092293061792592779e+00
-1.094293440912144533e+00
-1.096293808031099104e+00
-1.098294163229640796e+00
-1.100294506587295995e+00
-1.102294838182914738e+00
-1.104295158094697138e+00
-1.106295466400193162e+00
-1.108295763176306847e+00
-1.110296048499310517e+00
-1.112296322444840557e+00
-1.114296585087916069e+00
-1.116296836502927992e+00
-1.118297076763666853e+00
-1.120297305943307897e+00
-1.122297524114430178e+00
-1.124297731349018559e+00
-1.126297927718473035e+00
-1.128298113293602967e+00
-1.130298288144643948e+00
-1.132298452341266470e+00
-1.134298605952568817e+00
-1.136298749047089496e+00
-1.138298881692816789e+00
-1.140299003957186974e+00
-1.142299115907083662e+00
-1.144299217608871988e+00
-1.146299309128363086e+00
-1.148299390530855613e+00
-1.150299461881112650e+00
-1.152299523243382806e+00
-1.154299574681402873e+00
-1.156299616258404939e+00
-1.158299648037109053e+00
-1.160299670079742551e+00
-1.162299682448034943e+00
-1.164299685203229240e+00
-1.166299678406085727e+00
-1.168299662116875970e+00
-1.170299636395406351e+00
-1.172299601301006744e+00
-1.174299556892542729e+00
-1.176299503228413368e+00
-1.178299440366566087e+00
-1.180299368364489787e+00
-1.182299287279220179e+00
-1.184299197167364426e+00
-1.186299098085071169e+00
-1.188298990088054730e+00
-1.190298873231611099e+00
-1.192298747570592399e+00
-1.194298613159427980e+00
-1.196298470052130414e+00
-1.198298318302290610e+00
-1.200298157963102019e+00
-1.202297989087323327e+00
-1.204297811727331302e+00
-1.206297625935081275e+00
-1.208297431762149543e+00
-1.210297229259700957e+00
-1.212297018478520894e+00
-1.214296799469001265e+00
-1.216296572281156063e+00
-1.218296336964614035e+00
-1.220296093568629781e+00
-1.222295842142080868e+00
-1.224295582733481158e+00
-1.226295315390975249e+00
-1.228295040162341589e+00
-1.230294757095000469e+00
-1.232294466236020680e+00
-1.234294167632106420e+00
-1.236293861329619936e+00
-1.238293547374574644e+00
-1.240293225812646005e+00
-1.242292896689151549e+00
-1.244292560049089946e+00
-1.246292215937115921e+00
-1.248291864397545137e+00
-1.250291505474377951e+00
-1.252291139211282323e+00
-1.254290765651604245e+00
-1.256290384838367524e+00
-1.258289996814279110e+00
-1.260289601621732203e+00
-1.262289199302807585e+00
-1.264288789899279397e+00
-1.266288373452608251e+00
-1.268287950003963660e+00
-1.270287519594196723e+00
-1.272287082263875879e+00
-1.274286638053268694e+00
-1.276286187002344974e+00
-1.278285729150786310e+00
-1.280285264537989409e+00
-1.282284793203068984e+00
-1.284284315184839986e+00
-1.286283830521852689e+00
-1.288283339252373816e+00
-1.290282841414398751e+00
-1.292282337045637552e+00
-1.294281826183539152e+00
-1.296281308865280923e+00
-1.298280785127777337e+00
-1.300280255007669750e+00
-1.302279718541345055e+00
-1.304279175764931908e+00
-1.306278626714296509e+00
-1.308278071425051481e+00
-1.310277509932551210e+00
-1.312276942271917157e+00
-1.314276368477995227e+00
-1.316275788585406170e+00
-1.318275202628515830e+00
-1.320274610641452906e+00
-1.322274012658101183e+00
-1.324273408712107747e+00
-1.326272798836882094e+00
-1.328272183065607681e+00
-1.330271561431216165e+00
-1.332270933966428483e+00
-1.334270300703728873e+00
-1.336269661675379528e+00
-1.338269016913401055e+00
-1.340268366449615112e+00
-1.342267710315605989e+00
-1.344267048542745258e+00
-1.346266381162188219e+00
-1.348265708204863245e+00
-1.350265029701505304e+00
-1.352264345682616664e+00
-1.354263656178502195e+00
-1.356262961219255825e+00
-1.358262260834754320e+00
-1.360261555054691707e+00
-1.362260843908533525e+00
-1.364260127425561686e+00
-1.366259405634848045e+00
-1.368258678565269504e+00
-1.370257946245508673e+00
-1.372257208704047216e+00
-1.374256465969177610e+00
-1.376255718068995826e+00
-1.378254965031412649e+00
-1.380254206884152790e+00
-1.382253443654735126e+00
-1.384252675370519325e+00
-1.386251902058657004e+00
-1.388251123746130800e+00
-1.390250340459741496e+00
-1.392249552226100029e+00
-1.394248759071651023e+00
-1.396247961022648143e+00
-1.398247158105185850e+00
-1.400246350345167867e+00
-1.402245537768340489e+00
-1.404244720400264157e+00
-1.406243898266341663e+00
-1.408243071391797496e+00
-1.410242239801696051e+00
-1.412241403520930749e+00
-1.414240562574227145e+00
-1.416239716986158692e+00
-1.418238866781121432e+00
-1.420238011983369741e+00
-1.422237152616978362e+00
-1.424236288705875486e+00
-1.426235420273830101e+00
-1.428234547344454430e+00
-1.430233669941204377e+00
-1.432232788087388853e+00
-1.434231901806155118e+00
-1.436231011120500556e+00
-1.438230116053288210e+00
-1.440229216627209041e+00
-1.442228312864824558e+00
-1.444227404788540836e+00
-1.446226492420618293e+00
-1.448225575783179897e+00
-1.450224654898199406e+00
-1.452223729787511797e+00
-1.454222800472812382e+00
-1.456221866975647927e+00
-1.458220929317438852e+00
-1.460219987519461249e+00
-1.462219041602857539e+00
-1.464218091588627368e+00
-1.466217137497646927e+00
-1.468216179350648298e+00
-1.470215217168242994e+00
-1.472214250970901972e+00
-1.474213280778966295e+00
-1.476212306612649794e+00
-1.478211328492039289e+00
-1.480210346437093927e+00
-1.482209360467646508e+00
-1.484208370603397498e+00
-1.486207376863933227e+00
-1.488206379268708579e+00
-1.490205377837059419e+00
-1.492204372588199268e+00
-1.494203363541222407e+00
-1.496202350715098328e+00
-1.498201334128688833e+00
-1.500200313800719165e+00
-1.502199289749811539e+00
-1.504198261994470709e+00
-1.506197230553079525e+00
-1.508196195443912924e+00
-1.510195156685127271e+00
-1.512194114294768577e+00
-1.514193068290768052e+00
-1.516192018690950549e+00
-1.518190965513024793e+00
-1.520189908774595811e+00
-1.522188848493155389e+00
-1.524187784686087621e+00
-1.526186717370667356e+00
-1.528185646564075517e+00
-1.530184572283367350e+00
-1.532183494545510394e+00
-1.534182413367362940e+00
-1.536181328765673593e+00
-1.538180240757092809e+00
-1.540179149358174904e+00
-1.542178054585368496e+00
-1.544176956455016736e+00
-1.546175854983373954e+00
-1.548174750186583015e+00
-1.550173642080703518e+00
-1.552172530681683371e+00
-1.554171416005376338e+00
-1.556170298067554469e+00
-1.558169176883879459e+00
-1.560168052469917077e+00
-1.562166924841152049e+00
-1.564165794012967181e+00
-1.566164660000650466e+00
-1.568163522819403743e+00
-1.570162382484334929e+00
-1.572161239010466005e+00
-1.574160092412718148e+00
-1.576158942705935706e+00
-1.578157789904867103e+00
-1.580156634024171058e+00
-1.582155475078420581e+00
-1.584154313082115184e+00
-1.586153148049643358e+00
-1.588151979995327867e+00
-1.590150808933397109e+00
-1.592149634877997766e+00
-1.594148457843194366e+00
-1.596147277842966838e+00
-1.598146094891210511e+00
-1.600144909001736560e+00
-1.602143720188289100e+00
-1.604142528464516992e+00
-1.606141333843991159e+00
-1.608140136340203696e+00
-1.610138935966574314e+00
-1.612137732736427687e+00
-1.614136526663034754e+00
-1.616135317759563650e+00
-1.618134106039124553e+00
-1.620132891514739937e+00
-1.622131674199363438e+00
-1.624130454105870314e+00
-1.626129231247057882e+00
-1.628128005635653297e+00
-1.630126777284312212e+00
-1.632125546205609457e+00
-1.634124312412054580e+00
-1.636123075916079195e+00
-1.638121836730045189e+00
-1.640120594866250947e+00
-1.642119350336907813e+00
-1.644118103154168953e+00
-1.646116853330116037e+00
-1.648115600876760123e+00
-1.650114345806042104e+00
-1.652113088129832041e+00
-1.654111827859943817e+00
-1.656110565008110935e+00
-1.658109299586003837e+00
-1.660108031605226131e+00
-1.662106761077320805e+00
-1.664105488013762013e+00
-1.666104212425954634e+00
-1.668102934325240705e+00
-1.670101653722898760e+00
-1.672100370630150934e+00
-1.674099085058143643e+00
-1.676097797017965130e+00
-1.678096506520640574e+00
-1.680095213577136315e+00
-1.682093918198353188e+00
-1.684092620395132966e+00
-1.686091320178258357e+00
-1.688090017558447675e+00
-1.690088712546354843e+00
-1.692087405152584489e+00
-1.694086095387676627e+00
-1.696084783262111317e+00
-1.698083468786315331e+00
-1.700082151970647271e+00
-1.702080832825422885e+00
-1.704079511360887533e+00
-1.706078187587230177e+00
-1.708076861514592260e+00
-1.710075533153054606e+00
-1.712074202512639420e+00
-1.714072869603314730e+00
-1.716071534434995716e+00
-1.718070197017541823e+00
-1.720068857360759207e+00
-1.722067515474395405e+00
-1.724066171368152878e+00
-1.726064825051666141e+00
-1.728063476534531295e+00
-1.730062125826289154e+00
-1.732060772936425463e+00
-1.734059417874369569e+00
-1.736058060649503521e+00
-1.738056701271167181e+00
-1.740055339748632246e+00
-1.742053976091130663e+00
-1.744052610307846640e+00
-1.746051242407902437e+00
-1.748049872400382787e+00
-1.750048500294316911e+00
-1.752047126098684071e+00
-1.754045749822424893e+00
-1.756044371474415611e+00
-1.758042991063498484e+00
-1.760041608598462703e+00
-1.762040224088043949e+00
-1.764038837540946592e+00
-1.766037448965812828e+00
-1.768036058371241559e+00
-1.770034665765792603e+00
-1.772033271157972045e+00
-1.774031874556246891e+00
-1.776030475969032185e+00
-1.778029075404700121e+00
-1.780027672871586031e+00
-1.782026268377967293e+00
-1.784024861932088868e+00
-1.786023453542141315e+00
-1.788022043216281887e+00
-1.790020630962620540e+00
-1.792019216789216385e+00
-1.794017800704101884e+00
-1.796016382715253323e+00
-1.798014962830607466e+00
-1.800013541058060440e+00
-1.802012117405474179e+00
-1.804010691880653772e+00
-1.806009264491376776e+00
-1.808007835245369899e+00
-1.810006404150326986e+00
-1.812004971213897919e+00
-1.814003536443689724e+00
-1.816002099847276785e+00
-1.818000661432182641e+00
-1.819999221205907292e+00
-1.821997779175892562e+00
-1.823996335349558517e+00
-1.825994889734273041e+00
-1.827993442337374930e+00
-1.829991993166162789e+00
-1.831990542227890595e+00
-1.833989089529781458e+00
-1.835987635079020297e+00
-1.837986178882750732e+00
-1.839984720948079078e+00
-1.841983261282089890e+00
-1.843981799891800888e+00
-1.845980336784221132e+00
-1.847978871966314385e+00
-1.849977405445001111e+00
-1.851975937227172686e+00
-1.853974467319687625e+00
-1.855972995729357811e+00
-1.857971522462977587e+00
-1.859970047527284231e+00
-1.861968570928998590e+00
-1.863967092674793768e+00
-1.865965612771321780e+00
-1.867964131225190449e+00
-1.869962648042966746e+00
-1.871961163231200764e+00
-1.873959676796403295e+00
-1.875958188745036503e+00
-1.877956699083549452e+00
-1.879955207818349017e+00
-1.881953714955804546e+00
-1.883952220502256969e+00
-1.885950724464018124e+00
-1.887949226847356332e+00
-1.889947727658515486e+00
-1.891946226903707728e+00
-1.893944724589106787e+00
-1.895943220720854860e+00
-1.897941715305062615e+00
-1.899940208347815629e+00
-1.901938699855156623e+00
-1.903937189833103893e+00
-1.905935678287637103e+00
-1.907934165224706602e+00
-1.909932650650232100e+00
-1.911931134570104440e+00
-1.913929616990172056e+00
-1.915928097916261397e+00
-1.917926577354166495e+00
-1.919925055309640971e+00
-1.921923531788417572e+00
-1.923922006796190409e+00
-1.925920480338620067e+00
-1.927918952421340482e+00
-1.929917423049947400e+00
-1.931915892230011922e+00
-1.933914359967068508e+00
-1.935912826266614317e+00
-1.937911291134119418e+00
-1.939909754575024570e+00
-1.941908216594730563e+00
-1.943906677198604438e+00
-1.945905136391982371e+00
-1.947903594180169229e+00
-1.949902050568431022e+00
-1.951900505562000898e+00
-1.953898959166081140e+00
-1.955897411385828510e+00
-1.957895862226375572e+00
-1.959894311692812030e+00
-1.961892759790196727e+00
-1.963891206523536992e+00
-1.965889651897820167e+00
-1.967888095917987190e+00
-1.969886538588939695e+00
-1.971884979915544456e+00
-1.973883419902611180e+00
-1.975881858554933590e+00
-1.977880295877242567e+00
-1.979878731874234576e+00
-1.981877166550561675e+00
-1.983875599910831289e+00
-1.985874031959605546e+00
-1.987872462701387732e+00
-1.989870892140648939e+00
-1.991869320281805633e+00
-1.993867747129211887e+00
-1.995866172687184470e+00
-1.997864596959971095e+00
-1.999863019951780840e+00
-2.001861441666750618e+00
-2.003859862108958723e+00
-2.005858281282433708e+00
-2.007856699191125749e+00
-2.009855115838925510e+00
-2.011853531229658376e+00
-2.013851945367080010e+00
-2.015850358254870578e+00
-2.017848769896625427e+00
-2.019847180295879063e+00
-2.021845589456076286e+00
-2.023843997380574411e+00
-2.025842404072645042e+00
-2.027840809535474964e+00
-2.029839213772149709e+00
-2.031837616785661549e+00
-2.033836018578896621e+00
-2.035834419154637143e+00
-2.037832818515552535e+00
-2.039831216664195868e+00
-2.041829613603010518e+00
-2.043828009334302198e+00
-2.045826403860259379e+00
-2.047824797182926204e+00
-2.049823189304205151e+00
-2.051821580225867248e+00
-2.053819969949507218e+00
-2.055818358476581675e+00
-2.057816745808364267e+00
-2.059815131945970101e+00
-2.061813516890328657e+00
-2.063811900642175345e+00
-2.065810283202058617e+00
-2.067808664570318200e+00
-2.069807044747081104e+00
-2.071805423732252294e+00
-2.073803801525505808e+00
-2.075802178126275432e+00
-2.077800553533737382e+00
-2.079798927746813408e+00
-2.081797300764151704e+00
-2.083795672584106917e+00
-2.085794043204745929e+00
-2.087792412623820315e+00
-2.089790780838765460e+00
-2.091789147846670360e+00
-2.093787513644286058e+00
-2.095785878227984789e+00
-2.097784241593777743e+00
-2.099782603737256892e+00
-2.101780964653624295e+00
-2.103779324337640588e+00
-2.105777682783613436e+00
-2.107776039985403749e+00
-2.109774395936370173e+00
-2.111772750629381523e+00
-2.113771104056771488e+00
-2.115769456210327970e+00
-2.117767807081285092e+00
-2.119766156660265910e+00
-2.121764504937290852e+00
-2.123762851901739523e+00
-2.125761197542334724e+00
-2.127759541847096258e+00
-2.129757884803327617e+00
-2.131756226397599985e+00
-2.133754566615692738e+00
-2.135752905442589444e+00
-2.137751242862444556e+00
-2.139749578858523016e+00
-2.141747913413209137e+00
-2.143746246507941766e+00
-2.145744578123190305e+00
-2.147742908238413406e+00
-2.149741236832025670e+00
-2.151739563881361672e+00
-2.153737889362618674e+00
-2.155736213250833089e+00
-2.157734535519833408e+00
-2.159732856142188240e+00
-2.161731175089167678e+00
-2.163729492330694448e+00
-2.165727807835291951e+00
-2.167726121570041631e+00
-2.169724433500516358e+00
-2.171722743590750238e+00
-2.173721051803161330e+00
-2.175719358098501921e+00
-2.177717662435814105e+00
-2.179715964772344083e+00
-2.181714265063504854e+00
-2.183712563262798945e+00
-2.185710859321744692e+00
-2.187709153189847378e+00
-2.189707444814474879e+00
-2.191705734140831030e+00
-2.193704021111860136e+00
-2.195702305668183474e+00
-2.197700587748007806e+00
-2.199698867287060988e+00
-2.201697144218501379e+00
-2.203695418472840117e+00
-2.205693689977847871e+00
-2.207691958658473119e+00
-2.209690224436743122e+00
-2.211688487231684430e+00
-2.213686746959213636e+00
-2.215685003532050779e+00
-2.217683256859610985e+00
-2.219681506847897001e+00
-2.221679753399420587e+00
-2.223677996413052416e+00
-2.225676235783943913e+00
-2.227674471403410461e+00
-2.229672703158792402e+00
-2.231670930933357333e+00
-2.233669154606181095e+00
-2.235667374052001666e+00
-2.237665589141113465e+00
-2.239663799739211480e+00
-2.241662005707293570e+00
-2.243660206901491261e+00
-2.245658403172936968e+00
-2.247656594367628990e+00
-2.249654780326280079e+00
-2.251652960884169552e+00
-2.253651135870992750e+00
-2.255649305110695391e+00
-2.257647468421318138e+00
-2.259645625614836284e+00
-2.261643776497000768e+00
-2.263641920867147217e+00
-2.265640058518038735e+00
-2.267638189235683388e+00
-2.269636312799153011e+00
-2.271634428980405129e+00
-2.273632537544080012e+00
-2.275630638247329252e+00
-2.277628730839597715e+00
-2.279626815062439693e+00
-2.281624890649316839e+00
-2.283622957325370795e+00
-2.285621014807244666e+00
-2.287619062802825454e+00
-2.289617101011069966e+00
-2.291615129121753025e+00
-2.293613146815240089e+00
-2.295611153762274981e+00
-2.297609149623721425e+00
-2.299607134050349444e+00
-2.301605106682558244e+00
-2.303603067150163497e+00
-2.305601015072121562e+00
-2.307598950056275022e+00
-2.309596871699111098e+00
-2.311594779585469883e+00
-2.313592673288291213e+00
-2.315590552368342436e+00
-2.317588416373932869e+00
-2.319586264840636680e+00
-2.321584097291001125e+00
-2.323581913234263663e+00
-2.325579712166038870e+00
-2.327577493568050215e+00
-2.329575256907794767e+00
-2.331573001638246101e+00
-2.333570727197549211e+00
-2.335568433008687883e+00
-2.337566118479177391e+00
-2.339563783000732755e+00
-2.341561425948920139e+00
-2.343559046682858860e+00
-2.345556644544848801e+00
-2.347554218860043118e+00
-2.349551768936092078e+00
-2.351549294062794448e+00
-2.353546793511736013e+00
-2.355544266535940068e+00
-2.357541712369483289e+00
-2.359539130227131576e+00
-2.361536519303985227e+00
-2.363533878775065045e+00
-2.365531207794955293e+00
-2.367528505497404456e+00
-2.369525770994947322e+00
-2.371523003378488426e+00
-2.373520201716914801e+00
-2.375517365056695418e+00
-2.377514492421467729e+00
-2.379511582811620229e+00
-2.381508635203886115e+00
-2.383505648550914735e+00
-2.385502621780859034e+00
-2.387499553796931018e+00
-2.389496443476993193e+00
-2.391493289673095379e+00
-2.393490091211063042e+00
-2.395486846890029664e+00
-2.397483555482013085e+00
-2.399480215731448318e+00
-2.401476826354746130e+00
-2.403473386039836512e+00
-2.405469893445689067e+00
-2.407466347201884016e+00
-2.409462745908115711e+00
-2.411459088133735218e+00
-2.413455372417286693e+00
-2.415451597266017991e+00
-2.417447761155408159e+00
-2.419443862528690481e+00
-2.421439899796359096e+00
-2.423435871335706704e+00
-2.425431775490299646e+00
-2.427427610569517835e+00
-2.429423374848057815e+00
-2.431419066565417175e+00
-2.433414683925419375e+00
-2.435410225095710590e+00
-2.437405688207246790e+00
-2.439401071353814565e+00
-2.441396372591492892e+00
-2.443391589938181507e+00
-2.445386721373075112e+00
-2.447381764836161988e+00
-2.449376718227707972e+00
-2.451371579407751078e+00
-2.453366346195589021e+00
-2.455361016369266292e+00
-2.457355587665070118e+00
-2.459350057776998000e+00
-2.461344424356264771e+00
-2.463338685010783013e+00
-2.465332837304630598e+00
-2.467326878757570618e+00
-2.469320806844507388e+00
-2.471314618994995715e+00
-2.473308312592705338e+00
-2.475301884974939526e+00
-2.477295333432084856e+00
-2.479288655207140479e+00
-2.481281847495177217e+00
-2.483274907442855728e+00
-2.485267832147894485e+00
-2.487260618658583056e+00
-2.489253263973276287e+00
-2.491245765039875160e+00
-2.493238118755360500e+00
-2.495230321965265841e+00
-2.497222371463193369e+00
-2.499214263990325424e+00
-2.501205996234930229e+00
-2.503197564831871169e+00
-2.505188966362139613e+00
-2.507180197352342432e+00
-2.509171254274265017e+00
-2.511162133544366792e+00
-2.513152831523322028e+00
-2.515143344515554436e+00
-2.517133668768773092e+00
-2.519123800473515917e+00
-2.521113735762693597e+00
-2.523103470711146823e+00
-2.525093001335188880e+00
-2.527082323592181989e+00
-2.529071433380094103e+00
-2.531060326537068583e+00
-2.533048998840996546e+00
-2.535037446009123840e+00
-2.537025663697607403e+00
-2.539013647501115134e+00
-2.541001392952449311e+00
-2.542988895522120263e+00
-2.544976150617981325e+00
-2.546963153584830497e+00
-2.548949899704058275e+00
-2.550936384193258633e+00
-2.552922602205882630e+00
-2.554908548830871595e+00
-2.556894219092329834e+00
-2.558879607949175572e+00
-2.560864710294804780e+00
-2.562849520956788751e+00
-2.564834034696539700e+00
-2.566818246209016330e+00
-2.568802150122421857e+00
-2.570785740997911351e+00
-2.572769013329327947e+00
-2.574751961542912415e+00
-2.576734579997048691e+00
-2.578716862982016522e+00
-2.580698804719735673e+00
-2.582680399363544765e+00
-2.584661640997961918e+00
-2.586642523638483127e+00
-2.588623041231373545e+00
-2.590603187653473416e+00
-2.592582956712006226e+00
-2.594562342144402400e+00
-2.596541337618160306e+00
-2.598519936730661950e+00
-2.600498133009043311e+00
-2.602475919910074431e+00
-2.604453290820014200e+00
-2.606430239054511766e+00
-2.608406757858524383e+00
-2.610382840406201943e+00
-2.612358479800820810e+00
-2.614333669074733191e+00
-2.616308401189302746e+00
-2.618282669034857513e+00
-2.620256465430672144e+00
-2.622229783124945257e+00
-2.624202614794795441e+00
-2.626174953046266136e+00
-2.628146790414348732e+00
-2.630118119363007434e+00
-2.632088932285225891e+00
-2.634059221503072479e+00
-2.636028979267748706e+00
-2.637998197759682473e+00
-2.639966869088630652e+00
-2.641934985293761251e+00
-2.643902538343796405e+00
-2.645869520137131392e+00
-2.647835922501980299e+00
-2.649801737196540330e+00
-2.651766955909149459e+00
-2.653731570258480055e+00
-2.655695571793736942e+00
-2.657658951994857244e+00
-2.659621702272737753e+00
-2.661583813969476520e+00
-2.663545278358613100e+00
-2.665506086645382577e+00
-2.667466229967018432e+00
-2.669425699393013662e+00
-2.671384485925425878e+00
-2.673342580499205923e+00
-2.675299973982505630e+00
-2.677256657177043309e+00
-2.679212620818422597e+00
-2.681167855576534809e+00
-2.683122352055915094e+00
-2.685076100796143450e+00
-2.687029092272248398e+00
-2.688981316895135087e+00
-2.690932765011992078e+00
-2.692883426906764743e+00
-2.694833292800599800e+00
-2.696782352852307607e+00
-2.698730597158858213e+00
-2.700678015755871630e+00
-2.702624598618121432e+00
-2.704570335660069880e+00
-2.706515216736379958e+00
-2.708459231642470932e+00
-2.710402370115090775e+00
-2.712344621832860181e+00
-2.714285976416866308e+00
-2.716226423431272075e+00
-2.718165952383891248e+00
-2.720104552726844371e+00
-2.722042213857141846e+00
-2.723978925117373162e+00
-2.725914675796333952e+00
-2.727849455129695677e+00
-2.729783252300677976e+00
-2.731716056440743223e+00
-2.733647856630296857e+00
-2.735578641899383712e+00
-2.737508401228418098e+00
-2.739437123548913000e+00
-2.741364797744228810e+00
-2.743291412650309180e+00
-2.745216957056454188e+00
-2.747141419706097487e+00
-2.749064789297570588e+00
-2.750987054484923533e+00
-2.752908203878692728e+00
-2.754828226046743378e+00
-2.756747109515075511e+00
-2.758664842768651759e+00
-2.760581414252246457e+00
-2.762496812371291632e+00
-2.764411025492722107e+00
-2.766324041945856571e+00
-2.768235850023275990e+00
-2.770146437981671372e+00
-2.772055794042784349e+00
-2.773963906394261603e+00
-2.775870763190583901e+00
-2.777776352553975148e+00
-2.779680662575327421e+00
-2.781583681315108247e+00
-2.783485396804326495e+00
-2.785385797045444978e+00
-2.787284870013348570e+00
-2.789182603656288784e+00
-2.791078985896842557e+00
-2.792974004632884810e+00
-2.794867647738566330e+00
-2.796759903065268560e+00
-2.798650758442608133e+00
-2.800540201679418750e+00
-2.802428220564741945e+00
-2.804314802868823620e+00
-2.806199936344121681e+00
-2.808083608726310576e+00
-2.809965807735288923e+00
-2.811846521076196037e+00
-2.813725736440425340e+00
-2.815603441506657756e+00
-2.817479623941882227e+00
-2.819354271402409573e+00
-2.821227371534916983e+00
-2.823098911977485415e+00
-2.824968880360621437e+00
-2.826837264308312392e+00
-2.828704051439038469e+00
-2.830569229366843409e+00
-2.832432785702366562e+00
-2.834294708053878065e+00
-2.836154984028337100e+00
-2.838013601232437289e+00
-2.839870547273647183e+00
-2.841725809761256549e+00
-2.843579376307432405e+00
-2.845431234528263520e+00
-2.847281372044802250e+00
-2.849129776484118803e+00
-2.850976435480348847e+00
-2.852821336675737118e+00
-2.854664467721673482e+00
-2.856505816279750309e+00
-2.858345370022796317e+00
-2.860183116635921508e+00
-2.862019043817555009e+00
-2.863853139280471360e+00
-2.865685390752848338e+00
-2.867515785979276810e+00
-2.869344312721797241e+00
-2.871170958760932201e+00
-2.872995711896712212e+00
-2.874818559949662511e+00
-2.876639490761875528e+00
-2.878458492197986995e+00
-2.880275552146183582e+00
-2.882090658519228743e+00
-2.883903799255454370e+00
-2.885714962319754218e+00
-2.887524135704585770e+00
-2.889331307430951679e+00
-2.891136465549370538e+00
-2.892939598140885860e+00
-2.894740693318016866e+00
-2.896539739225726606e+00
-2.898336724042394508e+00
-2.900131635980752964e+00
-2.901924463288865219e+00
-2.903715194251043741e+00
-2.905503817188805460e+00
-2.907290320461799471e+00
-2.909074692468722301e+00
-2.910856921648253159e+00
-2.912636996479947449e+00
-2.914414905485160467e+00
-2.916190637227926263e+00
-2.917964180315863576e+00
-2.919735523401050692e+00
-2.921504655180908294e+00
-2.923271564399044564e+00
-2.925036239846154906e+00
-2.926798670360838628e+00
-2.928558844830454255e+00
-2.930316752191967744e+00
-2.932072381432762942e+00
-2.933825721591472924e+00
-2.935576761758781572e+00
-2.937325491078226936e+00
-2.939071898747008582e+00
-2.940815974016751877e+00
-2.942557706194298461e+00
-2.944297084642469642e+00
-2.946034098780816457e+00
-2.947768738086380846e+00
-2.949500992094423513e+00
-2.951230850399159333e+00
-2.952958302654474121e+00
-2.954683338574647600e+00
-2.956405947935027534e+00
-2.958126120572752704e+00
-2.959843846387415489e+00
-2.961559115341727111e+00
-2.963271917462205529e+00
-2.964982242839802495e+00
-2.966690081630560805e+00
-2.968395424056225806e+00
-2.970098260404893331e+00
-2.971798581031602993e+00
-2.973496376358942594e+00
-2.975191636877643209e+00
-2.976884353147151607e+00
-2.978574515796205358e+00
-2.980262115523394151e+00
-2.981947143097706476e+00
-2.983629589359058976e+00
-2.985309445218841340e+00
-2.986986701660421684e+00
-2.988661349739655027e+00
-2.990333380585381118e+00
-2.992002785399907605e+00
-2.993669555459490983e+00
-2.995333682114785567e+00
-2.996995156791321779e+00
-2.998653970989914708e+00
-3.000310116287139728e+00
-3.001963584335704205e+00
-3.003614366864895580e+00
-3.005262455680972611e+00
-3.006907842667545516e+00
-3.008550519785950339e+00
-3.010190479075633530e+00
-3.011827712654509881e+00
-3.013462212719284050e+00
-3.015093971545808493e+00
-3.016722981489409428e+00
-3.018349234985173268e+00
-3.019972724548297904e+00
-3.021593442774328508e+00
-3.023211382339501707e+00
-3.024826536000963628e+00
-3.026438896597062111e+00
-3.028048457047593178e+00
-3.029655210354038619e+00
-3.031259149599789815e+00
-3.032860267950380884e+00
-3.034458558653687632e+00
-3.036054015040134946e+00
-3.037646630522888636e+00
-3.039236398598014421e+00
-3.040823312844667115e+00
-3.042407366925250933e+00
-3.043988554585552286e+00
-3.045566869654884545e+00
-3.047142306046226601e+00
-3.048714857756332997e+00
-3.050284518865840955e+00
-3.051851283539381843e+00
-3.053415146025657112e+00
-3.054976100657519122e+00
-3.056534141852061737e+00
-3.058089264110654959e+00
-3.059641462019011993e+00
-3.061190730247233649e+00
-3.062737063549826555e+00
-3.064280456765743565e+00
-3.065820904818391757e+00
-3.067358402715629317e+00
-3.068892945549784645e+00
-3.070424528497620376e+00
-3.071953146820320502e+00
-3.073478795863469060e+00
-3.075001471057002611e+00
-3.076521167915162280e+00
-3.078037882036446238e+00
-3.079551609103531540e+00
-3.081062344883219506e+00
-3.082570085226342460e+00
-3.084074826067673136e+00
-3.085576563425842966e+00
-3.087075293403221732e+00
-3.088571012185802100e+00
-3.090063716043095265e+00
-3.091553401327988393e+00
-3.093040064476618500e+00
-3.094523702008213473e+00
-3.096004310524961944e+00
-3.097481886711829002e+00
-3.098956427336419406e+00
-3.100427929248775527e+00
-3.101896389381214814e+00
-3.103361804748140607e+00
-3.104824172445837860e+00
-3.106283489652282181e+00
-3.107739753626925339e+00
-3.109192961710489200e+00
-3.110643111324736587e+00
-3.112090199972237237e+00
-3.113534225236153308e+00
-3.114975184779977813e+00
-3.116413076347302358e+00
-3.117847897761559128e+00
-3.119279646925759319e+00
-3.120708321822235565e+00
-3.122133920512367933e+00
-3.123556441136306816e+00
-3.124975881912677611e+00
-3.126392241138334693e+00
-3.127805517188016360e+00
-3.129215708514088590e+00
-3.130622813646209313e+00
-3.132026831191049077e+00
-3.133427759831953097e+00
-3.134825598328640606e+00
-3.136220345516867791e+00
-3.137612000308115601e+00
-3.139000561689223368e+00
-3.140386028722111700e+00
-3.141768400543373030e+00
-3.143147676363967857e+00
-3.144523855468862816e+00
-3.145896937216673628e+00
-3.147266921039300946e+00
-3.148633806441590632e+00
-3.149997593000933627e+00
-3.151358280366928000e+00
-3.152715868260964616e+00
-3.154070356475891845e+00
-3.155421744875614998e+00
-3.156770033394698860e+00
-3.158115222037993330e+00
-3.159457310880245728e+00
-3.160796300065690900e+00
-3.162132189807667082e+00
-3.163464980388194014e+00
-3.164794672157602573e+00
-3.166121265534089790e+00
-3.167444761003333387e+00
-3.168765159118072106e+00
-3.170082460497685606e+00
-3.171396665827786787e+00
-3.172707775859795465e+00
-3.174015791410502718e+00
-3.175320713361681424e+00
-3.176622542659614190e+00
-3.177921280314697672e+00
-3.179216927400998038e+00
-3.180509485055816654e+00
-3.181798954479264641e+00
-3.183085336933800580e+00
-3.184368633743826837e+00
-3.185648846295229930e+00
-3.186925976034927999e+00
-3.188200024470446703e+00
-3.189470993169464919e+00
-3.190738883759371092e+00
-3.192003697926815597e+00
-3.193265437417252439e+00
-3.194524104034504042e+00
-3.195779699640304727e+00
-3.197032226153831314e+00
-3.198281685551289666e+00
-3.199528079865415986e+00
-3.200771411185043824e+00
-3.202011681654665765e+00
-3.203248893473928050e+00
-3.204483048897228681e+00
-3.205714150233224924e+00
-3.206942199844383001e+00
-3.208167200146526010e+00
-3.209389153608373402e+00
-3.210608062751071579e+00
-3.211823930147754247e+00
-3.213036758423061467e+00
-3.214246550252696455e+00
-3.215453308362954399e+00
-3.216657035530273490e+00
-3.217857734580771734e+00
-3.219055408389772666e+00
-3.220250059881380800e+00
-3.221441692027978476e+00
-3.222630307849800424e+00
-3.223815910414469244e+00
-3.224998502836525116e+00
-3.226178088276970168e+00
-3.227354669942833709e+00
-3.228528251086678402e+00
-3.229698835006174384e+00
-3.230866425043633416e+00
-3.232031024585553691e+00
-3.233192637062162422e+00
-3.234351265946971754e+00
-3.235506914756312025e+00
-3.236659587048898334e+00
-3.237809286425361588e+00
-3.238956016527806181e+00
-3.240099781039373905e+00
-3.241240583683767884e+00
-3.242378428224835574e+00
-3.243513318466098472e+00
-3.244645258250324460e+00
-3.245774251459079274e+00
-3.246900302012271755e+00
-3.248023413867738629e+00
-3.249143591020779986e+00
-3.250260837503741840e+00
-3.251375157385556491e+00
-3.252486554771325089e+00
-3.253595033801874425e+00
-3.254700598653331944e+00
-3.255803253536682984e+00
-3.256903002697355998e+00
-3.257999850414773579e+00
-3.259093801001947899e+00
-3.260184858805042385e+00
-3.261273028202948510e+00
-3.262358313606875004e+00
-3.263440719459909989e+00
-3.264520250236615073e+00
-3.265596910442612355e+00
-3.266670704614157650e+00
-3.267741637317734593e+00
-3.268809713149637641e+00
-3.269874936735570614e+00
-3.270937312730235913e+00
-3.271996845816926403e+00
-3.273053540707123066e+00
-3.274107402140094436e+00
-3.275158434882492475e+00
-3.276206643727957335e+00
-3.277252033496722561e+00
-3.278294609035227847e+00
-3.279334375215705144e+00
-3.280371336935812732e+00
-3.281405499118231983e+00
-3.282436866710291667e+00
-3.283465444683569157e+00
-3.284491238033532046e+00
-3.285514251779138029e+00
-3.286534490962461863e+00
-3.287551960648328553e+00
-3.288566665923934096e+00
-3.289578611898472449e+00
-3.290587803702766490e+00
-3.291594246488903419e+00
-3.292597945429882156e+00
-3.293598905719227865e+00
-3.294597132570642017e+00
-3.295592631217659996e+00
-3.296585406913275840e+00
-3.297575464929586531e+00
-3.298562810557451819e+00
-3.299547449106154051e+00
-3.300529385903030910e+00
-3.301508626293141013e+00
-3.302485175638921966e+00
-3.303459039319851520e+00
-3.304430222732109179e+00
-3.305398731288240466e+00
-3.306364570416822080e+00
-3.307327745562143484e+00
-3.308288262183851192e+00
-3.309246125756658330e+00
-3.310201341769992922e+00
-3.311153915727684804e+00
-3.312103853147666754e+00
-3.313051159561620107e+00
-3.313995840514688318e+00
-3.314937901565159883e+00
-3.315877348284149928e+00
-3.316814186255308439e+00
-3.317748421074498300e+00
-3.318680058349501305e+00
-3.319609103699721953e+00
-3.320535562755878800e+00
-3.321459441159722914e+00
-3.322380744563725674e+00
-3.323299478630804771e+00
-3.324215649034027997e+00
-3.325129261456329921e+00
-3.326040321590229887e+00
-3.326948835137538474e+00
-3.327854807809083493e+00
-3.328758245324458187e+00
-3.329659153411698380e+00
-3.330557537807048440e+00
-3.331453404254681949e+00
-3.332346758506418816e+00
-3.333237606321486801e+00
-3.334125953466235082e+00
-3.335011805713878008e+00
-3.335895168844244196e+00
-3.336776048643522508e+00
-3.337654450903992487e+00
-3.338530381423781890e+00
-3.339403846006621102e+00
-3.340274850461589562e+00
-3.341143400602872404e+00
-3.342009502249517983e+00
-3.342873161225195400e+00
-3.343734383357968909e+00
-3.344593174480034126e+00
-3.345449540427514634e+00
-3.346303487040203084e+00
-3.347155020161361794e+00
-3.348004145637459406e+00
-3.348850869317987922e+00
-3.349695197055201135e+00
-3.350537134703905906e+00
-3.351376688121264547e+00
-3.352213863166543462e+00
-3.353048665700929298e+00
-3.353881101587295799e+00
-3.354711176690004848e+00
-3.355538896874703525e+00
-3.356364268008094065e+00
-3.357187295957751783e+00
-3.358007986591926120e+00
-3.358826345779330591e+00
-3.359642379388937172e+00
-3.360456093289799995e+00
-3.361267493350856839e+00
-3.362076585440724852e+00
-3.362883375427520694e+00
-3.363687869178683343e+00
-3.364490072560772038e+00
-3.365289991439283313e+00
-3.366087631678487124e+00
-3.366882999141229238e+00
-3.367676099688759805e+00
-3.368466939180569497e+00
-3.369255523474189218e+00
-3.370041858425044445e+00
-3.370825949886282924e+00
-3.371607803708588591e+00
-3.372387425740021705e+00
-3.373164821825885173e+00
-3.373939997808522495e+00
-3.374712959527159217e+00
-3.375483712817789694e+00
-3.376252263512966145e+00
-3.377018617441678749e+00
-3.377782780429190890e+00
-3.378544758296878392e+00
-3.379304556862117170e+00
-3.380062181938071397e+00
-3.380817639333625557e+00
-3.381570934853176169e+00
-3.382322074296530534e+00
-3.383071063458733985e+00
-3.383817908129975738e+00
-3.384562614095396160e+00
-3.385305187135003724e+00
-3.386045633023496038e+00
-3.386783957530182132e+00
-3.387520166418786616e+00
-3.388254265447383062e+00
-3.388986260368228365e+00
-3.389716156927650381e+00
-3.390443960865924033e+00
-3.391169677917152736e+00
-3.391893313809139610e+00
-3.392614874263274682e+00
-3.393334364994432306e+00
-3.394051791710817501e+00
-3.394767160113894455e+00
-3.395480475898244865e+00
-3.396191744751474673e+00
-3.396900972354096382e+00
-3.397608164379416706e+00
-3.398313326493449082e+00
-3.399016464354795097e+00
-3.399717583614530803e+00
-3.400416689916123225e+00
-3.401113788895335333e+00
-3.401808886180107017e+00
-3.402501987390467164e+00
-3.403193098138438621e+00
-3.403882224027941827e+00
-3.404569370654706439e+00
-3.405254543606175854e+00
-3.405937748461410841e+00
-3.406618990791014490e+00
-3.407298276157035843e+00
-3.407975610112877529e+00
-3.408650998203232252e+00
-3.409324445963970884e+00
-3.409995958922078518e+00
-3.410665542595584299e+00
-3.411333202493445960e+00
-3.411998944115503640e+00
-3.412662772952391510e+00
-3.413324694485463162e+00
-3.413984714186717895e+00
-3.414642837518718999e+00
-3.415299069934533804e+00
-3.415953416877658189e+00
-3.416605883781942410e+00
-3.417256476071534266e+00
-3.417905199160802709e+00
-3.418552058454264575e+00
-3.419197059346533063e+00
-3.419840207222254236e+00
-3.420481507456033743e+00
-3.421120965412391968e+00
-3.421758586445674766e+00
-3.422394375900025931e+00
-3.423028339109313034e+00
-3.423660481397075017e+00
-3.424290808076453363e+00
-3.424919324450156122e+00
-3.425546035810405510e+00
-3.426170947438858860e+00
-3.426794064606573542e+00
-3.427415392573975428e+00
-3.428034936590771409e+00
-3.428652701895923194e+00
-3.429268693717610894e+00
-3.429882917273149978e+00
-3.430495377768976617e+00
-3.431106080400592617e+00
-3.431715030352536111e+00
-3.432322232798301620e+00
-3.432927692900333838e+00
-3.433531415809977005e+00
-3.434133406667428723e+00
-3.434733670601707978e+00
-3.435332212730608958e+00
-3.435929038160675741e+00
-3.436524151987154774e+00
-3.437117559293963787e+00
-3.437709265153661153e+00
-3.438299274627404589e+00
-3.438887592764917844e+00
-3.439474224604474273e+00
-3.440059175172835548e+00
-3.440642449485273424e+00
-3.441224052545463596e+00
-3.441803989345533665e+00
-3.442382264865990305e+00
-3.442958884075693504e+00
-3.443533851931859679e+00
-3.444107173380006159e+00
-3.444678853353930315e+00
-3.445248896775710890e+00
-3.445817308555644054e+00
-3.446384093592255837e+00
-3.446949256772274151e+00
-3.447512802970582602e+00
-3.448074737050230709e+00
-3.448635063862398820e+00
-3.449193788246391446e+00
-3.449750915029585752e+00
-3.450306449027471078e+00
-3.450860395043571227e+00
-3.451412757869470216e+00
-3.451963542284784303e+00
-3.452512753057134898e+00
-3.453060394942164546e+00
-3.453606472683475204e+00
-3.454150991012677530e+00
-3.454693954649319387e+00
-3.455235368300914267e+00
-3.455775236662904870e+00
-3.456313564418673323e+00
-3.456850356239519861e+00
-3.457385616784648619e+00
-3.457919350701180949e+00
-3.458451562624117681e+00
-3.458982257176350217e+00
-3.459511438968648100e+00
-3.460039112599658573e+00
-3.460565282655900798e+00
-3.461089953711737000e+00
-3.461613130329410204e+00
-3.462134817058998504e+00
-3.462655018438436372e+00
-3.463173738993502226e+00
-3.463690983237827314e+00
-3.464206755672870397e+00
-3.464721060787931517e+00
-3.465233903060163101e+00
-3.465745286954541093e+00
-3.466255216923883165e+00
-3.466763697408849154e+00
-3.467270732837934855e+00
-3.467776327627465349e+00
-3.468280486181622102e+00
-3.468783212892427414e+00
-3.469284512139745758e+00
-3.469784388291289989e+00
-3.470282845702625796e+00
-3.470779888717180572e+00
-3.471275521666240316e+00
-3.471769748868945626e+00
-3.472262574632329013e+00
-3.472754003251274035e+00
-3.473244039008569040e+00
-3.473732686174878737e+00
-3.474219949008756636e+00
-3.474705831756673025e+00
-3.475190338653000310e+00
-3.475673473920024570e+00
-3.476155241767970860e+00
-3.476635646394975243e+00
-3.477114691987142958e+00
-3.477592382718509789e+00
-3.478068722751086916e+00
-3.478543716234852035e+00
-3.479017367307770225e+00
