1.298215297380814684e-16
-1.772973453973737845e+00
-3.460064513354534022e+00
-4.989187628678158681e+00
-6.311323632749282986e+00
-7.403165130277013617e+00
-8.264029590961484928e+00
-8.909631723744766418e+00
-9.365310429039936935e+00
-9.660352992194313870e+00
-9.824020391357988657e+00
-9.883191397306145376e+00
-9.861246010363952763e+00
-9.777767565889350365e+00
-9.648718055179303477e+00
-9.486844728884433309e+00
-9.302166689493287066e+00
-9.102456588041459185e+00
-8.893675679649295063e+00
-8.680346506172201160e+00
-8.465861506486946908e+00
-8.252732950564112713e+00
-8.042792170504613480e+00
-7.837346730712327236e+00
-7.637303386251440784e+00
-7.443263824539421591e+00
-7.255598831876544530e+00
-7.074505664274577832e+00
-6.900052240635538681e+00
-6.732211228208791809e+00
-6.570886204613838544e+00
-6.415931800755393155e+00
-6.267169022397072631e+00
-6.124396863262889568e+00
-5.987400792927561888e+00
-5.855958857942693996e+00
-5.729845788179511956e+00
-5.608835793631343769e+00
-5.492704381329974517e+00
-5.381229763810122968e+00
-5.274193969790217373e+00
-5.171383980921756773e+00
-5.072592752203468613e+00
-4.977620267162041756e+00
-4.886274375346514987e+00
-4.798371546003169286e+00
-4.713737300558243248e+00
-4.632206516119453887e+00
-4.553623405322694495e+00
-4.477841416006564934e+00
-4.404722873079441214e+00
-4.334138626510470438e+00
-4.265967517442291523e+00
-4.200095926796565848e+00
-4.136417196049075429e+00
-4.074831179876424514e+00
-4.015243697839170345e+00
-3.957566142942793075e+00
-3.901714995972358491e+00
-3.847611506175924401e+00
-3.795181273197102634e+00
-3.744353997192660266e+00
-3.695063120906986409e+00
-3.647245639143679163e+00
-3.600841789791600966e+00
-3.555794911357753829e+00
-3.512051172173809466e+00
-3.469559466089788380e+00
-3.428271170984632743e+00
-3.388140074801834878e+00
-3.349122156556608498e+00
-3.311175536834229050e+00
-3.274260276236184541e+00
-3.238338345998002854e+00
-3.203373440142284423e+00
-3.169330963000126289e+00
-3.136177852288223988e+00
-3.103882581115338546e+00
-3.072414989865684731e+00
-3.041746300826598137e+00
-3.011848957225800927e+00
-2.982696649005720957e+00
-2.954264157689658887e+00
-2.926527392107864500e+00
-2.899463238005548948e+00
-2.873049602729983221e+00
-2.847265268672037664e+00
-2.822089946078990774e+00
-2.797504129559021280e+00
-2.773489158307261171e+00
-2.750027075011816535e+00
-2.727100692880145782e+00
-2.704693456375035332e+00
-2.682789514510127926e+00
-2.661373582919805525e+00
-2.640431022961752028e+00
-2.619947704688049495e+00
-2.599910091351817165e+00
-2.580305102901825354e+00
-2.561120205540195816e+00
-2.542343275410126502e+00
-2.523962692896372317e+00
-2.505967206215354182e+00
-2.488346030188330449e+00
-2.471088709479391632e+00
-2.454185221603724543e+00
-2.437625839589857790e+00
-2.421401239014337570e+00
-2.405502359891801056e+00
-2.389920517552376555e+00
-2.374647263586282087e+00
-2.359674500402626052e+00
-2.344994341075762101e+00
-2.330599227443140631e+00
-2.316481788718642854e+00
-2.302634963004026591e+00
-2.289051854550055332e+00
-2.275725858570627924e+00
-2.262650517046395748e+00
-2.249819646743717705e+00
-2.237227193467133279e+00
-2.224867363196518344e+00
-2.212734474705635446e+00
-2.200823093740654102e+00
-2.189127883931076379e+00
-2.177643743941673371e+00
-2.166365656610194090e+00
-2.155288829012162566e+00
-2.144408539767140187e+00
-2.133720281962567800e+00
-2.123219608576544459e+00
-2.112902278212903440e+00
-2.102764098593922437e+00
-2.092801075064132821e+00
-2.083009252111137410e+00
-2.073384864600281929e+00
-2.063924177286393657e+00
-2.054623638745221470e+00
-2.045479718842619921e+00
-2.036489065332545589e+00
-2.027648339253526721e+00
-2.018954374166173071e+00
-2.010404009449837215e+00
-2.001994252155150367e+00
-1.993722108176656294e+00
-1.985584746698988212e+00
-1.977579329222648230e+00
-1.969703176584694182e+00
-1.961953595818051399e+00
-1.954328049728824457e+00
-1.946823981570976692e+00
-1.939438987164871619e+00
-1.932170637370940858e+00
-1.925016652735073386e+00
-1.917974723746404875e+00
-1.911042687997208445e+00
-1.904218348210894529e+00
-1.897499651905103057e+00
-1.890884507177602591e+00
-1.884370964862311038e+00
-1.877957032061677412e+00
-1.871640856786529028e+00
-1.865420539224651009e+00
-1.859294318856062889e+00
-1.853260383448184001e+00
-1.847317058639385445e+00
-1.841462614651786067e+00
-1.835695458336569663e+00
-1.830013937596107310e+00
-1.824416535885221125e+00
-1.818901674335392293e+00
-1.813467908706216880e+00
-1.808113729204916975e+00
-1.802837759883437307e+00
-1.797638556146652355e+00
-1.792514806590861820e+00
-1.787465128194752895e+00
-1.782488270595410151e+00
-1.777582908956681473e+00
-1.772747850679151638e+00
-1.767981825940744045e+00
-1.763283696837714354e+00
-1.758652245592537078e+00
-1.754086386123495656e+00
-1.749584949915083953e+00
-1.745146900013766933e+00
-1.740771114556883603e+00
-1.736456603192493731e+00
-1.732202288262595591e+00
-1.728007223645329882e+00
-1.723870373588743732e+00
-1.719790833973716682e+00
-1.715767608794966037e+00
-1.711799833842987173e+00
-1.707886550828942251e+00
-1.704026933484790174e+00
-1.700220059328517719e+00
-1.696465138181696641e+00
-1.692761281571814935e+00
-1.689107733666365130e+00
-1.685503638309920449e+00
-1.681948272373596343e+00
-1.678440810423853069e+00
-1.674980560487514314e+00
-1.671566726349364984e+00
-1.668198645731986174e+00
-1.664875550219872880e+00
-1.661596805854000936e+00
-1.658361670679640465e+00
-1.655169537755726950e+00
-1.652019690324074253e+00
-1.648911547233073760e+00
-1.645844415726421373e+00
-1.642817739281214218e+00
-1.639830848013605680e+00
-1.636883208931780409e+00
-1.633974173956272757e+00
-1.631103232587941321e+00
-1.628269757540885765e+00
-1.625473259825868100e+00
-1.622713131993682056e+00
-1.619988905634334619e+00
-1.617299992228875771e+00
-1.614645943064897615e+00
-1.612026187694844737e+00
-1.609440296268171755e+00
-1.606887715594304211e+00
-1.604368033892289214e+00
-1.601880714456093369e+00
-1.599425362822501695e+00
-1.597001458037168309e+00
-1.594608622241136864e+00
-1.592246349535812788e+00
-1.589914277989099789e+00
-1.587611916097243725e+00
-1.585338917211509102e+00
-1.583094803595026967e+00
-1.580879243270809642e+00
-1.578691771672019684e+00
-1.576532070912008532e+00
-1.574399689026261706e+00
-1.572294321665548056e+00
-1.570215528927657367e+00
-1.568163019474598796e+00
-1.566136364952504190e+00
-1.564135286533882008e+00
-1.562159366923806525e+00
-1.560208339328347460e+00
-1.558281797045511397e+00
-1.556379484860722417e+00
-1.554501006220661674e+00
-1.552646117057296937e+00
-1.550814430542773126e+00
-1.549005713342825219e+00
-1.547219587951294439e+00
-1.545455831374302313e+00
-1.543714075042322831e+00
-1.541994105926407288e+00
-1.540295564026264774e+00
-1.538618245919600724e+00
-1.536961799824526631e+00
-1.535326031583501782e+00
-1.533710597298094003e+00
-1.532115311748810438e+00
-1.530539838600839531e+00
-1.528984001260702774e+00
-1.527447470651353001e+00
-1.525930078507291565e+00
-1.524431502717034759e+00
-1.522951583057977398e+00
-1.521490004104696592e+00
-1.520046613404961278e+00
-1.518621101952210672e+00
-1.517213324803891483e+00
-1.515822979116411506e+00
-1.514449927207524471e+00
-1.513093872151874963e+00
-1.511754683288761170e+00
-1.510432069376645314e+00
-1.509125906547839069e+00
-1.507835909020105447e+00
-1.506561959499910897e+00
-1.505303777449343405e+00
-1.504061251939229571e+00
-1.502834107469883218e+00
-1.501622239275616666e+00
-1.500425376697422486e+00
-1.499243420940503446e+00
-1.498076105997054874e+00
-1.496923338858479946e+00
-1.495784857986578897e+00
-1.494660575981819006e+00
-1.493550235601230014e+00
-1.492453754884531358e+00
-1.491370880716650804e+00
-1.490301536413507488e+00
-1.489245472827385619e+00
-1.488202618393802856e+00
-1.487172727778339754e+00
-1.486155734385870231e+00
-1.485151396547041980e+00
-1.484159652491840342e+00
-1.483180264073729715e+00
-1.482213174209236151e+00
-1.481258148137814867e+00
-1.480315133329429544e+00
-1.479383898278109566e+00
-1.478464394879153598e+00
-1.477556394754880875e+00
-1.476659854102915448e+00
-1.475774547552203719e+00
-1.474900435484543415e+00
-1.474037295418599847e+00
-1.473185091806329616e+00
-1.472343604943825657e+00
-1.471512803243809620e+00
-1.470692469671300850e+00
-1.469882576494641491e+00
-1.469082909243507595e+00
-1.468293443940466236e+00
-1.467513968579537309e+00
-1.466744462839849383e+00
-1.465984717083153477e+00
-1.465234714551253647e+00
-1.464494247880384403e+00
-1.463763303784576975e+00
-1.463041677084895520e+00
-1.462329357880328917e+00
-1.461626143090288599e+00
-1.460932026114888371e+00
-1.460246805888349542e+00
-1.459570479030980028e+00
-1.458902846411449072e+00
-1.458243907792373006e+00
-1.457593465899237106e+00
-1.456951523561643036e+00
-1.456317885287208069e+00
-1.455692556900007428e+00
-1.455075344617578814e+00
-1.454466257188565148e+00
-1.453865102470706550e+00
-1.453271892069819105e+00
-1.452686435416517652e+00
-1.452108746908726378e+00
-1.451538637485063843e+00
-1.450976124272697731e+00
-1.450421019655492083e+00
-1.449873343429342265e+00
-1.449332909362771815e+00
-1.448799739861768909e+00
-1.448273650020980741e+00
-1.447754664800152469e+00
-1.447242600563465764e+00
-1.446737484769743176e+00
-1.446239134998072773e+00
-1.445747581153688399e+00
-1.445262641977659301e+00
-1.444784349770840581e+00
-1.444312524385125363e+00
-1.443847200467709202e+00
-1.443388198931999655e+00
-1.442935556723990986e+00
-1.442489095770728591e+00
-1.442048855271065078e+00
-1.441614658119538595e+00
-1.441186545723351697e+00
-1.440764341899663181e+00
-1.440348090221326594e+00
-1.439937615384698999e+00
-1.439532963086613604e+00
-1.439133958860853824e+00
-1.438740650488102180e+00
-1.438352864298795053e+00
-1.437970650118672422e+00
-1.437593835035605228e+00
-1.437222470882752345e+00
-1.436856385467238262e+00
-1.436495632593332683e+00
-1.436140040750532032e+00
-1.435789665679012561e+00
-1.435444336514835273e+00
-1.435104110900093044e+00
-1.434768818582748073e+00
-1.434438519073802709e+00
-1.434113042699530327e+00
-1.433792450807889418e+00
-1.433476574270932780e+00
-1.433165476242733272e+00
-1.432858988109446230e+00
-1.432557174801339261e+00
-1.432259868188042073e+00
-1.431967134947040199e+00
-1.431678807401776332e+00
-1.431394953948793125e+00
-1.431115407336485790e+00
-1.430840237653334013e+00
-1.430569278044730774e+00
-1.430302600264708568e+00
-1.430040037828399280e+00
-1.429781664129962326e+00
-1.429527313027903146e+00
-1.429277059531712357e+00
-1.429030737817781560e+00
-1.428788424486814534e+00
-1.428549954008227374e+00
-1.428315404550805745e+00
-1.428084610852791148e+00
-1.427857652628545138e+00
-1.427634364861583682e+00
-1.427414828790051660e+00
-1.427198879620034555e+00
-1.426986600092174706e+00
-1.426777825612975947e+00
-1.426572640405069148e+00
-1.426370880053865919e+00
-1.426172630244054274e+00
-1.425977726719014127e+00
-1.425786256606109470e+00
-1.425598055786445606e+00
-1.425413212811338370e+00
-1.425231563679732805e+00
-1.425053198348736672e+00
-1.424877952915887036e+00
-1.424705918726498766e+00
-1.424536931957986141e+00
-1.424371085326650022e+00
-1.424208215071620875e+00
-1.424048415263658995e+00
-1.423891522185800174e+00
-1.423737631247089075e+00
-1.423586578757371379e+00
-1.423438461448258474e+00
-1.423293115639552742e+00
-1.423150639370300619e+00
-1.423010868953931585e+00
-1.422873903722226663e+00
-1.422739579966272983e+00
-1.422607998296195664e+00
-1.422478994965324262e+00
-1.422352671848299055e+00
-1.422228865145487964e+00
-1.422107677982556551e+00
-1.421988946492291905e+00
-1.421872775038205416e+00
-1.421758999671209889e+00
-1.421647725979944932e+00
-1.421538789919465806e+00
-1.421432298291181562e+00
-1.421328086940664370e+00
-1.421226263870142503e+00
-1.421126664802403017e+00
-1.421029398928875809e+00
-1.420934301836618285e+00
-1.420841483894859536e+00
-1.420750780542391567e+00
-1.420662303315274322e+00
-1.420575887491716927e+00
-1.420491645763861444e+00
-1.420409413237298413e+00
-1.420329303750029970e+00
-1.420251152223277913e+00
-1.420175073630745244e+00
-1.420100902697924772e+00
-1.420028755524380903e+00
-1.419958466628702398e+00
-1.419890153226897045e+00
-1.419823649619769368e+00
-1.419759074130421794e+00
-1.419696260831273538e+00
-1.419635329143592362e+00
-1.419576112900997833e+00
-1.419518732614204692e+00
-1.419463021867922725e+00
-1.419409102253794908e+00
-1.419356807097742035e+00
-1.419306259064123221e+00
-1.419257291210313854e+00
-1.419210027265451979e+00
-1.419164300008930013e+00
-1.419120234226865396e+00
-1.419077662411394103e+00
-1.419036710398082324e+00
-1.418997210382838103e+00
-1.418959289243235000e+00
-1.418922778870186807e+00
-1.418887807176139715e+00
-1.418854205738392826e+00
-1.418822103497270337e+00
-1.418791331707991432e+00
-1.418762020332209550e+00
-1.418734000294630038e+00
-1.418707402571684373e+00
-1.418682057749649728e+00
-1.418658097813231267e+00
-1.418635353002348998e+00
-1.418613956303918844e+00
-1.418593737603759175e+00
-1.418574830884933746e+00
-1.418557065671593787e+00
-1.418540576937118880e+00
-1.418525193836591480e+00
-1.418511052328052413e+00
-1.418497981190246282e+00
-1.418486117360439946e+00
-1.418475289233852576e+00
-1.418465634721560731e+00
-1.418456981828406960e+00
-1.418449469434140076e+00
-1.418442925146284672e+00
-1.418437488808201641e+00
-1.418432987623523989e+00
-1.418429562394265098e+00
-1.418427039913632282e+00
-1.418425561937524559e+00
-1.418424954842267827e+00
-1.418425361333082835e+00
-1.418426607363157288e+00
-1.418428836582460439e+00
-1.418431874514823221e+00
-1.418435865750787395e+00
-1.418440635378702241e+00
-1.418446328925306199e+00
-1.418452771037645999e+00
-1.418460108174635304e+00
-1.418468164536131448e+00
-1.418477087509194323e+00
-1.418486700840777104e+00
-1.418497152842247866e+00
-1.418508266802055440e+00
-1.418520191952131304e+00
-1.418532751116898138e+00
-1.418546094445174655e+00
-1.418560044292025646e+00
-1.418574751719597904e+00
-1.418590038608243065e+00
-1.418606056930037607e+00
-1.418622628085443260e+00
-1.418639904953166386e+00
-1.418657708448533228e+00
-1.418676192353710785e+00
-1.418695177093986182e+00
-1.418714817351738766e+00
-1.418734933057241854e+00
-1.418755679790182134e+00
-1.418776876980886836e+00
-1.418798681103334181e+00
-1.418820911083267244e+00
-1.418843724286138253e+00
-1.418866939128250459e+00
-1.418890713863898867e+00
-1.418914866395337482e+00
-1.418939555862907431e+00
-1.418964599650410552e+00
-1.418990157781642170e+00
-1.419016047117370283e+00
-1.419042428562452773e+00
-1.419069118450217992e+00
-1.419096278564085711e+00
-1.419123724705713574e+00
-1.419151619534755326e+00
-1.419179778316861373e+00
-1.419208364585653692e+00
-1.419237193066647862e+00
-1.419266428165288252e+00
-1.419295884062699908e+00
-1.419325726034063706e+00
-1.419355767712126237e+00
-1.419386175239745640e+00
-1.419416761697263940e+00
-1.419447694093228796e+00
-1.419478784951605732e+00
-1.419510202144829369e+00
-1.419541757636555657e+00
-1.419573620161207028e+00
-1.419605601118407945e+00
-1.419637870102770760e+00
-1.419670237946021762e+00
-1.419702875101299666e+00
-1.419735591828783283e+00
-1.419768559438520317e+00
-1.419801587615320715e+00
-1.419834848524573312e+00
-1.419868151272215107e+00
-1.419901668877445511e+00
-1.419935209863674830e+00
-1.419968948102471096e+00
-1.420002691531216055e+00
-1.420036614872466352e+00
-1.420070525474027345e+00
-1.420104598908104032e+00
-1.420138641929596712e+00
-1.420172830958960519e+00
-1.420206972154745673e+00
-1.420241242784575642e+00
-1.420275448407266605e+00
-1.420309767136328283e+00
-1.420344003927548338e+00
-1.420378337739311547e+00
-1.420412572920998429e+00
-1.420446889274756819e+00
-1.420481090540452351e+00
-1.420515357362932551e+00
-1.420549492869306984e+00
-1.420583678546134987e+00
-1.420617716904567951e+00
-1.420651790272068116e+00
-1.420685700540706531e+00
-1.420719630877840922e+00
-1.420753382553406441e+00
-1.420787139573906899e+00
-1.420820702584044248e+00
-1.420854256428596418e+00
-1.420887601124046329e+00
-1.420920922352787885e+00
-1.420954019500027865e+00
-1.420987079084998106e+00
-1.421019899858754654e+00
-1.421052669176769090e+00
-1.421085185152866526e+00
-1.421117635978181637e+00
-1.421149819126473313e+00
-1.421181923623887178e+00
-1.421213746301262182e+00
-1.421245477019263515e+00
-1.421276911962896294e+00
-1.421308241826862995e+00
-1.421339262147542915e+00
-1.421370164453180651e+00
-1.421400743628699948e+00
-1.421431192035553348e+00
-1.421461303904455242e+00
-1.421491272429569630e+00
-1.421520891184672397e+00
-1.421550354196384536e+00
-1.421579454378750551e+00
-1.421608386590518025e+00
-1.421636943083399940e+00
-1.421665319547876560e+00
-1.421693307570667253e+00
-1.421721103673858844e+00
-1.421748498776412850e+00
-1.421775690231806610e+00
-1.421802468288664967e+00
-1.421829031131666365e+00
-1.421855168336467301e+00
-1.421881078918831642e+00
-1.421906551778804761e+00
-1.421931786763190431e+00
-1.421956572093845184e+00
-1.421981108448480580e+00
-1.422005183368216352e+00
-1.422028998361637875e+00
-1.422052340286610539e+00
-1.422075411482577545e+00
-1.422097998121604867e+00
-1.422120303374018624e+00
-1.422142112723566054e+00
-1.422163630171524140e+00
-1.422184640510842479e+00
-1.422205348573795547e+00
-1.422225538460019978e+00
-1.422245415832959603e+00
-1.422264764096534240e+00
-1.422283789745394600e+00
-1.422302275485282541e+00
-1.422320428642269041e+00
-1.422338031221464849e+00
-1.422355291380577036e+00
-1.422371990421672949e+00
-1.422388337334310693e+00
-1.422404112715029534e+00
-1.422419526385546140e+00
-1.422434358234562435e+00
-1.422448818916097535e+00
-1.422462687608607501e+00
-1.422476175798863540e+00
-1.422489061952676881e+00
-1.422501558389734022e+00
-1.422513442860954935e+00
-1.422524928519387055e+00
-1.422535792398617271e+00
-1.422546248485398568e+00
-1.422556073093604434e+00
-1.422565481044187674e+00
-1.422574247929036195e+00
-1.422582589403590614e+00
-1.422590280335519042e+00
-1.422597537215243291e+00
-1.422604134183716784e+00
-1.422610288566943382e+00
-1.422615773776955805e+00
-1.422620807975681689e+00
-1.422625163843935781e+00
-1.422629060380184773e+00
-1.422632269531775018e+00
-1.422635011134130822e+00
-1.422637056398843747e+00
-1.422638625998996487e+00
-1.422639490408105445e+00
-1.422639871137452383e+00
-1.422639537920241004e+00
-1.422638713106560093e+00
-1.422637165687058003e+00
-1.422635118851289349e+00
-1.422632340845044308e+00
-1.422629055697985923e+00
-1.422625030908880372e+00
-1.422620491348124627e+00
-1.422615203765222658e+00
-1.422609393872038552e+00
-1.422602827666503034e+00
-1.422595731702708699e+00
-1.422587871224824108e+00
-1.422579473629897562e+00
-1.422570303406087255e+00
-1.422560588794133940e+00
-1.422550093524003190e+00
-1.422539046680880714e+00
-1.422527211234363209e+00
-1.422514817114896468e+00
-1.422501626529450558e+00
-1.422487870254534048e+00
-1.422473309732299906e+00
-1.422458176586198109e+00
-1.422442231491344966e+00
-1.422425706918990285e+00
-1.422408362774978174e+00
-1.422390432379238456e+00
-1.422371674866227176e+00
-1.422352324405387280e+00
-1.422332139357555425e+00
-1.422311354742666456e+00
-1.422289728145740062e+00
-1.422267495438120699e+00
-1.422244413426787979e+00
-1.422220718835475406e+00
-1.422196167690988000e+00
-1.422170997570390005e+00
-1.422144963718080302e+00
-1.422118304565425762e+00
-1.422090774572281724e+00
-1.422062613025395716e+00
-1.422033573597816236e+00
-1.422003896432623371e+00
-1.421973334413960455e+00
-1.421942128542341921e+00
-1.421910030910752631e+00
-1.421877283378147672e+00
-1.421843637244249559e+00
-1.421809335227522064e+00
-1.421774127832233114e+00
-1.421738258637459840e+00
-1.421701477349814002e+00
-1.421664028410103642e+00
-1.421625660725088780e+00
-1.421586619598475432e+00
-1.421546653134964311e+00
-1.421506007502346458e+00
-1.421464430001013302e+00
-1.421422167663998426e+00
-1.421378966985304082e+00
-1.421335075864267550e+00
-1.421290239986360282e+00
-1.421244708118466038e+00
-1.421198225135272164e+00
-1.421151040672476995e+00
-1.421102898791782421e+00
-1.421054049998891511e+00
-1.421004237540319348e+00
-1.420953712793065371e+00
-1.420902218186288479e+00
-1.420850005969513496e+00
-1.420796817752345786e+00
-1.420742906658129190e+00
-1.420688013474678435e+00
-1.420632392200491756e+00
-1.420575782799418763e+00
-1.420518440146339767e+00
-1.420460103379025174e+00
-1.420401028250058761e+00
-1.420340953068795153e+00
-1.420280134466981314e+00
-1.420218309923437117e+00
-1.420155736950273084e+00
-1.420092152193547674e+00
-1.420027814047250647e+00
-1.419962458322366894e+00
-1.419896344296179391e+00
-1.419829206942389455e+00
-1.419761306422985259e+00
-1.419692376872175865e+00
-1.419622679337970261e+00
-1.419551947112960733e+00
-1.419480442132642128e+00
-1.419407896845679362e+00
-1.419334574076559052e+00
-1.419260205427764099e+00
-1.419185054614216179e+00
-1.419108852390028819e+00
-1.419031863361998491e+00
-1.418953817433622255e+00
-1.418874980105126582e+00
-1.418795080427109445e+00
-1.418714384794742100e+00
-1.418632621403476124e+00
-1.418550057544921916e+00
-1.418466420557137786e+00
-1.418381978629778883e+00
-1.418296458241193436e+00
-1.418210128480656529e+00
-1.418122714964570319e+00
-1.418034487683313749e+00
-1.417945171389081382e+00
-1.417855036975033567e+00
-1.417763808326859110e+00
-1.417671757242078501e+00
-1.417578606737559976e+00
-1.417484629516821304e+00
-1.417389547725612431e+00
-1.417293634975147265e+00
-1.417196612537710676e+00
-1.417098754933815208e+00
-1.416999782560057541e+00
-1.416899970847892654e+00
-1.416799039315887132e+00
-1.416697264308141024e+00
-1.416594364462892663e+00
-1.416490617038550281e+00
-1.416385739790682941e+00
-1.416280010893770536e+00
-1.416173147218352302e+00
-1.416065427856682879e+00
-1.415956568791948422e+00
-1.415846850035991089e+00
-1.415735986682236769e+00
-1.415624259663833984e+00
-1.415511383182109562e+00
-1.415397639093298521e+00
-1.415282740704329578e+00
-1.415166970796237544e+00
-1.415050041779177370e+00
-1.414932237360871037e+00
-1.414813269052198619e+00
-1.414693421489445546e+00
-1.414572405281930401e+00
-1.414450505996168062e+00
-1.414327433337551509e+00
-1.414203473804775291e+00
-1.414078336196793240e+00
-1.413952307946403586e+00
-1.413825096943749582e+00
-1.413696991557493288e+00
-1.413567698766573510e+00
-1.413437507877478794e+00
-1.413306124955507670e+00
-1.413173840246875645e+00
-1.413040358900699234e+00
-1.412905972104904873e+00
-1.412770384090093367e+00
-1.412633886987739285e+00
-1.412496184107389086e+00
-1.412357568526146023e+00
-1.412217742630047512e+00
-1.412077000443660912e+00
-1.411935043427162695e+00
-1.411792166554568073e+00
-1.411648070357542029e+00
-1.411503050761686584e+00
-1.411356807367723176e+00
-1.411209637054789967e+00
-1.411061238490088687e+00
-1.410911909508305362e+00
-1.410761347840729485e+00
-1.410609852279645970e+00
-1.410457119617776867e+00
-1.410303449607128945e+00
-1.410148538099375903e+00
-1.409992685808199475e+00
-1.409835587641786736e+00
-1.409677545277590260e+00
-1.409518252677634198e+00
-1.409358012485370182e+00
-1.409196517714014885e+00
-1.409034071975162172e+00
-1.408870367330725015e+00
-1.408705708362436138e+00
-1.408539786178334641e+00
-1.408372906332541419e+00
-1.408204758976568272e+00
-1.408035650639099412e+00
-1.407865270512478562e+00
-1.407693926102131732e+00
-1.407521305638669507e+00
-1.407347717606380888e+00
-1.407172849271562720e+00
-1.406997010099623857e+00
-1.406819886389760299e+00
-1.406641788590799580e+00
-1.406462402032264691e+00
-1.406282038148551239e+00
-1.406100381296823354e+00
-1.405917743899344874e+00
-1.405733809338236773e+00
-1.405548891025940383e+00
-1.405362671366749305e+00
-1.405175464765611837e+00
-1.404986952646369858e+00
-1.404797450408682424e+00
-1.404606638493224979e+00
-1.404414833296751652e+00
-1.404221714274006771e+00
-1.404027598821167233e+00
-1.403832165404267807e+00
-1.403635732421357307e+00
-1.403437977346961851e+00
-1.403239219583322317e+00
-1.403039135610773425e+00
-1.402838045838079806e+00
-1.402635625748523962e+00
-1.402432196759877403e+00
-1.402227433355677011e+00
-1.402021657965053736e+00
-1.401814544068859414e+00
-1.401606415110076220e+00
-1.401396943564108266e+00
-1.401186453890216344e+00
-1.400974617555521551e+00
-1.400761760038067516e+00
-1.400547551793779988e+00
-1.400332319321944130e+00
-1.400115732064456830e+00
-1.399898117544378096e+00
-1.399679144186650515e+00
-1.399459140540648683e+00
-1.399237774011490298e+00
-1.399015374177341897e+00
-1.398791607420635685e+00
-1.398566804350841020e+00
-1.398340630324712119e+00
-1.398113416985756308e+00
-1.397884828662061318e+00
-1.397655198033636914e+00
-1.397424188397063283e+00
-1.397192133471485631e+00
-1.396958695518853544e+00
-1.396724209300107100e+00
-1.396488336039708011e+00
-1.396251411542958287e+00
-1.396013095993775543e+00
-1.395773726244546875e+00
-1.395532961435550723e+00
-1.395291139468967323e+00
-1.395047918438438783e+00
-1.394803637298605459e+00
-1.394557953093425340e+00
-1.394311205832635014e+00
-1.394063051507494100e+00
-1.393813831185641838e+00
-1.393563199802441366e+00
-1.393311499486139748e+00
-1.393058384113210924e+00
-1.392804196875289779e+00
-1.392548590586736523e+00
-1.392291909505362302e+00
-1.392033805380374911e+00
-1.391774623538454492e+00
-1.391514014660498511e+00
-1.391252325145002633e+00
-1.390989204601273288e+00
-1.390725000502422981e+00
-1.390459361383090675e+00
-1.390192635793768616e+00
-1.389924471191178679e+00
-1.389655217206237081e+00
-1.389384520214421492e+00
-1.389112730929845885e+00
-1.388839494643663075e+00
-1.388565163156069371e+00
-1.388289380670554296e+00
-1.388012500076389211e+00
-1.387734164486124966e+00
-1.387454727880929051e+00
-1.387173832279196883e+00
-1.386891832757079612e+00
-1.386608370235346888e+00
-1.386323800888099589e+00
-1.386037764535196892e+00
-1.385750618451705218e+00
-1.385462001353257699e+00
-1.385172271618732021e+00
-1.384881066856243015e+00
-1.384588746551695504e+00
-1.384294947202122650e+00
-1.384000029403391618e+00
-1.383703628538233810e+00
-1.383406106315593576e+00
-1.383107097000271679e+00
-1.382806963417463120e+00
-1.382505338710652065e+00
-1.382202586824298196e+00
-1.381898339777145601e+00
-1.381592962636122746e+00
-1.381286086291624526e+00
-1.380978076936171250e+00
-1.380668564328393799e+00
-1.380357915789535816e+00
-1.380045759942930994e+00
-1.379732465241779504e+00
-1.379417659170476540e+00
-1.379101711317410217e+00
-1.378784248024488956e+00
-1.378465640018462723e+00
-1.378145512495242864e+00
-1.377824237323181267e+00
-1.377501438548456303e+00
-1.377177489184362447e+00
-1.376852012123715330e+00
-1.376525381528004965e+00
-1.376197219133084459e+00
-1.375867900251917630e+00
-1.375537045459616303e+00
-1.375205031224021823e+00
-1.374871476955879190e+00
-1.374536760281077408e+00
-1.374200499442320034e+00
-1.373863073227059362e+00
-1.373524098706043972e+00
-1.373183955831664305e+00
-1.372842260499045564e+00
-1.372499393828858105e+00
-1.372154970536726193e+00
-1.371809372915166358e+00
-1.371462214496459886e+00
-1.371113878748333015e+00
-1.370763978015895113e+00
-1.370412896945566894e+00
-1.370060246691455541e+00
-1.369706413082133256e+00
-1.369351006076739541e+00
-1.368994412689576778e+00
-1.368636241680927901e+00
-1.368276881254280708e+00
-1.367915938967106282e+00
-1.367553804215701385e+00
-1.367190083350712460e+00
-1.366825166964784399e+00
-1.366458660197753083e+00
-1.366090954842243743e+00
-1.365721654823273346e+00
-1.365351153137011941e+00
-1.364979052489538658e+00
-1.364605747084302489e+00
-1.364230838404365764e+00
-1.363854721864075747e+00
-1.363476997719389905e+00
-1.363098062599206628e+00
-1.362717515528254042e+00
-1.362335754353694917e+00
-1.361952376864874692e+00
-1.361567782130899129e+00
-1.361181566701554990e+00
-1.360794130871687546e+00
-1.360405069947236978e+00
-1.360014785452539954e+00
-1.359622871445537173e+00
-1.359229730683797488e+00
-1.358834955972912706e+00
-1.358438951307588960e+00
-1.358041308236724198e+00
-1.357642431995983223e+00
-1.357241912873253353e+00
-1.356840157349020748e+00
-1.356436754445769832e+00
-1.356032111892681691e+00
-1.355625817442447145e+00
-1.355218280076812887e+00
-1.354809086274319618e+00
-1.354398646273186069e+00
-1.353986545273263564e+00
-1.353573194773223465e+00
-1.353158178689783719e+00
-1.352741909785991625e+00
-1.352323970690889832e+00
-1.351904775435923467e+00
-1.351483905357878657e+00
-1.351061775760663775e+00
-1.350637966684214764e+00
-1.350212894708822109e+00
-1.349786138573009664e+00
-1.349358116137564956e+00
-1.348928404834899064e+00
-1.348497423810409046e+00
-1.348064749185674760e+00
-1.347630801394786637e+00
-1.347195155243757769e+00
-1.346758232459552840e+00
-1.346319606527845547e+00
-1.345879700472581542e+00
-1.345438086454356696e+00
-1.344995188798259633e+00
-1.344550578334918756e+00
-1.344104680694828913e+00
-1.343657065373782711e+00
-1.343208159311835459e+00
-1.342757530665133814e+00
-1.342305607687498403e+00
-1.341851957190454137e+00
-1.341397008745875308e+00
-1.340940327815701938e+00
-1.340482345294180977e+00
-1.340022625288620040e+00
-1.339561600019960830e+00
-1.339098832235809500e+00
-1.338634755488137928e+00
-1.338168931159847252e+00
-1.337701794138187239e+00
-1.337232904436262304e+00
-1.336762698281110939e+00
-1.336290734310689787e+00
-1.335817450096292269e+00
-1.335342402895626224e+00
-1.334866031628599181e+00
-1.334387892167387069e+00
-1.333908424785033020e+00
-1.333427183962932361e+00
-1.332944611331669416e+00
-1.332460259976580019e+00
-1.331974572890294972e+00
-1.331487101756707814e+00
-1.330998290935066830e+00
-1.330507690702434020e+00
-1.330015746789247055e+00
-1.329522008060219473e+00
-1.329026921621607960e+00
-1.328530034920323288e+00
-1.328031796443005508e+00
-1.327531752213291227e+00
-1.327030352102874788e+00
-1.326527140706459162e+00
-1.326022569285488117e+00
-1.325516181000183868e+00
-1.325008428506359914e+00
-1.324498853524158415e+00
-1.323987910108537225e+00
-1.323475138533790174e+00
-1.322960994258773226e+00
-1.322445016106205573e+00
-1.321927660943640559e+00
-1.321408466136498205e+00
-1.320887889965794537e+00
-1.320365468333732695e+00
-1.319841660939802708e+00
-1.319316002217122419e+00
-1.318788953288391852e+00
-1.318260047111840860e+00
-1.317729746238238908e+00
-1.317197582144983059e+00
-1.316664018815927095e+00
-1.316128586241540166e+00
-1.315591749843804337e+00
-1.315053038120249651e+00
-1.314512917935870329e+00
-1.313970916289271207e+00
-1.313427501493453109e+00
-1.312882199042005427e+00
-1.312335478701093683e+00
-1.311786864452914481e+00
-1.311236827522023196e+00
-1.310684890373114753e+00
-1.310131525694146370e+00
-1.309576254426102926e+00
-1.309019550725500025e+00
-1.308460934003307319e+00
-1.307900879889902779e+00
-1.307338906259865707e+00
-1.306775490222638725e+00
-1.306210148110082736e+00
-1.305643358516022534e+00
-1.305074636223126694e+00
-1.304504461314933694e+00
-1.303932347018552873e+00
-1.303358774912520612e+00
-1.302783256661892652e+00
-1.302206275345677788e+00
-1.301627341060255683e+00
-1.301046938390642671e+00
-1.300464575857948946e+00
-1.299880739558656684e+00
-1.299294936431984127e+00
-1.298707654091514119e+00
-1.298118397887887410e+00
-1.297527656957224718e+00
-1.296934935055057636e+00
-1.296340722845724436e+00
-1.295744522482748851e+00
-1.295146826164516041e+00
-1.294547134435684477e+00
-1.293945941034401192e+00
-1.293342744889741658e+00
-1.292738041285370842e+00
-1.292131327527889395e+00
-1.291523100452338646e+00
-1.290912855735994791e+00
-1.290301091771192121e+00
-1.289687302598887086e+00
-1.289071988174669725e+00
-1.288454640896251835e+00
-1.287835762288498387e+00
-1.287214843098842598e+00
-1.286592386427539036e+00
-1.285967881364727061e+00
-1.285341832592133304e+00
-1.284713727535455652e+00
-1.284084072464229287e+00
-1.283452353132682022e+00
-1.282819077404257602e+00
-1.282183729354569923e+00
-1.281546818447418801e+00
-1.280907827072574001e+00
-1.280267266300594065e+00
-1.279624616828224370e+00
-1.278980391339247014e+00
-1.278334068830126347e+00
-1.277686163604432990e+00
-1.277036152951063208e+00
-1.276384552800024164e+00
-1.275730838725404048e+00
-1.275075528290231741e+00
-1.274418095346462998e+00
-1.273759059097008262e+00
-1.273097891664330739e+00
-1.272435113898000569e+00
-1.271770196183681589e+00
-1.271103661024509002e+00
-1.270434977061903892e+00
-1.269764668459649082e+00
-1.269092202107440670e+00
-1.268418103836842725e+00
-1.267741838778386310e+00
-1.267063934438522388e+00
-1.266383854181219126e+00
-1.265702127195115878e+00
-1.265018215070013996e+00
-1.264332648684133309e+00
-1.263644887845616127e+00
-1.262955465129755872e+00
-1.262263838555480522e+00
-1.261570542402572714e+00
-1.260875032893353787e+00
-1.260177846019716164e+00
-1.259478436199667151e+00
-1.258777341145065343e+00
-1.258074013462002316e+00
-1.257368992590109258e+00
-1.256661729315934339e+00
-1.255952764814860290e+00
-1.255241548046302169e+00
-1.254528621929288823e+00
-1.253813433588547133e+00
-1.253096527694965268e+00
-1.252377349530836348e+00
-1.251656445527203898e+00
-1.250933259116181473e+00
-1.250208338497335925e+00
-1.249481125245016422e+00
-1.248752169335750617e+00
-1.248020910478365941e+00
-1.247287900434931318e+00
-1.246552577041051935e+00
-1.245815493853085654e+00
-1.245076086825650519e+00
-1.244334911318172532e+00
-1.243591401396617169e+00
-1.242846114232370125e+00
-1.242098481994928338e+00
-1.241349063676757680e+00
-1.240597289543158954e+00
-1.239843720416781148e+00
-1.239087784650952040e+00
-1.238330044907828054e+00
-1.237569927620915777e+00
-1.236807997301348605e+00
-1.236043678455077899e+00
-1.235277537451631824e+00
-1.234508996861608310e+00
-1.233738624922694038e+00
-1.232965842262198519e+00
-1.232191218995798865e+00
-1.231414173799802780e+00
-1.230635278677601363e+00
-1.229853950346698532e+00
-1.229070762708446285e+00
-1.228285130513456114e+00
-1.227497629571250748e+00
-1.226707672657852966e+00
-1.225915837501170946e+00
-1.225121534894673125e+00
-1.224325344495178713e+00
-1.223526675105764960e+00
-1.222726108322654381e+00
-1.221923050950629586e+00
-1.221118086536126635e+00
-1.220310619877611691e+00
-1.219501236482572137e+00
-1.218689339135367922e+00
-1.217875515315419266e+00
-1.217059165784976305e+00
-1.216240880006659530e+00
-1.215420056712526842e+00
-1.214597287359678868e+00
-1.213771968642046062e+00
-1.212944694022615622e+00
-1.212114858149110130e+00
-1.211283056501948341e+00
-1.210448681674740623e+00
-1.209612331176940447e+00
-1.208773395539909368e+00
-1.207932474314005633e+00
-1.207088955960369914e+00
-1.206243442082231443e+00
-1.205395319062251946e+00
-1.204545190568674151e+00
-1.203692440897618399e+00
-1.202837675794616423e+00
-1.201980277461013769e+00
-1.201120853732014604e+00
-1.200258784706015991e+00
-1.199394680320420958e+00
-1.198527918562520167e+00
-1.197659111484502326e+00
-1.196787634954231239e+00
-1.195914103151602070e+00
-1.195037889816777721e+00
-1.194159611270223076e+00
-1.193278639115996853e+00
-1.192395591828375956e+00
-1.191509838866946502e+00
-1.190622000872876285e+00
-1.189731445152889977e+00
-1.188838794528414455e+00
-1.187943414144935872e+00
-1.187045929017601198e+00
-1.186145702122005430e+00
-1.185243360680778180e+00
-1.184338265491036601e+00
-1.183431045996660602e+00
-1.182521060807606439e+00
-1.181608941602972918e+00
-1.180694044796847919e+00
-1.179777004317552613e+00
-1.178857174374611905e+00
-1.177935191159713568e+00
-1.177010406668987486e+00
-1.176083459371808360e+00
-1.175153699042062572e+00
-1.174221766441206904e+00
-1.173287009111885215e+00
-1.172350070122297305e+00
-1.171410294774768435e+00
-1.170468328458907248e+00
-1.169523514227656547e+00
-1.168576499806839308e+00
-1.167626625990786371e+00
-1.166674542856532160e+00
-1.165719588930492323e+00
-1.164762416656010879e+00
-1.163802362282200242e+00
-1.162840080633870343e+00
-1.161874905673413227e+00
-1.160907494622485991e+00
-1.159937179147096487e+00
-1.158964618881169750e+00
-1.157989143184735781e+00
-1.157011414119606618e+00
-1.156030758729935215e+00
-1.155047841521118723e+00
-1.154061987211648654e+00
-1.153073862766219815e+00
-1.152082790567681814e+00
-1.151089440055985458e+00
-1.150093131268132396e+00
-1.149094536135432998e+00
-1.148092972338797146e+00
-1.147089114317012770e+00
-1.146082277384574688e+00
-1.145073138503927890e+00
-1.144061010612682727e+00
-1.143046573213358563e+00
-1.142029136855982063e+00
-1.141009383599639548e+00
-1.139986621596036587e+00
-1.138961535477370335e+00
-1.137933430986075800e+00
-1.136902995344230227e+00
-1.135869531873841654e+00
-1.134833730403697061e+00
-1.133794891824233098e+00
-1.132753708587736385e+00
-1.131709479141679964e+00
-1.130662898578921993e+00
-1.129613262892420922e+00
-1.128561269832687453e+00
-1.127506212926372875e+00
-1.126448792598999660e+00
-1.125388299899035660e+00
-1.124325437944086348e+00
-1.123259495292504795e+00
-1.122191177771486581e+00
-1.121119771436975388e+00
-1.120045984843159426e+00
-1.118969101531176236e+00
-1.117889832799855654e+00
-1.116807459662880531e+00
-1.115722696181476792e+00
-1.114634820828973361e+00
-1.113544550446751824e+00
-1.112451160954883278e+00
-1.111355371992751140e+00
-1.110256456913906398e+00
-1.109155138173735233e+00
-1.108050686545927421e+00
-1.106943827319843976e+00
-1.105833828675675701e+00
-1.104721418754955664e+00
-1.103605863130532327e+00
-1.102487892814362214e+00
-1.101366770757860492e+00
-1.100243230861761790e+00
-1.099116533441776733e+00
-1.097987415305831327e+00
-1.096855134119455455e+00
-1.095720429616234393e+00
-1.094582556796793504e+00
-1.093442258339006434e+00
-1.092298786563584256e+00
-1.091152887111385583e+00
-1.090003809608065533e+00
-1.088852302676229122e+00
-1.087697613230955263e+00
-1.086540492895505139e+00
-1.085380185858736635e+00
-1.084217446763480197e+00
-1.083051517056412338e+00
-1.081883154419093662e+00
-1.080711597539702140e+00
-1.079537607157682322e+00
-1.078360419186354058e+00
-1.077180797442273352e+00
-1.075997975047136901e+00
-1.074812718913910059e+00
-1.073624259355733912e+00
-1.072433366401474908e+00
-1.071239267538413698e+00
-1.070042735930866629e+00
-1.068842996222682196e+00
-1.067640824733298244e+00
-1.066435443245365766e+00
-1.065227631253144347e+00
-1.064016607660044356e+00
-1.062803155154971479e+00
-1.061586489743635564e+00
-1.060367397329652572e+00
-1.059145091002365646e+00
-1.057920359900110130e+00
-1.056692414177001549e+00
-1.055462046226204542e+00
-1.054228463247363079e+00
-1.052992460908769301e+00
-1.051753243436038376e+00
-1.050511609793075563e+00
-1.049266761211537169e+00
-1.048019499971451385e+00
-1.046769024290465255e+00
-1.045516139785324539e+00
-1.044260041639250680e+00
-1.043001538826396901e+00
-1.041739823474784110e+00
-1.040475707937030370e+00
-1.039208381264879133e+00
-1.037938659210222436e+00
-1.036665727727212438e+00
-1.035390405988321438e+00
-1.034111876828351706e+00
-1.032830962861585489e+00
-1.031546843781489864e+00
-1.030260345665598765e+00
-1.028970645043733034e+00
-1.027678571478195080e+00
-1.026383298312520509e+00
-1.025085658615556117e+00
-1.023784822521500937e+00
-1.022481626627632867e+00
-1.021175237835504124e+00
-1.019866496292856306e+00
-1.018554565644999466e+00
-1.017240289612258763e+00
-1.015922828559713720e+00
-1.014603029802664924e+00
-1.013280050401640597e+00
-1.011954741289436521e+00
-1.010626256197396877e+00
-1.009295449698444092e+00
-1.007961472169784045e+00
-1.006625181847394357e+00
-1.005285725728926716e+00
-1.003943965736435295e+00
-1.002599045462424288e+00
-1.001251830538295806e+00
-9.999014611252455831e-01
-9.985488065875359753e-01
-9.971930036287177668e-01
-9.958349253694795955e-01
-9.944737050289967906e-01
-9.931102195082223139e-01
-9.917435985149207767e-01
-9.903747227543460152e-01
-9.890027183953932211e-01
-9.876284699718829163e-01
-9.862511000859245369e-01
-9.848714971245482452e-01
-9.834887800949148051e-01
-9.821038412619289559e-01
-9.807157960092218740e-01
-9.793255405045417916e-01
-9.779321864791202801e-01
-9.765366340287872093e-01
-9.751379912029968233e-01
-9.737371620511816595e-01
-9.723332509113090660e-01
-9.709271658121396698e-01
-9.695180073501392659e-01
-9.681066875592985177e-01
-9.666923032642470437e-01
-9.652757705304700897e-01
-9.638561823797855421e-01
-9.624344589358093671e-01
-9.610096893864173984e-01
-9.595827979400757268e-01
-9.581528699190493548e-01
-9.567208336439135818e-01
-9.552857705392638898e-01
-9.538486130651457895e-01
-9.524084387162240484e-01
-9.509661841196297427e-01
-9.495209228072819529e-01
-9.480735956014862964e-01
-9.466232720381290155e-01
-9.451708971631755940e-01
-9.437155364828618831e-01
-9.422581392953884860e-01
-9.407977670433520512e-01
-9.393353733062759225e-01
-9.378700154286215840e-01
-9.364026513006007413e-01
-9.349323341337621995e-01
-9.334600261586695202e-01
-9.319847764186461880e-01
-9.305075515147750442e-01
-9.290273962863642154e-01
-9.275452817355394064e-01
-9.260602484614461893e-01
-9.245732718980816944e-01
-9.230833883678228879e-01
-9.215915777677573528e-01
-9.200968721065346800e-01
-9.186002557759685994e-01
-9.171007564334171525e-01
-9.155993629975487380e-01
-9.140950987365001890e-01
-9.125889571282108648e-01
-9.110799570131953296e-01
-9.095690964615564811e-01
-9.080553898474477137e-01
-9.065398398663769841e-01
-9.050214563867422513e-01
-9.035012467633810607e-01
-9.019782163190182001e-01
-9.004533771020656330e-01
-8.989257298494121029e-01
-8.973962913376170025e-01
-8.958640576769408836e-01
-8.943300504073862234e-01
-8.927932609712462275e-01
-8.912547157076468052e-01
-8.897134013491811988e-01
-8.881703490701812198e-01
-8.866245408513178106e-01
-8.850770127387780351e-01
-8.835267419185803828e-01
-8.819747693459024651e-01
-8.804200673687204715e-01
-8.788636818891099045e-01
-8.773045803730666892e-01
-8.757438137077055984e-01
-8.741803444328472006e-01
-8.726152284593593489e-01
-8.710474233559816204e-01
-8.694779900967591901e-01
-8.679058812337439033e-01
-8.663321628441683631e-01
-8.647557824175043928e-01
-8.631778111744934368e-01
-8.615971914954226873e-01
-8.600149997857879924e-01
-8.584301732694974429e-01
-8.568437935784540826e-01
-8.552547927324855026e-01
-8.536642576322009957e-01
-8.520711150449912230e-01
-8.504764571831824327e-01
-8.488792055126914704e-01
-8.472804576012702427e-01
-8.456791295637986483e-01
-8.440763243675604155e-01
-8.424709527263014586e-01
-8.408641230518699716e-01
-8.392547406059012172e-01
-8.376439192904147069e-01
-8.360305588635555951e-01
-8.344157787637568324e-01
-8.327984731935841323e-01
-8.311797671749000527e-01
-8.295585493017761936e-01
-8.279359502273376803e-01
-8.263108528837237454e-01
-8.246843936036887257e-01
-8.230554496032495004e-01
-8.214251629441400304e-01
-8.197924050712400712e-01
-8.181583238253156143e-01
-8.165217848245197585e-01
-8.148839417393658469e-01
-8.132436543049261779e-01
-8.116020820730722729e-01
-8.099580788387524821e-01
-8.083128100874694688e-01
-8.066651236161874738e-01
-8.050161908973872960e-01
-8.033648536712965083e-01
-8.017122894514167042e-01
-8.000573338618883756e-01
-7.984011705121000224e-01
-7.967426288498330456e-01
-7.950828986362664663e-01
-7.934208030816500834e-01
-7.917575381557104830e-01
-7.900919207692489454e-01
-7.884251531580876993e-01
-7.867560458708784399e-01
-7.850858074680329146e-01
-7.834132420724080337e-01
-7.817395646285556499e-01
-7.800635727689241294e-01
-7.783864878827286837e-01
-7.767071010465091963e-01
-7.750266401555617746e-01
-7.733438896641597893e-01
-7.716600840361831359e-01
-7.699740010362992049e-01
-7.682868817603772937e-01
-7.665974972151944344e-01
-7.649070951931328244e-01
-7.632144398738148761e-01
-7.615207858117657436e-01
-7.598248902890306633e-01
-7.581280146890532201e-01
-7.564289093249108031e-01
-7.547288424767676362e-01
-7.530265574163962361e-01
-7.513233293895642539e-01
-7.496178945532040450e-01
-7.479115351888535601e-01
-7.462029802639948972e-01
-7.444935191672361618e-01
-7.427818736008847678e-01
-7.410693401330539221e-01
-7.393546331239815306e-01
-7.376390563951162882e-01
-7.359213168865983423e-01
-7.342027257480677749e-01
-7.324819824203279151e-01
-7.307604054575158603e-01
-7.290366867205255730e-01
-7.273121522456956756e-01
-7.255854862322058674e-01
-7.238580222774478878e-01
-7.221284368359545125e-01
-7.203980711463291442e-01
-7.186655938341113270e-01
-7.169323538609638780e-01
-7.151970119375518076e-01
-7.134609248316705621e-01
-7.117227452521465159e-01
-7.099838378574434561e-01
-7.082428472659657581e-01
-7.065011461129794279e-01
-7.047573708365018064e-01
-7.030129021360930208e-01
-7.012663681780272329e-01
-6.995191578153447942e-01
-6.977698908495011398e-01
-6.960199643777801315e-01
-6.942679897423982283e-01
-6.925153723771451109e-01
-6.907607150688634956e-01
-6.890054316819947955e-01
-6.872481163502266455e-01
-6.854901914642846927e-01
-6.837302424054245709e-01
-6.819697001881065423e-01
-6.802071413399798372e-01
-6.784440055985120344e-01
-6.766788605349328689e-01
-6.749131547106861362e-01
-6.731454466359860778e-01
-6.713771937992746297e-01
-6.696069455431453710e-01
-6.678361683877893640e-01
-6.660634024000121611e-01
-6.642901232384482713e-01
-6.625148615837626043e-01
-6.607391023418990317e-01
-6.589613666950556725e-01
-6.571831489072466059e-01
-6.554029605480404808e-01
-6.536223053523908533e-01
-6.518396851607244358e-01
-6.500566132941323350e-01
-6.482715817454177687e-01
-6.464861135389448066e-01
-6.446986906992505650e-01
-6.429108460734261898e-01
-6.411210515948498889e-01
-6.393308500551472262e-01
-6.375387031712208552e-01
-6.357461638034694884e-01
-6.339516833248188821e-01
-6.321568247907474181e-01
-6.303600291003017553e-01
-6.285628696332977716e-01
-6.267637766821835266e-01
-6.249643340826875892e-01
-6.231629613857124772e-01
-6.213612530170748993e-01
-6.195576176484344222e-01
-6.177536604326044900e-01
-6.159477790216030257e-01
-6.141415894349052662e-01
-6.123334781617827405e-01
-6.105250722307251632e-01
-6.087147468223114144e-01
-6.069041401194417151e-01
-6.050916158450845295e-01
-6.032788234848283082e-01
-6.014641151521628037e-01
-5.996491517866815446e-01
-5.978322737374900386e-01
-5.960151535526341249e-01
-5.941961196586890148e-01
-5.923768563698810219e-01
-5.905556800288377373e-01
-5.887342868770135684e-01
-5.869109810082296930e-01
-5.850874707556213972e-01
-5.832620477961282246e-01
-5.814364327222845130e-01
-5.796089046224893737e-01
-5.777811965201474775e-01
-5.759515747397128127e-01
-5.741217849106932114e-01
-5.722900804143761233e-01
-5.704582196653237292e-01
-5.686244429187554683e-01
-5.667905215570595567e-01
-5.649546825224345259e-01
-5.631187103520144399e-01
-5.612808184838812275e-01
-5.594428048008174281e-01
-5.576028690416469091e-01
-5.557628226300124208e-01
-5.539208514058480137e-01
-5.520787805332406650e-01
-5.502347817492233562e-01
-5.483906941624393516e-01
-5.465446751983179530e-01
-5.446985781187472231e-01
-5.428505458241845716e-01
-5.410024459433340205e-01
-5.391524066333241993e-01
-5.373023101080985908e-01
-5.354502695581441207e-01
-5.335981820061218572e-01
-5.317441454473695872e-01
-5.298900719419615823e-01
-5.280340440562190096e-01
-5.261779891217166494e-01
-5.243199740362963768e-01
-5.224619416428438745e-01
-5.206019429254045150e-01
-5.187419364836919344e-01
-5.168799571369534496e-01
-5.150179794929488075e-01
-5.131540219490539068e-01
-5.112900753785533103e-01
-5.094241414934660428e-01
-5.075582276964327733e-01
-5.056903187442072234e-01
-5.038224388389694886e-01
-5.019525555055882604e-01
-5.000827100229385813e-01
-4.982108524003243111e-01
-4.963390412772742399e-01
-4.944652088567989545e-01
-4.925914314302915487e-01
-4.907156230962418375e-01
-4.888398780965665380e-01
-4.869620921194042773e-01
-4.850843776634454763e-01
-4.832046116926357882e-01
-4.813249252768146969e-01
-4.794431763336718944e-01
-4.775615148267451926e-01
-4.756777792969242857e-01
-4.737941389323321872e-01
-4.719084125578657529e-01
-4.700227889261532899e-01
-4.681350667974490398e-01
-4.662474548379914041e-01
-4.643577313854262978e-01
-4.624681253781004475e-01
-4.605763943632401047e-01
-4.586847879196390143e-01
-4.567910424262500713e-01
-4.548974284806986401e-01
-4.530016609051770171e-01
-4.511060317052666413e-01
-4.492082337469401887e-01
-4.473105808437103370e-01
-4.454107434945461241e-01
-4.435110577323341241e-01
-4.416091712663417490e-01
-4.397074427720246148e-01
-4.378034967341670747e-01
-4.358997149062200371e-01
-4.339936981008558625e-01
-4.320878515977233936e-01
-4.301797520765754945e-01
-4.282718288046442057e-01
-4.263616338541774131e-01
-4.244516209552217090e-01
-4.225393170836215240e-01
-4.206272009217500996e-01
-4.187127738451437708e-01
-4.167985399929611257e-01
-4.148819746211947490e-01
-4.129656078456289681e-01
-4.110468882672347890e-01
-4.091283725145665739e-01
-4.072074819812085966e-01
-4.052868003613788184e-01
-4.033637212715058817e-01
-4.014408560418790683e-01
-3.995155699235532487e-01
-3.975905024717547032e-01
-3.956629899648481108e-01
-3.937357007908612316e-01
-3.918059416283285468e-01
-3.898764103257187363e-01
-3.879443833139266662e-01
-3.860125885503757903e-01
-3.840782715484755694e-01
-3.821441910450031343e-01
-3.802075609435030534e-01
-3.782711714530382352e-01
-3.763322041510744898e-01
-3.743934814357451901e-01
-3.724521518174245260e-01
-3.705110706248933572e-01
-3.685673525343990398e-01
-3.666238865728267404e-01
-3.646777527881401859e-01
-3.627318747002078458e-01
-3.607832969057045425e-01
-3.588349782409442912e-01
-3.568839269985065732e-01
-3.549331381843843225e-01
-3.529795829030241694e-01
-3.510262932146723802e-01
-3.490702021184544090e-01
-3.471143796465964715e-01
-3.451557197410396460e-01
-3.431973313582938889e-01
-3.412360683949818840e-01
-3.392750797203946123e-01
-3.373111781594630987e-01
-3.353475535211798975e-01
-3.333809764920075414e-01
-3.314146788878009620e-01
-3.294453881474003754e-01
-3.274763792030769283e-01
-3.255043350922077749e-01
-3.235325750176596404e-01
-3.215577364145265626e-01
-3.195831839574513333e-01
-3.176055082286047271e-01
-3.156281206254080707e-01
-3.136475635739300327e-01
-3.116672964978558502e-01
-3.096838123086342875e-01
-3.077006198149324634e-01
-3.057141609963785478e-01
-3.037279954641815549e-01
-3.017385127867832639e-01
-2.997493248575491820e-01
-2.977567672884909866e-01
-2.957645058005060612e-01
-2.937688204344437448e-01
-2.917734323536643748e-01
-2.897745643390450265e-01
-2.877759946852985196e-01
-2.857738871459759578e-01
-2.837720789147584188e-01
-2.817666728668369314e-01
-2.797615669458896059e-01
-2.777528012089772180e-01
-2.757443362894944072e-01
-2.737321473920751869e-01
-2.717202598742259889e-01
-2.697045819528379740e-01
-2.676892058447755129e-01
-2.656699705361387220e-01
-2.636510373461387058e-01
-2.616281736720776907e-01
-2.596056122934292110e-01
-2.575790465374522831e-01
-2.555527831249133075e-01
-2.535224387002661950e-01
-2.514923965380319593e-01
-2.494581938458859671e-01
-2.474242932059142475e-01
-2.453861494831278689e-01
-2.433483074727808282e-01
-2.413061366285169929e-01
-2.392642670269846117e-01
-2.372179794664344699e-01
-2.351719925484725415e-01
-2.331214949829529259e-01
-2.310712973290883765e-01
-2.290164925711433153e-01
-2.269619868624593861e-01
-2.249027736043520409e-01
-2.228438584009384271e-01
-2.207801309745533735e-01
-2.187167004755540822e-01
-2.166483485924204921e-01
-2.145802923757502423e-01
-2.125072008444019445e-01
-2.104344035841688165e-01
-2.083564520027674227e-01
-2.062787931616352766e-01
-2.041958555828870259e-01
-2.021132090770983714e-01
-2.000251536423472698e-01
-1.979373874756053253e-01
-1.958440760144899428e-01
-1.937510518775406032e-01
-1.916523394691326543e-01
-1.895539123007073390e-01
-1.874496467912545594e-01
-1.853456642958578315e-01
-1.832356857677236994e-01
-1.811259878842625126e-01
-1.790101280697972697e-01
-1.768945463854989797e-01
-1.747726280184749570e-01
-1.726509851199289070e-01
-1.705228212158793333e-01
-1.683949299694515178e-01
-1.662603230251478159e-01
-1.641259857761374064e-01
-1.619847268763155712e-01
-1.598437345554952205e-01
-1.576956023731097556e-01
-1.555477334968865255e-01
-1.533924931704702121e-01
-1.512375127178621770e-01
-1.490749145866858971e-01
-1.469125727343374155e-01
-1.447423509077479797e-01
-1.425723815989888010e-01
-1.403942523322745661e-01
-1.382163716526606800e-01
-1.360300314952370693e-01
-1.338439358204279173e-01
-1.316490594950160686e-01
-1.294544233696144631e-01
-1.272506613321253144e-01
-1.250471350290471295e-01
-1.228341106457928877e-01
-1.206213173431576330e-01
-1.183986236083597876e-01
-1.161761561064657000e-01
-1.139433518014147939e-01
-1.117107686813497008e-01
-1.094673738520907658e-01
-1.072241949527556748e-01
-1.049696855471951296e-01
-1.027153866016270040e-01
-1.004491880616731198e-01
-9.818319428845517782e-02
-9.590467382909523275e-02
-9.362635221049235568e-02
-9.133480943144585418e-02
-8.904345932396215413e-02
-8.673811467746174453e-02
-8.443295627829858208e-02
-8.211293674396012710e-02
-7.979309676438291199e-02
-7.745741783002996206e-02
-7.512191147450263118e-02
-7.276945415050643795e-02
-7.041716212875433201e-02
-6.804664315610491065e-02
-6.567628188866959926e-02
-6.328621441997994701e-02
-6.089629671600474414e-02
-5.848493732737962414e-02
-5.607371939251975385e-02
-5.363899491980720496e-02
-5.120440318731211277e-02
-4.874380676887695579e-02
-4.628333393575859850e-02
-4.379377215191940231e-02
-4.130432430954333878e-02
-3.878188282062414172e-02
-3.625954508041825258e-02
-3.369911007703015743e-02
-3.113876800328991418e-02
-2.853337240201283750e-02
-2.592805818091332981e-02
-2.326764674825237966e-02
-2.060730426877889834e-02
-1.787608761818067216e-02
-1.514492639231317800e-02
-1.231450171268065608e-02
-9.484117444354938503e-03
-6.488245453885902944e-03
-3.492396552980283134e-03
-4.469743136028898346e-17
