1.140730103937272306e-15
-2.402499681025369593e+00
-4.686824192531781286e+00
-6.754752377868840085e+00
-8.540995479798718648e+00
-1.001623812486694831e+01
-1.118199143416031305e+01
-1.206137953088716230e+01
-1.268964085239639417e+01
-1.310650256421952875e+01
-1.335105127478701270e+01
-1.345882421738432022e+01
-1.346052085788463870e+01
-1.338174335808269078e+01
-1.324330844776734573e+01
-1.306182456709324313e+01
-1.285034852508130321e+01
-1.261902164475818644e+01
-1.237563735280395427e+01
-1.212612458213918565e+01
-1.187494642286587521e+01
-1.162542288646371347e+01
-1.137998786175673693e+01
-1.114039240802441455e+01
-1.090786371485405404e+01
-1.068322960326542770e+01
-1.046701489552423148e+01
-1.025951676514450028e+01
-1.006086277090394709e+01
-9.871056650166995183e+00
-9.690013658112293982e+00
-9.517588881530652856e+00
-9.353598391658069389e+00
-9.197834988287963753e+00
-9.050077119325221631e+00
-8.910092759975286825e+00
-8.777637845337025624e+00
-8.652452766252112681e+00
-8.534257641652240878e+00
-8.422750084068907128e+00
-8.317605019875374595e+00
-8.218478607002426273e+00
-8.125013900855947213e+00
-8.036849063317555775e+00
-7.953625036565632911e+00
-7.874993592298671352e+00
-7.800623052400399438e+00
-7.730203348719870249e+00
-7.663448279933922969e+00
-7.600097250810910587e+00
-7.539914603864470877e+00
-7.482689096677239249e+00
-7.428231580573962489e+00
-7.376373476657940742e+00
-7.326963911409738905e+00
-7.279868084206546186e+00
-7.234964521597810894e+00
-7.192143785763338570e+00
-7.151306119756483781e+00
-7.112360632245983361e+00
-7.075223370399715606e+00
-7.039816951690764490e+00
-7.006068995271146349e+00
-6.973912111083659937e+00
-6.943282592846495405e+00
-6.914120669302055155e+00
-6.886369370611705953e+00
-6.859974963247142732e+00
-6.834885921989303448e+00
-6.811053491250142145e+00
-6.788430715289193174e+00
-6.766973087335171222e+00
-6.746637606926609187e+00
-6.727383492103530926e+00
-6.709171244385015775e+00
-6.691963408821702153e+00
-6.675723634822869457e+00
-6.660417475010196320e+00
-6.646011434961800468e+00
-6.632473805605918038e+00
-6.619773697894029141e+00
-6.607881905734481975e+00
-6.596769923330064955e+00
-6.586410836955777448e+00
-6.576778323673813098e+00
-6.567847570985927419e+00
-6.559594256174563043e+00
-6.551995493251980385e+00
-6.545028792459043565e+00
-6.538673034136453843e+00
-6.532907408055775633e+00
-6.527712413938384195e+00
-6.523068780363064256e+00
-6.518958491705689973e+00
-6.515363686399493481e+00
-6.512267710090932304e+00
-6.509653993044308251e+00
-6.507507129319506589e+00
-6.505811733120970608e+00
-6.504553543811328886e+00
-6.503718261010941859e+00
-6.503292675268054879e+00
-6.503263481722849626e+00
-6.503618436262878610e+00
-6.504345147573323160e+00
-6.505432258615848617e+00
-6.506868216896407375e+00
-6.508642481115243683e+00
-6.510744269494303182e+00
-6.513163791456842766e+00
-6.515890973866693692e+00
-6.518916717607091904e+00
-6.522231601595123607e+00
-6.525827164140109105e+00
-6.529694584607032226e+00
-6.533825989445467108e+00
-6.538213111385800858e+00
-6.542848620040375707e+00
-6.547724758525641953e+00
-6.552834698546472936e+00
-6.558171154346950971e+00
-6.563727762197529181e+00
-6.569497671585365239e+00
-6.575474949032331651e+00
-6.581653146443751545e+00
-6.588026729192886677e+00
-6.594589621553518910e+00
-6.601336658993690598e+00
-6.608262110624329111e+00
-6.615361155651025449e+00
-6.622628382776666101e+00
-6.630059290765844437e+00
-6.637648764744854546e+00
-6.645392600838494701e+00
-6.653285959315298648e+00
-6.661324913261448266e+00
-6.669504878523028424e+00
-6.677822186386457304e+00
-6.686272490273624136e+00
-6.694852362400915524e+00
-6.703557677187210295e+00
-6.712385231867913582e+00
-6.721331106577513204e+00
-6.730392308898358600e+00
-6.739565110583105145e+00
-6.748846716020137748e+00
-6.758233575563627582e+00
-6.767723077900258843e+00
-6.777311839956960071e+00
-6.786997423155690434e+00
-6.796776599870712587e+00
-6.806647093560690642e+00
-6.816605821748917826e+00
-6.826650660023739547e+00
-6.836778661516983213e+00
-6.846987844765420661e+00
-6.857275389663644027e+00
-6.867639449181081268e+00
-6.878077321767348096e+00
-6.888587286919970687e+00
-6.899166754021222481e+00
-6.909814121753998784e+00
-6.920526903349684567e+00
-6.931303609850009373e+00
-6.942141851747184234e+00
-6.953040246091034327e+00
-6.963996494502580958e+00
-6.975009314126671356e+00
-6.986076492001550342e+00
-6.997196839858009554e+00
-7.008368224827627557e+00
-7.019589548090556796e+00
-7.030858751905787685e+00
-7.042174822110209398e+00
-7.053535771454942704e+00
-7.064940665958896027e+00
-7.076387584535702047e+00
-7.087875669205538465e+00
-7.099403060997673265e+00
-7.110968974025069222e+00
-7.122571607647351755e+00
-7.134210244413763391e+00
-7.145883138471840645e+00
-7.157589637384075054e+00
-7.169328046768137952e+00
-7.181097775993643850e+00
-7.192897179039421829e+00
-7.204725724076904037e+00
-7.216581810530802166e+00
-7.228464962556147455e+00
-7.240373622288330147e+00
-7.252307367221083823e+00
-7.264264679632590926e+00
-7.276245187872201647e+00
-7.288247411948801435e+00
-7.300271028734254486e+00
-7.312314593701012555e+00
-7.324377830050604388e+00
-7.336459326586899365e+00
-7.348558850778632134e+00
-7.360675022754911367e+00
-7.372807652310829241e+00
-7.384955389012024085e+00
-7.397118083152510515e+00
-7.409294411955449355e+00
-7.421484264492484328e+00
-7.433686343967409904e+00
-7.445900576607272114e+00
-7.458125690015426024e+00
-7.470361646044533899e+00
-7.482607195205852157e+00
-7.494862333534453747e+00
-7.507125833041613738e+00
-7.519397722582598753e+00
-7.531676794339081660e+00
-7.543963108700220133e+00
-7.556255476761875478e+00
-7.568553989231851631e+00
-7.580857474932655826e+00
-7.593166053742188559e+00
-7.605478571086552009e+00
-7.617795174927627144e+00
-7.630114726232623212e+00
-7.642437400019883142e+00
-7.654762071791903821e+00
-7.667088942651230532e+00
-7.679416901683090657e+00
-7.691746175153524767e+00
-7.704075664828167191e+00
-7.716405621264383896e+00
-7.728734958052997150e+00
-7.741063949216366424e+00
-7.753391519359371209e+00
-7.765717965186216709e+00
-7.778042221546269452e+00
-7.790364607082731929e+00
-7.802684066159436327e+00
-7.815000938653761331e+00
-7.827314177750845481e+00
-7.839624143893345831e+00
-7.851929798429229557e+00
-7.864231521731650965e+00
-7.876528282685694826e+00
-7.888820480991967088e+00
-7.901107092478008020e+00
-7.913388535598861573e+00
-7.925663792559166865e+00
-7.937933300023857441e+00
-7.950196046036648312e+00
-7.962452484954860132e+00
-7.974701610149250719e+00
-7.986943893177230080e+00
-7.999178332249321066e+00
-8.011405415654502704e+00
-8.023624145979095346e+00
-8.035835027797949337e+00
-8.048037067630950503e+00
-8.060230785914612284e+00
-8.072415192680944429e+00
-8.084590823824093775e+00
-8.096756692486554385e+00
-8.108913349635173518e+00
-8.121059811139829776e+00
-8.133196642673530263e+00
-8.145322862467882175e+00
-8.157439050552595106e+00
-8.169544227172293560e+00
-8.181638986380152190e+00
-8.193722350100813401e+00
-8.205794926093258113e+00
-8.217855737644111258e+00
-8.229905405915120653e+00
-8.241942955251126079e+00
-8.253969019927533068e+00
-8.265982625056965460e+00
-8.277984417752591639e+00
-8.289973423617468029e+00
-8.301950302338982013e+00
-8.313914079745162056e+00
-8.325865427846334654e+00
-8.337803372441541683e+00
-8.349728597623810700e+00
-8.361640128920411641e+00
-8.373538662277599798e+00
-8.385423222718380032e+00
-8.397294517823008064e+00
-8.409151571887662158e+00
-8.420995103917098490e+00
-8.432824137267379783e+00
-8.444639402167561926e+00
-8.456439920829483370e+00
-8.468226434514864565e+00
-8.479997964095641549e+00
-8.491755261683158196e+00
-8.503497346621752939e+00
-8.515224981697244289e+00
-8.526937184546516946e+00
-8.538634728462300316e+00
-8.550316629201494933e+00
-8.561983670403462199e+00
-8.573634865779446557e+00
-8.585271009162017464e+00
-8.596891112057971185e+00
-8.608495978346203614e+00
-8.620084617176464903e+00
-8.631657842333421371e+00
-8.643214660463337751e+00
-8.654755895121999387e+00
-8.666280550311395103e+00
-8.677789459229614977e+00
-8.689281623099191165e+00
-8.700757884637027928e+00
-8.712217242156166108e+00
-8.723660547774148455e+00
-8.735086796769643058e+00
-8.746496850547442747e+00
-8.757889701231656332e+00
-8.769266219405839280e+00
-8.780625393923896738e+00
-8.791968104444229937e+00
-8.803293336439296013e+00
-8.814601978542555116e+00
-8.825893012738012189e+00
-8.837167336538634288e+00
-8.848423928336886846e+00
-8.859663694433757897e+00
-8.870885609530835936e+00
-8.882090588629298011e+00
-8.893277602644193536e+00
-8.904447575192778075e+00
-8.915599473311484502e+00
-8.926734229152854638e+00
-8.937850805785759079e+00
-8.948950143820859182e+00
-8.960031202273791351e+00
-8.971094930138962198e+00
-8.982140282296249723e+00
-8.993168216052774611e+00
-9.004177682072826983e+00
-9.015169645908036600e+00
-9.026143053930248072e+00
-9.037098879870036683e+00
-9.048036065732663502e+00
-9.058955593364993675e+00
-9.069856400333810242e+00
-9.080739476542143862e+00
-9.091603755049135316e+00
-9.102450233756270492e+00
-9.113277841148052616e+00
-9.124087583069048435e+00
-9.134878383364602783e+00
-9.145651255769248422e+00
-9.156405119426526795e+00
-9.167140995910159518e+00
-9.177857799601447653e+00
-9.188556559864498041e+00
-9.199236186259843961e+00
-9.209897715895122516e+00
-9.220540053453571971e+00
-9.231164243741549313e+00
-9.241769186510211398e+00
-9.252355934221553113e+00
-9.262923381641604337e+00
-9.273472588846804143e+00
-9.284002445566743589e+00
-9.294514019452753573e+00
-9.305006195148186166e+00
-9.315480047841372624e+00
-9.325934457041213932e+00
-9.336370505436793366e+00
-9.346787067355796452e+00
-9.357185232953248999e+00
-9.367563871330284897e+00
-9.377924080074524937e+00
-9.388264723016627400e+00
-9.398586905144965087e+00
-9.408889484976882045e+00
-9.419173574870994159e+00
-9.429438027990100224e+00
-9.439683964033569907e+00
-9.449910230769418718e+00
-9.460117955209980778e+00
-9.470305979689348064e+00
-9.480475438505925112e+00
-9.490625168521990673e+00
-9.500756311296395751e+00
-9.510867698182735808e+00
-9.520960477975835445e+00
-9.531033476484664035e+00
-9.541087849716502589e+00
-9.551122417900954176e+00
-9.561138344235486031e+00
-9.571134443336163145e+00
-9.581111885569260522e+00
-9.591069479904451356e+00
-9.601008403856292617e+00
-9.610927460715911863e+00
-9.620827835126666727e+00
-9.630708324669846832e+00
-9.640570121099051093e+00
-9.650412016255131675e+00
-9.660235208984282451e+00
-9.670038485357192570e+00
-9.679823051295702641e+00
-9.689587687071410826e+00
-9.699333605665673375e+00
-9.709059581522788918e+00
-9.718766834668432608e+00
-9.728454133691821326e+00
-9.738122705648404320e+00
-9.747771313245616298e+00
-9.757401190554789494e+00
-9.767011094375202873e+00
-9.776602265781018986e+00
-9.786173455637660723e+00
-9.795725912009730862e+00
-9.805258379803779789e+00
-9.814772114063032404e+00
-9.824265853710636875e+00
-9.833740860757290037e+00
-9.843195868118757019e+00
-9.852632144762827338e+00
-9.862048417574321491e+00
-9.871445962468170521e+00
-9.880823500275385030e+00
-9.890182313848697504e+00
-9.899521117942855497e+00
-9.908841202339543131e+00
-9.918141275695273151e+00
-9.927422634712442573e+00
-9.936683981927778575e+00
-9.945926620956756281e+00
-9.955149248195123590e+00
-9.964353174164132909e+00
-9.973537089097971986e+00
-9.982702310416982527e+00
-9.991847522173417318e+00
-1.000097404868038709e+01
-1.001008056778835886e+01
-1.001916841069748543e+01
-1.002823624903678557e+01
-1.003728542088812681e+01
-1.004631459164001228e+01
-1.005532510625100073e+01
-1.006431562385012235e+01
-1.007328749626827857e+01
-1.008223937635655076e+01
-1.009117262281395888e+01
-1.010008588219543135e+01
-1.010898052006449355e+01
-1.011785517666197443e+01
-1.012671122441253324e+01
-1.013554729722534375e+01
-1.014436477438326989e+01
-1.015316228344646632e+01
-1.016194121055343302e+01
-1.017070017689819039e+01
-1.017944057547266645e+01
-1.018816102108797139e+01
-1.019686291358753749e+01
-1.020554486138303574e+01
-1.021420827116781638e+01
-1.022285174493772786e+01
-1.023147669623483758e+01
-1.024008172062316291e+01
-1.024866823849251851e+01
-1.025723483895912302e+01
-1.026578294925997703e+01
-1.027431115204784362e+01
-1.028282088140656114e+01
-1.029131071351001303e+01
-1.029978208928884520e+01
-1.030823357842271371e+01
-1.031666662868929407e+01
-1.032507980325905628e+01
-1.033347455675717441e+01
-1.034184944582993815e+01
-1.035020593195087990e+01
-1.035854256522740080e+01
-1.036686081398238457e+01
-1.037515922176974925e+01
-1.038343926376298043e+01
-1.039169947694822227e+01
-1.039994134335108456e+01
-1.040816339337556684e+01
-1.041636711590121145e+01
-1.042455103473581168e+01
-1.043271664561481060e+01
-1.044086246573581356e+01
-1.044898999769238657e+01
-1.045709775205810566e+01
-1.046518723828713604e+01
-1.047325696031525766e+01
-1.048130843445993854e+01
-1.048934015800559649e+01
-1.049735365413579480e+01
-1.050534741347011902e+01
-1.051332296606138250e+01
-1.052127879585089687e+01
-1.052921643976405086e+01
-1.053713437505063233e+01
-1.054503414551200358e+01
-1.055291422169332805e+01
-1.056077615427557248e+01
-1.056861840708621969e+01
-1.057644253768976306e+01
-1.058424700318293432e+01
-1.059203336801780715e+01
-1.059980008254747652e+01
-1.060754871811587563e+01
-1.061527771831963740e+01
-1.062298866139881603e+01
-1.063067998418096849e+01
-1.063835327180688850e+01
-1.064600695432227617e+01
-1.065364262377352134e+01
-1.066125870341177695e+01
-1.066885679219384464e+01
-1.067643530656403072e+01
-1.068399585239453664e+01
-1.069153683931024901e+01
-1.069905988010408215e+01
-1.070656337756906851e+01
-1.071404895142429048e+01
-1.072151499761848292e+01
-1.072896314280236751e+01
-1.073639177606827388e+01
-1.074380253100413718e+01
-1.075119378983353258e+01
-1.075856719308760567e+01
-1.076592111610888303e+01
-1.077325720637766260e+01
-1.078057383234339639e+01
-1.078787264844150862e+01
-1.079515201621618203e+01
-1.080241359706441173e+01
-1.080965574561299647e+01
-1.081688013022679229e+01
-1.082408509860311163e+01
-1.083127232608128487e+01
-1.083844015341718681e+01
-1.084559026293116624e+01
-1.085272098842563970e+01
-1.085983401920881697e+01
-1.086692768211762505e+01
-1.087400367345505359e+01
-1.088106031308074506e+01
-1.088809930429940209e+01
-1.089511895998126612e+01
-1.090212099044010330e+01
-1.090910370154486309e+01
-1.091606881062561740e+01
-1.092301461653808481e+01
-1.092994284363602553e+01
-1.093685178375014644e+01
-1.094374316826531590e+01
-1.095061528197537903e+01
-1.095746986330400219e+01
-1.096430518999625114e+01
-1.097112300752238134e+01
-1.097792158656674566e+01
-1.098470267965405966e+01
-1.099146455039615589e+01
-1.099820895838021961e+01
-1.100493416013368275e+01
-1.101164192231423122e+01
-1.101833049435309952e+01
-1.102500164998663301e+01
-1.103165363153800449e+01
-1.103828821983062980e+01
-1.104490365006767227e+01
-1.105150171016799199e+01
-1.105808062820295490e+01
-1.106464219919540248e+01
-1.107118464407297154e+01
-1.107770976497105586e+01
-1.108421577566181604e+01
-1.109070448540189879e+01
-1.109717410079598032e+01
-1.110362643823087936e+01
-1.111005969713192876e+01
-1.111647570102498861e+01
-1.112287264214411486e+01
-1.112925235116324174e+01
-1.113561301311326268e+01
-1.114195646582529342e+01
-1.114828088711511000e+01
-1.115458812198028582e+01
-1.116087634100940740e+01
-1.116714739637582987e+01
-1.117339945142915703e+01
-1.117963436552778589e+01
-1.118585029477030623e+01
-1.119204910570980260e+01
-1.119822894718167561e+01
-1.120439169294338022e+01
-1.121053548455516591e+01
-1.121666220298841488e+01
-1.122276998251617641e+01
-1.122886071133362051e+01
-1.123493251641446200e+01
-1.124098729318749079e+01
-1.124702316131509328e+01
-1.125304202346961979e+01
-1.125904199198981814e+01
-1.126502497680182202e+01
-1.127098908290859924e+01
-1.127693622750000735e+01
-1.128286450823117448e+01
-1.128877584956605240e+01
-1.129466834179949508e+01
-1.130054391667982294e+01
-1.130640065712953124e+01
-1.131224050219167765e+01
-1.131806152740397486e+01
-1.132386567911489728e+01
-1.132965102546499203e+01
-1.133541952011858633e+01
-1.134116922380676051e+01
-1.134690209752053747e+01
-1.135261619456901627e+01
-1.135831348328057899e+01
-1.136399200952999955e+01
-1.136965374899382830e+01
-1.137529674010008662e+01
-1.138092296588433960e+01
-1.138653045731534696e+01
-1.139212120479888490e+01
-1.139769323183161376e+01
-1.140324853620070300e+01
-1.140878513391825955e+01
-1.141430503016385067e+01
-1.141980623345242307e+01
-1.142529075636732649e+01
-1.143075659991354520e+01
-1.143620578408954813e+01
-1.144163630237769169e+01
-1.144705018220293624e+01
-1.145244540951227918e+01
-1.145782401916869020e+01
-1.146318398957089535e+01
-1.146852736303162779e+01
-1.147385211038834107e+01
-1.147916028141518119e+01
-1.148444983937556785e+01
-1.148972284151676426e+01
-1.149497724351511430e+01
-1.150021511010289821e+01
-1.150543438935631890e+01
-1.151063715350471917e+01
-1.151582134301100702e+01
-1.152098903761351067e+01
-1.152613817014887587e+01
-1.153127082787646707e+01
-1.153638493599343029e+01
-1.154148258929243198e+01
-1.154656170531785264e+01
-1.155162438640792288e+01
-1.155666854244094033e+01
-1.156169628331306320e+01
-1.156670551122317114e+01
-1.157169834363776850e+01
-1.157667267506295872e+01
-1.158163063054804809e+01
-1.158657009689290618e+01
-1.159149320674231376e+01
-1.159639783917629963e+01
-1.160128613444785195e+01
-1.160615596390359450e+01
-1.161100947541739004e+01
-1.161584453258888061e+01
-1.162066329092568395e+01
-1.162546360626674868e+01
-1.163024764176634918e+01
-1.163501324548900939e+01
-1.163976258824859933e+01
-1.164449351032144442e+01
-1.164920819019418197e+01
-1.165390446034098915e+01
-1.165858450693442450e+01
-1.166324615463261516e+01
-1.166789159730720371e+01
-1.167251865178629799e+01
-1.167712951965412493e+01
-1.168172200989459419e+01
-1.168629833181781130e+01
-1.169085628654945452e+01
-1.169539809113907225e+01
-1.169992153883987562e+01
-1.170442885445435977e+01
-1.170891782334906495e+01
-1.171339067809316603e+01
-1.171784519615212261e+01
-1.172228361787549389e+01
-1.172670371281330759e+01
-1.173110772910940014e+01
-1.173549342838390785e+01
-1.173986306658872358e+01
-1.174421439739955630e+01
-1.174854968459051641e+01
-1.175286667387825190e+01
-1.175716763687304223e+01
-1.176145031131788699e+01
-1.176571697667339222e+01
-1.176996536269413873e+01
-1.177419775670531799e+01
-1.177841188045829668e+01
-1.178261002915724376e+01
-1.178678991653532826e+01
-1.179095384568999094e+01
-1.179509952232148606e+01
-1.179922925743499462e+01
-1.180334074868263450e+01
-1.180743631499207424e+01
-1.181151364595220343e+01
-1.181557506842770344e+01
-1.181961826392918091e+01
-1.182364556727305072e+01
-1.182765465187631726e+01
-1.183164786052202011e+01
-1.183562285851829188e+01
-1.183958199662964184e+01
-1.184352293203986584e+01
-1.184744802351005966e+01
-1.185135492008418012e+01
-1.185524598853496059e+01
-1.185911886975100060e+01
-1.186297593853177901e+01
-1.186681482759496475e+01
-1.187063791978206417e+01
-1.187444283962401848e+01
-1.187823197801974118e+01
-1.188200295129770367e+01
-1.188575815842959393e+01
-1.188949520752555955e+01
-1.189321650564560073e+01
-1.189691965266556828e+01
-1.190060706374937460e+01
-1.190427633052256695e+01
-1.190792987626867827e+01
-1.191156528434678918e+01
-1.191518498617580413e+01
-1.191878655683220600e+01
-1.192237243588614248e+01
-1.192594019011517403e+01
-1.192949226725672851e+01
-1.193302622577298600e+01
-1.193654452158466484e+01
-1.194004470482227021e+01
-1.194352923960586565e+01
-1.194699566771770627e+01
-1.195044646149341361e+01
-1.195387915435046899e+01
-1.195729622685638027e+01
-1.196069520404702402e+01
-1.196407857473827363e+01
-1.196744385556762325e+01
-1.197079354361571113e+01
-1.197412514710486242e+01
-1.197744117139707853e+01
-1.198073911628247146e+01
-1.198402149542116568e+01
-1.198728580015394130e+01
-1.199053455245577915e+01
-1.199376523520107263e+01
-1.199698037869649525e+01
-1.200017745733281949e+01
-1.200335900976527093e+01
-1.200652250188372427e+01
-1.200967048070916121e+01
-1.201280040361298518e+01
-1.201591482599899230e+01
-1.201901119670275264e+01
-1.202209207952806302e+01
-1.202515491475705112e+01
-1.202820227461090319e+01
-1.203123159080046989e+01
-1.203424544398183471e+01
-1.203724125727682015e+01
-1.204022161979382588e+01
-1.204318394604785425e+01
-1.204613083361720349e+01
-1.204905968839201336e+01
-1.205197311643823532e+01
-1.205486851500307566e+01
-1.205774849865794351e+01
-1.206061045598895376e+01
-1.206345701009080784e+01
-1.206628554087035532e+01
-1.206909867996350805e+01
-1.207189379857939926e+01
-1.207467353691349921e+01
-1.207743525745864055e+01
-1.208018160898789795e+01
-1.208290994525935957e+01
-1.208562292364201518e+01
-1.208831788914055672e+01
-1.209099750773822990e+01
-1.209365911566752239e+01
-1.209630538754452189e+01
-1.209893365081060956e+01
-1.210154658873322120e+01
-1.210414151994375587e+01
-1.210672113637971670e+01
-1.210928274784338399e+01
-1.211182905496109719e+01
-1.211435735868685803e+01
-1.211687036835483511e+01
-1.211936537605133246e+01
-1.212184509983734948e+01
-1.212430682291222439e+01
-1.212675327208277487e+01
-1.212918172164193464e+01
-1.213159490716156341e+01
-1.213399009400851725e+01
-1.213637002653903352e+01
-1.213873196117418196e+01
-1.214107865107405893e+01
-1.214340734369405617e+01
-1.214572080101762630e+01
-1.214801626151459324e+01
-1.215029649601136619e+01
-1.215255873397226161e+01
-1.215480575508630245e+01
-1.215703477979204727e+01
-1.215924859666113100e+01
-1.216144441708610024e+01
-1.216362503854101895e+01
-1.216578766335211270e+01
-1.216793509791596328e+01
-1.217006453547194056e+01
-1.217217879135935732e+01
-1.217427504971005980e+01
-1.217635613482638135e+01
-1.217841922171204061e+01
-1.218046714365266681e+01
-1.218249706650298947e+01
-1.218451183255249326e+01
-1.218650859848601442e+01
-1.218849021561743662e+01
-1.219045383144059969e+01
-1.219240230631459454e+01
-1.219433277852108510e+01
-1.219624811748511028e+01
-1.219814545225490932e+01
-1.220002766134241767e+01
-1.220189186454105013e+01
-1.220374094947069388e+01
-1.220557202664830143e+01
-1.220738799282304576e+01
-1.220918594921369404e+01
-1.221096880171987031e+01
-1.221273364224055413e+01
-1.221448338584719728e+01
-1.221621511509696134e+01
-1.221793175425469968e+01
-1.221963037651383921e+01
-1.222131391535417855e+01
-1.222297943458322500e+01
-1.222462987691755210e+01
-1.222626229675644005e+01
-1.222787964607506872e+01
-1.222947896984213934e+01
-1.223106322931344536e+01
-1.223262946000453688e+01
-1.223418063247396859e+01
-1.223571377276148020e+01
-1.223723186075056013e+01
-1.223873191298239327e+01
-1.224021691868780337e+01
-1.224168388488642378e+01
-1.224313581017887742e+01
-1.224456969204028667e+01
-1.224598853846368840e+01
-1.224738933735647528e+01
-1.224877510612670406e+01
-1.225014282309081537e+01
-1.225149551509483636e+01
-1.225283015084068161e+01
-1.225414976663532762e+01
-1.225545132154265282e+01
-1.225673786135366505e+01
-1.225800633547043894e+01
-1.225925979919127684e+01
-1.226049519223259665e+01
-1.226171557942327084e+01
-1.226291789077023608e+01
-1.226410520065635801e+01
-1.226527442935484835e+01
-1.226642866082625538e+01
-1.226756480558581153e+01
-1.226868595719553667e+01
-1.226978901638819153e+01
-1.227087708635108321e+01
-1.227194705801009711e+01
-1.227300204420179419e+01
-1.227403892602041502e+01
-1.227506082597598969e+01
-1.227606461530624493e+01
-1.227705342621890416e+01
-1.227802412007033439e+01
-1.227897983879021382e+01
-1.227991743382843204e+01
-1.228084005686127789e+01
-1.228174454940678828e+01
-1.228263407291254161e+01
-1.228350545893935930e+01
-1.228436187873085395e+01
-1.228520015386509634e+01
-1.228602346540668933e+01
-1.228682862492521899e+01
-1.228761882333132327e+01
-1.228839086216022025e+01
-1.228914794219396178e+01
-1.228988685490731392e+01
-1.229061081097890984e+01
-1.229131659179707903e+01
-1.229200741796258711e+01
-1.229268006075083264e+01
-1.229333775071041401e+01
-1.229397724897739153e+01
-1.229460179607389847e+01
-1.229520814296999376e+01
-1.229579954018738519e+01
-1.229637272850333218e+01
-1.229693096846499145e+01
-1.229747099062999993e+01
-1.229799606559726222e+01
-1.229850291367759851e+01
-1.229899481554798690e+01
-1.229946848124515135e+01
-1.229992720155070529e+01
-1.230036767619982285e+01
-1.230079320610542304e+01
-1.230120048067350602e+01
-1.230159281097506252e+01
-1.230196687605918804e+01
-1.230232599718193143e+01
-1.230266684300752189e+01
-1.230299274500412743e+01
-1.230330036142306582e+01
-1.230359303397182025e+01
-1.230386741046062760e+01
-1.230412684286359948e+01
-1.230436796852140802e+01
-1.230459414970255239e+01
-1.230480201324938072e+01
-1.230499493175245362e+01
-1.230516952152715682e+01
-1.230532916551382350e+01
-1.230547046947192769e+01
-1.230559682671977484e+01
-1.230570483243167601e+01
-1.230579789033203042e+01
-1.230587258498082370e+01
-1.230593233053678226e+01
-1.230597370091599529e+01
-1.230600012074017791e+01
-1.230600815325186126e+01
-1.230600123356432007e+01
-1.230597591421669179e+01
-1.230593564084257707e+01
-1.230587695524777736e+01
-1.230580331361520940e+01
-1.230571124698706242e+01
-1.230560422212468019e+01
-1.230547875927629242e+01
-1.230533833581104197e+01
-1.230517946115252137e+01
-1.230500562330716718e+01
-1.230481332084314694e+01
-1.230460605243379923e+01
-1.230438030576099351e+01
-1.230413959019471370e+01
-1.230388038249934723e+01
-1.230360620277151007e+01
-1.230331351682680818e+01
-1.230300585551861481e+01
-1.230267967368209803e+01
-1.230233851295783865e+01
-1.230197881716886776e+01
-1.230160413877326064e+01
-1.230121091055000626e+01
-1.230080269580543550e+01
-1.230037591624239823e+01
-1.229993414604618707e+01
-1.229947379581111377e+01
-1.229899845063258645e+01
-1.229850450996378797e+01
-1.229799556984131925e+01
-1.229746801854458305e+01
-1.229692546308274181e+01
-1.229636428052842412e+01
-1.229578808889481145e+01
-1.229519325401467000e+01
-1.229458340493697222e+01
-1.229395489622114113e+01
-1.229331136798379731e+01
-1.229264916347748660e+01
-1.229197193391857645e+01
-1.229127601121891367e+01
-1.229056505772679486e+01
-1.228983539397940383e+01
-1.228909069348941863e+01
-1.228832726538507281e+01
-1.228754879437607883e+01
-1.228675157814722319e+01
-1.228593931263802297e+01
-1.228510828405521416e+01
-1.228426219960108057e+01
-1.228339733396939870e+01
-1.228251740565833039e+01
-1.228161867781361494e+01
-1.228070488026268947e+01
-1.227977226456776627e+01
-1.227882457191921795e+01
-1.227785804226018307e+01
-1.227687642817752156e+01
-1.227587595795956510e+01
-1.227486039562364795e+01
-1.227382595776722241e+01
-1.227277641987215695e+01
-1.227170798680866071e+01
-1.227062444555756215e+01
-1.226952198922533199e+01
-1.226840441632610279e+01
-1.226726790816593216e+01
-1.226611627482701117e+01
-1.226494568577780520e+01
-1.226375996270351898e+01
-1.226255526319780387e+01
-1.226133542058389381e+01
-1.226009658054317164e+01
-1.225884258807218252e+01
-1.225756957690219551e+01
-1.225628140373861186e+01
-1.225497419032459590e+01
-1.225365180510996765e+01
-1.225231035781159150e+01
-1.225095372865960286e+01
-1.224957801530592860e+01
-1.224818710979721104e+01
-1.224677709768162437e+01
-1.224535188285850751e+01
-1.224390753873326965e+01
-1.224244798109443977e+01
-1.224096927116527489e+01
-1.223947533666026821e+01
-1.223796222658096511e+01
-1.223643388060451365e+01
-1.223488633547095183e+01
-1.223332354285726886e+01
-1.223174152720178398e+01
-1.223014425221862211e+01
-1.222852773000389170e+01
-1.222689593634640737e+01
-1.222524487095944679e+01
-1.222357852174416237e+01
-1.222189287598991037e+01
-1.222019193374817725e+01
-1.221847166984314015e+01
-1.221673609651468162e+01
-1.221498117608030576e+01
-1.221321093300658589e+01
-1.221142131706235467e+01
-1.220961636497965586e+01
-1.220779201393642488e+01
-1.220595231296876371e+01
-1.220409318662139420e+01
-1.220221869627345868e+01
-1.220032475379360726e+01
-1.219841543294323039e+01
-1.219648663287190438e+01
-1.219454243976257501e+01
-1.219257874000229513e+01
-1.219059963223534382e+01
-1.218860099004246500e+01
-1.218658692456900994e+01
-1.218455329654550923e+01
-1.218250422965847690e+01
-1.218043557174374847e+01
-1.217835145906926009e+01
-1.217624772653153187e+01
-1.217412852302042836e+01
-1.217198967044815028e+01
-1.216983533036712650e+01
-1.216766131165991105e+01
-1.216547178858250788e+01
-1.216326255694207070e+01
-1.216103780373929055e+01
-1.215879331165995403e+01
-1.215653328049083548e+01
-1.215425347974999681e+01
-1.215195812205185533e+01
-1.214964296369998209e+01
-1.214731223017826522e+01
-1.214496166452878967e+01
-1.214259550514698205e+01
-1.214020948176601777e+01
-1.213780784573500071e+01
-1.213538631343048380e+01
-1.213294914919783274e+01
-1.213049205600876590e+01
-1.212801931124761978e+01
-1.212552660443281916e+01
-1.212301822603064494e+01
-1.212048985205725060e+01
-1.211794578610410511e+01
-1.211538169063593706e+01
-1.211280188241266131e+01
-1.211020201029805143e+01
-1.210758640426419319e+01
-1.210495069952371416e+01
-1.210229923930489804e+01
-1.209962764511884004e+01
-1.209694027349403633e+01
-1.209423273218939343e+01
-1.209150939107794009e+01
-1.208876584411524924e+01
-1.208600647456350252e+01
-1.208322686252333789e+01
-1.208043140469096599e+01
-1.207761566726007807e+01
-1.207478406040606700e+01
-1.207193213636337425e+01
-1.206906431883183473e+01
-1.206617614603390720e+01
-1.206327205523943569e+01
-1.206034757060578855e+01
-1.205740714301869509e+01
-1.205444628251676420e+01
-1.205146945364771049e+01
-1.204847215227743540e+01
-1.204545885666206573e+01
-1.204242504844034656e+01
-1.203937521962340540e+01
-1.203630483756806058e+01
-1.203321840808728993e+01
-1.203011138420078474e+01
-1.202698828557050703e+01
-1.202384455082336423e+01
-1.202068471351780943e+01
-1.201750419783180668e+01
-1.201430755126798822e+01
-1.201109018349889723e+01
-1.200785665601932095e+01
-1.200460236393953295e+01
-1.200133188279470176e+01
-1.199804059307541770e+01
-1.199473308440582109e+01
-1.199140472259900214e+01
-1.198806011141700978e+01
-1.198469460193719804e+01
-1.198131281210864252e+01
-1.197791007821429154e+01
-1.197449103243974378e+01
-1.197105099621445312e+01
-1.196759461601036634e+01
-1.196411719834386211e+01
-1.196062340402328950e+01
-1.195710852459205853e+01
-1.195357723524540283e+01
-1.195002481249334103e+01
-1.194645594596858906e+01
-1.194286589708709556e+01
-1.193925936997024984e+01
-1.193563161087848279e+01
-1.193198733847339099e+01
-1.192832178379814145e+01
-1.192463968010639341e+01
-1.192093624316199296e+01
-1.191721622086265064e+01
-1.191347481363043137e+01
-1.190971678405967005e+01
-1.190593731716760573e+01
-1.190214119029812956e+01
-1.189832357300021215e+01
-1.189448925742070173e+01
-1.189063339757640669e+01
-1.188676080047082628e+01
-1.188286660452435406e+01
-1.187895563165121615e+01
-1.187502300461077986e+01
-1.187107356028256611e+01
-1.186710240569973074e+01
-1.186311439276210322e+01
-1.185910461271113192e+01
-1.185507793252225639e+01
-1.185102942757942124e+01
-1.184696397998960116e+01
-1.184287664921274796e+01
-1.183877233254376371e+01
-1.183464607345185371e+01
-1.183050278447672810e+01
-1.182633749302972070e+01
-1.182215512695261062e+01
-1.181795069753135330e+01
-1.181372914796755857e+01
-1.180948547335396803e+01
-1.180522463231032226e+01
-1.180094160366786404e+01
-1.179664136152331366e+01
-1.179231886837773402e+01
-1.178797911386435615e+01
-1.178361704408488109e+01
-1.177923766426898844e+01
-1.177483590404972347e+01
-1.177041678431376326e+01
-1.176597521815574510e+01
-1.176151624218042535e+01
-1.175703475287386901e+01
-1.175253580262078756e+01
-1.174801427122812036e+01
-1.174347522692292323e+01
-1.173891353276232330e+01
-1.173433427287863395e+01
-1.172973229350800040e+01
-1.172511269475168127e+01
-1.172047030595350314e+01
-1.171581024324795628e+01
-1.171112731901470916e+01
-1.170642666548661737e+01
-1.170170307800704634e+01
-1.169696170497300614e+01
-1.169219732461916372e+01
-1.168741510157318864e+01
-1.168260979688840528e+01
-1.167778659149026943e+01
-1.167294022917790208e+01
-1.166807590724251398e+01
-1.166318835215570893e+01
-1.165828277764327936e+01
-1.165335389277592704e+01
-1.164840692778351006e+01
-1.164343657426198320e+01
-1.163844807901573830e+01
-1.163343611609203165e+01
-1.162840594894095325e+01
-1.162335223398683581e+01
-1.161828025139756981e+01
-1.161318463990006933e+01
-1.160807069645293055e+01
-1.160293304201097797e+01
-1.159777699039746857e+01
-1.159259714472013236e+01
-1.158739883574164864e+01
-1.158217664864757523e+01
-1.157693593121562081e+01
-1.157167125063391744e+01
-1.156638797177191869e+01
-1.156108064374472910e+01
-1.155575464859116686e+01
-1.155040451727765394e+01
-1.154503564909092006e+01
-1.153964255677290041e+01
-1.153423065693785965e+01
-1.152879444402717013e+01
-1.152333935206329230e+01
-1.151785985711076421e+01
-1.151236141068204866e+01
-1.150683847038841634e+01
-1.150129650531510528e+01
-1.149572995454366620e+01
-1.149014430481582139e+01
-1.148453397660681929e+01
-1.147890447439984385e+01
-1.147325019998702977e+01
-1.146757667567908889e+01
-1.146187828450803892e+01
-1.145616056669938132e+01
-1.145041788644799574e+01
-1.144465580198242982e+01
-1.143886865858326729e+01
-1.143306203257172449e+01
-1.142723025023665784e+01
-1.142137890608268336e+01
-1.141550230732953786e+01
-1.140960606675716527e+01
-1.140368447243857730e+01
-1.139774315552217665e+01
-1.139177638485662314e+01
-1.138578981005315960e+01
-1.137977768065828776e+01
-1.137374566484169058e+01
-1.136768799276982911e+01
-1.136161035126770535e+01
-1.135550695104370789e+01
-1.134938349767635835e+01
-1.134323418233777048e+01
-1.133706472945944022e+01
-1.133086931059902724e+01
-1.132465366914170346e+01
-1.131841195695227675e+01
-1.131214993647165379e+01
-1.130586173979332543e+01
-1.129955314851729931e+01
-1.129321827488700869e+01
-1.128686291976645606e+01
-1.128048117547021789e+01
-1.127407886223221212e+01
-1.126765005235939476e+01
-1.126120058556291781e+01
-1.125472451406299967e+01
-1.124822769715704496e+01
-1.124170416689912244e+01
-1.123515980228300393e+01
-1.122858861511727113e+01
-1.122199650420362538e+01
-1.121537746102558764e+01
-1.120873740430563714e+01
-1.120207030512250945e+01
-1.119538210223373298e+01
-1.118866674623334845e+01
-1.118193019602951210e+01
-1.117516638165149168e+01
-1.116838128227521842e+01
-1.116156880728458489e+01
-1.115473495624190647e+01
-1.114787361780507702e+01
-1.114099081204260777e+01
-1.113408040680548794e+01
-1.112714844278973381e+01
-1.112018876695828418e+01
-1.111320744075730893e+01
-1.110619829018017057e+01
-1.109916739754737058e+01
-1.109210856780092413e+01
-1.108502790426104312e+01
-1.107791919073628861e+01
-1.107078855167354803e+01
-1.106362974966540236e+01
-1.105644893041371191e+01
-1.104923983521226560e+01
-1.104200863114748010e+01
-1.103474903813112995e+01
-1.102746724476537210e+01
-1.102015694949612623e+01
-1.101282436257376851e+01
-1.100546316089432253e+01
-1.099807957649018064e+01
-1.099066726462279853e+01
-1.098323247924185431e+01
-1.097576885388913404e+01
-1.096828266456812351e+01
-1.096076752301530988e+01
-1.095322972742589229e+01
-1.094566286764491814e+01
-1.093807326419862314e+01
-1.093045448495366223e+01
-1.092281287290794012e+01
-1.091514197386243268e+01
-1.090744815342863205e+01
-1.089972493525360520e+01
-1.089197870770591159e+01
-1.088420297218983102e+01
-1.087640413997554312e+01
-1.086857569013517377e+01
-1.086072405698629595e+01
-1.085284269717867645e+01
-1.084493806822445094e+01
-1.083700360425992137e+01
-1.082904578614042279e+01
-1.082105802539677875e+01
-1.081304682637721015e+01
-1.080500557791441629e+01
-1.079694080800041434e+01
-1.078884588267611910e+01
-1.078072735372967017e+01
-1.077257856431551986e+01
-1.076440609017128125e+01
-1.075620325146952183e+01
-1.074797664805200981e+01
-1.073971957701263058e+01
-1.073143866245327516e+01
-1.072312717829151474e+01
-1.071479177304633801e+01
-1.070642569736029515e+01
-1.069803562432768196e+01
-1.068961478121600983e+01
-1.068116986585428840e+01
-1.067269408203398839e+01
-1.066419415247931646e+01
-1.065566325740326370e+01
-1.064710814458690535e+01
-1.063852197056118420e+01
-1.062991150832682408e+01
-1.062126989062782023e+01
-1.061260391584828611e+01
-1.060390669283899356e+01
-1.059518504553249940e+01
-1.058643205877863558e+01
-1.057765458222432642e+01
-1.056884567660937613e+01
-1.056001221746217489e+01
-1.055114724130189074e+01
-1.054225764970654211e+01
-1.053333645486236847e+01
-1.052439058456618071e+01
-1.051541302655769172e+01
-1.050641073502259104e+01
-1.049737667313866751e+01
-1.048831782165171411e+01
-1.047922711906056925e+01
-1.047011157284331517e+01
-1.046096409670109750e+01
-1.045179172501741860e+01
-1.044258734657525700e+01
-1.043335802283761637e+01
-1.042409661754716055e+01
-1.041481021942140828e+01
-1.040549166703847561e+01
-1.039614807654652040e+01
-1.038677226123315300e+01
-1.037737136485416301e+01
-1.036793817527859218e+01
-1.035847986404782084e+01
-1.034898919348252377e+01
-1.033947336308838416e+01
-1.032992510950577447e+01
-1.032035166038464169e+01
-1.031074572655089128e+01
-1.030111456397935754e+01
-1.029145085754553612e+01
-1.028176189173079358e+01
-1.027204032532187838e+01
-1.026229347148918158e+01
-1.025251396279031368e+01
-1.024270914126808663e+01
-1.023287161310843096e+01
-1.022300874941087478e+01
-1.021311312984455277e+01
-1.020319215475110752e+01
-1.019323837713570846e+01
-1.018325922676814521e+01
-1.017324722984006335e+01
-1.016320984573648367e+01
-1.015313957368344688e+01
-1.014304390286928559e+01
-1.013291530540001872e+01
-1.012276130045611033e+01
-1.011257433286667151e+01
-1.010236195199421161e+01
-1.009211657523145256e+01
-1.008184578231368711e+01
-1.007154196303534910e+01
-1.006121272769619424e+01
-1.005085043832782787e+01
-1.004046273598709860e+01
-1.003004195477563698e+01
-1.001959576670099317e+01
-1.000911647776502633e+01
-9.998611791120488590e+00
-9.988073984496962154e+00
-9.977510792388116556e+00
-9.966914464075941282e+00
-9.956292765591397753e+00
-9.945637917591096056e+00
-9.934957717840871894e+00
-9.924244358191000259e+00
-9.913505668340937049e+00
-9.902733811151017917e+00
-9.891936648453841130e+00
-9.881106313933395668e+00
-9.870250701756257072e+00
-9.859361916240489521e+00
-9.848447884088555426e+00
-9.837500680060442093e+00
-9.826528263597259283e+00
-9.815522679705695808e+00
-9.804491920769633495e+00
-9.793428001844231900e+00
-9.782338948461406503e+00
-9.771216745523412683e+00
-9.760069451916818295e+00
-9.748889022186595810e+00
-9.737683548781646437e+00
-9.726444955682293170e+00
-9.715181369108707443e+00
-9.703884682266100015e+00
-9.692563055356099966e+00
-9.681208350595222001e+00
-9.669828762378141818e+00
-9.658416121715809766e+00
-9.646978657408945779e+00
-9.635508169042996229e+00
-9.624012920038941488e+00
-9.612484678333659716e+00
-9.600931742184100059e+00
-9.589345847652042565e+00
-9.577735328047811691e+00
-9.566091887328356691e+00
-9.554423894076052193e+00
-9.542723019910051008e+00
-9.530997668905143883e+00
-9.519239480106348239e+00
-9.507456893302814294e+00
-9.495641514725688737e+00
-9.483801820102110369e+00
-9.471929382606381509e+00
-9.460032714128820075e+00
-9.448103354540416277e+00
-9.436149852121769044e+00
-9.424163713190759850e+00
-9.412153522646956816e+00
-9.400110753001783337e+00
-9.388044026004605414e+00
-9.375944780103594667e+00
-9.363821674130365480e+00
-9.351666112209597870e+00
-9.339486790489727852e+00
-9.327275078508113992e+00
-9.315039709966528747e+00
-9.302772019547628446e+00
-9.290480778745232371e+00
-9.278157287116295393e+00
-9.265810354187298259e+00
-9.253431244115072118e+00
-9.241028804701791444e+00
-9.228594264425810323e+00
-9.216136509610118210e+00
-9.203646732772963190e+00
-9.191133859005521600e+00
-9.178589044580343526e+00
-9.166021253606757568e+00
-9.153421605822405382e+00
-9.140799104606985637e+00
-9.128144832870216163e+00
-9.115467833517019614e+00
-9.102759152332499326e+00
-9.090027872004105447e+00
-9.077265000891799218e+00
-9.064479661725540538e+00
-9.051662825135901258e+00
-9.038823654157940979e+00
-9.025953081384578525e+00
-9.013060310421602495e+00
-9.000136235512213645e+00
-8.987190101101083073e+00
-8.974212762765693796e+00
-8.961213506061076473e+00
-8.948183147578880892e+00
-8.935131014258688609e+00
-8.922047883382482780e+00
-8.908943123551694043e+00
-8.895807472410650618e+00
-8.882650340503143838e+00
-8.869462425503799707e+00
-8.856253180182477536e+00
-8.843013261908074796e+00
-8.829752165963508759e+00
-8.816460509071527341e+00
-8.803147829318723083e+00
-8.789804702437328032e+00
-8.776440709611341262e+00
-8.763046385233916880e+00
-8.749631353883920326e+00
-8.736186108262554484e+00
-8.722720316644624106e+00
-8.709224429682253188e+00
-8.695708159650960667e+00
-8.682161914792292379e+00
-8.668595451691238907e+00
-8.654999135812714073e+00
-8.641382768363692790e+00
-8.627736671662308510e+00
-8.614070691853992656e+00
-8.600375107735258595e+00
-8.586659810710632001e+00
-8.572915035675652717e+00
-8.559150719618747516e+00
-8.545357053150626214e+00
-8.531544019172589088e+00
-8.517701763622008926e+00
-8.503840315646513659e+00
-8.489949776116860747e+00
-8.476040220764870625e+00
-8.462101704996790374e+00
-8.448144351471023938e+00
-8.434158169726403642e+00
-8.420153329695112987e+00
-8.406119794641004006e+00
-8.392067782121733543e+00
-8.377987208713594924e+00
-8.363888339956513818e+00
-8.349761045321594466e+00
-8.335615638692592810e+00
-8.321441942012912207e+00
-8.307250317876802015e+00
-8.293030540272175344e+00
-8.278793020875689024e+00
-8.264527485286746966e+00
-8.250244394641528700e+00
-8.235933425712760325e+00
-8.221605089478655870e+00
-8.207249013441616725e+00
-8.192875758809957887e+00
-8.178474903366673487e+00
-8.164057058943784639e+00
-8.149611753150427518e+00
-8.135149648841567327e+00
-8.120660222992350796e+00
-8.106154189885938166e+00
-8.091620975397541216e+00
-8.077071345649679657e+00
-8.062494674946128370e+00
-8.047901781665775189e+00
-8.033281988063567525e+00
-8.018646165198219933e+00
-8.003983582792267626e+00
-7.989305165014036980e+00
-7.974600128564159895e+00
-7.959879451156677277e+00
-7.945132295974721259e+00
-7.930369694720692308e+00
-7.915580756558250108e+00
-7.900776567627620928e+00
-7.885946182564734563e+00
-7.871100742403831951e+00
-7.856229246738305250e+00
-7.841342891959619976e+00
-7.826430622097241496e+00
-7.811503689370161929e+00
-7.796550981715872020e+00
-7.781583807658312146e+00
-7.766590998508097421e+00
-7.751583919579174697e+00
-7.736551345013219283e+00
-7.721504697406585294e+00
-7.706432693183190352e+00
-7.691346812721863380e+00
-7.676235714172475966e+00
-7.661110936204269528e+00
-7.645961078129605681e+00
-7.630797737423957727e+00
-7.615609453991111444e+00
-7.600407884636868339e+00
-7.585181509277728829e+00
-7.569942044582136376e+00
-7.554677909892776100e+00
-7.539400882281544369e+00
-7.524099319922918028e+00
-7.508785060841557168e+00
-7.493446401441323346e+00
-7.478095241257735282e+00
-7.462719814313188316e+00
-7.447332082221392646e+00
-7.431920216003998547e+00
-7.416496239929061929e+00
-7.401048261389868266e+00
-7.385588367894255768e+00
-7.370104602570661356e+00
-7.354609116761885446e+00
-7.339089888685840890e+00
-7.323559134125103398e+00
-7.308004765732582619e+00
-7.292439064345036748e+00
-7.276849876386537908e+00
-7.261249548372878060e+00
-7.245625859825645776e+00
-7.229991223574647741e+00
-7.214333351555934470e+00
-7.198664723558796830e+00
-7.182972983240670573e+00
-7.167270678006345541e+00
-7.151545382531533157e+00
-7.135809712503587754e+00
-7.120051172902928549e+00
-7.104282448377667869e+00
-7.088490973488737801e+00
-7.072689502534617922e+00
-7.056865398921888577e+00
-7.041031487300450920e+00
-7.025175059176457459e+00
-7.009309010264312967e+00
-6.993420559412526494e+00
-6.977522674124901236e+00
-6.961602499823568380e+00
-6.945673076539152113e+00
-6.929721475486722682e+00
-6.913760809973653387e+00
-6.897778076215386633e+00
-6.881786461558798251e+00
-6.865772886414660547e+00
-6.849750612945233463e+00
-6.833706484939186865e+00
-6.817653840163344192e+00
-6.801579444953724796e+00
-6.785496713484722164e+00
-6.769392333796106165e+00
-6.753279797286690034e+00
-6.737145712842774969e+00
-6.721003649918886325e+00
-6.704840137376843145e+00
-6.688668823572603728e+00
-6.672476156458470697e+00
-6.656275864152417121e+00
-6.640054312797651015e+00
-6.623825311150175033e+00
-6.607575142629664278e+00
-6.591317697521420271e+00
-6.575039175592230833e+00
-6.558753549564032781e+00
-6.542446934605611553e+00
-6.526133386799194191e+00
-6.509798935754600002e+00
-6.493457721854562159e+00
-6.477095688172697763e+00
-6.460727060349449324e+00
-6.444337693928504862e+00
-6.427941900782492723e+00
-6.411525447914169895e+00
-6.395102734420838431e+00
-6.378659437735934468e+00
-6.362210045191889485e+00
-6.345740143606491301e+00
-6.329264309576568159e+00
-6.312768038239554791e+00
-6.296265996504769369e+00
-6.279743586745824224e+00
-6.263215567252357729e+00
-6.246667246531306894e+00
-6.230113475340201212e+00
-6.213539467196887323e+00
-6.196960166434867467e+00
-6.180360690439862026e+00
-6.163756078250558268e+00
-6.147131349956974411e+00
-6.130501640453238643e+00
-6.113851871348925826e+00
-6.097197274565897551e+00
-6.080522672026352105e+00
-6.063843393875039567e+00
-6.047144161117487648e+00
-6.030440403339057731e+00
-6.013716739376499198e+00
-5.996988699497382669e+00
-5.980240799093775372e+00
-5.963488670381111412e+00
-5.946716724006733124e+00
-5.929940695424620323e+00
-5.913144889212333943e+00
-5.896345145378224295e+00
-5.879525661079804344e+00
-5.862702382221889330e+00
-5.845859397165121152e+00
-5.829012759079659212e+00
-5.812146446125591837e+00
-5.795276620134818479e+00
-5.778387147635634769e+00
-5.761494300546037728e+00
-5.744581832302928959e+00
-5.727666126363733845e+00
-5.710730821585210393e+00
-5.693792414447241157e+00
-5.676834427707516895e+00
-5.659873472382042081e+00
-5.642892953579798032e+00
-5.625909598397663913e+00
-5.608906692714651143e+00
-5.591901081285548081e+00
-5.574875929145457043e+00
-5.557848200317058840e+00
-5.540800937344217303e+00
-5.523751225161458223e+00
-5.506681982139626008e+00
-5.489610415803864107e+00
-5.472519318634835983e+00
-5.455426022462878777e+00
-5.438313192124883066e+00
-5.421198285507921710e+00
-5.404063838013887455e+00
-5.386927435375977957e+00
-5.369771481731501872e+00
-5.352613692488067620e+00
-5.335436338648943178e+00
-5.318257267164620217e+00
-5.301058613993999913e+00
-5.283858359540231753e+00
-5.266638502765443874e+00
-5.249417159477602013e+00
-5.232176189646210673e+00
-5.214933846480043655e+00
-5.197671848915432768e+00
-5.180408589602910396e+00
-5.163125644359170430e+00
-5.145841547363809276e+00
-5.128537729179808657e+00
-5.111232867651001932e+00
-5.093908245903744358e+00
-5.076582687630380342e+00
-5.059237326287350456e+00
-5.041891133650505452e+00
-5.024525091220947814e+00
-5.007158321145531055e+00
-4.989771650630984823e+00
-4.972384354536380613e+00
-4.954977103379619940e+00
-4.937569327129047281e+00
-4.920141537162203704e+00
-4.902713321010955028e+00
-4.885265028401899023e+00
-4.867816406944164953e+00
-4.850347642141794147e+00
-4.832878644255926837e+00
-4.815389431933843056e+00
-4.797900080726386740e+00
-4.780390439724691021e+00
-4.762880752472510970e+00
-4.745350695738210334e+00
-4.727820683828878323e+00
-4.710270218354305705e+00
-4.692719887224897413e+00
-4.675149013984047031e+00
-4.657578363057567117e+00
-4.639987076940577992e+00
-4.622396099560633687e+00
-4.604784389305931036e+00
-4.587173072669031626e+00
-4.569540920793086158e+00
-4.551909245878662524e+00
-4.534256628603515082e+00
-4.516604570101334204e+00
-4.498931457279183199e+00
-4.481258983514423200e+00
-4.463565338549680739e+00
-4.445872411404921287e+00
-4.428158191173414693e+00
-4.410444766007826090e+00
-4.392709920772626120e+00
-4.374975946338288679e+00
-4.357220419662672484e+00
-4.339465838017211752e+00
-4.321689566673876826e+00
-4.303914313090173138e+00
-4.286117226967156135e+00
-4.268321229838904607e+00
-4.250503251841414531e+00
-4.232686432585452074e+00
-4.214847478533857661e+00
-4.197009751488016249e+00
-4.179149730011606501e+00
-4.161291002328607824e+00
-4.143409814754884124e+00
-4.125529986291524231e+00
-4.107627526530837514e+00
-4.089726489732865566e+00
-4.071802644158004192e+00
-4.053880283939660600e+00
-4.035934931260348080e+00
-4.017991124878918185e+00
-4.000024136010903675e+00
-3.982058752935740298e+00
-3.964069990863795745e+00
-3.946082892639385609e+00
-3.928072212274572816e+00
-3.910063252377808496e+00
-3.892030500408116822e+00
-3.873999524098874936e+00
-3.855944538832992929e+00
-3.837891382998037226e+00
-3.819813994202175600e+00
-3.801738487191846705e+00
-3.783638515918867018e+00
-3.765540477376146278e+00
-3.747417735786845228e+00
-3.729296976468621239e+00
-3.711151267644346330e+00
-3.693007589234025279e+00
-3.674838706980655179e+00
-3.656671901892104781e+00
-3.638479630534391607e+00
-3.620289481706148838e+00
-3.602073595872331335e+00
-3.583859876552216495e+00
-3.565620140947921346e+00
-3.547382614466634720e+00
-3.529118783637711143e+00
-3.510857203171958041e+00
-3.492569021255347739e+00
-3.474283129578408236e+00
-3.455970330040904592e+00
-3.437659859261151585e+00
-3.419322164624396976e+00
-3.400986835910461359e+00
-3.382623957462192799e+00
-3.364263480753844071e+00
-3.345875118244109991e+00
-3.327489191948512115e+00
-3.309075033269996524e+00
-3.290663343941724772e+00
-3.272223064793145841e+00
-3.253785286797636900e+00
-3.235318550329395748e+00
-3.216854345488253220e+00
-3.198360801928753716e+00
-3.179869819145926702e+00
-3.161349105407665228e+00
-3.142830980275474584e+00
-3.124282719539337005e+00
-3.105737073922535618e+00
-3.087160875199145060e+00
-3.068587316795922781e+00
-3.049982774462056234e+00
-3.031380896340469366e+00
-3.012747589649071411e+00
-2.994116969756700719e+00
-2.975454462318947169e+00
-2.956794662964646214e+00
-2.938102502201248800e+00
-2.919413069506431313e+00
-2.900690786066961291e+00
-2.881971249384458034e+00
-2.863218356531673781e+00
-2.844468227829986873e+00
-2.825684220786845557e+00
-2.806902993996703621e+00
-2.788087349253519420e+00
-2.769274499574677861e+00
-2.750426674152465001e+00
-2.731581657317120992e+00
-2.712701087985255999e+00
-2.693823339474820777e+00
-2.674909441917947994e+00
-2.655998376129962146e+00
-2.637050544060838941e+00
-2.618105553421605780e+00
-2.599123157635772952e+00
-2.580143611654286406e+00
-2.561125999021104604e+00
-2.542111243279764565e+00
-2.523057735664792745e+00
-2.504007090741621866e+00
-2.484916983854840389e+00
-2.465829744170967341e+00
-2.446702306333735422e+00
-2.427577738920104977e+00
-2.408412209744401622e+00
-2.389249552920314379e+00
-2.370045141891750973e+00
-2.350843603847666774e+00
-2.331599488804101838e+00
-2.312358246079416979e+00
-2.293073571574993696e+00
-2.273791767421684540e+00
-2.254465642965575167e+00
-2.235142385586250668e+00
-2.215773883744000639e+00
-2.196408244392798803e+00
-2.176996398736861238e+00
-2.157587409669087020e+00
-2.138131212563016081e+00
-2.118677864818787615e+00
-2.099176265018428467e+00
-2.079677506023108968e+00
-2.060129406075179581e+00
-2.040584137037062984e+00
-2.020988390453833272e+00
-2.001395463538126140e+00
-1.981750871723115148e+00
-1.962109086976788319e+00
-1.942414395874380695e+00
-1.922722497874596481e+00
-1.902976394311028718e+00
-1.883233068505381080e+00
-1.863434176185604585e+00
-1.843638044887770722e+00
-1.823784920006485510e+00
-1.803934538006137345e+00
-1.784025664425572977e+00
-1.764119514164921965e+00
-1.744153298104518690e+00
-1.724189784366845446e+00
-1.704164548542062896e+00
-1.684141992588874093e+00
-1.664055969725043660e+00
-1.643972602808601469e+00
-1.623823928445130793e+00
-1.603677884610939186e+00
-1.583464589095834318e+00
-1.563253897175313156e+00
-1.542973896732521277e+00
-1.522696471408591989e+00
-1.502347558140818773e+00
-1.482001189948531916e+00
-1.461581020611091075e+00
-1.441163364709314498e+00
-1.420669448061059548e+00
-1.400178011580842430e+00
-1.379607694078722524e+00
-1.359039821815209326e+00
-1.338390271372205564e+00
-1.317743129539502345e+00
-1.297011317006818265e+00
-1.276281874717110965e+00
-1.255464552676820222e+00
-1.234649560729272899e+00
-1.213743239091379156e+00
-1.192839205565065397e+00
-1.171840123341894024e+00
-1.150843285365984903e+00
-1.129747377845499834e+00
-1.108653668767430656e+00
-1.087456529106854086e+00
-1.066261540080396530e+00
-1.044958374081443653e+00
-1.023657308835363766e+00
-1.002242881316175227e+00
-9.808305025193772009e-01
-9.592990732355997086e-01
-9.377696384096119164e-01
-9.161148848460489713e-01
-8.944620691474125529e-01
-8.726769926340444128e-01
-8.508937949594405081e-01
-8.289706053500563998e-01
-8.070492330018509408e-01
-7.849792054211209846e-01
-7.629109308398809297e-01
-7.406842254941693460e-01
-7.184592060513449452e-01
-6.960646383699377049e-01
-6.736716864878712352e-01
-6.510964292055438918e-01
-6.285227144138962885e-01
-6.057519043790822177e-01
-5.829825600911727745e-01
-5.599987683874274591e-01
-5.370163619814887213e-01
-5.137988622873658207e-01
-4.905826634156179589e-01
-4.671063924344697194e-01
-4.436313333862701436e-01
-4.198653622400867480e-01
-3.961005092471140410e-01
-3.720056998564524320e-01
-3.479119093501693571e-01
-3.234371289385729598e-01
-2.989632618787046447e-01
-2.740388449278564065e-01
-2.491152284916768878e-01
-2.236406279825234877e-01
-1.981667063759016967e-01
-1.719840337573225186e-01
-1.458019074148458327e-01
-1.186271398918752051e-01
-9.145277116722440314e-02
-6.262352123577979990e-02
-3.379449954251131927e-02
-3.210503871399296559e-15
