-6.696121706770763589e-17
-3.008169902430505083e+00
-5.862609229808569467e+00
-8.437165374968296661e+00
-1.065046548094290024e+01
-1.246881312849506962e+01
-1.389800737076647330e+01
-1.497036708338613487e+01
-1.573216370988467006e+01
-1.623404950403685376e+01
-1.652494288790595078e+01
-1.664876353382484453e+01
-1.664313070506047154e+01
-1.653924598552948666e+01
-1.636239903238659466e+01
-1.613273971842415833e+01
-1.586610992742755144e+01
-1.557482865711485331e+01
-1.526838265571108977e+01
-1.495400978962967464e+01
-1.463717809956533600e+01
-1.432197283201974791e+01
-1.401140454980603955e+01
-1.370765302537505193e+01
-1.341225835606317141e+01
-1.312627089214397103e+01
-1.285036768691488085e+01
-1.258494368778688965e+01
-1.233018225420481073e+01
-1.208611077965535507e+01
-1.185264376014550791e+01
-1.162961717876472001e+01
-1.141681441872017722e+01
-1.121398573293070022e+01
-1.102086007151131675e+01
-1.083715122371958905e+01
-1.066255800359544637e+01
-1.049676209697083884e+01
-1.033942436763676298e+01
-1.019018340692253233e+01
-1.004865594107000959e+01
-9.914441181631898914e+00
-9.787126802624362298e+00
-9.666297366101817445e+00
-9.551542138490066947e+00
-9.442463225193586496e+00
-9.338681332329150209e+00
-9.239840833985020652e+00
-9.145612010883841236e+00
-9.055692752572909399e+00
-8.969807837945159790e+00
-8.887708351692927167e+00
-8.809169295232369024e+00
-8.733987990857341899e+00
-8.661981142946164169e+00
-8.592983130323633034e+00
-8.526843185460371899e+00
-8.463424029045436114e+00
-8.402599442896832471e+00
-8.344253384629510606e+00
-8.288277992788831483e+00
-8.234573153683605540e+00
-8.183044870446710917e+00
-8.133605192792774830e+00
-8.086170853383437773e+00
-8.040663465396290732e+00
-7.997008337896645003e+00
-7.955134862511917149e+00
-7.914975439707894189e+00
-7.876465997001414365e+00
-7.839544978357781524e+00
-7.804153954888575662e+00
-7.770236645840600254e+00
-7.737739596605512915e+00
-7.706611211372070613e+00
-7.676802482805026528e+00
-7.648266024148035136e+00
-7.620956841100918311e+00
-7.594831356045809834e+00
-7.569848216481572578e+00
-7.545967307022395154e+00
-7.523150591045220992e+00
-7.501361107869075617e+00
-7.480563845609493612e+00
-7.460724721958794881e+00
-7.441811487002083503e+00
-7.423792686586599743e+00
-7.406638594276928167e+00
-7.390320156614619052e+00
-7.374809953621489278e+00
-7.360081125421082504e+00
-7.346108360825414962e+00
-7.332866804883553691e+00
-7.320333075157289038e+00
-7.308484149816369957e+00
-7.297298411250910277e+00
-7.286754514366858615e+00
-7.276832457212367267e+00
-7.267512429151914866e+00
-7.258775908207012684e+00
-7.250604488809387682e+00
-7.242981005576877962e+00
-7.235888340366227744e+00
-7.229310572225468690e+00
-7.223231763485877366e+00
-7.217637135652180902e+00
-7.212511834293041879e+00
-7.207842130648944412e+00
-7.203614165099692102e+00
-7.199815174288976216e+00
-7.196432212965396147e+00
-7.193453406440696085e+00
-7.190866650617938838e+00
-7.188660889617959349e+00
-7.186824793824403201e+00
-7.185348062528802870e+00
-7.184220079838087081e+00
-7.183431242202871658e+00
-7.182971592047093345e+00
-7.182832170058474297e+00
-7.183003626412407527e+00
-7.183477597715911322e+00
-7.184245295710203649e+00
-7.185298908770735515e+00
-7.186630167983196316e+00
-7.188231773113074929e+00
-7.190095935959370799e+00
-7.192215830716646607e+00
-7.194584114519357421e+00
-7.197194402127424340e+00
-7.200039763582633867e+00
-7.203114223156467766e+00
-7.206411234046459668e+00
-7.209925201531870442e+00
-7.213649934644925210e+00
-7.217580193486094586e+00
-7.221710117809881702e+00
-7.226034798457675379e+00
-7.230548682803039640e+00
-7.235247170264678118e+00
-7.240124994561109695e+00
-7.245177843270283802e+00
-7.250400716847854810e+00
-7.255789572204467852e+00
-7.261339658444660117e+00
-7.267047184436831841e+00
-7.272907631233367809e+00
-7.278917443611278237e+00
-7.285072319136959074e+00
-7.291368923658481549e+00
-7.297803156981044204e+00
-7.304371892294736490e+00
-7.311071218429061602e+00
-7.317898203201917084e+00
-7.324849112223793313e+00
-7.331921196156443443e+00
-7.339110886038792358e+00
-7.346415604445491354e+00
-7.353831937308605404e+00
-7.361357468968048323e+00
-7.368988930464363207e+00
-7.376724058474636081e+00
-7.384559720053196052e+00
-7.392493795448177529e+00
-7.400523279267806842e+00
-7.408646187174052322e+00
-7.416859633453748657e+00
-7.425161761586828391e+00
-7.433549798201879888e+00
-7.442022007518178661e+00
-7.450575721666213624e+00
-7.459209319003258010e+00
-7.467920230780257462e+00
-7.476706943331890010e+00
-7.485566981072088844e+00
-7.494498932559401361e+00
-7.503500409804609639e+00
-7.512570098213913639e+00
-7.521705692190967518e+00
-7.530905968961715935e+00
-7.540168700454540129e+00
-7.549492751010182801e+00
-7.558875965524433305e+00
-7.568317291047314654e+00
-7.577814641172837540e+00
-7.587367041532587564e+00
-7.596972470417092005e+00
-7.606630028169599100e+00
-7.616337754023969175e+00
-7.626094819404499958e+00
-7.635899320965956250e+00
-7.645750497805940959e+00
-7.655646500692326661e+00
-7.665586633195213828e+00
-7.675569097087641346e+00
-7.685593257404125467e+00
-7.695657364000795475e+00
-7.705760840548249391e+00
-7.715901982236883505e+00
-7.726080268712391508e+00
-7.736294037912154309e+00
-7.746542822951953511e+00
-7.756825002079759557e+00
-7.767140159522239351e+00
-7.777486711542024089e+00
-7.787864291253447924e+00
-7.798271350769558019e+00
-7.808707569996170328e+00
-7.819171434855258340e+00
-7.829662670066887209e+00
-7.840179793435249067e+00
-7.850722572628594520e+00
-7.861289555514323624e+00
-7.871880550946722899e+00
-7.882494135137907421e+00
-7.893130156463821656e+00
-7.903787217857017211e+00
-7.914465205641821655e+00
-7.925162747935512897e+00
-7.935879767523270623e+00
-7.946614916254088001e+00
-7.957368151966747405e+00
-7.968138148866914072e+00
-7.978924898515169062e+00
-7.989727096171602483e+00
-8.000544765857698692e+00
-8.011376622654427848e+00
-8.022222721849667337e+00
-8.033081797176190975e+00
-8.043953934056350619e+00
-8.054837883766309048e+00
-8.065733760789839835e+00
-8.076640332894829299e+00
-8.087557742608934674e+00
-8.098484773193986186e+00
-8.109421594255815435e+00
-8.120367003602922296e+00
-8.131321197002886692e+00
-8.142282985911137416e+00
-8.153252591386808135e+00
-8.164228837677338646e+00
-8.175211970306891729e+00
-8.186200825502353950e+00
-8.197195672467463723e+00
-8.208195358635867578e+00
-8.219200176144251913e+00
-8.230208982898107095e+00
-8.241222093257020376e+00
-8.252238374898828610e+00
-8.263258163730757389e+00
-8.274280336537120917e+00
-8.285305250130097221e+00
-8.296331789766364651e+00
-8.307360332551278148e+00
-8.318389771609721706e+00
-8.329420503757956951e+00
-8.340451429413123563e+00
-8.351482964547470189e+00
-8.362514016321703991e+00
-8.373545019335256967e+00
-8.384574886968907848e+00
-8.395604071945536262e+00
-8.406631493366402808e+00
-8.417657621597474105e+00
-8.428681380983837457e+00
-8.439703259076413389e+00
-8.450722185009013288e+00
-8.461738663080447864e+00
-8.472751626778771694e+00
-8.483761596733499388e+00
-8.494767510371721286e+00
-8.505769904255663150e+00
-8.516767719354559674e+00
-8.527761507783310435e+00
-8.538750213674033418e+00
-8.549734404331221782e+00
-8.560713026687132299e+00
-8.571686662889193897e+00
-8.582654262322717997e+00
-8.593616421646691705e+00
-8.604572092367565261e+00
-8.615521885339116892e+00
-8.626464753871191604e+00
-8.637401322709466811e+00
-8.648330546662897689e+00
-8.659253064079663886e+00
-8.670167830976325263e+00
-8.681075499026579934e+00
-8.691975025175395331e+00
-8.702867074157042637e+00
-8.713750603577333109e+00
-8.724626290977536058e+00
-8.735493094367765110e+00
-8.746351703853722626e+00
-8.757201077603781414e+00
-8.768041918055661910e+00
-8.778873183300168748e+00
-8.789695587884574834e+00
-8.800508089595620476e+00
-8.811311414877138759e+00
-8.822104520994646037e+00
-8.832888146084256320e+00
-8.843661246681628896e+00
-8.854424572419747008e+00
-8.865177078904103780e+00
-8.875919527077110516e+00
-8.886650871421567288e+00
-8.897371884009714904e+00
-8.908081518016951250e+00
-8.918780556472995613e+00
-8.929467951068106757e+00
-8.940144495624450016e+00
-8.950809140176243517e+00
-8.961462689179816365e+00
-8.972104090849081004e+00
-8.982734160122578970e+00
-8.993351843235837251e+00
-9.003957965463962765e+00
-9.014551470912104847e+00
-9.025133195052113422e+00
-9.035702079712363499e+00
-9.046258970427317081e+00
-9.056802806607690215e+00
-9.067334443721854598e+00
-9.077852818627100362e+00
-9.088358796602198808e+00
-9.098851311820371990e+00
-9.109331239252044909e+00
-9.119797510260546858e+00
-9.130251009394052986e+00
-9.140690665084534317e+00
-9.151117371348609808e+00
-9.161530053569951093e+00
-9.171929615128613378e+00
-9.182314978247113402e+00
-9.192687055567985155e+00
-9.203044766043825931e+00
-9.213389031482869029e+00
-9.223718767462681711e+00
-9.234034904864190096e+00
-9.244336355788588477e+00
-9.254624060100100635e+00
-9.264896926325683069e+00
-9.275155903226997012e+00
-9.285399895662346026e+00
-9.295629861208217548e+00
-9.305844700963154636e+00
-9.316045381239117518e+00
-9.326230799286648221e+00
-9.336401930077041555e+00
-9.346557666927756358e+00
-9.356698993396111774e+00
-9.366824798784090689e+00
-9.376936075164790552e+00
-9.387031707745020270e+00
-9.397112697046029695e+00
-9.407177924102461120e+00
-9.417228397818661279e+00
-9.427262994982745781e+00
-9.437282732819621600e+00
-9.447286483798654544e+00
-9.457275273405427285e+00
-9.467247969720768097e+00
-9.477205606433146912e+00
-9.487147047167352909e+00
-9.497073333759226799e+00
-9.506983325312079458e+00
-9.516878071755856539e+00
-9.526756427609004874e+00
-9.536619450844298740e+00
-9.546465991333901613e+00
-9.556297115044172230e+00
-9.566111667141379726e+00
-9.575910721538273052e+00
-9.585693118637452770e+00
-9.595459940252519360e+00
-9.605210021966495759e+00
-9.614944453450103623e+00
-9.624662065412378453e+00
-9.634363955339312113e+00
-9.644048949013196648e+00
-9.653718151694883787e+00
-9.663370384188850082e+00
-9.673006759492057682e+00
-9.682626093381385246e+00
-9.692229506552749285e+00
-9.701815809707188265e+00
-9.711386131203845196e+00
-9.720939276620955027e+00
-9.730476381946608910e+00
-9.739996247590681833e+00
-9.749500017137224361e+00
-9.758986485783502474e+00
-9.768456804677892791e+00
-9.777909763761938322e+00
-9.787346521718044201e+00
-9.796765863190037393e+00
-9.806168954365279689e+00
-9.815554574549153699e+00
-9.824923897405980711e+00
-9.834275696863024052e+00
-9.843611154034830335e+00
-9.852929037431740866e+00
-9.862230535592960479e+00
-9.871514411574375814e+00
-9.880781861315099945e+00
-9.890031642379856436e+00
-9.899264958084152966e+00
-9.908480560465868336e+00
-9.917679660194234970e+00
-9.926861003745408141e+00
-9.936025809120833330e+00
-9.945172817200944593e+00
-9.954303253298670384e+00
-9.963415852665555406e+00
-9.972511847906245563e+00
-9.981589968611089603e+00
-9.990651454657530905e+00
-9.999695029943048041e+00
-1.000872194159983586e+01
-1.001773090780178244e+01
-1.002672318291848796e+01
-1.003569747937008749e+01
-1.004465505874713038e+01
-1.005359462768665679e+01
-1.006251745498433792e+01
-1.007142224146531895e+01
-1.008031026311556744e+01
-1.008918021492014638e+01
-1.009803338004096851e+01
-1.010686844759560721e+01
-1.011568670790826374e+01
-1.012448684420209233e+01
-1.013327015395076636e+01
-1.014203531445666151e+01
-1.015078363033056696e+01
-1.015951377292829250e+01
-1.016822705398619497e+01
-1.017692213888822828e+01
-1.018560034648523782e+01
-1.019426033616466221e+01
-1.020290343388125720e+01
-1.021152829300170062e+01
-1.022013624657491171e+01
-1.022872594192302920e+01
-1.023729871917965717e+01
-1.024585321959913209e+01
-1.025439079039095702e+01
-1.026291006671887196e+01
-1.027141240285996027e+01
-1.027989642786476843e+01
-1.028836350307037328e+01
-1.029681225139211698e+01
-1.030524404121960202e+01
-1.031365748931144566e+01
-1.032205397110294598e+01
-1.033043209717468258e+01
-1.033879325000137861e+01
-1.034713603396466830e+01
-1.035546183857276503e+01
-1.036376926198782300e+01
-1.037205970074607464e+01
-1.038033174677001291e+01
-1.038858680361880715e+01
-1.039682345695546140e+01
-1.040504311735742959e+01
-1.041324436420863897e+01
-1.042142861510063234e+01
-1.042959444311901329e+01
-1.043774327286551085e+01
-1.044587367110847964e+01
-1.045398706945636569e+01
-1.046208202834160517e+01
-1.047015998637619205e+01
-1.047821949763831029e+01
-1.048626200774073958e+01
-1.049428606438920752e+01
-1.050229312019492056e+01
-1.051028171647329401e+01
-1.051825331283181342e+01
-1.052620644417798879e+01
-1.053414257711386171e+01
-1.054206024012154330e+01
-1.054996090679628118e+01
-1.055784309917754449e+01
-1.056570829785268728e+01
-1.057355501840166845e+01
-1.058138474840302123e+01
-1.058919599696040414e+01
-1.059699025864302691e+01
-1.060476603606180923e+01
-1.061252483077640107e+01
-1.062026513888842949e+01
-1.062798846894813742e+01
-1.063569331053179390e+01
-1.064338117918039828e+01
-1.065105055792882638e+01
-1.065870296930956407e+01
-1.066633688980026839e+01
-1.067395384892565957e+01
-1.068155231659050486e+01
-1.068913382931294365e+01
-1.069669685040928719e+01
-1.070424292339242989e+01
-1.071177050497491301e+01
-1.071928114566596157e+01
-1.072677329555911818e+01
-1.073424851216179832e+01
-1.074170523893344864e+01
-1.074914504038176410e+01
-1.075656635331707811e+01
-1.076397074924962993e+01
-1.077135665832600608e+01
-1.077872565906138824e+01
-1.078607617492381365e+01
-1.079340979143628054e+01
-1.080072492537370898e+01
-1.080802316926971507e+01
-1.081530293319166525e+01
-1.082256581668709750e+01
-1.082981022310129227e+01
-1.083703775899905075e+01
-1.084424682098941517e+01
-1.085143902265797067e+01
-1.085861275386331393e+01
-1.086576963521551775e+01
-1.087290804980869119e+01
-1.088002962528138795e+01
-1.088713273794923708e+01
-1.089421902248328777e+01
-1.090128684840684414e+01
-1.090833785742778872e+01
-1.091537041226323979e+01
-1.092238616166241805e+01
-1.092938346152245011e+01
-1.093636396763854002e+01
-1.094332602907425311e+01
-1.095027130867560672e+01
-1.095719814865881325e+01
-1.096410821892583165e+01
-1.097099985483203177e+01
-1.097787473334034658e+01
-1.098473118293192208e+01
-1.099157088763594459e+01
-1.099839216904586792e+01
-1.100519671826267043e+01
-1.101198284997875909e+01
-1.101875226237255134e+01
-1.102550326322200291e+01
-1.103223755778879323e+01
-1.103895344692319114e+01
-1.104565264297609950e+01
-1.105233343985683447e+01
-1.105899755701156018e+01
-1.106564328139557318e+01
-1.107227233955648593e+01
-1.107888301148239130e+01
-1.108547703082876801e+01
-1.109205267060339928e+01
-1.109861167157614403e+01
-1.110515229976137341e+01
-1.111167630305004117e+01
-1.111818194045005725e+01
-1.112467096698029145e+01
-1.113114163462904926e+01
-1.113759570555007805e+01
-1.114403142469926422e+01
-1.115045056137217117e+01
-1.115685135347924550e+01
-1.116323557746514261e+01
-1.116960146418193567e+01
-1.117595079723065865e+01
-1.118228180039206521e+01
-1.118859626443109967e+01
-1.119489240604417546e+01
-1.120117202316774296e+01
-1.120743332540113357e+01
-1.121367811785985680e+01
-1.121990460303319637e+01
-1.122611459322379623e+01
-1.123230628379788243e+01
-1.123848149425307419e+01
-1.124463841281981402e+01
-1.125077886619872380e+01
-1.125690103547155019e+01
-1.126300675455016886e+01
-1.126909419735478401e+01
-1.127516520501673902e+01
-1.128121794428187386e+01
-1.128725426350946570e+01
-1.129327232225804600e+01
-1.129927397612340023e+01
-1.130525737746388515e+01
-1.131122438912037964e+01
-1.131717315623828668e+01
-1.132310554891237864e+01
-1.132901970506206268e+01
-1.133491750204491311e+01
-1.134079707054154440e+01
-1.134666029518127672e+01
-1.135250529939302666e+01
-1.135833397508694986e+01
-1.136414443842731536e+01
-1.136993858861436557e+01
-1.137571453453478654e+01
-1.138147418268815159e+01
-1.138721563467069231e+01
-1.139294080429071343e+01
-1.139864778584105487e+01
-1.140433850044822428e+01
-1.141001103508873271e+01
-1.141566731821688840e+01
-1.142130542947984218e+01
-1.142692730466946038e+01
-1.143253101609057154e+01
-1.143811850688238962e+01
-1.144368784199435396e+01
-1.144924097192293111e+01
-1.145477595424912209e+01
-1.146029474683680149e+01
-1.146579539988539942e+01
-1.147127987863615850e+01
-1.147674622589393678e+01
-1.148219641428759630e+01
-1.148762847921428687e+01
-1.149304440070081945e+01
-1.149844220672341777e+01
-1.150382388471726181e+01
-1.150918745522452902e+01
-1.151453491309921517e+01
-1.151986427143621761e+01
-1.152517753251902199e+01
-1.153047270198200636e+01
-1.153575178954872804e+01
-1.154101279337984565e+01
-1.154625773064985594e+01
-1.155148459203225819e+01
-1.155669540216338653e+01
-1.156188814421631150e+01
-1.156706485030013098e+01
-1.157222349607410905e+01
-1.157736612113123087e+01
-1.158249069360347505e+01
-1.158759926057884648e+01
-1.159268978264869077e+01
-1.159776431440725553e+01
-1.160282080889162160e+01
-1.160786132821378303e+01
-1.161288381784304669e+01
-1.161789034742042936e+01
-1.162287885483399918e+01
-1.162785141726537219e+01
-1.163280596500763053e+01
-1.163774458279466550e+01
-1.164266519331097349e+01
-1.164756988885433842e+01
-1.165245658448698762e+01
-1.165732738008246727e+01
-1.166218018306689608e+01
-1.166701710090151600e+01
-1.167183603336256326e+01
-1.167663909551093049e+01
-1.168142417945909095e+01
-1.168619340787972583e+01
-1.169094466520763653e+01
-1.169568008173936491e+01
-1.170039753421822581e+01
-1.170509916057685196e+01
-1.170978282985301355e+01
-1.171445068762779229e+01
-1.171910059521940717e+01
-1.172373470586980915e+01
-1.172835087316349956e+01
-1.173295125801592143e+01
-1.173753370626366355e+01
-1.174210038650823229e+01
-1.174664913682418899e+01
-1.175118213351171548e+01
-1.175569720686907793e+01
-1.176019654090804245e+01
-1.176467795813615247e+01
-1.176914365028961029e+01
-1.177359143207100622e+01
-1.177802350295384848e+01
-1.178243766982124896e+01
-1.178683613989720946e+01
-1.179121671223094836e+01
-1.179558160180994797e+01
-1.179992859983496167e+01
-1.180425992907032828e+01
-1.180857337285371678e+01
-1.181287116173950125e+01
-1.181715107118764330e+01
-1.182141533955610058e+01
-1.182566173441226631e+01
-1.182989250193115360e+01
-1.183410540177291814e+01
-1.183830268794314122e+01
-1.184248211217984981e+01
-1.184664593633290330e+01
-1.185079190420335138e+01
-1.185492228549903260e+01
-1.185903481606901266e+01
-1.186313177349297376e+01
-1.186721088565290572e+01
-1.187127443801438531e+01
-1.187532015047721501e+01
-1.187935031640672889e+01
-1.188336264770550521e+01
-1.188735944565276270e+01
-1.189133841413851123e+01
-1.189530186237012366e+01
-1.189924748620968309e+01
-1.190317760280702508e+01
-1.190708989998102041e+01
-1.191098670283829364e+01
-1.191486569113890859e+01
-1.191872919796086983e+01
-1.192257489498998346e+01
-1.192640512329004387e+01
-1.193021754645711141e+01
-1.193401451355542520e+01
-1.193779368007560393e+01
-1.194155740309703440e+01
-1.194530332998914623e+01
-1.194903382586143081e+01
-1.195274652994619480e+01
-1.195644381539795376e+01
-1.196012331329609957e+01
-1.196378740485508807e+01
-1.196743371298550329e+01
-1.197106462697685636e+01
-1.197467776155475683e+01
-1.197827551409905844e+01
-1.198185549113440196e+01
-1.198542009814602949e+01
-1.198896693344151032e+01
-1.199249841062698962e+01
-1.199601211977648241e+01
-1.199951048263262265e+01
-1.200299108101961920e+01
-1.200645634483195145e+01
-1.200990384762766006e+01
-1.201333602746882434e+01
-1.201675044963069894e+01
-1.202014956035871052e+01
-1.202353091662885731e+01
-1.202689697288561277e+01
-1.203024527778905650e+01
-1.203357829399878831e+01
-1.203689356184215598e+01
-1.204019355220976806e+01
-1.204347579707950011e+01
-1.204674277558910767e+01
-1.204999201135009024e+01
-1.205322599176356668e+01
-1.205644223205762700e+01
-1.205964322791305499e+01
-1.206282648615742836e+01
-1.206599451076759522e+01
-1.206914480015353774e+01
-1.207227986660456764e+01
-1.207539720009583739e+01
-1.207849932124576675e+01
-1.208158371157723820e+01
-1.208465290005450044e+01
-1.208770435973078605e+01
-1.209074062793287929e+01
-1.209375916922694039e+01
-1.209676252931910412e+01
-1.209974816427075517e+01
-1.210271862818444077e+01
-1.210567136859917525e+01
-1.210860894803086829e+01
-1.211152880547830257e+01
-1.211443351188805728e+01
-1.211732049770085418e+01
-1.212019234231101628e+01
-1.212304646758327031e+01
-1.212588546137716428e+01
-1.212870673696332346e+01
-1.213151289068388294e+01
-1.213430132719729393e+01
-1.213707465134590002e+01
-1.213983025915761083e+01
-1.214257076399260704e+01
-1.214529355323009518e+01
-1.214800124876571452e+01
-1.215069122931148726e+01
-1.215336612531649862e+01
-1.215602330680695609e+01
-1.215866541280336044e+01
-1.216128980462752551e+01
-1.216389912988932309e+01
-1.216649074118758733e+01
-1.216906729473962123e+01
-1.217162613440236818e+01
-1.217416992501901696e+01
-1.217669600168563804e+01
-1.217920703788952963e+01
-1.218170035994699774e+01
-1.218417865000787792e+01
-1.218663922558959989e+01
-1.218908477752311725e+01
-1.219151261450768153e+01
-1.219392543607401791e+01
-1.219632054208403638e+01
-1.219870064078695826e+01
-1.220106302318774993e+01
-1.220341040627313411e+01
-1.220574007217161139e+01
-1.220805474662638801e+01
-1.221035170286987004e+01
-1.221263367542071165e+01
-1.221489792859567558e+01
-1.221714720570793133e+01
-1.221937876213868179e+01
-1.222159535001508779e+01
-1.222379421576279945e+01
-1.222597812034229925e+01
-1.222814430120362061e+01
-1.223029552816015553e+01
-1.223242902966614132e+01
-1.223454758440740164e+01
-1.223664841182220542e+01
-1.223873429948853975e+01
-1.224080245780826282e+01
-1.224285568327139018e+01
-1.224489117722289144e+01
-1.224691174508472535e+01
-1.224891457912437431e+01
-1.225090249371579887e+01
-1.225287267202827657e+01
-1.225482793740794563e+01
-1.225676546390507582e+01
-1.225868808385820152e+01
-1.226059296217769656e+01
-1.226248294021485030e+01
-1.226435517371909079e+01
-1.226621251307495619e+01
-1.226805210484970488e+01
-1.226987680848192852e+01
-1.227168376133531069e+01
-1.227347583192308988e+01
-1.227525014838414386e+01
-1.227700958832717681e+01
-1.227875127064470107e+01
-1.228047808206190794e+01
-1.228218713220321767e+01
-1.228388131693139762e+01
-1.228555773658111150e+01
-1.228721929617379516e+01
-1.228886308673249772e+01
-1.229049202245866468e+01
-1.229210318504170019e+01
-1.229369949788445560e+01
-1.229527803332059577e+01
-1.229684172397594999e+01
-1.229838763280620206e+01
-1.229991870168183432e+01
-1.230143198415805550e+01
-1.230293043137180931e+01
-1.230441108745553613e+01
-1.230587691283439966e+01
-1.230732494219535944e+01
-1.230875814527396450e+01
-1.231017354728889579e+01
-1.231157412730825484e+01
-1.231295690105957696e+01
-1.231432485696568513e+01
-1.231567500124008774e+01
-1.231701033168272552e+01
-1.231832784496981503e+01
-1.231963054830099757e+01
-1.232091542879203416e+01
-1.232218550306483884e+01
-1.232343774865127983e+01
-1.232467519161826885e+01
-1.232589479989035652e+01
-1.232709960900235835e+01
-1.232828657724777166e+01
-1.232945874965236932e+01
-1.233061307485478153e+01
-1.233175260739493950e+01
-1.233287428623264859e+01
-1.233398117544517092e+01
-1.233507020428953460e+01
-1.233614444640379126e+01
-1.233720082131789653e+01
-1.233824241225421758e+01
-1.233926612899130859e+01
-1.234027506435954002e+01
-1.234126611836155085e+01
-1.234224239345955354e+01
-1.234320077985571196e+01
-1.234414438966784289e+01
-1.234507010327290644e+01
-1.234598104246851413e+01
-1.234687407778148405e+01
-1.234775234071330985e+01
-1.234861269191563515e+01
-1.234945827261828022e+01
-1.235028593357249527e+01
-1.235109882576078633e+01
-1.235189379000875043e+01
-1.235267398707620323e+01
-1.235343624783753391e+01
-1.235418374285468701e+01
-1.235491329302517727e+01
-1.235562807873784230e+01
-1.235632491088771090e+01
-1.235700697971550355e+01
-1.235767108608770926e+01
-1.235832043012221426e+01
-1.235895180263088022e+01
-1.235956841363394609e+01
-1.236016704386248044e+01
-1.236075091326450881e+01
-1.236131679246394199e+01
-1.236186791136215035e+01
-1.236240103044932681e+01
-1.236291938960594905e+01
-1.236341973916171888e+01
-1.236390532900215078e+01
-1.236437289926958094e+01
-1.236482570988056828e+01
-1.236526049076314138e+01
-1.236568051189093964e+01
-1.236608249295053952e+01
-1.236646971399902917e+01
-1.236683888445415747e+01
-1.236719329448288818e+01
-1.236752964320668724e+01
-1.236785123092897720e+01
-1.236815474644726365e+01
-1.236844350022822425e+01
-1.236871417071754564e+01
-1.236897007857200670e+01
-1.236920789185760938e+01
-1.236943094144822552e+01
-1.236963588500195144e+01
-1.236982606363698523e+01
-1.236999812457529480e+01
-1.237015541920668049e+01
-1.237029458428841089e+01
-1.237041898150952690e+01
-1.237052523713392560e+01
-1.237061672317745220e+01
-1.237069005538181621e+01
-1.237074861611756837e+01
-1.237078901057515523e+01
-1.237081463150780714e+01
-1.237082207352557361e+01
-1.237081473979242219e+01
-1.237078921430875944e+01
-1.237074891067749505e+01
-1.237069040225975236e+01
-1.237061711312603585e+01
-1.237052560596842099e+01
-1.237041931535348560e+01
-1.237029479327447845e+01
-1.237015548482284544e+01
-1.236999793126286207e+01
-1.236982558823972056e+01
-1.236963498625855706e+01
-1.236942959154744948e+01
-1.236920592382184303e+01
-1.236896745992194013e+01
-1.236871070874298617e+01
-1.236843915776669789e+01
-1.236814930503722998e+01
-1.236784464870742362e+01
-1.236752167593938090e+01
-1.236718389558683207e+01
-1.236682778389852189e+01
-1.236645686045909187e+01
-1.236606759057258031e+01
-1.236566350458452668e+01
-1.236524105682271291e+01
-1.236480378842385797e+01
-1.236434814270768356e+01
-1.236387767163250651e+01
-1.236338880747810798e+01
-1.236288511305496307e+01
-1.236236300957062895e+01
-1.236182607071860673e+01
-1.236127070660192118e+01
-1.236070050182796898e+01
-1.236011185536259305e+01
-1.235950836275837084e+01
-1.235888641181109904e+01
-1.235824960904981573e+01
-1.235759433106736260e+01
-1.235692419540065679e+01
-1.235623556740641504e+01
-1.235553207566099942e+01
-1.235481007425171818e+01
-1.235407320282627097e+01
-1.235331780416874636e+01
-1.235254752903031950e+01
-1.235175870885798410e+01
-1.235095500553861392e+01
-1.235013273914812437e+01
-1.234929558274135708e+01
-1.234843984498894898e+01
-1.234756921014625419e+01
-1.234667997544414142e+01
-1.234577583637127418e+01
-1.234485307868396653e+01
-1.234391540913721208e+01
-1.234295910197782398e+01
-1.234198787526017504e+01
-1.234099799168646072e+01
-1.233999318064382500e+01
-1.233896969325440374e+01
-1.233793127027153425e+01
-1.233687415120175679e+01
-1.233580208819832791e+01
-1.233471130911624769e+01
-1.233360557754265585e+01
-1.233248110964493094e+01
-1.233134168047811841e+01
-1.233018349448563100e+01
-1.232901033822472492e+01
-1.232781840437838738e+01
-1.232661149104039211e+01
-1.232538577909652311e+01
-1.232414507821181360e+01
-1.232288555743772029e+01
-1.232161103804541291e+01
-1.232031767721475468e+01
-1.231900930785806736e+01
-1.231768207524606851e+01
-1.231633982396750859e+01
-1.231497868734608225e+01
-1.231360252168255087e+01
-1.231220744831555791e+01
-1.231079733529331222e+01
-1.230936829193118243e+01
-1.230792419806078541e+01
-1.230646115093558990e+01
-1.230498304220660977e+01
-1.230348595702661285e+01
-1.230197379890231346e+01
-1.230044264084660988e+01
-1.229889639825838721e+01
-1.229733113197137939e+01
-1.229575076931321576e+01
-1.229415135889887978e+01
-1.229253684002162039e+01
-1.229090324903770437e+01
-1.228925453724309591e+01
-1.228758672869515323e+01
-1.228590378672988592e+01
-1.228420172306526936e+01
-1.228248451311474376e+01
-1.228074815621624793e+01
-1.227899663989833101e+01
-1.227722595107786674e+01
-1.227544008943642062e+01
-1.227363502942836249e+01
-1.227181478292654937e+01
-1.226997531188123958e+01
-1.226812064039473782e+01
-1.226624671787144294e+01
-1.226435758068155302e+01
-1.226244916564139942e+01
-1.226052552142786745e+01
-1.225858257222670211e+01
-1.225662437906044566e+01
-1.225464685344141280e+01
-1.225265406877696961e+01
-1.225064192386288653e+01
-1.224861450453077438e+01
-1.224656769681643631e+01
-1.224450559901528202e+01
-1.224242408435939033e+01
-1.224032726364787038e+01
-1.223821099726492889e+01
-1.223607940855337795e+01
-1.223392834500528714e+01
-1.223176194254739002e+01
-1.222957603573490815e+01
-1.222737477311891219e+01
-1.222515397627272726e+01
-1.222291780641246639e+01
-1.222066207208426647e+01
-1.221839094721016217e+01
-1.221610022726333966e+01
-1.221379409891291701e+01
-1.221146834451308294e+01
-1.220912716352138361e+01
-1.220676632512661186e+01
-1.220439004161636198e+01
-1.220199406896729855e+01
-1.219958263233877460e+01
-1.219715147444827785e+01
-1.219470483336899314e+01
-1.219223843851179190e+01
-1.218975654090585081e+01
-1.218725485660772634e+01
-1.218473764964502770e+01
-1.218220062267175230e+01
-1.217964805275677165e+01
-1.217707562910298513e+01
-1.217448764186342380e+01
-1.217187976674093441e+01
-1.216925630701597250e+01
-1.216661292484210222e+01
-1.216395393667045255e+01
-1.216127499105574827e+01
-1.215858041766345288e+01
-1.215586585139938336e+01
-1.215313563518722262e+01
-1.215038539023348285e+01
-1.214761947276413956e+01
-1.214483349023559278e+01
-1.214203181222056926e+01
-1.213921003237416230e+01
-1.213637253366028368e+01
-1.213351489588120380e+01
-1.213064151543694003e+01
-1.212774795822490859e+01
-1.212483863412630392e+01
-1.212190909508134951e+01
-1.211896376449769264e+01
-1.211599818030559206e+01
-1.211301677948479849e+01
-1.211001508590238807e+01
-1.210699755015596857e+01
-1.210395968199589412e+01
-1.210090594568374911e+01
-1.209783183679913598e+01
-1.209474183331399111e+01
-1.209163141658273943e+01
-1.208850507833418852e+01
-1.208535828564279768e+01
-1.208219554404120188e+01
-1.207901230626858613e+01
-1.207581309170852357e+01
-1.207259333870928408e+01
-1.206935758055279884e+01
-1.206610124114031279e+01
-1.206282886769976948e+01
-1.205953586962888835e+01
-1.205622680814964909e+01
-1.205289707809930633e+01
-1.204955125474207733e+01
-1.204618471829730808e+01
-1.204280205812007587e+01
-1.203939863975407931e+01
-1.203597906669405582e+01
-1.203253868974969798e+01
-1.202908212660466880e+01
-1.202560471327604574e+01
-1.202211108168570775e+01
-1.201859655299904261e+01
-1.201506577342599691e+01
-1.201151404922075727e+01
-1.200794604093135121e+01
-1.200435703984067715e+01
-1.200075172088540398e+01
-1.199712536031676891e+01
-1.199348264751073501e+01
-1.198981884362606287e+01
-1.198613865252905875e+01
-1.198243732022474539e+01
-1.197871956512126346e+01
-1.197498061800811620e+01
-1.197122521188711275e+01
-1.196744856227010345e+01
-1.196365541680467892e+01
-1.195984097566244664e+01
-1.195601000118936597e+01
-1.195215767815379060e+01
-1.194828878365284375e+01
-1.194439848698831597e+01
-1.194049158006182410e+01
-1.193656321664463427e+01
-1.193261820349660596e+01
-1.192865167879415722e+01
-1.192466846420953885e+01
-1.192066368225971296e+01
-1.191664216958366040e+01
-1.191259903297383360e+01
-1.190853912409102833e+01
-1.190445753393752248e+01
-1.190035912925142725e+01
-1.189623898517886680e+01
-1.189210198359101156e+01
-1.188794318371160408e+01
-1.188376748260128046e+01
-1.187956992349457686e+01
-1.187535541869831235e+01
-1.187111899539072901e+01
-1.186686558118219814e+01
-1.186259018712706492e+01
-1.185829775619704129e+01
-1.185398328325470629e+01
-1.184965172669139122e+01
-1.184529806510960093e+01
-1.184092727237913145e+01
-1.183653431077378926e+01
-1.183212416970123115e+01
-1.182769179503739210e+01
-1.182324219178789093e+01
-1.181877028936130536e+01
-1.181428110842175272e+01
-1.180976956184075810e+01
-1.180524068600191434e+01
-1.180068937716965927e+01
-1.179612068750886067e+01
-1.179152949660631577e+01
-1.178692087247052811e+01
-1.178228967793985760e+01
-1.177764099692949884e+01
-1.177296967545814432e+01
-1.176828081341136745e+01
-1.176356923991679260e+01
-1.175884007089464589e+01
-1.175408811850972413e+01
-1.174931851478193501e+01
-1.174452605484115786e+01
-1.173971588687276402e+01
-1.173488278889923819e+01
-1.173003192533787775e+01
-1.172515805703125125e+01
-1.172026636469564131e+01
-1.171535159192075781e+01
-1.171041893578991022e+01
-1.170546312256664656e+01
-1.170048936577013876e+01
-1.169549237426419275e+01
-1.169047737807340326e+01
-1.168543906858812953e+01
-1.168038269240872395e+01
-1.167530292337806763e+01
-1.167020502474352739e+01
-1.166508365272629888e+01
-1.165994408729272536e+01
-1.165478096696786459e+01
-1.164959958851004451e+01
-1.164439457267342348e+01
-1.163917123308217683e+01
-1.163392417264461720e+01
-1.162865872192555017e+01
-1.162336946591232945e+01
-1.161806175218599790e+01
-1.161273014773767009e+01
-1.160738001724129020e+01
-1.160200590961619938e+01
-1.159661320670684326e+01
-1.159119643928505106e+01
-1.158576100644441986e+01
-1.158030142073337565e+01
-1.157482309857428859e+01
-1.156932053421607520e+01
-1.156379916149053777e+01
-1.155825345627094514e+01
-1.155268886988013399e+01
-1.154709985973936526e+01
-1.154149189474528470e+01
-1.153585941379055235e+01
-1.153020790342950086e+01
-1.152453178394963373e+01
-1.151883655964781283e+01
-1.151311663212951153e+01
-1.150737752352022802e+01
-1.150161361666645554e+01
-1.149583045160959394e+01
-1.149002239236004641e+01
-1.148419499696343493e+01
-1.147834261051683491e+01
-1.147247080915964546e+01
-1.146657391899835687e+01
-1.146065753435681778e+01
-1.145471596227346822e+01
-1.144875481534846529e+01
-1.144276838147468922e+01
-1.143676229162177904e+01
-1.143073081445928985e+01
-1.142467959942077904e+01
-1.141860289587469879e+01
-1.141250637181402361e+01
-1.140638425722821836e+01
-1.140024223876666554e+01
-1.139407452696171852e+01
-1.138788682721728662e+01
-1.138167333053057462e+01
-1.137543976115935607e+01
-1.136918029048744749e+01
-1.136290066172735713e+01
-1.135659502657093434e+01
-1.135026914728749148e+01
-1.134391715579853788e+01
-1.133754483353350295e+01
-1.133114629256481898e+01
-1.132472733358681616e+01
-1.131828204874410559e+01
-1.131181625810197389e+01
-1.130532403379827322e+01
-1.129881121537656874e+01
-1.129227185488891649e+01
-1.128571181146601532e+01
-1.127912511699478948e+01
-1.127251765030330510e+01
-1.126588342303391421e+01
-1.125922833382348109e+01
-1.125254637399033086e+01
-1.124584346209299035e+01
-1.123911356904601178e+01
-1.123236263344378294e+01
-1.122558460571708494e+01
-1.121878544461205784e+01
-1.121195907999539543e+01
-1.120511149088200398e+01
-1.119823658649412579e+01
-1.119134036623393946e+01
-1.118441671859867448e+01
-1.117747166349748511e+01
-1.117049906862163233e+01
-1.116350497450871870e+01
-1.115648322796279501e+01
-1.114943989027253046e+01
-1.114236878727328062e+01
-1.113527600112887228e+01
-1.112815533662421075e+01
-1.112101289692375872e+01
-1.111384246567982181e+01
-1.110665016718433762e+01
-1.109942976387457669e+01
-1.109218740129826486e+01
-1.108491682059470662e+01
-1.107762418869718424e+01
-1.107030322536362554e+01
-1.106296011904393772e+01
-1.105558856803119738e+01
-1.104819478242424147e+01
-1.104077243896711380e+01
-1.103332776954150418e+01
-1.102585442925770920e+01
-1.101835867191550911e+01
-1.101083413090640128e+01
-1.100328708208476591e+01
-1.099571113703760972e+01
-1.098811259381190375e+01
-1.098048504210392018e+01
-1.097283480229250152e+01
-1.096515544209637305e+01
-1.095745330436689535e+01
-1.094972193475777900e+01
-1.094196769873480868e+01
-1.093418411979867955e+01
-1.092637758617288668e+01
-1.091854159911625999e+01
-1.091068256975458972e+01
-1.090279397701531217e+01
-1.089488225507252039e+01
-1.088694086043197196e+01
-1.087897625046312378e+01
-1.087098185915905901e+01
-1.086296416723305214e+01
-1.085491658607360677e+01
-1.084684561988772700e+01
-1.083874465736632686e+01
-1.083062022636107002e+01
-1.082246569277190851e+01
-1.081428760824722346e+01
-1.080607931580132508e+01
-1.079784739103284963e+01
-1.078958515397494544e+01
-1.078129920433107714e+01
-1.077298283905646770e+01
-1.076464268211544173e+01
-1.075627200728767008e+01
-1.074787746295531043e+01
-1.073945229962364856e+01
-1.073100319025087579e+01
-1.072252336196803668e+01
-1.071401951246875051e+01
-1.070548484540866419e+01
-1.069692608337726902e+01
-1.068833640645254057e+01
-1.067972256228152617e+01
-1.067107770726079607e+01
-1.066240861425777098e+01
-1.065370841588274331e+01
-1.064498391038728187e+01
-1.063622820648906853e+01
-1.062744812798883487e+01
-1.061863675960402098e+01
-1.060980095085041164e+01
-1.060093376233608176e+01
-1.059204206945898363e+01
-1.058311890860718663e+01
-1.057417118122890365e+01
-1.056519189938005709e+01
-1.055618799072829361e+01
-1.054715244288360765e+01
-1.053809220990318529e+01
-1.052900025483581814e+01
-1.051988355829944588e+01
-1.051073505866455449e+01
-1.050156176328196800e+01
-1.049235658572519370e+01
-1.048312656025109746e+01
-1.047386457551566608e+01
-1.046457769285593642e+01
-1.045525877588817032e+01
-1.044591491320457166e+01
-1.043653894325751175e+01
-1.042713798207046771e+01
-1.041770484280583808e+01
-1.040824666909550977e+01
-1.039875624868392201e+01
-1.038924075298903560e+01
-1.037969294420758359e+01
-1.037012002172253844e+01
-1.036051472205093482e+01
-1.035088427272053124e+01
-1.034122138443459527e+01
-1.033153331304633227e+01
-1.032181274330924658e+01
-1.031206695958362829e+01
-1.030228862053485450e+01
-1.029248503921287572e+01
-1.028264884805447110e+01
-1.027278738898262667e+01
-1.026289326806304913e+01
-1.025297385627603752e+01
-1.024302173317109421e+01
-1.023304429897119938e+01
-1.022303410656245504e+01
-1.021299858559664031e+01
-1.020293026214678811e+01
-1.019283659548056242e+01
-1.018271008470602723e+01
-1.017255821889469836e+01
-1.016237347003511715e+01
-1.015216335719151530e+01
-1.014192032507619423e+01
-1.013165192293588213e+01
-1.012135056804712185e+01
-1.011102384002990817e+01
-1.010066412856314599e+01
-1.009027904383180996e+01
-1.007986094775250940e+01
-1.006941748126793357e+01
-1.005894097836520018e+01
-1.004843911093821873e+01
-1.003790418487494129e+01
-1.002734390321506730e+01
-1.001675054357475503e+01
-1.000613184033510983e+01
-9.995480042665304765e+00
-9.984802916484310842e+00
-9.974092682336321403e+00
-9.963357137875810565e+00
-9.952588474841229882e+00
-9.941794522821071567e+00
-9.930967444564387847e+00
-9.920115101793447465e+00
-9.909229628081350327e+00
-9.898318917484894897e+00
-9.887375074211899317e+00
-9.876406024855413079e+00
-9.865403844065706807e+00
-9.854376491175058206e+00
-9.843316011080908368e+00
-9.832230396058859512e+00
-9.821111661055242692e+00
-9.809967831494281754e+00
-9.798790892169908062e+00
-9.787588901861422386e+00
-9.776353815006022074e+00
-9.765093723945842186e+00
-9.753800552553970604e+00
-9.742482426944178542e+00
-9.731131240215020739e+00
-9.719755152462221659e+00
-9.708346025796124934e+00
-9.696912054505972378e+00
-9.685445069497044202e+00
-9.673953299465079425e+00
-9.662428543890367649e+00
-9.650879066089382619e+00
-9.639296633894243627e+00
-9.627689545458029130e+00
-9.616049536738138670e+00
-9.604384940941457671e+00
-9.592687461921084235e+00
-9.580965468156453113e+00
-9.569210631163254988e+00
-9.557431354913866528e+00
-9.545619278350264025e+00
-9.533782841159638366e+00
-9.521913649470654661e+00
-9.510020178908847654e+00
-9.498094002546530135e+00
-9.486143632172835183e+00
-9.474160607557296387e+00
-9.462153476879732850e+00
-9.450113746356963773e+00
-9.438050000788324567e+00
-9.425953712584583144e+00
-9.413833503395352409e+00
-9.401680811568510876e+00
-9.389504295836401226e+00
-9.377295360223897092e+00
-9.365062700780496741e+00
-9.352797686944288813e+00
-9.340509052318575201e+00
-9.328188131487038959e+00
-9.315843695845485328e+00
-9.303467044852446577e+00
-9.291066987936764221e+00
-9.278634789157230500e+00
-9.266179296218803429e+00
-9.253691737502286685e+00
-9.241180999233826299e+00
-9.228638273834555150e+00
-9.216072486299259126e+00
-9.203474792803731930e+00
-9.190854157361355803e+00
-9.178201699613438791e+00
-9.165526422844109788e+00
-9.152819409867255729e+00
-9.140089703492536799e+00
-9.127328349409651764e+00
-9.114544430211266146e+00
-9.101728954162298990e+00
-9.088891043898350119e+00
-9.076021669955252946e+00
-9.063129995274227468e+00
-9.050206952353885725e+00
-9.037261744706432509e+00
-9.024285266481168577e+00
-9.011286762029744324e+00
-8.998257086836009222e+00
-8.985205526362344486e+00
-8.972122897107233541e+00
-8.959018525917967324e+00
-8.945883189983730333e+00
-8.932726257814090687e+00
-8.919538466960933221e+00
-8.906329227876565113e+00
-8.893089238143573994e+00
-8.879827950440772000e+00
-8.866536022045293564e+00
-8.853222948149333860e+00
-8.839879345384499487e+00
-8.826514751746847409e+00
-8.813119742877836060e+00
-8.799703899871344603e+00
-8.786257757030160320e+00
-8.772790938843360919e+00
-8.759293937922162598e+00
-8.745776422451992715e+00
-8.732228842995224838e+00
-8.718660911738522756e+00
-8.705063036833930568e+00
-8.691444974777919441e+00
-8.677797090946414826e+00
-8.664129186458159992e+00
-8.650431583542623315e+00
-8.636714128257375833e+00
-8.622967099310654859e+00
-8.609200388019395689e+00
-8.595404229191306200e+00
-8.581588559727551413e+00
-8.567743570151300503e+00
-8.553879243277046740e+00
-8.539985724954899382e+00
-8.526073044246007981e+00
-8.512131301934278582e+00
-8.498170573665394301e+00
-8.484180914758981729e+00
-8.470172447787705394e+00
-8.456135182204199907e+00
-8.442079287855216663e+00
-8.427994727918683537e+00
-8.413891719867192975e+00
-8.399760180191472969e+00
-8.385610374346663676e+00
-8.371432171718650395e+00
-8.357235886106805012e+00
-8.343011339369596158e+00
-8.328768894017184010e+00
-8.314498323952923542e+00
-8.300210040769659514e+00
-8.285893769982617840e+00
-8.271559972644501713e+00
-8.257198325444088383e+00
-8.242819339276508117e+00
-8.228412641560543861e+00
-8.213988793421666657e+00
-8.199537372559678516e+00
-8.185068990724014171e+00
-8.170573175440905445e+00
-8.156060589483107748e+00
-8.141520709743167217e+00
-8.126964250422327396e+00
-8.112380637313505005e+00
-8.097780636457597936e+00
-8.083153622076366673e+00
-8.068510412467524873e+00
-8.053840329804154763e+00
-8.039154245064182192e+00
-8.024441427888643119e+00
-8.009712802365230644e+00
-7.994957585113501963e+00
-7.980186753767047669e+00
-7.965389471428294677e+00
-7.950576769719513770e+00
-7.935737757723952512e+00
-7.920883521501933977e+00
-7.906003115609328447e+00
-7.891107681000797847e+00
-7.876186217189891536e+00
-7.861249920488833531e+00
-7.846287734847551931e+00
-7.831310912405990088e+00
-7.816308341022485173e+00
-7.801291329142273412e+00
-7.786248707996961116e+00
-7.771191842822086748e+00
-7.756109507680729820e+00
-7.741013125091050107e+00
-7.725891411398548847e+00
-7.710755846904285171e+00
-7.695595089680002943e+00
-7.680420678317304350e+00
-7.665221212050782995e+00
-7.650008288278631774e+00
-7.634770446827026547e+00
-7.619519344424827700e+00
-7.604243460911147778e+00
-7.588954512877782221e+00
-7.573640919590326703e+00
-7.558314458044272044e+00
-7.542963486337312062e+00
-7.527599842417918907e+00
-7.512211822613406476e+00
-7.496811326383489238e+00
-7.481386587674270672e+00
-7.465949568023781957e+00
-7.450488438377736777e+00
-7.435015222928777590e+00
-7.419518028994473546e+00
-7.404008944007591353e+00
-7.388476011021084311e+00
-7.372931381302842091e+00
-7.357363032995664298e+00
-7.341783181807444159e+00
-7.326179740316154820e+00
-7.310564989284242365e+00
-7.294926775061063573e+00
-7.279277444088271487e+00
-7.263604775813107928e+00
-7.247921182991436950e+00
-7.232214377485207457e+00
-7.216496839010016373e+00
-7.200756211149412778e+00
-7.185005041234773238e+00
-7.169230903868149873e+00
-7.153446414663828357e+00
-7.137639078528716929e+00
-7.121821580038072419e+00
-7.105981353679612589e+00
-7.090131153679218201e+00
-7.074258343370449786e+00
-7.058375747330868144e+00
-7.042470656993838674e+00
-7.026555968001662045e+00
-7.010618899130316883e+00
-6.994672417811722553e+00
-6.978703669395681430e+00
-6.962725693841194108e+00
-6.946725562291329759e+00
-6.930716387981929572e+00
-6.914685167056658699e+00
-6.898645086791191261e+00
-6.882583067524754128e+00
-6.866512371348521881e+00
-6.850419841979925373e+00
-6.834318817114922062e+00
-6.818196063018501007e+00
-6.802064993794483705e+00
-6.785912297411679894e+00
-6.769751465198673657e+00
-6.753569105971066300e+00
-6.737378789113254385e+00
-6.721167043416625297e+00
-6.704947517167228810e+00
-6.688706658247158821e+00
-6.672458194704749879e+00
-6.656188492613142493e+00
-6.639911360658872219e+00
-6.623613082191883272e+00
-6.607307547428162842e+00
-6.590980956064974805e+00
-6.574647280755229417e+00
-6.558292636598278769e+00
-6.541931079607580024e+00
-6.525548639323766942e+00
-6.509159456060938709e+00
-6.492749472823857282e+00
-6.476332915184432437e+00
-6.459895638617674685e+00
-6.443451954927978953e+00
-6.426987631049644989e+00
-6.410517066011856890e+00
-6.394025937179765862e+00
-6.377528731818047802e+00
-6.361011036676310404e+00
-6.344487428283772879e+00
-6.327943401709939408e+00
-6.311393623796746510e+00
-6.294823496850091793e+00
-6.278247779092336778e+00
-6.261651778962977311e+00
-6.245050347152458770e+00
-6.228428697111316303e+00
-6.211801773106158997e+00
-6.195154692455728807e+00
-6.178502494131913991e+00
-6.161830198157907112e+00
-6.145152939361281597e+00
-6.128455639284902112e+00
-6.111753529784414773e+00
-6.095031432715449782e+00
-6.078304678156572827e+00
-6.061557987047064167e+00
-6.044806788906329054e+00
-6.028035702504984883e+00
-6.011260258044806903e+00
-5.994464970851935526e+00
-5.977665473076228864e+00
-5.960846175299287175e+00
-5.944022812909605769e+00
-5.927179690419248637e+00
-5.910332647771346259e+00
-5.893465882057919991e+00
-5.876595339118829919e+00
-5.859705107249440381e+00
-5.842811239555042668e+00
-5.825897714130729987e+00
-5.808980692743664243e+00
-5.792044041857288050e+00
-5.775104033325054509e+00
-5.758144420519166751e+00
-5.741181586832728279e+00
-5.724199171057892777e+00
-5.707213669610474938e+00
-5.690208605183740609e+00
-5.673200588729724103e+00
-5.656173025293132817e+00
-5.639142641907122666e+00
-5.622092724386595464e+00
-5.605040117422698920e+00
-5.587967985986624697e+00
-5.570893294037624344e+00
-5.553799084055805579e+00
-5.536702440912366185e+00
-5.519586282914651143e+00
-5.502467817524551386e+00
-5.485329837159477862e+00
-5.468189673586602240e+00
-5.451029991579666500e+00
-5.433868248962891556e+00
-5.416686981075119256e+00
-5.399503773586791233e+00
-5.382301030572375744e+00
-5.365096467376873512e+00
-5.347872354940855111e+00
-5.330646540152428337e+00
-5.313401158907901767e+00
-5.296154191548138712e+00
-5.278887636972866559e+00
-5.261619610927962043e+00
-5.244331973320601747e+00
-5.227042977297680970e+00
-5.209734341733356366e+00
-5.192424459216406163e+00
-5.175094905501535614e+00
-5.157764214706625161e+00
-5.140413817332932567e+00
-5.123062391162698681e+00
-5.105691219260664049e+00
-5.088319125257735109e+00
-5.070927242548854075e+00
-5.053534542848656663e+00
-5.036122007596901540e+00
-5.018708758879263598e+00
-5.001275623841303641e+00
-4.983841877281110833e+00
-4.966388189655483565e+00
-4.948933990871973165e+00
-4.931459792247133045e+00
-4.913985181252219725e+00
-4.896490507552925919e+00
-4.878995518697901268e+00
-4.861480400130536950e+00
-4.843965062051531767e+00
-4.826429523047560899e+00
-4.808893858609283534e+00
-4.791337917767387822e+00
-4.773781944005498268e+00
-4.756205614031664197e+00
-4.738629342093075181e+00
-4.721032629739245756e+00
-4.703436064820786022e+00
-4.685818970821016727e+00
-4.668202112106066615e+00
-4.650564631111127056e+00
-4.632927471704165967e+00
-4.615269592213545380e+00
-4.597612119072416625e+00
-4.579933823364283896e+00
-4.562256017230303051e+00
-4.544557281288734707e+00
-4.526859116614056155e+00
-4.509139910053892919e+00
-4.491421354926560028e+00
-4.473681640915324387e+00
-4.455942656981231487e+00
-4.438182392158338097e+00
-4.420422934540530591e+00
-4.402642068933134922e+00
-4.384862086147957250e+00
-4.367060563083902558e+00
-4.349259996953810159e+00
-4.331437752970806798e+00
-4.313616538533886491e+00
-4.295773503285465367e+00
-4.277931568701171194e+00
-4.260067664858449454e+00
-4.242204931309777827e+00
-4.224320074459572361e+00
-4.206436456050962391e+00
-4.188530554589372734e+00
-4.170625958240685272e+00
-4.152698913262519831e+00
-4.134773238598058676e+00
-4.116824943781400847e+00
-4.098878083014884766e+00
-4.080908424500726994e+00
-4.062940262314710615e+00
-4.044949118581445013e+00
-4.026959532002079456e+00
-4.008946773734413327e+00
-3.990935632000271571e+00
-3.972901121952435055e+00
-3.954868286377769326e+00
-3.936811879230740274e+00
-3.918757203062433803e+00
-3.900678745274457793e+00
-3.882602073542965382e+00
-3.864501403193384643e+00
-3.846402572556320454e+00
-3.828279519182527846e+00
-3.810158357761469716e+00
-3.792012742187799823e+00
-3.773869069397534748e+00
-3.755700703556628106e+00
-3.737534329926051058e+00
-3.719343016671633251e+00
-3.701153743656649286e+00
-3.682939276567194220e+00
-3.664726896354473240e+00
-3.646489059527808330e+00
-3.628253354829222399e+00
-3.609991922666974329e+00
-3.591732666503837379e+00
-3.573447403485420004e+00
-3.555164358962539239e+00
-3.536855019407961986e+00
-3.518547939476222020e+00
-3.500214267296970050e+00
-3.481882894504485737e+00
-3.463524622942144582e+00
-3.445168689172292797e+00
-3.426785540523805462e+00
-3.408404766720558587e+00
-3.389996452049205633e+00
-3.371590547928156045e+00
-3.353156766759935348e+00
-3.334725430504251076e+00
-3.316265870508027902e+00
-3.297808788448784334e+00
-3.279323125099959491e+00
-3.260839971379249302e+00
-3.242327867605066416e+00
-3.223818303821658127e+00
-3.205279409627820097e+00
-3.186743084463024012e+00
-3.168177036539513214e+00
-3.149613585363375545e+00
-3.131020006669005262e+00
-3.112429051124304014e+00
-3.093807550447906340e+00
-3.075188698011184663e+00
-3.056538869507987588e+00
-3.037891713025932194e+00
-3.019213135727692343e+00
-3.000537252926892773e+00
-2.981829490223897761e+00
-2.963124443192421520e+00
-2.944387042284716482e+00
-2.925652376923480347e+00
-2.906884868240387831e+00
-2.888120113682097312e+00
-2.869322010266311729e+00
-2.850526678259500901e+00
-2.831697475114269391e+00
-2.812871059370157134e+00
-2.794010232766193980e+00
-2.775152208265118770e+00
-2.756259215004387642e+00
-2.737369037259441917e+00
-2.718443313892306978e+00
-2.699520418166206248e+00
-2.680561380158600127e+00
-2.661605180630323364e+00
-2.642612221476636769e+00
-2.623622110354161041e+00
-2.604594600631803036e+00
-2.585569947206054486e+00
-2.566507233566429846e+00
-2.547447383202088744e+00
-2.528348787293128730e+00
-2.509253060350694842e+00
-2.490117877664900448e+00
-2.470985568348147865e+00
-2.451813066989783518e+00
-2.432643442112612853e+00
-2.413432861476623170e+00
-2.394225159141483594e+00
-2.374975708496866567e+00
-2.355729136677612967e+00
-2.336439993645647917e+00
-2.317153728665338530e+00
-2.297824037583965140e+00
-2.278497222478354178e+00
-2.259126092640612704e+00
-2.239757835396431140e+00
-2.220344339152059199e+00
-2.200933710807669197e+00
-2.181476881513499055e+00
-2.162022914108657989e+00
-2.142521743912853882e+00
-2.123023428272384105e+00
-2.103476865715493638e+00
-2.083933149049566946e+00
-2.064340096463287644e+00
-2.044749879765384470e+00
-2.025109190447139884e+00
-2.005471325667650184e+00
-1.985781800806349251e+00
-1.966095087777635753e+00
-1.946355473103161815e+00
-1.926618656188060719e+00
-1.906827638312398321e+00
-1.887039402744270511e+00
-1.867195605158206817e+00
-1.847354573036754877e+00
-1.827456551721102107e+00
-1.807561277622071305e+00
-1.787607516225207638e+00
-1.767656482377215621e+00
-1.747645386905001708e+00
-1.727636997877735947e+00
-1.707566890832176165e+00
-1.687499467673764020e+00
-1.667368581566906371e+00
-1.647240355316404559e+00
-1.627046825474499414e+00
-1.606855929964315255e+00
-1.586597786522377929e+00
-1.566342250371000722e+00
-1.546017409340123772e+00
-1.525695147017727127e+00
-1.505301400287889502e+00
-1.484910202116800582e+00
-1.464445206230743146e+00
-1.443982727157388846e+00
-1.423443990661479974e+00
-1.402907737604473626e+00
-1.382292606743342755e+00
-1.361679924285569943e+00
-1.340985566760019454e+00
-1.320293620903494558e+00
-1.299517007352585019e+00
-1.278742766997383207e+00
-1.257880649791306205e+00
-1.237020865524696367e+00
-1.216069754361526201e+00
-1.195120934050813100e+00
-1.174077067731123192e+00
-1.153035448293733722e+00
-1.131894761893835977e+00
-1.110756276465614700e+00
-1.089514362931261360e+00
-1.068274602454445388e+00
-1.046926667375778219e+00
-1.025580835367799315e+00
-1.004121643351637116e+00
-9.826645022700025711e-01
-9.610883128606739767e-01
-9.395141200156718053e-01
-9.178146104868507571e-01
-8.961170408238809948e-01
-8.742872122943996516e-01
-8.524592644990534041e-01
-8.304913266116117354e-01
-8.085252077752669297e-01
-7.864104354435466071e-01
-7.642974177958304915e-01
-7.420259710153371824e-01
-7.197562117167610740e-01
-6.973169057059335207e-01
-6.748792169680740693e-01
-6.522592242508540306e-01
-6.296407753925563622e-01
-6.068252326067082869e-01
-5.840111568306166623e-01
-5.609826348489441727e-01
-5.379554993226397519e-01
-5.146932716130810936e-01
-4.914323457781341609e-01
-4.679113488334661897e-01
-4.443915647686797477e-01
-4.205808695003117603e-01
-3.967712932268653847e-01
-3.726317613448016930e-01
-3.484932490836075147e-01
-3.239737476009118544e-01
-2.994551601012273023e-01
-2.744860232891317975e-01
-2.495176875177745612e-01
-2.239983681468012133e-01
-1.984797280991748292e-01
-1.722523374077775671e-01
-1.460254933080828987e-01
-1.188060082908744680e-01
-9.158692228239151412e-02
-6.271295522490841212e-02
-3.383921651076627485e-02
-7.048399100784332324e-16
