-1.717795144959651257e-15
-3.015096927228518187e+00
-5.876464300516157202e+00
-8.457950538244414673e+00
-1.067818381322941512e+01
-1.250346874947622311e+01
-1.393960545214775770e+01
-1.501891387184917370e+01
-1.578766654105826106e+01
-1.629651683579100307e+01
-1.659438432057761403e+01
-1.672518985516448353e+01
-1.672655391831738214e+01
-1.662967936800044910e+01
-1.645985717372262158e+01
-1.623723859564350747e+01
-1.597766695692140004e+01
-1.569346279036855130e+01
-1.539411445022019009e+01
-1.508686153178038047e+01
-1.477717390252585972e+01
-1.446913879598554686e+01
-1.416576889996996691e+01
-1.386924632666818979e+01
-1.358111371411469293e+01
-1.330242425410863838e+01
-1.303385815093366418e+01
-1.277581395953651011e+01
-1.252847917763564034e+01
-1.229188613194610014e+01
-1.206595526847747379e+01
-1.185052994201811849e+01
-1.164540253216240728e+01
-1.145033398653509948e+01
-1.126506509396355682e+01
-1.108932163402687188e+01
-1.092281292161167094e+01
-1.076522796581947183e+01
-1.061623010592613170e+01
-1.047545459163900361e+01
-1.034250858755254754e+01
-1.021697605921001006e+01
-1.009842472643882871e+01
-9.986416042662281001e+00
-9.880514509871058948e+00
-9.780297425664562283e+00
-9.685361820207569750e+00
-9.595330587103520159e+00
-9.509855239564044993e+00
-9.428618036347900855e+00
-9.351331210688496043e+00
-9.277736367714567223e+00
-9.207601717984616130e+00
-9.140720263536451284e+00
-9.076906371590363065e+00
-9.015993823642713068e+00
-8.957832526034748000e+00
-8.902286963614102433e+00
-8.849233375743523311e+00
-8.798558778471559094e+00
-8.750158651264918319e+00
-8.703936493692307153e+00
-8.659801940788462105e+00
-8.617670747281145793e+00
-8.577463215947290109e+00
-8.539104495690958530e+00
-8.502523217472408135e+00
-8.467652012392090199e+00
-8.434426274111450184e+00
-8.402784828523182981e+00
-8.372668765990120221e+00
-8.344022216399579861e+00
-8.316791214033374402e+00
-8.290924548428050045e+00
-8.266372638569237097e+00
-8.243088441368399799e+00
-8.221026321081080113e+00
-8.200143004562091775e+00
-8.180396437613529415e+00
-8.161746780719735028e+00
-8.144155247548050980e+00
-8.127585137567878704e+00
-8.112000653985720788e+00
-8.097367971208326409e+00
-8.083654030660582634e+00
-8.070827641920319095e+00
-8.058858255505796819e+00
-8.047717096976853668e+00
-8.037375916116456409e+00
-8.027808153534579105e+00
-8.018987665839135914e+00
-8.010889924398879813e+00
-8.003490716182097842e+00
-7.996767374391770211e+00
-7.990697454689464685e+00
-7.985259997442767599e+00
-7.980434179070514666e+00
-7.976200605656726950e+00
-7.972539939163669764e+00
-7.969434222176418281e+00
-7.966865478739621587e+00
-7.964817070005624444e+00
-7.963272269460294872e+00
-7.962215649258700623e+00
-7.961631629615760097e+00
-7.961505895625177409e+00
-7.961823920603475990e+00
-7.962572413200418531e+00
-7.963737814498017542e+00
-7.965307775234709453e+00
-7.967269626474381639e+00
-7.969611886780378462e+00
-7.972322706283154758e+00
-7.975391403654252365e+00
-7.978806883414454099e+00
-7.982559202571020585e+00
-7.986637961021479271e+00
-7.991033897729952429e+00
-7.995737254093586266e+00
-8.000739399546292319e+00
-8.006031167766019863e+00
-8.011604511605101564e+00
-8.017450812027631102e+00
-8.023562562275802890e+00
-8.029931649435809504e+00
-8.036551067759701183e+00
-8.043413172766848973e+00
-8.050511423649458820e+00
-8.057838609824862885e+00
-8.065388622360242010e+00
-8.073154652898853811e+00
-8.081130994046874960e+00
-8.089311210602366131e+00
-8.097689968853941878e+00
-8.106261180047949821e+00
-8.115019858553983667e+00
-8.123960237510676308e+00
-8.133077655819059615e+00
-8.142366645911950584e+00
-8.151822849540755200e+00
-8.161441077618155404e+00
-8.171217254767793037e+00
-8.181146451193932023e+00
-8.191224855967758955e+00
-8.201447780880636529e+00
-8.211811662444414850e+00
-8.222312037688325859e+00
-8.232945574853509640e+00
-8.243708021096248117e+00
-8.254596261860207562e+00
-8.265606240450882325e+00
-8.276735046071703295e+00
-8.287978805237049329e+00
-8.299334798460270335e+00
-8.310799323474657996e+00
-8.322369840563945687e+00
-8.334042807562239474e+00
-8.345815853819276597e+00
-8.357685586951930645e+00
-8.369649795438476758e+00
-8.381705227095695321e+00
-8.393849820297681674e+00
-8.406080454153997294e+00
-8.418395208350309744e+00
-8.430791085003797036e+00
-8.443266297124097264e+00
-8.455817962123495235e+00
-8.468444418897984605e+00
-8.481142892970309433e+00
-8.493911842192137129e+00
-8.506748593498960176e+00
-8.519651717235312560e+00
-8.532618635501071580e+00
-8.545648025102876133e+00
-8.558737397472230057e+00
-8.571885530246118989e+00
-8.585090018738606332e+00
-8.598349736155132206e+00
-8.611662356598381862e+00
-8.625026843921903108e+00
-8.638440946252108787e+00
-8.651903713487094194e+00
-8.665412963316999395e+00
-8.678967827374295396e+00
-8.692566188735378674e+00
-8.706207256729440402e+00
-8.719888975903861805e+00
-8.733610629499647615e+00
-8.747370219863549679e+00
-8.761167100598198587e+00
-8.774999328404389232e+00
-8.788866323914579226e+00
-8.802766194948732803e+00
-8.816698426040318282e+00
-8.830661173089497495e+00
-8.844653981590886005e+00
-8.858675052668065319e+00
-8.872723990013225759e+00
-8.886799037286440495e+00
-8.900899853777831439e+00
-8.915024723155514863e+00
-8.929173357860864968e+00
-8.943344079189333939e+00
-8.957536650429851477e+00
-8.971749428262254966e+00
-8.985982224652532935e+00
-9.000233429551016684e+00
-9.014502901554863001e+00
-9.028789061891256296e+00
-9.043091813859126304e+00
-9.057409608081425034e+00
-9.071742390738366524e+00
-9.086088640073041844e+00
-9.100448343428491071e+00
-9.114820004990757951e+00
-9.129203651642823658e+00
-9.143597811928822594e+00
-9.158002550738201464e+00
-9.172416419475116101e+00
-9.186839519585825897e+00
-9.201270423917421226e+00
-9.215709269102118739e+00
-9.230154648089104796e+00
-9.244606731399519717e+00
-9.259064130815252369e+00
-9.273527049518650145e+00
-9.287994116922059007e+00
-9.302465567706516225e+00
-9.316940047775698730e+00
-9.331417822207988877e+00
-9.345897552318604085e+00
-9.360379532539543135e+00
-9.374862438573387635e+00
-9.389346593216385983e+00
-9.403830685586925142e+00
-9.418315065906888606e+00
-9.432798435788345870e+00
-9.447281171988382908e+00
-9.461761987737160595e+00
-9.476241285481723509e+00
-9.490717789238567903e+00
-9.505191926342137165e+00
-9.519662430804981312e+00
-9.534129754086634989e+00
-9.548592639444196450e+00
-9.563051561737998085e+00
-9.577505272755225008e+00
-9.591954270068370647e+00
-9.606397313314873898e+00
-9.620834922124753774e+00
-9.635265863338728920e+00
-9.649690678021590529e+00
-9.664108139601291114e+00
-9.678518809984899107e+00
-9.692921468600873780e+00
-9.707316697634736258e+00
-9.721703281956349585e+00
-9.736081823492680698e+00
-9.750451112022329170e+00
-9.764811768702259087e+00
-9.779162587711823562e+00
-9.793504208950920997e+00
-9.807835430515027042e+00
-9.822156910582728884e+00
-9.836467450703324289e+00
-9.850767726891598741e+00
-9.865056543709410874e+00
-9.879334594585792217e+00
-9.893600686673954314e+00
-9.907855530414630962e+00
-9.922097935150057779e+00
-9.936328627948794789e+00
-9.950546419957555955e+00
-9.964752054506423207e+00
-9.978944344179335957e+00
-9.993124048217975286e+00
-1.000728998029221017e+01
-1.002144291522170150e+01
-1.003558166742624458e+01
-1.004970702698449969e+01
-1.006381780874491128e+01
-1.007791481774054887e+01
-1.009199686894112702e+01
-1.010606478204296010e+01
-1.012011737184262117e+01
-1.013415547242174775e+01
-1.014817789812187421e+01
-1.016218549714402641e+01
-1.017617708310478442e+01
-1.019015351807039060e+01
-1.020411361467379407e+01
-1.021805824860335754e+01
-1.023198623126058138e+01
-1.024589845172349101e+01
-1.025979371992438338e+01
-1.027367293810846860e+01
-1.028753491451106505e+01
-1.030138056433172622e+01
-1.031520869389003536e+01
-1.032902023113631529e+01
-1.034281398026471521e+01
-1.035659088178116249e+01
-1.037034973755304179e+01
-1.038409150045536045e+01
-1.039781496983536080e+01
-1.041152111075829723e+01
-1.042520871986564046e+01
-1.043887877424171684e+01
-1.045253006764393966e+01
-1.046616358901166599e+01
-1.047977812904683503e+01
-1.049337468838675314e+01
-1.050695205451310166e+01
-1.052051123961072676e+01
-1.053405102778265778e+01
-1.054757244261691973e+01
-1.056107426468550869e+01
-1.057455752884151323e+01
-1.058802101197934142e+01
-1.060146576008460251e+01
-1.061489054623307027e+01
-1.062829642741579228e+01
-1.064168217275419970e+01
-1.065504885012300917e+01
-1.066839522455850542e+01
-1.068172237470240660e+01
-1.069502906137992504e+01
-1.070831637388768343e+01
-1.072158306871866884e+01
-1.073483024571698685e+01
-1.074805665692637824e+01
-1.076126341263550046e+01
-1.077444926032623229e+01
-1.078761532063298390e+01
-1.080076033636711941e+01
-1.081388543841389449e+01
-1.082698936480940866e+01
-1.084007325659899834e+01
-1.085313584694230649e+01
-1.086617828695747434e+01
-1.087919930483010766e+01
-1.089220006166763710e+01
-1.090517928058728714e+01
-1.091813813260549360e+01
-1.093107533568025502e+01
-1.094399207065984037e+01
-1.095688705025534126e+01
-1.096976146507292782e+01
-1.098261402249173280e+01
-1.099544592280499700e+01
-1.100825586797800604e+01
-1.102104506792292149e+01
-1.103381221911184085e+01
-1.104655854101067192e+01
-1.105928272452152683e+01
-1.107198599860149812e+01
-1.108466704850854789e+01
-1.109732711263082194e+01
-1.110996487051044035e+01
-1.112258156990883684e+01
-1.113517588458280905e+01
-1.114774907161194939e+01
-1.116029979890033808e+01
-1.117282933279269663e+01
-1.118533633527532345e+01
-1.119782208190710548e+01
-1.121028522869350752e+01
-1.122272706035877832e+01
-1.123514622686638553e+01
-1.124754402205912918e+01
-1.125991908979926848e+01
-1.127227273300329635e+01
-1.128460358937468122e+01
-1.129691297086068857e+01
-1.130919950895022907e+01
-1.132146452458008135e+01
-1.133370664297060415e+01
-1.134592719400849781e+01
-1.135812479659300855e+01
-1.137030078952301793e+01
-1.138245378532567109e+01
-1.139458513167567766e+01
-1.140669343467871322e+01
-1.141878005085052727e+01
-1.143084357982715638e+01
-1.144288538693220758e+01
-1.145490406528533534e+01
-1.146690098898619503e+01
-1.147887474459258428e+01
-1.149082671494971208e+01
-1.150275548000944426e+01
-1.151466243133330458e+01
-1.152654614222426588e+01
-1.153840801293232232e+01
-1.155024661006972408e+01
-1.156206334254831880e+01
-1.157385677024883641e+01
-1.158562831071957611e+01
-1.159737651707019168e+01
-1.160910281546099121e+01
-1.162080575219197875e+01
-1.163248676201228271e+01
-1.164414438437458621e+01
-1.165578006259467969e+01
-1.166739232924131997e+01
-1.167898263617585108e+01
-1.169054950904728329e+01
-1.170209440824235081e+01
-1.171361585245554160e+01
-1.172511531057970124e+01
-1.173659129432079240e+01
-1.174804528105955725e+01
-1.175947577548017797e+01
-1.177088426343400940e+01
-1.178226924255091213e+01
-1.179363220713636018e+01
-1.180497164773435159e+01
-1.181628906708874283e+01
-1.182758294862655646e+01
-1.183885480351527697e+01
-1.185010310803488132e+01
-1.186132938176224805e+01
-1.187253209380065755e+01
-1.188371277212311306e+01
-1.189486987862731660e+01
-1.190600494966974665e+01
-1.191711643991416913e+01
-1.192820589408873744e+01
-1.193927175959551334e+01
-1.195031558952313588e+01
-1.196133582398485551e+01
-1.197233402441917249e+01
-1.198330862362390903e+01
-1.199426119137760871e+01
-1.200519015313665427e+01
-1.201609708701026413e+01
-1.202698041108774696e+01
-1.203784171180045348e+01
-1.204867939984558234e+01
-1.205949506996845066e+01
-1.207028712544958893e+01
-1.208105716934068852e+01
-1.209180359748149769e+01
-1.210252802122320226e+01
-1.211322882894103792e+01
-1.212390764027915502e+01
-1.213456283612505082e+01
-1.214519604440993561e+01
-1.215580563851073670e+01
-1.216639325464020338e+01
-1.217695725864212974e+01
-1.218749929500611984e+01
-1.219801772202065848e+01
-1.220851419244750247e+01
-1.221898705699832988e+01
-1.222943797670299837e+01
-1.223986529467482676e+01
-1.225027068020833632e+01
-1.226065246879746873e+01
-1.227101233799819013e+01
-1.228134861566427993e+01
-1.229166298761052900e+01
-1.230195377403008372e+01
-1.231222266899416340e+01
-1.232246798501528495e+01
-1.233269142441912969e+01
-1.234289129201765967e+01
-1.235306929838952072e+01
-1.236322374062657481e+01
-1.237335633755928122e+01
-1.238346537854005902e+01
-1.239355259065037451e+01
-1.240361625548417202e+01
-1.241365810837342210e+01
-1.242367642313480935e+01
-1.243367294335078199e+01
-1.244364593504206695e+01
-1.245359715004182455e+01
-1.246352484655656845e+01
-1.247343078467065070e+01
-1.248331321475825817e+01
-1.249317390515582460e+01
-1.250301109838716762e+01
-1.251282657104213492e+01
-1.252261855777635269e+01
-1.253238884343453030e+01
-1.254213565478668713e+01
-1.255186078493409774e+01
-1.256156245274373973e+01
-1.257124245957552588e+01
-1.258089901637629460e+01
-1.259053393276701627e+01
-1.260014541175714875e+01
-1.260973527123139526e+01
-1.261930170624507141e+01
-1.262884654294944475e+01
-1.263836796842888432e+01
-1.264786781710440522e+01
-1.265734426807300927e+01
-1.266679916402877026e+01
-1.267623067606474407e+01
-1.268564065515184680e+01
-1.269502726436290985e+01
-1.270439236294954455e+01
-1.271373410594816988e+01
-1.272305436089521358e+01
-1.273235127477462392e+01
-1.274162672341208236e+01
-1.275087884572306152e+01
-1.276010952582708491e+01
-1.276931689455529906e+01
-1.277850284432587991e+01
-1.278766549787007634e+01
-1.279680675590956618e+01
-1.280592473305996570e+01
-1.281502133835194890e+01
-1.282409467826992611e+01
-1.283314667015890187e+01
-1.284217541235663163e+01
-1.285118283052821297e+01
-1.286016701484930103e+01
-1.286912989931092888e+01
-1.287806956591139240e+01
-1.288698795697378330e+01
-1.289588314630374022e+01
-1.290475708456256854e+01
-1.291360783734824302e+01
-1.292243736366674511e+01
-1.293124372089324048e+01
-1.294002887638492361e+01
-1.294879087927924211e+01
-1.295753170529142473e+01
-1.296624939530613219e+01
-1.297494593340370805e+01
-1.298361935220109409e+01
-1.299227164415081681e+01
-1.300090083358734105e+01
-1.300950892134276060e+01
-1.301809392345406735e+01
-1.302665784914051805e+01
-1.303519870612693055e+01
-1.304371851202729538e+01
-1.305221526623956585e+01
-1.306069099478026274e+01
-1.306914368870581278e+01
-1.307757538244325701e+01
-1.308598405869282821e+01
-1.309437176030022698e+01
-1.310273646159484073e+01
-1.311108021384938027e+01
-1.311940098300777890e+01
-1.312770082877820776e+01
-1.313597770870454085e+01
-1.314423369093899296e+01
-1.315246672461090149e+01
-1.316067888632524863e+01
-1.316886811678229385e+01
-1.317703650104865076e+01
-1.318518197138102188e+01
-1.319330662131671872e+01
-1.320140837465431538e+01
-1.320948933341101394e+01
-1.321754741291280943e+01
-1.322558472366616655e+01
-1.323359917250989426e+01
-1.324159287844914701e+01
-1.324956373982127644e+01
-1.325751388413958054e+01
-1.326544120122543902e+01
-1.327334782711012195e+01
-1.328123164308455273e+01
-1.328909479370782520e+01
-1.329693515172584739e+01
-1.330475487023561776e+01
-1.331255181342358540e+01
-1.332032814293466316e+01
-1.332808171438149714e+01
-1.333581469796709840e+01
-1.334352494071568707e+01
-1.335121462139897019e+01
-1.335888157843821311e+01
-1.336652799918421231e+01
-1.337415171344082765e+01
-1.338175491714851617e+01
-1.338933543147923722e+01
-1.339689546097395301e+01
-1.340443281815813137e+01
-1.341194971618402576e+01
-1.341944395891612629e+01
-1.342691776812896443e+01
-1.343436893901151130e+01
-1.344179970197166440e+01
-1.344920784350822807e+01
-1.345659560267371191e+01
-1.346396075726220865e+01
-1.347130555498218030e+01
-1.347862776490824821e+01
-1.348592964341632516e+01
-1.349320895084701100e+01
-1.350046795225519780e+01
-1.350770439923271127e+01
-1.351492056552512011e+01
-1.352211419396076053e+01
-1.352928756698773682e+01
-1.353643841865612174e+01
-1.354356904012838569e+01
-1.355067715666160311e+01
-1.355776506814469151e+01
-1.356483049102692462e+01
-1.357187573393568236e+01
-1.357889850449765845e+01
-1.358590112009093787e+01
-1.359288127950473068e+01
-1.359984130888021170e+01
-1.360677889815415753e+01
-1.361369638224331524e+01
-1.362059144221704443e+01
-1.362746642178020906e+01
-1.363431899311974149e+01
-1.364115150874139815e+01
-1.364796163193462242e+01
-1.365475172401875881e+01
-1.366151943937069824e+01
-1.366826714813625010e+01
-1.367499249576467513e+01
-1.368169786124120968e+01
-1.368838088107233197e+01
-1.369504394309581130e+01
-1.370168467486005781e+01
-1.370830547306860403e+01
-1.371490395629652070e+01
-1.372148253012642805e+01
-1.372803880414476652e+01
-1.373457519282655603e+01
-1.374108929675431412e+01
-1.374758353930896249e+01
-1.375405551205362897e+01
-1.376050764728883280e+01
-1.376693752754278322e+01
-1.377334759404929088e+01
-1.377973542028620102e+01
-1.378610345643440915e+01
-1.379244926690571660e+01
-1.379877531084209430e+01
-1.380507914357375832e+01
-1.381136323321766746e+01
-1.381762512600671400e+01
-1.382386729904704126e+01
-1.383008728945849519e+01
-1.383628758335057185e+01
-1.384246570871428439e+01
-1.384862416067682567e+01
-1.385476045808443857e+01
-1.386087710509648652e+01
-1.386697161139852064e+01
-1.387304649019655223e+01
-1.387909924199952449e+01
-1.388513238907465208e+01
-1.389114342273822444e+01
-1.389713487433343175e+01
-1.390310422596770046e+01
-1.390905401807510167e+01
-1.391498172353800911e+01
-1.392088989189628556e+01
-1.392677598679100726e+01
-1.393264256688278024e+01
-1.393848708655516511e+01
-1.394431211360460843e+01
-1.395011509314076825e+01
-1.395589860211112487e+01
-1.396166007633498474e+01
-1.396740210192624865e+01
-1.397312210539729627e+01
-1.397882268204390144e+01
-1.398450124905483705e+01
-1.399016041092330731e+01
-1.399579757549797243e+01
-1.400141535648492663e+01
-1.400701115237592731e+01
-1.401258758610580735e+01
-1.401814204679258857e+01
-1.402367716661563790e+01
-1.402919032530241239e+01
-1.403468416429267762e+01
-1.404015605390626042e+01
-1.404560864485948457e+01
-1.405103929804761620e+01
-1.405645067347948363e+01
-1.406184012260865579e+01
-1.406721031475278139e+01
-1.407255859190656899e+01
-1.407788763271275201e+01
-1.408319476968986272e+01
-1.408848269082222515e+01
-1.409374871913483673e+01
-1.409899555197005938e+01
-1.410422050284202378e+01
-1.410942627846773867e+01
-1.411461018283287672e+01
-1.411977493204587475e+01
-1.412491782054640588e+01
-1.413004157385107362e+01
-1.413514347683592121e+01
-1.414022626444266884e+01
-1.414528721196588634e+01
-1.415032906378949207e+01
-1.415534908560879224e+01
-1.416035003126691016e+01
-1.416532915684206095e+01
-1.417028922565383908e+01
-1.417522748414524614e+01
-1.418014670512971698e+01
-1.418504412539694393e+01
-1.418992252727159986e+01
-1.419477913787199519e+01
-1.419961674905159121e+01
-1.420443257823884053e+01
-1.420922942683366941e+01
-1.421400450255648984e+01
-1.421876061637133226e+01
-1.422349496627213661e+01
-1.422821037280485967e+01
-1.423290402421842948e+01
-1.423757875065864198e+01
-1.424223173061076686e+01
-1.424686580383862555e+01
-1.425147813904501781e+01
-1.425607158562991295e+01
-1.426064330249485224e+01
-1.426519614869416586e+01
-1.426972727330933211e+01
-1.427423954506736870e+01
-1.427873010321060754e+01
-1.428320182615726530e+01
-1.428765184329146187e+01
-1.429208304274114383e+01
-1.429649254401306102e+01
-1.430088324496357544e+01
-1.430525225520263355e+01
-1.430960248233390608e+01
-1.431393102605129108e+01
-1.431824080372444996e+01
-1.432252890511174748e+01
-1.432679825736792623e+01
-1.433104594029618895e+01
-1.433527489085546769e+01
-1.433948217887412824e+01
-1.434367075113444301e+01
-1.434783766747022682e+01
-1.435198588450642987e+01
-1.435611245206236752e+01
-1.436022033662509401e+01
-1.436430657797941457e+01
-1.436837415249401673e+01
-1.437242008989919562e+01
-1.437644737646489901e+01
-1.438045303184665791e+01
-1.438444005223544053e+01
-1.438840544719169046e+01
-1.439235222284727023e+01
-1.439627737864725354e+01
-1.440018393068420544e+01
-1.440406886826731458e+01
-1.440793521747009898e+01
-1.441177995744508600e+01
-1.441560612426696508e+01
-1.441941068691093619e+01
-1.442319669147311956e+01
-1.442696109673066118e+01
-1.443070695882139631e+01
-1.443443122630334940e+01
-1.443813696537683278e+01
-1.444182111435977411e+01
-1.444548674953538558e+01
-1.444913079896029906e+01
-1.445275634902155915e+01
-1.445636031749324069e+01
-1.445994580088693127e+01
-1.446350970667278446e+01
-1.446705514150803040e+01
-1.447057900253735419e+01
-1.447408440658464635e+01
-1.447756824044755852e+01
-1.448103363113797748e+01
-1.448447745508468110e+01
-1.448790284950876739e+01
-1.449130668044852221e+01
-1.449469209535558178e+01
-1.449805594985571666e+01
-1.450140140165284386e+01
-1.450472529593801951e+01
-1.450803080068910944e+01
-1.451131475064031839e+01
-1.451458032406521426e+01
-1.451782434521889620e+01
-1.452105000269254198e+01
-1.452425411023960855e+01
-1.452743986679100985e+01
-1.453060407557605593e+01
-1.453374994588744151e+01
-1.453687427040774161e+01
-1.453998026881371253e+01
-1.454306472321829347e+01
-1.454613086370479635e+01
-1.454917546179356513e+01
-1.455220175799698090e+01
-1.455520651321984893e+01
-1.455819297842616677e+01
-1.456115790388199649e+01
-1.456410455102581203e+01
-1.456702965946156070e+01
-1.456993650112514516e+01
-1.457282180493499446e+01
-1.457568885334733544e+01
-1.457853436457166296e+01
-1.458136163160766685e+01
-1.458416736193205843e+01
-1.458695485911137801e+01
-1.458972081986583191e+01
-1.459246855835212031e+01
-1.459519476050996545e+01
-1.459790275110979785e+01
-1.460058920528679316e+01
-1.460325745844869694e+01
-1.460590417490198512e+01
-1.460853270071557652e+01
-1.461113968934279050e+01
-1.461372849753762537e+01
-1.461629576787589357e+01
-1.461884486782060577e+01
-1.462137242904544010e+01
-1.462388182974672901e+01
-1.462636969067116333e+01
-1.462883940077268718e+01
-1.463128756984620438e+01
-1.463371759762762636e+01
-1.463612608293514405e+01
-1.463851643631115351e+01
-1.464088524557190851e+01
-1.464323593209107344e+01
-1.464556507265766960e+01
-1.464787609950152358e+01
-1.465016557835885180e+01
-1.465243695234062393e+01
-1.465468677610478210e+01
-1.465691850366847682e+01
-1.465912867858567203e+01
-1.466132076580497134e+01
-1.466349129775042570e+01
-1.466564375032752032e+01
-1.466777464480441573e+01
-1.466988746806890198e+01
-1.467197873020716337e+01
-1.467405192911499334e+01
-1.467610356367021751e+01
-1.467813714280243786e+01
-1.468014915415471400e+01
-1.468214311771636993e+01
-1.468411550986910363e+01
-1.468606986168811268e+01
-1.468800263826688557e+01
-1.468991738179268225e+01
-1.469181054604398895e+01
-1.469368568434649269e+01
-1.469553923913663951e+01
-1.469737477490498101e+01
-1.469918872271861865e+01
-1.470098465825982892e+01
-1.470275900119901813e+01
-1.470451533843678860e+01
-1.470625007821948316e+01
-1.470796681869302169e+01
-1.470966195665186049e+01
-1.471133910151439750e+01
-1.471299463859543444e+01
-1.471463218861306466e+01
-1.471624812537438665e+01
-1.471784608092461610e+01
-1.471942241753507830e+01
-1.472098077860555598e+01
-1.472251751484329496e+01
-1.472403628103040063e+01
-1.472553341628151102e+01
-1.472701258678900160e+01
-1.472847012004620915e+01
-1.472990969368366621e+01
-1.473132762354474146e+01
-1.473272759872632420e+01
-1.473410592339278757e+01
-1.473546629813562348e+01
-1.473680501541109322e+01
-1.473812578733389067e+01
-1.473942489462272398e+01
-1.474070606094412383e+01
-1.474196555524994778e+01
-1.474320711278716622e+01
-1.474442699071108187e+01
-1.474562893587823709e+01
-1.474680919361753340e+01
-1.474797152242405396e+01
-1.474911215577038348e+01
-1.475023486381948423e+01
-1.475133586815741893e+01
-1.475241895064436370e+01
-1.475348032094960615e+01
-1.475452377266014636e+01
-1.475554550349791505e+01
-1.475654931880653820e+01
-1.475753140432988175e+01
-1.475849557719805816e+01
-1.475943801114605947e+01
-1.476036253512057250e+01
-1.476126531081665227e+01
-1.476215017902780069e+01
-1.476301328937789847e+01
-1.476385849453764365e+01
-1.476468193202831714e+01
-1.476548746642846410e+01
-1.476627122312521045e+01
-1.476703707863559245e+01
-1.476778114618080551e+01
-1.476850731424731755e+01
-1.476921168385839245e+01
-1.476989815550110308e+01
-1.477056281796849646e+01
-1.477120958377961912e+01
-1.477183452946499465e+01
-1.477244157960692483e+01
-1.477302679844095934e+01
-1.477359412264427085e+01
-1.477413960412463823e+01
-1.477466719168590892e+01
-1.477517292487524081e+01
-1.477566076465509681e+01
-1.477612673817879063e+01
-1.477657481859963262e+01
-1.477700102064375365e+01
-1.477740932968760745e+01
-1.477779574799666662e+01
-1.477816427320296100e+01
-1.477851089507760918e+01
-1.477883962354091629e+01
-1.477914643583573984e+01
-1.477943535420357080e+01
-1.477970234332471833e+01
-1.477995143779494036e+01
-1.478017858969782949e+01
-1.478038784601654676e+01
-1.478057514620331503e+01
-1.478074454966224849e+01
-1.478089198317945652e+01
-1.478102151861356894e+01
-1.478112907004959631e+01
-1.478121872183452190e+01
-1.478128637531714595e+01
-1.478133612736668034e+01
-1.478136386656028201e+01
-1.478137370232370884e+01
-1.478136151042684965e+01
-1.478133141288632224e+01
-1.478127927262895724e+01
-1.478120922429681272e+01
-1.478111711793754601e+01
-1.478100710085343117e+01
-1.478087501017679273e+01
-1.478072500590498706e+01
-1.478055291221850887e+01
-1.478036290184498469e+01
-1.478015078597639231e+01
-1.477992075010597084e+01
-1.477966859240017072e+01
-1.477939851115342051e+01
-1.477910629146954413e+01
-1.477879614447988565e+01
-1.477846384218817732e+01
-1.477811360859870859e+01
-1.477774120257749857e+01
-1.477735086103790785e+01
-1.477693832967037224e+01
-1.477650785833364822e+01
-1.477605517950452807e+01
-1.477558455602373577e+01
-1.477509170711616271e+01
-1.477458090864120877e+01
-1.477404786653316471e+01
-1.477349686970718778e+01
-1.477292361076825777e+01
-1.477233239172437251e+01
-1.477171889181207298e+01
-1.477108742616970183e+01
-1.477043366062597762e+01
-1.476976192348727146e+01
-1.476906786713497866e+01
-1.476835583308117705e+01
-1.476762146022017674e+01
-1.476686910330774616e+01
-1.476609438771120431e+01
-1.476530168146823385e+01
-1.476448659637867777e+01
-1.476365351380077406e+01
-1.476279803192629636e+01
-1.476192454547262933e+01
-1.476102863898273654e+01
-1.476011472057200713e+01
-1.475917836109353942e+01
-1.475822398209984598e+01
-1.475724714071276189e+01
-1.475625227196134759e+01
-1.475523491919444830e+01
-1.475419953095730463e+01
-1.475314163678394230e+01
-1.475206569877543572e+01
-1.475096723260888787e+01
-1.474985071398127445e+01
-1.474871164467029416e+01
-1.474755451400906381e+01
-1.474637480983318127e+01
-1.474517703515233080e+01
-1.474395666381703762e+01
-1.474271821255431547e+01
-1.474145714118629336e+01
-1.474017798019824177e+01
-1.473887617534028038e+01
-1.473755627089713371e+01
-1.473621369850321017e+01
-1.473485301628388022e+01
-1.473346964171369500e+01
-1.473206814680040644e+01
-1.473064393481426926e+01
-1.472920159168727672e+01
-1.472773650644061050e+01
-1.472625327897260128e+01
-1.472474728401037858e+01
-1.472322313546090911e+01
-1.472167619371187541e+01
-1.472011108672157675e+01
-1.471852316049264253e+01
-1.471691705707732645e+01
-1.471528810804730725e+01
-1.471364096959201717e+01
-1.471197095880584627e+01
-1.471028274605852992e+01
-1.470857163392075151e+01
-1.470684230698613959e+01
-1.470509005325464535e+01
-1.470331957158759906e+01
-1.470152613536706632e+01
-1.469971445776606878e+01
-1.469787979750127072e+01
-1.469602688210159158e+01
-1.469415095557049256e+01
-1.469225675983726909e+01
-1.469033952414393696e+01
-1.468840400486507392e+01
-1.468644541643263857e+01
-1.468446852971139016e+01
-1.468246854427451353e+01
-1.468045024552218791e+01
-1.467840881811954112e+01
-1.467634906204771106e+01
-1.467426614701418330e+01
-1.467216488762688087e+01
-1.467004043858573148e+01
-1.466789762917137452e+01
-1.466573159902602441e+01
-1.466354719214919911e+01
-1.466133953307478599e+01
-1.465911348056778252e+01
-1.465686414400274806e+01
-1.465459639695686000e+01
-1.465230533359402010e+01
-1.464999584235072660e+01
-1.464766300212843042e+01
-1.464531171627010409e+01
-1.464293704836281762e+01
-1.464054391670362953e+01
-1.463812736951258309e+01
-1.463569234008867603e+01
-1.463323386123212266e+01
-1.463075688129185181e+01
-1.462825641759508066e+01
-1.462573743358901979e+01
-1.462319493107418467e+01
-1.462063388864462610e+01
-1.461804929252022234e+01
-1.461544613649062541e+01
-1.461281939114069850e+01
-1.461017406550488040e+01
-1.460750511447814404e+01
-1.460481756238904794e+01
-1.460210634838741761e+01
-1.459937651214561960e+01
-1.459662297701273559e+01
-1.459385079805483443e+01
-1.459105488276417084e+01
-1.458824030165062346e+01
-1.458540194629319409e+01
-1.458254490269611026e+01
-1.457966404646810155e+01
-1.457676447915843632e+01
-1.457384106034840165e+01
-1.457089890718314962e+01
-1.456793286315870084e+01
-1.456494806106754503e+01
-1.456193932826218784e+01
-1.455891181323392836e+01
-1.455586032713302735e+01
-1.455279003420153217e+01
-1.454969572932840904e+01
-1.454658259255840669e+01
-1.454344540245972617e+01
-1.454028935493221653e+01
-1.453710921216329055e+01
-1.453391018596049911e+01
-1.453068702207004392e+01
-1.452744494826016997e+01
-1.452417869377485182e+01
-1.452089350239633170e+01
-1.451758408680496082e+01
-1.451425570685041322e+01
-1.451090305858763863e+01
-1.450753141798753809e+01
-1.450413546441725465e+01
-1.450072049002307750e+01
-1.449728115742150436e+01
-1.449382277498865612e+01
-1.449033998852702432e+01
-1.448683812269727156e+01
-1.448331180642415994e+01
-1.447976638070778499e+01
-1.447619645753090545e+01
-1.447260739428846321e+01
-1.446899378595638730e+01
-1.446536100638010858e+01
-1.446170363346340437e+01
-1.445802705755811424e+01
-1.445432583943013682e+01
-1.445060538599400779e+01
-1.444686024081141440e+01
-1.444309582741615117e+01
-1.443930667209895624e+01
-1.443549821506976549e+01
-1.443166496528110621e+01
-1.442781237967626495e+01
-1.442393494980171909e+01
-1.442003814939175399e+01
-1.441611645251845353e+01
-1.441217534976504488e+01
-1.440820929766031000e+01
-1.440422380369469835e+01
-1.440021330678443334e+01
-1.439618333138578521e+01
-1.439212829873246058e+01
-1.438805375030563027e+01
-1.438395408958606048e+01
-1.437983487513915470e+01
-1.437569049262187448e+01
-1.437152651774354162e+01
-1.436733731826600291e+01
-1.436312848710253043e+01
-1.435889437404774149e+01
-1.435464058927958675e+01
-1.435036146455297867e+01
-1.434606262737136184e+01
-1.434173839137696049e+01
-1.433739440146002053e+01
-1.433302495307659719e+01
-1.432863570856547142e+01
-1.432422094512246602e+01
-1.431978634259711036e+01
-1.431532615985038071e+01
-1.431084609430512522e+01
-1.430634038641245454e+01
-1.430181475123160517e+01
-1.429726341072821150e+01
-1.429269209766131432e+01
-1.428809501543504723e+01
-1.428347791457230009e+01
-1.427883497983895644e+01
-1.427417197958623518e+01
-1.426948307986469189e+01
-1.426477406691884653e+01
-1.426003908800627862e+01
-1.425528394733013116e+01
-1.425050277327702020e+01
-1.424570138807471231e+01
-1.424087390116011953e+01
-1.423602615285218853e+01
-1.423115223355905989e+01
-1.422625800175780775e+01
-1.422133752874815826e+01
-1.421639669123311656e+01
-1.421142954132387182e+01
-1.420644197401733955e+01
-1.420142802215570832e+01
-1.419639359909867871e+01
-1.419133271833833199e+01
-1.418625131166649034e+01
-1.418114337314366047e+01
-1.417601485306383680e+01
-1.417085972597395660e+01
-1.416568396074073100e+01
-1.416048151231520791e+01
-1.415525836820818917e+01
-1.415000846369184551e+01
-1.414473780499310784e+01
-1.413944030762192838e+01
-1.413412199659402546e+01
-1.412877676757357470e+01
-1.412341066443822157e+01
-1.411801756292225107e+01
-1.411260352583949640e+01
-1.410716240890968542e+01
-1.410170029395768587e+01
-1.409621101660373554e+01
-1.409070067775942015e+01
-1.408516309286001977e+01
-1.407960438198016462e+01
-1.407401834028460286e+01
-1.406841110708820430e+01
-1.406277645719902836e+01
-1.405712054925022692e+01
-1.405143713760660340e+01
-1.404573240029865033e+01
-1.404000007116099802e+01
-1.403424634770109769e+01
-1.402846494313637749e+01
-1.402266207453188329e+01
-1.401683143440029156e+01
-1.401097925944578826e+01
-1.400509922138841468e+01
-1.399919757665412057e+01
-1.399326797608201822e+01
-1.398731669590332771e+01
-1.398133736598775911e+01
-1.397533628245618509e+01
-1.396930705412015428e+01
-1.396325599707567022e+01
-1.395717669898708202e+01
-1.395107549601196517e+01
-1.394494595457803321e+01
-1.393879443099208260e+01
-1.393261447035549594e+01
-1.392641244921291843e+01
-1.392018189124954652e+01
-1.391392919333754463e+01
-1.390764785765578893e+01
-1.390134430149478817e+01
-1.389501200543672432e+01
-1.388865740728242848e+01
-1.388227396592677820e+01
-1.387586813977400801e+01
-1.386943336594090859e+01
-1.386297612352952413e+01
-1.385648982778741356e+01
-1.384998097860996324e+01
-1.384344296928421336e+01
-1.383688232059577139e+01
-1.383029240377971369e+01
-1.382367976060979764e+01
-1.381703774017760367e+01
-1.381037290534425566e+01
-1.380367858296599159e+01
-1.379696135709207994e+01
-1.379021453225135652e+01
-1.378344471378311198e+01
-1.377664518379661018e+01
-1.376982256902443957e+01
-1.376297012906407424e+01
-1.375609451214600654e+01
-1.374918895526332108e+01
-1.374226012825059939e+01
-1.373530124540381969e+01
-1.372831899826901925e+01
-1.372130657835245771e+01
-1.371427069902041929e+01
-1.370720452889645280e+01
-1.370011480327742603e+01
-1.369299466781111363e+01
-1.368585087983676019e+01
-1.367867656193317494e+01
-1.367147849359517942e+01
-1.366424977423920772e+01
-1.365699720563048380e+01
-1.364971386392961428e+01
-1.364240657328843653e+01
-1.363506838651806419e+01
-1.362770615027477206e+01
-1.362031289392647260e+01
-1.361289548675311600e+01
-1.360544693458552246e+01
-1.359797412944831052e+01
-1.359047005354104165e+01
-1.358294162175548792e+01
-1.357538179256575361e+01
-1.356779750385487837e+01
-1.356018169027712084e+01
-1.355254131283236418e+01
-1.354486928226054054e+01
-1.353717258280571833e+01
-1.352944410119878427e+01
-1.352169084505677965e+01
-1.351390567700673095e+01
-1.350609562816929632e+01
-1.349825353697235819e+01
-1.349038645817249282e+01
-1.348248720590318328e+01
-1.347456285869066761e+01
-1.346660620627864802e+01
-1.345862435109837740e+01
-1.345061005840819313e+01
-1.344257045468147282e+01
-1.343449828059508455e+01
-1.342640068680364607e+01
-1.341827038930616034e+01
-1.341011456307888317e+01
-1.340192589934665790e+01
-1.339371159754950646e+01
-1.338546432404133313e+01
-1.337719130286973623e+01
-1.336888517542056398e+01
-1.336055319049464174e+01
-1.335218796441228051e+01
-1.334379677087473048e+01
-1.333537220103904630e+01
-1.332692155365575815e+01
-1.331843739462051879e+01
-1.330992704788382319e+01
-1.330138305398129894e+01
-1.329281276221556141e+01
-1.328420868766336582e+01
-1.327557820513341191e+01
-1.326691380414410659e+01
-1.325822288516591918e+01
-1.324949791205883365e+01
-1.324074631111240130e+01
-1.323196052042796467e+01
-1.322314799227298998e+01
-1.321430113888909830e+01
-1.320542743868240976e+01
-1.319651927793325186e+01
-1.318758416134861022e+01
-1.317861444914544578e+01
-1.316961767249550519e+01
-1.316058616544951043e+01
-1.315152748580955056e+01
-1.314243394135663578e+01
-1.313331311669032964e+01
-1.312415729321783786e+01
-1.311497408250486707e+01
-1.310575573947989092e+01
-1.309650990284518635e+01
-1.308722880094474661e+01
-1.307792009978935788e+01
-1.306857600103197292e+01
-1.305920419816542832e+01
-1.304979686604427336e+01
-1.304036172581839992e+01
-1.303089092543565286e+01
-1.302139221387967716e+01
-1.301185771208228381e+01
-1.300229519703898262e+01
-1.299269676255531891e+01
-1.298307021381850390e+01
-1.297340761739630821e+01
-1.296371680684873873e+01
-1.295398982139369437e+01
-1.294423452314652678e+01
-1.293444292386160832e+01
-1.292462291439390221e+01
-1.291476647891960106e+01
-1.290488153721878994e+01
-1.289496004577346255e+01
-1.288500995347595435e+01
-1.287502318899690579e+01
-1.286500773052934576e+01
-1.285495547881393463e+01
-1.284487444153426416e+01
-1.283475649138117625e+01
-1.282460966572007877e+01
-1.281442580907065221e+01
-1.280421298867264390e+01
-1.279396302075184799e+01
-1.278368400261638627e+01
-1.277336772207368298e+01
-1.276302230669560878e+01
-1.275263951574539512e+01
-1.274222750725517272e+01
-1.273177801181641122e+01
-1.272129921811955100e+01
-1.271078282795507519e+01
-1.270023706087086346e+01
-1.268965358972543456e+01
-1.267904066512464567e+01
-1.266838993086235376e+01
-1.265770966880405801e+01
-1.264699149354439456e+01
-1.263624371841149774e+01
-1.262545792866423788e+01
-1.261464246929760336e+01
-1.260378889609638264e+01
-1.259290558592772591e+01
-1.258198406496186017e+01
-1.257103274214480848e+01
-1.256004311388974237e+01
-1.254902362142929206e+01
-1.253796573127497638e+01
-1.252687791715503884e+01
-1.251575161553265580e+01
-1.250459533284170277e+01
-1.249340047534799147e+01
-1.248217558240233416e+01
-1.247091202992203662e+01
-1.245961839038723440e+01
-1.244828600921315775e+01
-1.243692349222264859e+01
-1.242552215417305916e+01
-1.241409063444463357e+01
-1.240262021697843942e+01
-1.239111957492791660e+01
-1.237957996125700255e+01
-1.236801008310906091e+01
-1.235640116230770325e+01
-1.234476194020426476e+01
-1.233308360731598796e+01
-1.232137493942117423e+01
-1.230962709556220780e+01
-1.229784888616443261e+01
-1.228603143862432212e+01
-1.227418359823547611e+01
-1.226229646057435296e+01
-1.225037890602515134e+01
-1.223842199816770382e+01
-1.222643465270017948e+01
-1.221440790102617235e+01
-1.220235069438235520e+01
-1.219025403181376710e+01
-1.217812690032113032e+01
-1.216596026640553774e+01
-1.215376315305843136e+01
-1.214152649404878659e+01
-1.212925934858655275e+01
-1.211695261751721198e+01
-1.210461539649808671e+01
-1.209223855325693364e+01
-1.207983122012853983e+01
-1.206738423152535944e+01
-1.205490675669080503e+01
-1.204238959652154506e+01
-1.202984195740186735e+01
-1.201725460650885147e+01
-1.200463678760123187e+01
-1.199197923392942045e+01
-1.197929122686128700e+01
-1.196656346551033145e+01
-1.195380526908938279e+01
-1.194100730236142383e+01
-1.192817892262132240e+01
-1.191531076006466350e+01
-1.190241221030666452e+01
-1.188947386875504897e+01
-1.187650516958510849e+01
-1.186349667319293211e+01
-1.185045785255464779e+01
-1.183737923282754601e+01
-1.182427032603076000e+01
-1.181112162185200809e+01
-1.179794267159699395e+01
-1.178472392924955869e+01
-1.177147498564686856e+01
-1.175818625883088586e+01
-1.174486737941675507e+01
-1.173150872926301069e+01
-1.171811997901034808e+01
-1.170469147408877042e+01
-1.169123292541387293e+01
-1.167773464173827946e+01
-1.166420637450299935e+01
-1.165063839553078573e+01
-1.163704049704053745e+01
-1.162340291366859546e+01
-1.160973547866563038e+01
-1.159602838922143597e+01
-1.158229151987404393e+01
-1.156851503010274662e+01
-1.155470883598998810e+01
-1.154086305903680021e+01
-1.152698765712904638e+01
-1.151307271351769757e+01
-1.149912822815269386e+01
-1.148514424575937376e+01
-1.147113080861425516e+01
-1.145707792263736202e+01
-1.144299567269628426e+01
-1.142887402562212529e+01
-1.141472310913982469e+01
-1.140053285070402822e+01
-1.138631342116522660e+01
-1.137205470830999765e+01
-1.135776692638475360e+01
-1.134343992321226580e+01
-1.132908395670731494e+01
-1.131468883442894224e+01
-1.130026485823496785e+01
-1.128580179511675396e+01
-1.127130999115192189e+01
-1.125677917245596404e+01
-1.124221972960538984e+01
-1.122762134752764496e+01
-1.121299446157937219e+01
-1.119832871518342543e+01
-1.118363458876059191e+01
-1.116890168390807148e+01
-1.115414052639720843e+01
-1.113934067567453035e+01
-1.112451270315064278e+01
-1.110964612579204314e+01
-1.109475156094016057e+01
-1.107981848274748593e+01
-1.106485755478056454e+01
-1.104985820803977248e+01
-1.103483115261362357e+01
-1.101976577600770923e+01
-1.100467283513241590e+01
-1.098954167365158341e+01
-1.097438309560004654e+01
-1.095918640044836145e+01
-1.094396243966161286e+01
-1.092870046816091367e+01
-1.091341138515053188e+01
-1.089808440064146922e+01
-1.088273046188910342e+01
-1.086733873362918601e+01
-1.085192021148336572e+01
-1.083646401454232411e+01
-1.082098118711266643e+01
-1.080546080226540617e+01
-1.078991395331404668e+01
-1.077432966693068828e+01
-1.075871908576135283e+01
-1.074307118969535502e+01
-1.072739717104018276e+01
-1.071168596251360405e+01
-1.069594880641748169e+01
-1.068017458790443364e+01
-1.066437459960724787e+01
-1.064853767871497325e+01
-1.063267516853183459e+01
-1.061677585788004485e+01
-1.060085114107946680e+01
-1.058488975817721567e+01
-1.056890315485751763e+01
-1.055288002197900532e+01
-1.053683185694283253e+01
-1.052074730100081545e+01
-1.050463790362808325e+01
-1.048849225604617885e+01
-1.047232196016545203e+01
-1.045611555674852333e+01
-1.043988470050685180e+01
-1.042361788131030131e+01
-1.040732680704174840e+01
-1.039099991623933583e+01
-1.037464897033234301e+01
-1.035826235608283419e+01
-1.034185188884629092e+01
-1.032540590315892715e+01
-1.030893626868718371e+01
-1.029243126728627900e+01
-1.027590282332334759e+01
-1.025933916551183955e+01
-1.024275227331453308e+01
-1.022613032183689619e+01
-1.020948534603730273e+01
-1.019280546694145428e+01
-1.017610277540886266e+01
-1.015936533790772955e+01
-1.014260530160961515e+01
-1.012581067794199541e+01
-1.010899367080499367e+01
-1.009214223609615324e+01
-1.007526863486621593e+01
-1.005836076698773418e+01
-1.004143095109027861e+01
-1.002446703052023302e+01
-1.000748138191987202e+01
-9.990461791602362140e+00
-9.973420694662651798e+00
-9.956345819867436830e+00
-9.939249661210507014e+00
-9.922119889392551073e+00
-9.904969057758828299e+00
-9.887784778418042819e+00
-9.870579664526012209e+00
-9.853341269067048103e+00
-9.836082265473168107e+00
-9.818790147065589835e+00
-9.801477648024722100e+00
-9.784132201463199507e+00
-9.766766602789175522e+00
-9.749368224354517665e+00
-9.731949923281195680e+00
-9.714499010601274520e+00
-9.697028405644013915e+00
-9.679525357555776921e+00
-9.662002848373697717e+00
-9.644448064785432706e+00
-9.626874052044044561e+00
-9.609267933798452788e+00
-9.591642819033165068e+00
-9.573985767770942346e+00
-9.556309953251231448e+00
-9.538602371275857195e+00
-9.520876259870329150e+00
-9.503118550013240906e+00
-9.485342545055464925e+00
-9.467535110542446120e+00
-9.449709615697972964e+00
-9.431852860016423534e+00
-9.413978279150363448e+00
-9.396072605917559883e+00
-9.378149342963551405e+00
-9.360195155795876687e+00
-9.342223614626195882e+00
-9.324221317009698140e+00
-9.306201901306037527e+00
-9.288151896467931934e+00
-9.270085009593980629e+00
-9.251987700375529755e+00
-9.233873745250239296e+00
-9.215729533980725918e+00
-9.197568912953132170e+00
-9.179378201325167907e+00
-9.161171316050568336e+00
-9.142934504996670597e+00
-9.124681756313796299e+00
-9.106399245884523097e+00
-9.088101033694400144e+00
-9.069773222937538293e+00
-9.051429946083670686e+00
-9.033057232925139957e+00
-9.014669289074976888e+00
-8.996252070200851492e+00
-8.977819855728983001e+00
-8.959358526469340944e+00
-8.940882436341890838e+00
-8.922377390555844556e+00
-8.903857818216465603e+00
-8.885309448178926317e+00
-8.866746785436397715e+00
-8.848155481726184490e+00
-8.829550118643455292e+00
-8.810916270033089859e+00
-8.792268594817851834e+00
-8.773592588164717654e+00
-8.754902987061660369e+00
-8.736185207201026870e+00
-8.717454064385609769e+00
-8.698694894024916024e+00
-8.679922591498621998e+00
-8.661122411113630903e+00
-8.642309328601006868e+00
-8.623468516333360867e+00
-8.604615031180465223e+00
-8.585733962736878055e+00
-8.566840449811605751e+00
-8.547919498364779045e+00
-8.528986329958399892e+00
-8.510025866049314658e+00
-8.491053411780001170e+00
-8.472053803222097557e+00
-8.453042429939824132e+00
-8.434004041724453060e+00
-8.414954113417595138e+00
-8.395877307621384844e+00
-8.376789185324833298e+00
-8.357674321018397023e+00
-8.338548362723313900e+00
-8.319395795881765920e+00
-8.300232356447002857e+00
-8.281042439861684201e+00
-8.261841870926604159e+00
-8.242614954118847592e+00
-8.223377604017676035e+00
-8.204114033153734553e+00
-8.184840246831791788e+00
-8.165540364639360504e+00
-8.146230483570429115e+00
-8.126894629256915081e+00
-8.107548991362222068e+00
-8.088177500534225572e+00
-8.068796440103142231e+00
-8.049389644687552803e+00
-8.029973492299372850e+00
-8.010531720465879246e+00
-7.991080802913535841e+00
-7.971604378998608631e+00
-7.952119019213256479e+00
-7.932608263645613889e+00
-7.913088780623031226e+00
-7.893544009850273824e+00
-7.873990718578606440e+00
-7.854412244995230274e+00
-7.834825456383917697e+00
-7.815213588261071820e+00
-7.795593609071090668e+00
-7.775948650487124247e+00
-7.756295783262705967e+00
-7.736618034035138258e+00
-7.716932577036727636e+00
-7.697222332655641708e+00
-7.677504579793815509e+00
-7.657762131356264490e+00
-7.638012372127248817e+00
-7.618238006272950891e+00
-7.598456525694879282e+00
-7.578650524542918099e+00
-7.558837603093653712e+00
-7.539000244180397381e+00
-7.519156157736085255e+00
-7.499287713954173817e+00
-7.479412733729080109e+00
-7.459513473267294081e+00
-7.439607865754509497e+00
-7.419678052038828575e+00
-7.399742078952034952e+00
-7.379781970587463213e+00
-7.359815888803581174e+00
-7.339825739517041647e+00
-7.319829801019824167e+00
-7.299809859603748841e+00
-7.279784311428082688e+00
-7.259734821684914685e+00
-7.239679905862279163e+00
-7.219601106549668579e+00
-7.199517060053840289e+00
-7.179409184830686463e+00
-7.159296239524493011e+00
-7.139159516897552571e+00
-7.119017899480307499e+00
-7.098852552751451661e+00
-7.078682484706793510e+00
-7.058488731920812498e+00
-7.038290429465189568e+00
-7.018068483358300469e+00
-6.997842157390143036e+00
-6.977592225338578480e+00
-6.957338081387674400e+00
-6.937060365357140768e+00
-6.916778603534458725e+00
-6.896473300029677844e+00
-6.876164114977669328e+00
-6.855831414992246131e+00
-6.835494995835376564e+00
-6.815135084802017573e+00
-6.794771615097490169e+00
-6.774384672838327681e+00
-6.753994330526947643e+00
-6.733580531203939401e+00
-6.713163488561256997e+00
-6.692723000626874530e+00
-6.672279424214242027e+00
-6.651812410361835681e+00
-6.631342460977365683e+00
-6.610849078091792563e+00
-6.590352910721505530e+00
-6.569833309829363976e+00
-6.549311073597976041e+00
-6.528765399817683779e+00
-6.508217237939287081e+00
-6.487645630431151389e+00
-6.467071680159407698e+00
-6.446474272074976142e+00
-6.425874664653287383e+00
-6.405251583084508482e+00
-6.384626443695611719e+00
-6.363977809623478699e+00
-6.343327257338260416e+00
-6.322653185580767499e+00
-6.301977333307042350e+00
-6.281277932466712954e+00
-6.260576886896819460e+00
-6.239852259307245852e+00
-6.219126120865205998e+00
-6.198376362537016959e+00
-6.177625225324717029e+00
-6.156850425890348255e+00
-6.136074377632992238e+00
-6.115274620290747976e+00
-6.094473742280991146e+00
-6.073649103737864152e+00
-6.052823470779112647e+00
-6.031974021192527680e+00
-6.011123701540916464e+00
-5.990249504458907914e+00
-5.969374559764100141e+00
-5.948475672064458486e+00
-5.927576157308766192e+00
-5.906652629136599941e+00
-5.885728592573038931e+00
-5.864780467276495379e+00
-5.843831950364767103e+00
-5.822859264429367521e+00
-5.801886301770441179e+00
-5.780889084751324347e+00
-5.759891704019961090e+00
-5.738869978472331823e+00
-5.717848200347882326e+00
-5.696801981755305277e+00
-5.675755819850119899e+00
-5.654685116550632884e+00
-5.633614577336440554e+00
-5.612519390446283118e+00
-5.591424473178125076e+00
-5.570304796512953516e+00
-5.549185493150772253e+00
-5.528041313144224311e+00
-5.506897608271477118e+00
-5.485728903891094355e+00
-5.464560774630862205e+00
-5.443367517290917945e+00
-5.422174933218816939e+00
-5.400957086689848197e+00
-5.379740009744074847e+00
-5.358497530059462832e+00
-5.337255914447193383e+00
-5.315988749806039415e+00
-5.294722541906526025e+00
-5.273430632572847720e+00
-5.252139770836791399e+00
-5.230823049034841965e+00
-5.209507463879923250e+00
-5.188165853685424267e+00
-5.166825467387528903e+00
-5.145458884614673600e+00
-5.124093611194935782e+00
-5.102701963278601482e+00
-5.081311708385880976e+00
-5.059894894259333142e+00
-5.038479555047850056e+00
-5.017037465015082631e+00
-4.995596930017052628e+00
-4.974129445619995593e+00
-4.952663594612587872e+00
-4.931170588492736151e+00
-4.909679292359972358e+00
-4.888160628113846329e+00
-4.866643748701946492e+00
-4.845099280730535085e+00
-4.823556670697595194e+00
-4.801986244049025743e+00
-4.780417746707566806e+00
-4.758821196913077145e+00
-4.737226646066102553e+00
-4.715603798968465377e+00
-4.693983018737744040e+00
-4.672333690312171051e+00
-4.650686494959304973e+00
-4.629010491125861826e+00
-4.607336684864645093e+00
-4.585633801292673617e+00
-4.563933178093310339e+00
-4.542203199996126095e+00
-4.520475543380212180e+00
-4.498718245300698193e+00
-4.476963328126462471e+00
-4.455178473712325449e+00
-4.433396057949994251e+00
-4.411583399718424836e+00
-4.389773236214718821e+00
-4.367932515305655627e+00
-4.346094343537204807e+00
-4.324225289454838972e+00
-4.302358837269254721e+00
-4.280461167610672746e+00
-4.258566150955397589e+00
-4.236639571126110226e+00
-4.214715693763507076e+00
-4.192759896678413867e+00
-4.170806849887152445e+00
-4.148821515656972103e+00
-4.126838977917719475e+00
-4.104823773519177266e+00
-4.082811410184967293e+00
-4.060765989114126562e+00
-4.038723452063575081e+00
-4.016647453971351922e+00
-3.994574381243877426e+00
-3.972467431552345385e+00
-3.950363446964492820e+00
-3.928225156463221790e+00
-3.906089869204431242e+00
-3.883919833624937645e+00
-3.861752837832326257e+00
-3.839550637399809840e+00
-3.817351511709309975e+00
-3.795116710669960369e+00
-3.772885017743546232e+00
-3.750617163865771708e+00
-3.728352449892464726e+00
-3.706051073940357821e+00
-3.683752868109401835e+00
-3.661417483286478980e+00
-3.639085297230981286e+00
-3.616715398592269093e+00
-3.594348725800891931e+00
-3.571943789631365274e+00
-3.549542104826269640e+00
-3.527101587982383712e+00
-3.504664346460871993e+00
-3.482187685673809874e+00
-3.459714322611080473e+00
-3.437200933747873055e+00
-3.414690863457821024e+00
-3.392140140737863963e+00
-3.369592755889292413e+00
-3.347004071052713137e+00
-3.324418741837112723e+00
-3.301791443261198555e+00
-3.279167516509146285e+00
-3.256500928269081996e+00
-3.233837726510421895e+00
-3.211131147379689299e+00
-3.188427967843506128e+00
-3.165680670229687799e+00
-3.142936783779568088e+00
-3.120148012589399666e+00
-3.097362662588339699e+00
-3.074531634017245274e+00
-3.051704035116439062e+00
-3.028829935355377589e+00
-3.005959272200726229e+00
-2.983041256053930557e+00
-2.960126681903101353e+00
-2.937163871308634988e+00
-2.914204506551122176e+00
-2.891195988995720612e+00
-2.868190919567162656e+00
-2.845135746386131981e+00
-2.822084022067519626e+00
-2.798981206618732287e+00
-2.775881839209954016e+00
-2.752730354910979838e+00
-2.729582316266951914e+00
-2.706381094481342675e+00
-2.683183314397906472e+00
-2.659931242157018705e+00
-2.636682606091741654e+00
-2.613378523635275563e+00
-2.590077870247268876e+00
-2.566720568364184274e+00
-2.543366686854403369e+00
-2.519954904004523932e+00
-2.496546531236138566e+00
-2.473078950428358347e+00
-2.449614767804282778e+00
-2.426090013206187557e+00
-2.402568643277566363e+00
-2.378985276526299764e+00
-2.355405279302330346e+00
-2.331761795484179611e+00
-2.308121664410507368e+00
-2.284416487669934881e+00
-2.260714645236656661e+00
-2.236946123972617606e+00
-2.213180916909271545e+00
-2.189347318508484630e+00
-2.165517012515706163e+00
-2.141616517565930966e+00
-2.117719291527592418e+00
-2.093749987445349792e+00
-2.069783927054513306e+00
-2.045743801051486344e+00
-2.021706891775138182e+00
-1.997593823074998109e+00
-1.973483942369078870e+00
-1.949295693572380861e+00
-1.925110602244804126e+00
-1.900844809722379791e+00
-1.876582142324086488e+00
-1.852236305498057289e+00
-1.827893559601955431e+00
-1.803465028948824544e+00
-1.779039553150264519e+00
-1.754525516729885215e+00
-1.730014497172977395e+00
-1.705411965449291190e+00
-1.680812410644636712e+00
-1.656118199319444040e+00
-1.631426922974668514e+00
-1.606637633497016049e+00
-1.581851235022636804e+00
-1.556963232367411187e+00
-1.532078074651398225e+00
-1.507087461870673106e+00
-1.482099645825579515e+00
-1.457002234764837478e+00
-1.431907570039134159e+00
-1.406698847466715918e+00
-1.381492818568956782e+00
-1.356167906784000676e+00
-1.330845633684684115e+00
-1.305399244429559458e+00
-1.279955436466805985e+00
-1.254381816657049065e+00
-1.228810718259113699e+00
-1.203103585630179939e+00
-1.177398911953292604e+00
-1.151551378165617034e+00
-1.125706238189297270e+00
-1.099710716178346148e+00
-1.073717520044151774e+00
-1.047565611359645432e+00
-1.021415957697292987e+00
-9.950983141173739277e-01
-9.687828516434249249e-01
-9.422890032714247299e-01
-9.157972588683644943e-01
-8.891153979057411227e-01
-8.624355603729262354e-01
-8.355522652885636337e-01
-8.086709094866552094e-01
-7.815707875160163853e-01
-7.544725168342870658e-01
-7.271377321493728285e-01
-6.998047066376662517e-01
-6.722143444924241207e-01
-6.446256449584131243e-01
-6.167548337209384224e-01
-5.888855837010702476e-01
-5.607042473692154250e-01
-5.325243655645566232e-01
-5.039953894384959776e-01
-4.754677552809188912e-01
-4.465441736191544386e-01
-4.176218147801914471e-01
-3.882422682048101703e-01
-3.588638177899588499e-01
-3.289447076328493869e-01
-2.990265582087176521e-01
-2.684472280008153300e-01
-2.378687125682707182e-01
-2.064396960021173122e-01
-1.750113350364949361e-01
-1.423918047119974994e-01
-1.097727529916077416e-01
-7.516784385767152910e-02
-4.056320863259720716e-02
3.252786106660194515e-15
