0.000000000000000000e+00
0.000000000000000000e+00
0.000000000000000000e+00
0.000000000000000000e+00
0.000000000000000000e+00
0.000000000000000000e+00
0.000000000000000000e+00
-3.319267112291027179e-243
-2.377243702574259792e-177
-1.874461644038831458e-133
-5.960940066155865550e-103
-4.784846286722188280e-81
-6.837946339211216709e-65
-1.033240563974049936e-52
-2.325593416045496077e-43
-4.583001524410927600e-36
-2.678348871188392259e-30
-1.097785146315200908e-25
-5.866511194104837143e-22
-6.440479286076717561e-19
-2.038069160993683321e-16
-2.400959269589021220e-14
-1.281535114568062013e-12
-3.597820597908195268e-11
-5.994073437323819651e-10
-6.502253259258715894e-09
-4.947943324891196552e-08
-2.804159136075008341e-07
-1.242352459675698276e-06
-4.476209418911679863e-06
-1.354814097658351202e-05
-3.538145042065152007e-05
-8.151639953814904900e-05
-1.687852618236936302e-04
-3.189971734270358704e-04
-5.575387247027590665e-04
-9.111504582883632073e-04
-1.405372526662771555e-03
-2.062191096405444936e-03
-2.898289785633972881e-03
-3.924102990370235966e-03
-5.143666429399862752e-03
-6.555118065513473521e-03
-8.151635113077546416e-03
-9.922588652346991944e-03
-1.185473341653931964e-02
-1.393330367748212353e-02
-1.614293993293564738e-02
-1.846841571260130627e-02
-2.089516572586289436e-02
-2.340963614191207687e-02
-2.599948735212709652e-02
-2.865368201938229414e-02
-3.136248924855821602e-02
-3.411743142530547501e-02
-3.691119513879935476e-02
-3.973752254667509837e-02
-4.259109505198181017e-02
-4.546741744891929365e-02
-4.836270778329311570e-02
-5.127379599404890964e-02
-5.419803283945524852e-02
-5.713320954091547638e-02
-6.007748788263882894e-02
-6.302934008682717359e-02
-6.598749756090199758e-02
-6.895090752340483908e-02
-7.191869651178743605e-02
-7.489013982481079745e-02
-7.786463603123849886e-02
-8.084168576882816426e-02
-8.382087415314296019e-02
-8.680185620794597656e-02
-8.978434481433100744e-02
-9.276810075250475907e-02
-9.575292447769871707e-02
-9.873864933022215296e-02
-1.017251359297655228e-01
-1.047122675465279595e-01
-1.076999462775002359e-01
-1.106880898860916618e-01
-1.136766291882128632e-01
-1.166655058885219254e-01
-1.196546707876436216e-01
-1.226440822952099413e-01
-1.256337051951795791e-01
-1.286235096194059679e-01
-1.316134701932785422e-01
-1.346035653236331842e-01
-1.375937766044651178e-01
-1.405840883202516267e-01
-1.435744870302657905e-01
-1.465649612201706808e-01
-1.495555010095736548e-01
-1.525460979061876998e-01
-1.555367445988609931e-01
-1.585274347830666619e-01
-1.615181630135373303e-01
-1.645089245796328148e-01
-1.674997153997740129e-01
-1.704905319318888168e-01
-1.734813710973212297e-01
-1.764722302160992573e-01
-1.794631069517523825e-01
-1.824539992642281450e-01
-1.854449053696424765e-01
-1.884358237058252339e-01
-1.914267529027830761e-01
-1.944176917573401664e-01
-1.974086392113342248e-01
-2.003995943328422957e-01
-2.033905562999922534e-01
-2.063815243869839555e-01
-2.093724979520018570e-01
-2.123634764267476327e-01
-2.153544593073651592e-01
-2.183454461465594298e-01
-2.213364365467452577e-01
-2.243274301540821025e-01
-2.273184266532738695e-01
-2.303094257630297348e-01
-2.333004272320974015e-01
-2.362914308357903226e-01
-2.392824363729474102e-01
-2.422734436632592303e-01
-2.452644525449328983e-01
-2.482554628726214296e-01
-2.512464745156129942e-01
-2.542374873562295856e-01
-2.572285012884154010e-01
-2.602195162164882558e-01
-2.632105320540362170e-01
-2.662015487229398847e-01
-2.691925661525062519e-01
-2.721835842786992088e-01
-2.751746030434571999e-01
-2.781656223940808803e-01
-2.811566422827016520e-01
-2.841476626657893911e-01
-2.871386835037286756e-01
-2.901297047604289858e-01
-2.931207264029864756e-01
-2.961117484013774392e-01
-2.991027707281731507e-01
-3.020937933583069390e-01
-3.050848162688426513e-01
-3.080758394387760335e-01
-3.110668628488638676e-01
-3.140578864814543847e-01
-3.170489103203468217e-01
-3.200399343506558081e-01
-3.230309585587039511e-01
-3.260219829319013218e-01
-3.290130074586596343e-01
-3.320040321283042606e-01
-3.349950569309873005e-01
-3.379860818576258530e-01
-3.409771068998309063e-01
-3.439681320498551020e-01
-3.469591573005283425e-01
-3.499501826452223741e-01
-3.529412080777966643e-01
-3.559322335925632630e-01
-3.589232591842481668e-01
-3.619142848479590113e-01
-3.649053105791539853e-01
-3.678963363736141856e-01
-3.708873622274186932e-01
-3.738783881369204809e-01
-3.768694140987260410e-01
-3.798604401096752348e-01
-3.828514661668240837e-01
-3.858424922674275614e-01
-3.888335184089259933e-01
-3.918245445889298462e-01
-3.948155708052077939e-01
-3.978065970556754483e-01
-4.007976233383838682e-01
-4.037886496515105117e-01
-4.067796759933491879e-01
-4.097707023623031186e-01
-4.127617287568757232e-01
-4.157527551756649009e-01
-4.187437816173564253e-01
-4.217348080807134525e-01
-4.247258345645809618e-01
-4.277168610678702687e-01
-4.307078875895591352e-01
-4.336989141286871630e-01
-4.366899406843508524e-01
-4.396809672557001614e-01
-4.426719938419348965e-01
-4.456630204423013830e-01
-4.486540470560906324e-01
-4.516450736826316814e-01
-4.546361003212933127e-01
-4.576271269714819456e-01
-4.606181536326351411e-01
-4.636091803042220461e-01
-4.666002069857417278e-01
-4.695912336767203987e-01
-4.725822603767116936e-01
-4.755732870852900640e-01
-4.785643138020551635e-01
-4.815553405266296827e-01
-4.845463672586539650e-01
-4.875373939977876714e-01
-4.905284207437088373e-01
-4.935194474961128730e-01
-4.965104742547077898e-01
-4.995015010192214167e-01
-5.024925277893921294e-01
-5.054835545649729589e-01
-5.084745813457282049e-01
-5.114656081314352676e-01
-5.144566349218816503e-01
-5.174476617168659587e-01
-5.204386885161964571e-01
-5.234297153196906249e-01
-5.264207421271750453e-01
-5.294117689384848502e-01
-5.324027957534633870e-01
-5.353938225719576671e-01
-5.383848493938284685e-01
-5.413758762189384566e-01
-5.443669030471579573e-01
-5.473579298783644020e-01
-5.503489567124369986e-01
-5.533399835492659458e-01
-5.563310103887427749e-01
-5.593220372307651234e-01
-5.623130640752348475e-01
-5.653040909220580224e-01
-5.682951177711460522e-01
-5.712861446224127837e-01
-5.742771714757767265e-01
-5.772681983311594989e-01
-5.802592251884864938e-01
-5.832502520476861019e-01
-5.862412789086898224e-01
-5.892323057714320411e-01
-5.922233326358502525e-01
-5.952143595018836164e-01
-5.982053863694751783e-01
-6.011964132385692050e-01
-6.041874401091127389e-01
-6.071784669810553758e-01
-6.101694938543484881e-01
-6.131605207289450021e-01
-6.161515476047998430e-01
-6.191425744818703780e-01
-6.221336013601151960e-01
-6.251246282394957721e-01
-6.281156551199706950e-01
-6.311066820015064360e-01
-6.340977088840678011e-01
-6.370887357676181528e-01
-6.400797626521278483e-01
-6.430707895375646910e-01
-6.460618164238985939e-01
-6.490528433111003581e-01
-6.520438701991424502e-01
-6.550348970879983357e-01
-6.580259239776417024e-01
-6.610169508680492356e-01
-6.640079777591945120e-01
-6.669990046510549941e-01
-6.699900315436108089e-01
-6.729810584368374204e-01
-6.759720853307168431e-01
-6.789631122252282047e-01
-6.819541391203522984e-01
-6.849451660160706945e-01
-6.879361929123658514e-01
-6.909272198092211159e-01
-6.939182467066175031e-01
-6.969092736045412462e-01
-6.999003005029765800e-01
-7.028913274019082946e-01
-7.058823543013219570e-01
-7.088733812012041335e-01
-7.118644081015406133e-01
-7.148554350023188508e-01
-7.178464619035264116e-01
-7.208374888051509721e-01
-7.238285157071809861e-01
-7.268195426096057954e-01
-7.298105695124117442e-01
-7.328015964155925044e-01
-7.357926233191330878e-01
-7.387836502230270552e-01
-7.417746771272639705e-01
-7.447657040318340638e-01
-7.477567309367297854e-01
-7.507477578419394781e-01
-7.537387847474583680e-01
-7.567298116532742425e-01
-7.597208385593837709e-01
-7.627118654657748520e-01
-7.657028923724429337e-01
-7.686939192793800224e-01
-7.716849461865795679e-01
-7.746759730940343536e-01
-7.776670000017376072e-01
-7.806580269096844438e-01
-7.836490538178659815e-01
-7.866400807262784456e-01
-7.896311076349155078e-01
-7.926221345437726162e-01
-7.956131614528412221e-01
-7.986041883621189941e-01
-8.015952152715999368e-01
-8.045862421812798315e-01
-8.075772690911509066e-01
-8.105682960012118299e-01
-8.135593229114568281e-01
-8.165503498218811274e-01
-8.195413767324809529e-01
-8.225324036432518637e-01
-8.255234305541896411e-01
-8.285144574652907323e-01
-8.315054843765511405e-01
-8.344965112879669800e-01
-8.374875381995348089e-01
-8.404785651112507416e-01
-8.434695920231121136e-01
-8.464606189351149279e-01
-8.494516458472564091e-01
-8.524426727595332265e-01
-8.554336996719416053e-01
-8.584247265844799912e-01
-8.614157534971442765e-01
-8.644067804099323515e-01
-8.673978073228408858e-01
-8.703888342358675478e-01
-8.733798611490101171e-01
-8.763708880622652631e-01
-8.793619149756310982e-01
-8.823529418891049581e-01
-8.853439688026845111e-01
-8.883349957163678701e-01
-8.913260226301521483e-01
-8.943170495440353474e-01
-8.973080764580159130e-01
-9.002991033720914027e-01
-9.032901302862594850e-01
-9.062811572005189387e-01
-9.092721841148670991e-01
-9.122632110293026342e-01
-9.152542379438237674e-01
-9.182452648584283894e-01
-9.212362917731150569e-01
-9.242273186878817715e-01
-9.272183456027270898e-01
-9.302093725176495687e-01
-9.332003994326476537e-01
-9.361914263477206788e-01
-9.391824532628636479e-01
-9.421734801780791146e-01
-9.451645070933640813e-01
-9.481555340087172157e-01
-9.511465609241370744e-01
-9.541375878396231025e-01
-9.571286147551731904e-01
-9.601196416707861170e-01
-9.631106685864609940e-01
-9.661016955021963781e-01
-9.690927224179916033e-01
-9.720837493338448931e-01
-9.750747762497551374e-01
-9.780658031657220031e-01
-9.810568300817436027e-01
-9.840478569978192702e-01
-9.870388839139478954e-01
-9.900299108301289230e-01
-9.930209377463605769e-01
-9.960119646626425238e-01
-9.990029915789735426e-01
-1.001994018495352856e+00
-1.004985045411779687e+00
-1.007976072328253370e+00
-1.010967099244771905e+00
-1.013958126161335960e+00
-1.016949153077943757e+00
-1.019940179994594853e+00
-1.022931206911288804e+00
-1.025922233828023833e+00
-1.028913260744800162e+00
-1.031904287661616682e+00
-1.034895314578472725e+00
-1.037886341495368070e+00
-1.040877368412301163e+00
-1.043868395329271781e+00
-1.046859422246279259e+00
-1.049850449163322930e+00
-1.052841476080402128e+00
-1.055832502997516631e+00
-1.058823529914665551e+00
-1.061814556831847778e+00
-1.064805583749063533e+00
-1.067796610666312151e+00
-1.070787637583593410e+00
-1.073778664500904423e+00
-1.076769691418247632e+00
-1.079760718335621483e+00
-1.082751745253025089e+00
-1.085742772170458448e+00
-1.088733799087920229e+00
-1.091724826005411098e+00
-1.094715852922930166e+00
-1.097706879840476768e+00
-1.100697906758051126e+00
-1.103688933675651018e+00
-1.106679960593277778e+00
-1.109670987510931406e+00
-1.112662014428608570e+00
-1.115653041346311714e+00
-1.118644068264039948e+00
-1.121635095181791941e+00
-1.124626122099568137e+00
-1.127617149017367648e+00
-1.130608175935190696e+00
-1.133599202853035948e+00
-1.136590229770904070e+00
-1.139581256688794397e+00
-1.142572283606706041e+00
-1.145563310524640332e+00
-1.148554337442593720e+00
-1.151545364360568646e+00
-1.154536391278564222e+00
-1.157527418196580005e+00
-1.160518445114615549e+00
-1.163509472032670411e+00
-1.166500498950744591e+00
-1.169491525868837645e+00
-1.172482552786950016e+00
-1.175473579705080818e+00
-1.178464606623229383e+00
-1.181455633541394601e+00
-1.184446660459578471e+00
-1.187437687377779882e+00
-1.190428714295998169e+00
-1.193419741214233332e+00
-1.196410768132484925e+00
-1.199401795050752728e+00
-1.202392821969037406e+00
-1.205383848887336740e+00
-1.208374875805652282e+00
-1.211365902723983590e+00
-1.214356929642329330e+00
-1.217347956560690836e+00
-1.220338983479066775e+00
-1.223330010397457146e+00
-1.226321037315861950e+00
-1.229312064234282076e+00
-1.232303091152714192e+00
-1.235294118071160741e+00
-1.238285144989621944e+00
-1.241276171908094916e+00
-1.244267198826582765e+00
-1.247258225745081939e+00
-1.250249252663594657e+00
-1.253240279582120253e+00
-1.256231306500657841e+00
-1.259222333419208306e+00
-1.262213360337770762e+00
-1.265204387256344987e+00
-1.268195414174931868e+00
-1.271186441093530073e+00
-1.274177468012138714e+00
-1.277168494930759124e+00
-1.280159521849391302e+00
-1.283150548768034360e+00
-1.286141575686689187e+00
-1.289132602605354005e+00
-1.292123629524028372e+00
-1.295114656442714729e+00
-1.298105683361410634e+00
-1.301096710280117641e+00
-1.304087737198834640e+00
-1.307078764117560299e+00
-1.310069791036296616e+00
-1.313060817955042703e+00
-1.316051844873797894e+00
-1.319042871792563298e+00
-1.322033898711337363e+00
-1.325024925630120975e+00
-1.328015952548914802e+00
-1.331006979467715512e+00
-1.333998006386526214e+00
-1.336989033305345576e+00
-1.339980060224173375e+00
-1.342971087143010500e+00
-1.345962114061856063e+00
-1.348953140980708287e+00
-1.351944167899571170e+00
-1.354935194818439159e+00
-1.357926221737316919e+00
-1.360917248656202450e+00
-1.363908275575097528e+00
-1.366899302493997492e+00
-1.369890329412905894e+00
-1.372881356331822733e+00
-1.375872383250747566e+00
-1.378863410169677728e+00
-1.381854437088616550e+00
-1.384845464007561811e+00
-1.387836490926514843e+00
-1.390827517845474759e+00
-1.393818544764441336e+00
-1.396809571683415019e+00
-1.399800598602395363e+00
-1.402791625521382590e+00
-1.405782652440376923e+00
-1.408773679359376585e+00
-1.411764706278383574e+00
-1.414755733197396559e+00
-1.417746760116416871e+00
-1.420737787035441846e+00
-1.423728813954473482e+00
-1.426719840873511558e+00
-1.429710867792556295e+00
-1.432701894711606583e+00
-1.435692921630661756e+00
-1.438683948549723368e+00
-1.441674975468790976e+00
-1.444666002387863912e+00
-1.447657029306942622e+00
-1.450648056226027327e+00
-1.453639083145116695e+00
-1.456630110064212058e+00
-1.459621136983312972e+00
-1.462612163902419660e+00
-1.465603190821530344e+00
-1.468594217740646801e+00
-1.471585244659768366e+00
-1.474576271578895037e+00
-1.477567298498026593e+00
-1.480558325417164811e+00
-1.483549352336305915e+00
-1.486540379255452571e+00
-1.489531406174602779e+00
-1.492522433093759204e+00
-1.495513460012920737e+00
-1.498504486932085378e+00
-1.501495513851255570e+00
-1.504486540770430425e+00
-1.507477567689610387e+00
-1.510468594608793236e+00
-1.513459621527981414e+00
-1.516450648447174254e+00
-1.519441675366370648e+00
-1.522432702285572148e+00
-1.525423729204777201e+00
-1.528414756123986473e+00
-1.531405783043201518e+00
-1.534396809962417896e+00
-1.537387836881640046e+00
-1.540378863800865972e+00
-1.543369890720095894e+00
-1.546360917639330035e+00
-1.549351944558567062e+00
-1.552342971477809863e+00
-1.555333998397053774e+00
-1.558325025316303236e+00
-1.561316052235556029e+00
-1.564307079154812596e+00
-1.567298106074072939e+00
-1.570289132993336834e+00
-1.573280159912604059e+00
-1.576271186831875282e+00
-1.579262213751150057e+00
-1.582253240670427941e+00
-1.585244267589710265e+00
-1.588235294508995255e+00
-1.591226321428282242e+00
-1.594217348347574337e+00
-1.597208375266869984e+00
-1.600199402186167186e+00
-1.603190429105468828e+00
-1.606181456024772913e+00
-1.609172482944080773e+00
-1.612163509863392408e+00
-1.615154536782706263e+00
-1.618145563702023448e+00
-1.621136590621344187e+00
-1.624127617540667146e+00
-1.627118644459993879e+00
-1.630109671379322833e+00
-1.633100698298654896e+00
-1.636091725217989845e+00
-1.639082752137329235e+00
-1.642073779056669292e+00
-1.645064805976014455e+00
-1.648055832895359396e+00
-1.651046859814709222e+00
-1.654037886734061491e+00
-1.657028913653416424e+00
-1.660019940572774244e+00
-1.663010967492133840e+00
-1.666001994411496545e+00
-1.668993021330862359e+00
-1.671984048250230392e+00
-1.674975075169601091e+00
-1.677966102088974010e+00
-1.680957129008350259e+00
-1.683948155927728285e+00
-1.686939182847108976e+00
-1.689930209766492109e+00
-1.692921236685878128e+00
-1.695912263605266590e+00
-1.698903290524656828e+00
-1.701894317444049287e+00
-1.704885344363444633e+00
-1.707876371282842198e+00
-1.710867398202241985e+00
-1.713858425121644435e+00
-1.716849452041048663e+00
-1.719840478960455776e+00
-1.722831505879864222e+00
-1.725822532799275555e+00
-1.728813559718688886e+00
-1.731804586638104215e+00
-1.734795613557521987e+00
-1.737786640476941979e+00
-1.740777667396363526e+00
-1.743768694315787737e+00
-1.746759721235213503e+00
-1.749750748154641933e+00
-1.752741775074071473e+00
-1.755732801993504344e+00
-1.758723828912938325e+00
-1.761714855832375637e+00
-1.764705882751812283e+00
-1.767696909671252925e+00
-1.770687936590694900e+00
-1.773678963510138651e+00
-1.776669990429583956e+00
-1.779661017349031926e+00
-1.782652044268481673e+00
-1.785643071187934083e+00
-1.788634098107387382e+00
-1.791625125026842458e+00
-1.794616151946298421e+00
-1.797607178865757271e+00
-1.800598205785217898e+00
-1.803589232704680079e+00
-1.806580259624144258e+00
-1.809571286543610213e+00
-1.812562313463077057e+00
-1.815553340382546343e+00
-1.818544367302017184e+00
-1.821535394221490023e+00
-1.824526421140963972e+00
-1.827517448060439698e+00
-1.830508474979916977e+00
-1.833499501899396256e+00
-1.836490528818877088e+00
-1.839481555738359253e+00
-1.842472582657843194e+00
-1.845463609577328690e+00
-1.848454636496815295e+00
-1.851445663416303677e+00
-1.854436690335794058e+00
-1.857427717255285549e+00
-1.860418744174778594e+00
-1.863409771094273859e+00
-1.866400798013769347e+00
-1.869391824933267054e+00
-1.872382851852765651e+00
-1.875373878772266023e+00
-1.878364905691768394e+00
-1.881355932611271875e+00
-1.884346959530776466e+00
-1.887337986450282390e+00
-1.890329013369789646e+00
-1.893320040289299122e+00
-1.896311067208809487e+00
-1.899302094128320739e+00
-1.902293121047833324e+00
-1.905284147967347907e+00
-1.908275174886863379e+00
-1.911266201806380405e+00
-1.914257228725898541e+00
-1.917248255645418231e+00
-1.920239282564939254e+00
-1.923230309484460943e+00
-1.926221336403984408e+00
-1.929212363323509427e+00
-1.932203390243035113e+00
-1.935194417162561686e+00
-1.938185444082089814e+00
-1.941176471001619053e+00
-1.944167497921150511e+00
-1.947158524840682414e+00
-1.950149551760215205e+00
-1.953140578679749551e+00
-1.956131605599285228e+00
-1.959122632518821794e+00
-1.962113659438359692e+00
-1.965104686357898256e+00
-1.968095713277438374e+00
-1.971086740196979159e+00
-1.974077767116522386e+00
-1.977068794036065391e+00
-1.980059820955610173e+00
-1.983050847875155620e+00
-1.986041874794703066e+00
-1.989032901714250512e+00
-1.992023928633798402e+00
-1.995014955553349623e+00
-1.998005982472900399e+00
-2.000997009392451620e+00
-2.003988036312005061e+00
-2.006979063231560279e+00
-2.009970090151114164e+00
-2.012961117070670714e+00
-2.015952143990227263e+00
-2.018943170909786478e+00
-2.021934197829344804e+00
-2.024925224748904906e+00
-2.027916251668466341e+00
-2.030907278588028664e+00
-2.033898305507591875e+00
-2.036889332427154642e+00
-2.039880359346720073e+00
-2.042871386266285949e+00
-2.045862413185852713e+00
-2.048853440105420809e+00
-2.051844467024989793e+00
-2.054835493944560110e+00
-2.057826520864129982e+00
-2.060817547783701187e+00
-2.063808574703273280e+00
-2.066799601622847593e+00
-2.069790628542421462e+00
-2.072781655461995332e+00
-2.075772682381572309e+00
-2.078763709301149287e+00
-2.081754736220727597e+00
-2.084745763140303687e+00
-2.087736790059883329e+00
-2.090727816979463860e+00
-2.093718843899045723e+00
-2.096709870818627142e+00
-2.099700897738209449e+00
-2.102691924657793088e+00
-2.105682951577377171e+00
-2.108673978496962143e+00
-2.111665005416548890e+00
-2.114656032336135194e+00
-2.117647059255722386e+00
-2.120638086175310466e+00
-2.123629113094899878e+00
-2.126620140014489735e+00
-2.129611166934079591e+00
-2.132602193853671668e+00
-2.135593220773263745e+00
-2.138584247692857154e+00
-2.141575274612450119e+00
-2.144566301532044861e+00
-2.147557328451640046e+00
-2.150548355371235676e+00
-2.153539382290832194e+00
-2.156530409210429156e+00
-2.159521436130027894e+00
-2.162512463049626188e+00
-2.165503489969226703e+00
-2.168494516888826773e+00
-2.171485543808427732e+00
-2.174476570728029134e+00
-2.177467597647632314e+00
-2.180458624567234605e+00
-2.183449651486837784e+00
-2.186440678406442739e+00
-2.189431705326047695e+00
-2.192422732245653094e+00
-2.195413759165259382e+00
-2.198404786084866114e+00
-2.201395813004474622e+00
-2.204386839924082686e+00
-2.207377866843692527e+00
-2.210368893763301035e+00
-2.213359920682911319e+00
-2.216350947602522492e+00
-2.219341974522134997e+00
-2.222333001441746170e+00
-2.225324028361359563e+00
-2.228315055280972956e+00
-2.231306082200586349e+00
-2.234297109120202407e+00
-2.237288136039816688e+00
-2.240279162959432746e+00
-2.243270189879048804e+00
-2.246261216798665750e+00
-2.249252243718284916e+00
-2.252243270637901418e+00
-2.255234297557520584e+00
-2.258225324477140639e+00
-2.261216351396760693e+00
-2.264207378316381192e+00
-2.267198405236002134e+00
-2.270189432155623965e+00
-2.273180459075246684e+00
-2.276171485994869403e+00
-2.279162512914493455e+00
-2.282153539834116174e+00
-2.285144566753742001e+00
-2.288135593673366053e+00
-2.291126620592992769e+00
-2.294117647512618596e+00
-2.297108674432245312e+00
-2.300099701351872028e+00
-2.303090728271500520e+00
-2.306081755191127680e+00
-2.309072782110757505e+00
-2.312063809030386885e+00
-2.315054835950015821e+00
-2.318045862869646534e+00
-2.321036889789278135e+00
-2.324027916708908847e+00
-2.327018943628540892e+00
-2.330009970548173825e+00
-2.333000997467806314e+00
-2.335992024387439692e+00
-2.338983051307073513e+00
-2.341974078226708222e+00
-2.344965105146343376e+00
-2.347956132065978085e+00
-2.350947158985614127e+00
-2.353938185905250613e+00
-2.356929212824887099e+00
-2.359920239744524473e+00
-2.362911266664162291e+00
-2.365902293583800997e+00
-2.368893320503440147e+00
-2.371884347423078410e+00
-2.374875374342718004e+00
-2.377866401262358931e+00
-2.380857428181998525e+00
-2.383848455101639008e+00
-2.386839482021282155e+00
-2.389830508940922638e+00
-2.392821535860565341e+00
-2.395812562780209376e+00
-2.398803589699851635e+00
-2.401794616619494338e+00
-2.404785643539139262e+00
-2.407776670458783741e+00
-2.410767697378428664e+00
-2.413758724298074032e+00
-2.416749751217720288e+00
-2.419740778137367432e+00
-2.422731805057012355e+00
-2.425722831976660387e+00
-2.428713858896306643e+00
-2.431704885815955119e+00
-2.434695912735603152e+00
-2.437686939655251628e+00
-2.440677966574900548e+00
-2.443668993494550357e+00
-2.446660020414201497e+00
-2.449651047333851750e+00
-2.452642074253501558e+00
-2.455633101173152699e+00
-2.458624128092804284e+00
-2.461615155012455869e+00
-2.464606181932107898e+00
-2.467597208851761259e+00
-2.470588235771413288e+00
-2.473579262691067093e+00
-2.476570289610721343e+00
-2.479561316530374704e+00
-2.482552343450029841e+00
-2.485543370369684535e+00
-2.488534397289339672e+00
-2.491525424208997030e+00
-2.494516451128652612e+00
-2.497507478048307750e+00
-2.500498504967964664e+00
-2.503489531887621578e+00
-2.506480558807278936e+00
-2.509471585726937182e+00
-2.512462612646595872e+00
-2.515453639566255006e+00
-2.518444666485913253e+00
-2.521435693405571943e+00
-2.524426720325232409e+00
-2.527417747244891100e+00
-2.530408774164552010e+00
-2.533399801084212033e+00
-2.536390828003873388e+00
-2.539381854923534299e+00
-2.542372881843195653e+00
-2.545363908762857008e+00
-2.548354935682519695e+00
-2.551345962602183270e+00
-2.554336989521844625e+00
-2.557328016441507756e+00
-2.560319043361171776e+00
-2.563310070280834907e+00
-2.566301097200498926e+00
-2.569292124120163390e+00
-2.572283151039829185e+00
-2.575274177959492761e+00
-2.578265204879158112e+00
-2.581256231798823464e+00
-2.584247258718488371e+00
-2.587238285638155055e+00
-2.590229312557820407e+00
-2.593220339477487091e+00
-2.596211366397153775e+00
-2.599202393316820014e+00
-2.602193420236488031e+00
-2.605184447156154270e+00
-2.608175474075821398e+00
-2.611166500995489859e+00
-2.614157527915156543e+00
-2.617148554834823670e+00
-2.620139581754491243e+00
-2.623130608674159259e+00
-2.626121635593826831e+00
-2.629112662513493959e+00
-2.632103689433161975e+00
-2.635094716352829103e+00
-2.638085743272495787e+00
-2.641076770192163359e+00
-2.644067797111830043e+00
-2.647058824031496282e+00
-2.650049850951161190e+00
-2.653040877870826986e+00
-2.656031904790491449e+00
-2.659022931710156357e+00
-2.662013958629818600e+00
-2.665004985549482619e+00
-2.667996012469142642e+00
-2.670987039388802664e+00
-2.673978066308460910e+00
-2.676969093228118268e+00
-2.679960120147773850e+00
-2.682951147067427655e+00
-2.685942173987078796e+00
-2.688933200906728604e+00
-2.691924227826374416e+00
-2.694915254746016231e+00
-2.697906281665656270e+00
-2.700897308585291867e+00
-2.703888335504923468e+00
-2.706879362424550628e+00
-2.709870389344172903e+00
-2.712861416263788072e+00
-2.715852443183398801e+00
-2.718843470103001536e+00
-2.721834497022596722e+00
-2.724825523942183025e+00
-2.727816550861760447e+00
-2.730807577781328099e+00
-2.733798604700882873e+00
-2.736789631620426988e+00
-2.739780658539955560e+00
-2.742771685459471254e+00
-2.745762712378967407e+00
-2.748753739298447130e+00
-2.751744766217905980e+00
-2.754735793137343514e+00
-2.757726820056756623e+00
-2.760717846976143974e+00
-2.763708873895502460e+00
-2.766699900814827195e+00
-2.769690927734119956e+00
-2.772681954653373637e+00
-2.775672981572586018e+00
-2.778664008491752213e+00
-2.781655035410869559e+00
-2.784646062329933613e+00
-2.787637089248938604e+00
-2.790628116167879647e+00
-2.793619143086750078e+00
-2.796610170005543239e+00
-2.799601196924253799e+00
-2.802592223842873764e+00
-2.805583250761395142e+00
-2.808574277679809050e+00
-2.811565304598105719e+00
-2.814556331516275378e+00
-2.817547358434305593e+00
-2.820538385352186594e+00
-2.823529412269905059e+00
-2.826520439187444556e+00
-2.829511466104793094e+00
-2.832502493021931578e+00
-2.835493519938843576e+00
-2.838484546855509549e+00
-2.841475573771909513e+00
-2.844466600688019930e+00
-2.847457627603819930e+00
-2.850448654519278424e+00
-2.853439681434369213e+00
-2.856430708349065206e+00
-2.859421735263331321e+00
-2.862412762177133363e+00
-2.865403789090431808e+00
-2.868394816003188019e+00
-2.871385842915358921e+00
-2.874376869826895664e+00
-2.877367896737748509e+00
-2.880358923647864167e+00
-2.883349950557182684e+00
-2.886340977465643221e+00
-2.889332004373177831e+00
-2.892323031279713241e+00
-2.895314058185173955e+00
-2.898305085089477373e+00
-2.901296111992531124e+00
-2.904287138894241949e+00
-2.907278165794506819e+00
-2.910269192693216489e+00
-2.913260219590253719e+00
-2.916251246485492388e+00
-2.919242273378798380e+00
-2.922233300270025591e+00
-2.925224327159021698e+00
-2.928215354045621943e+00
-2.931206380929649136e+00
-2.934197407810916758e+00
-2.937188434689218308e+00
-2.940179461564345509e+00
-2.943170488436063437e+00
-2.946161515304131395e+00
-2.949152542168283375e+00
-2.952143569028243153e+00
-2.955134595883711413e+00
-2.958125622734372406e+00
-2.961116649579886406e+00
-2.964107676419891924e+00
-2.967098703254006153e+00
-2.970089730081819646e+00
-2.973080756902897193e+00
-2.976071783716772945e+00
-2.979062810522954408e+00
-2.982053837320915779e+00
-2.985044864110099727e+00
-2.988035890889913393e+00
-2.991026917659721285e+00
-2.994017944418856381e+00
-2.997008971166605029e+00
-2.999999997902210946e+00
-3.002991024624867222e+00
-3.005982051333722538e+00
-3.008973078027874060e+00
-3.011964104706357226e+00
-3.014955131368155072e+00
-3.017946158012186686e+00
-3.020937184637307205e+00
-3.023928211242301600e+00
-3.026919237825884679e+00
-3.029910264386693086e+00
-3.032901290923286197e+00
-3.035892317434132792e+00
-3.038883343917621271e+00
-3.041874370372037006e+00
-3.044865396795571222e+00
-3.047856423186311670e+00
-3.050847449542232415e+00
-3.053838475861195612e+00
-3.056829502140939514e+00
-3.059820528379076698e+00
-3.062811554573084294e+00
-3.065802580720295545e+00
-3.068793606817902031e+00
-3.071784632862931019e+00
-3.074775658852251681e+00
-3.077766684782559103e+00
-3.080757710650366743e+00
-3.083748736451998873e+00
-3.086739762183582592e+00
-3.089730787841033166e+00
-3.092721813420045152e+00
-3.095712838916088394e+00
-3.098703864324390267e+00
-3.101694889639921460e+00
-3.104685914857390650e+00
-3.107676939971232066e+00
-3.110667964975582844e+00
-3.113658989864281246e+00
-3.116650014630844012e+00
-3.119641039268456595e+00
-3.122632063769953614e+00
-3.125623088127805538e+00
-3.128614112334100916e+00
-3.131605136380525067e+00
-3.134596160258355191e+00
-3.137587183958421733e+00
-3.140578207471106165e+00
-3.143569230786307678e+00
-3.146560253893433412e+00
-3.149551276781366482e+00
-3.152542299438450435e+00
-3.155533321852459494e+00
-3.158524344010575469e+00
-3.161515365899369989e+00
-3.164506387504763207e+00
-3.167497408812010473e+00
-3.170488429805662811e+00
-3.173479450469544716e+00
-3.176470470786717293e+00
-3.179461490739455165e+00
-3.182452510309199845e+00
-3.185443529476540192e+00
-3.188434548221167120e+00
-3.191425566521835844e+00
-3.194416584356339683e+00
-3.197407601701455881e+00
-3.200398618532914963e+00
-3.203389634825354104e+00
-3.206380650552270950e+00
-3.209371665685988084e+00
-3.212362680197593079e+00
-3.215353694056904299e+00
-3.218344707232408730e+00
-3.221335719691214017e+00
-3.224326731399001833e+00
-3.227317742319964378e+00
-3.230308752416748419e+00
-3.233299761650403337e+00
-3.236290769980313620e+00
-3.239281777364135806e+00
-3.242272783757741639e+00
-3.245263789115143016e+00
-3.248254793388425377e+00
-3.251245796527682419e+00
-3.254236798480935722e+00
-3.257227799194061912e+00
-3.260218798610718949e+00
-3.263209796672257745e+00
-3.266200793317648454e+00
-3.269191788483392092e+00
-3.272182782103429499e+00
-3.275173774109058300e+00
-3.278164764428837863e+00
-3.281155752988490715e+00
-3.284146739710804841e+00
-3.287137724515539983e+00
-3.290128707319316170e+00
-3.293119688035508918e+00
-3.296110666574143089e+00
-3.299101642841776982e+00
-3.302092616741384212e+00
-3.305083588172243125e+00
-3.308074557029804019e+00
-3.311065523205572347e+00
-3.314056486586974160e+00
-3.317047447057228204e+00
-3.320038404495208262e+00
-3.323029358775299258e+00
-3.326020309767265815e+00
-3.329011257336091489e+00
-3.332002201341839331e+00
-3.334993141639494674e+00
-3.337984078078802597e+00
-3.340975010504113385e+00
-3.343965938754208889e+00
-3.346956862662139986e+00
-3.349947782055044510e+00
-3.352938696753977599e+00
-3.355929606573718971e+00
-3.358920511322592617e+00
-3.361911410802278954e+00
-3.364902304807606548e+00
-3.367893193126362039e+00
-3.370884075539080982e+00
-3.373874951818839563e+00
-3.376865821731037443e+00
-3.379856685033183261e+00
-3.382847541474665043e+00
-3.385838390796523267e+00
-3.388829232731221275e+00
-3.391820067002392136e+00
-3.394810893324617052e+00
-3.397801711403150904e+00
-3.400792520933688223e+00
-3.403783321602088296e+00
-3.406774113084118483e+00
-3.409764895045181099e+00
-3.412755667140034532e+00
-3.415746429012517016e+00
-3.418737180295250866e+00
-3.421727920609358264e+00
-3.424718649564157058e+00
-3.427709366756857445e+00
-3.430700071772250226e+00
-3.433690764182394606e+00
-3.436681443546288239e+00
-3.439672109409549705e+00
-3.442662761304077446e+00
-3.445653398747706042e+00
-3.448644021243870483e+00
-3.451634628281243788e+00
-3.454625219333381736e+00
-3.457615793858363595e+00
-3.460606351298408878e+00
-3.463596891079512741e+00
-3.466587412611046748e+00
-3.469577915285388947e+00
-3.472568398477508644e+00
-3.475558861544572942e+00
-3.478549303825532846e+00
-3.481539724640713818e+00
-3.484530123291381898e+00
-3.487520499059326262e+00
-3.490510851206416021e+00
-3.493501178974161459e+00
-3.496491481583263283e+00
-3.499481758233157436e+00
-3.502472008101551904e+00
-3.505462230343963981e+00
-3.508452424093235322e+00
-3.511442588459056768e+00
-3.514432722527480735e+00
-3.517422825360418503e+00
-3.520412895995144620e+00
-3.523402933443785301e+00
-3.526392936692809066e+00
-3.529382904702496493e+00
-3.532372836406416194e+00
-3.535362730710891910e+00
-3.538352586494456720e+00
-3.541342402607309037e+00
-3.544332177870756162e+00
-3.547321911076651180e+00
-3.550311600986834293e+00
-3.553301246332548402e+00
-3.556290845813864010e+00
-3.559280398099094356e+00
-3.562269901824202112e+00
-3.565259355592198087e+00
-3.568248757972539043e+00
-3.571238107500517067e+00
-3.574227402676636967e+00
-3.577216641966002530e+00
-3.580205823797682374e+00
-3.583194946564072225e+00
-3.586184008620260766e+00
-3.589173008283379485e+00
-3.592161943831953419e+00
-3.595150813505242127e+00
-3.598139615502575328e+00
-3.601128347982690769e+00
-3.604117009063055210e+00
-3.607105596819189408e+00
-3.610094109283982000e+00
-3.613082544447003830e+00
-3.616070900253816056e+00
-3.619059174605265827e+00
-3.622047365356789062e+00
-3.625035470317706121e+00
-3.628023487250501944e+00
-3.631011413870120830e+00
-3.633999247843237690e+00
-3.636986986787539511e+00
-3.639974628271001489e+00
-3.642962169811145845e+00
-3.645949608874315739e+00
-3.648936942874935419e+00
-3.651924169174768586e+00
-3.654911285082174111e+00
-3.657898287851362618e+00
-3.660885174681635768e+00
-3.663871942716651287e+00
-3.666858589043648919e+00
-3.669845110692710133e+00
-3.672831504635988953e+00
-3.675817767786954349e+00
-3.678803896999625955e+00
-3.681789889067814681e+00
-3.684775740724349991e+00
-3.687761448640320072e+00
-3.690747009424301339e+00
-3.693732419621584828e+00
-3.696717675713421247e+00
-3.699702774116238935e+00
-3.702687711180879582e+00
-3.705672483191826405e+00
-3.708657086366443423e+00
-3.711641516854196965e+00
-3.714625770735892285e+00
-3.717609844022910170e+00
-3.720593732656433783e+00
-3.723577432506695040e+00
-3.726560939372202341e+00
-3.729544248978986953e+00
-3.732527356979837396e+00
-3.735510258953551155e+00
-3.738492950404176618e+00
-3.741475426760265677e+00
-3.744457683374119661e+00
-3.747439715521052150e+00
-3.750421518398642018e+00
-3.753403087126002013e+00
-3.756384416743040244e+00
-3.759365502209734977e+00
-3.762346338405412105e+00
-3.765326920128014621e+00
-3.768307242093402731e+00
-3.771287298934638432e+00
-3.774267085201278960e+00
-3.777246595358680459e+00
-3.780225823787307426e+00
-3.783204764782048368e+00
-3.786183412551532346e+00
-3.789161761217458846e+00
-3.792139804813936088e+00
-3.795117537286815779e+00
-3.798094952493051846e+00
-3.801072044200048516e+00
-3.804048806085031931e+00
-3.807025231734424864e+00
-3.810001314643221892e+00
-3.812977048214392539e+00
-3.815952425758270650e+00
-3.818927440491969971e+00
-3.821902085538806837e+00
-3.824876353927718409e+00
-3.827850238592716003e+00
-3.830823732372327317e+00
-3.833796828009052859e+00
-3.836769518148851699e+00
-3.839741795340610331e+00
-3.842713652035644412e+00
-3.845685080587196492e+00
-3.848656073249969278e+00
-3.851626622179635362e+00
-3.854596719432395346e+00
-3.857566356964523546e+00
-3.860535526631938996e+00
-3.863504220189788452e+00
-3.866472429292031165e+00
-3.869440145491059191e+00
-3.872407360237303475e+00
-3.875374064878886582e+00
-3.878340250661254984e+00
-3.881305908726855769e+00
-3.884271030114805789e+00
-3.887235605760589685e+00
-3.890199626495769891e+00
-3.893163083047702866e+00
-3.896125966039287292e+00
-3.899088265988709168e+00
-3.902049973309221098e+00
-3.905011078308921579e+00
-3.907971571190557381e+00
-3.910931442051355234e+00
-3.913890680882839312e+00
-3.916849277570697563e+00
-3.919807221894639593e+00
-3.922764503528294533e+00
-3.925721112039105343e+00
-3.928677036888255536e+00
-3.931632267430605232e+00
-3.934586792914647635e+00
-3.937540602482481056e+00
-3.940493685169802252e+00
-3.943446029905922412e+00
-3.946397625513785368e+00
-3.949348460710021769e+00
-3.952298524105009481e+00
-3.955247804202961959e+00
-3.958196289402023726e+00
-3.961143967994398274e+00
-3.964090828166489722e+00
-3.967036857999050703e+00
-3.969982045467371101e+00
-3.972926378441470785e+00
-3.975869844686322097e+00
-3.978812431862075005e+00
-3.981754127524316900e+00
-3.984694919124350143e+00
-3.987634794009490058e+00
-3.990573739423358468e+00
-3.993511742506243412e+00
-3.996448790295430875e+00
-3.999384869725585823e+00
-4.002319967629146547e+00
-4.005254070736726568e+00
-4.008187165677555619e+00
-4.011119238979922841e+00
-4.014050277071656403e+00
-4.016980266280596013e+00
-4.019909192835126710e+00
-4.022837042864684243e+00
-4.025763802400322611e+00
-4.028689457375270067e+00
-4.031613993625521530e+00
-4.034537396890447880e+00
-4.037459652813417676e+00
-4.040380746942449086e+00
-4.043300664730867133e+00
-4.046219391537998256e+00
-4.049136912629865748e+00
-4.052053213179913627e+00
-4.054968278269754478e+00
-4.057882092889924408e+00
-4.060794641940664640e+00
-4.063705910232715546e+00
-4.066615882488137323e+00
-4.069524543341150213e+00
-4.072431877338972050e+00
-4.075337868942711772e+00
-4.078242502528235391e+00
-4.081145762387093257e+00
-4.084047632727438426e+00
-4.086948097674963698e+00
-4.089847141273871500e+00
-4.092744747487847334e+00
-4.095640900201058976e+00
-4.098535583219155676e+00
-4.101428780270320651e+00
-4.104320475006290714e+00
-4.107210651003432744e+00
-4.110099291763821050e+00
-4.112986380716333379e+00
-4.115871901217753148e+00
-4.118755836553899208e+00
-4.121638169940767149e+00
-4.124518884525691931e+00
-4.127397963388506952e+00
-4.130275389542740427e+00
-4.133151145936811766e+00
-4.136025215455247483e+00
-4.138897580919910446e+00
-4.141768225091245093e+00
-4.144637130669527991e+00
-4.147504280296145041e+00
-4.150369656554870446e+00
-4.153233241973160794e+00
-4.156095019023472226e+00
-4.158954970124567829e+00
-4.161813077642862346e+00
-4.164669323893759767e+00
-4.167523691143011355e+00
-4.170376161608085219e+00
-4.173226717459542101e+00
-4.176075340822420934e+00
-4.178922013777646605e+00
-4.181766718363431501e+00
-4.184609436576696595e+00
-4.187450150374500524e+00
-4.190288841675480214e+00
-4.193125492361288842e+00
-4.195960084278065771e+00
-4.198792599237884282e+00
-4.201623019020230387e+00
-4.204451325373482540e+00
-4.207277500016399330e+00
-4.210101524639605408e+00
-4.212923380907100501e+00
-4.215743050457764873e+00
-4.218560514906865677e+00
-4.221375755847581068e+00
-4.224188754852523431e+00
-4.226999493475270597e+00
-4.229807953251893515e+00
-4.232614115702504343e+00
-4.235417962332792108e+00
-4.238219474635566364e+00
-4.241018634092320383e+00
-4.243815422174776586e+00
-4.246609820346435527e+00
-4.249401810064153295e+00
-4.252191372779687839e+00
-4.254978489941264819e+00
-4.257763142995152350e+00
-4.260545313387211763e+00
-4.263324982564478560e+00
-4.266102131976724721e+00
-4.268876743078029001e+00
-4.271648797328337466e+00
-4.274418276195047106e+00
-4.277185161154559268e+00
-4.279949433693856164e+00
-4.282711075312057858e+00
-4.285470067521992554e+00
-4.288226391851758912e+00
-4.290980029846284793e+00
-4.293730963068880691e+00
-4.296479173102802918e+00
-4.299224641552799042e+00
-4.301967350046658645e+00
-4.304707280236762301e+00
-4.307444413801611915e+00
-4.310178732447383254e+00
-4.312910217909442068e+00
-4.315638851953879751e+00
-4.318364616379041898e+00
-4.321087493017030212e+00
-4.323807463735229284e+00
-4.326524510437796955e+00
-4.329238615067177776e+00
-4.331949759605588923e+00
-4.334657926076505241e+00
-4.337363096546141605e+00
-4.340065253124915756e+00
-4.342764377968931555e+00
-4.345460453281413393e+00
-4.348153461314167245e+00
-4.350843384369020406e+00
-4.353530204799246128e+00
-4.356213905010991816e+00
-4.358894467464691225e+00
-4.361571874676469562e+00
-4.364246109219531711e+00
-4.366917153725563772e+00
-4.369584990886083098e+00
-4.372249603453825628e+00
-4.374910974244091477e+00
-4.377569086136087861e+00
-4.380223922074261367e+00
-4.382875465069622223e+00
-4.385523698201055254e+00
-4.388168604616620172e+00
-4.390810167534830555e+00
-4.393448370245943480e+00
-4.396083196113212743e+00
-4.398714628574140306e+00
-4.401342651141725959e+00
-4.403967247405679686e+00
-4.406588401033646463e+00
-4.409206095772401746e+00
-4.411820315449037189e+00
-4.414431043972148139e+00
-4.417038265332974056e+00
-4.419641963606565582e+00
-4.422242122952909860e+00
-4.424838727618052303e+00
-4.427431761935197940e+00
-4.430021210325814529e+00
-4.432607057300703701e+00
-4.435189287461061447e+00
-4.437767885499535048e+00
-4.440342836201257803e+00
-4.442914124444858892e+00
-4.445481735203484774e+00
-4.448045653545771749e+00
-4.450605864636839826e+00
-4.453162353739239521e+00
-4.455715106213902210e+00
-4.458264107521071828e+00
-4.460809343221215251e+00
-4.463350798975929123e+00
-4.465888460548818273e+00
-4.468422313806362567e+00
-4.470952344718778448e+00
-4.473478539360841388e+00
-4.476000883912725214e+00
-4.478519364660797919e+00
-4.481033967998410361e+00
-4.483544680426676976e+00
-4.486051488555227174e+00
-4.488554379102952296e+00
-4.491053338898734815e+00
-4.493548354882150875e+00
-4.496039414104168408e+00
-4.498526503727835468e+00
-4.501009611028919721e+00
-4.503488723396582571e+00
-4.505963828333987564e+00
-4.508434913458926552e+00
-4.510901966504417437e+00
-4.513364975319279715e+00
-4.515823927868711785e+00
-4.518278812234829189e+00
-4.520729616617207292e+00
-4.523176329333397305e+00
-4.525618938819426340e+00
-4.528057433630292117e+00
-4.530491802440421267e+00
-4.532922034044135629e+00
-4.535348117356083897e+00
-4.537770041411665289e+00
-4.540187795367442547e+00
-4.542601368501526515e+00
-4.545010750213958950e+00
-4.547415930027064235e+00
-4.549816897585804654e+00
-4.552213642658102799e+00
-4.554606155135155987e+00
-4.556994425031735574e+00
-4.559378442486475613e+00
-4.561758197762128653e+00
-4.564133681245834850e+00
-4.566504883449342245e+00
-4.568871795009244785e+00
-4.571234406687180396e+00
-4.573592709370031706e+00
-4.575946694070090359e+00
-4.578296351925239982e+00
-4.580641674199091185e+00
-4.582982652281120117e+00
-4.585319277686791040e+00
-4.587651542057654019e+00
-4.589979437161447073e+00
-4.592302954892169886e+00
-4.594622087270140653e+00
-4.596936826442053814e+00
-4.599247164681014688e+00
-4.601553094386556353e+00
-4.603854608084654743e+00
-4.606151698427718877e+00
-4.608444358194574875e+00
-4.610732580290433091e+00
-4.613016357746843710e+00
-4.615295683721640785e+00
-4.617570551498864084e+00
-4.619840954488694251e+00
-4.622106886227332900e+00
-4.624368340376908471e+00
-4.626625310725354545e+00
-4.628877791186273960e+00
-4.631125775798791366e+00
-4.633369258727397799e+00
-4.635608234261790805e+00
-4.637842696816672827e+00
-4.640072640931579784e+00
-4.642298061270659915e+00
-4.644518952622473051e+00
-4.646735309899750810e+00
-4.648947128139171880e+00
-4.651154402501101792e+00
-4.653357128269338006e+00
-4.655555300850841682e+00
-4.657748915775457910e+00
-4.659937968695613719e+00
-4.662122455386030317e+00
-4.664302371743404230e+00
-4.666477713786091108e+00
-4.668648477653766449e+00
-4.670814659607091635e+00
-4.672976256027360442e+00
-4.675133263416137552e+00
-4.677285678394892621e+00
-4.679433497704620137e+00
-4.681576718205452181e+00
-4.683715336876266733e+00
-4.685849350814266678e+00
-4.687978757234591676e+00
-4.690103553469874065e+00
-4.692223736969816095e+00
-4.694339305300760934e+00
-4.696450256145229929e+00
-4.698556587301477627e+00
-4.700658296683033477e+00
-4.702755382318222210e+00
-4.704847842349694886e+00
-4.706935675033945721e+00
-4.709018878740806713e+00
-4.711097451952971582e+00
-4.713171393265470854e+00
-4.715240701385173594e+00
-4.717305375130259826e+00
-4.719365413429697398e+00
-4.721420815322717068e+00
-4.723471579958265387e+00
-4.725517706594470013e+00
-4.727559194598084602e+00
-4.729596043443938136e+00
-4.731628252714364713e+00
-4.733655822098651988e+00
-4.735678751392459418e+00
-4.737697040497239165e+00
-4.739710689419665890e+00
-4.741719698271039007e+00
-4.743724067266693822e+00
-4.745723796725409116e+00
-4.747718887068801408e+00
-4.749709338820721882e+00
-4.751695152606647099e+00
-4.753676329153060820e+00
-4.755652869286842055e+00
-4.757624773934640672e+00
-4.759592044122253895e+00
-4.761554680973987708e+00
-4.763512685712037786e+00
-4.765466059655844688e+00
-4.767414804221454361e+00
-4.769358920920877765e+00
-4.771298411361440728e+00
-4.773233277245146233e+00
-4.775163520368007397e+00
-4.777089142619404427e+00
-4.779010145981423818e+00
-4.780926532528193107e+00
-4.782838304425231613e+00
-4.784745463928777198e+00
-4.786648013385119249e+00
-4.788545955229934314e+00
-4.790439291987617310e+00
-4.792328026270599395e+00
-4.794212160778685394e+00
-4.796091698298377004e+00
-4.797966641702189783e+00
-4.799836993947978137e+00
-4.801702758078250532e+00
-4.803563937219501589e+00
-4.805420534581511305e+00
-4.807272553456686026e+00
-4.809119997219345244e+00
-4.810962869325061675e+00
-4.812801173309965819e+00
-4.814634912790054955e+00
-4.816464091460517238e+00
-4.818288713095035369e+00
-4.820108781545103582e+00
-4.821924300739338420e+00
-4.823735274682789509e+00
-4.825541707456262763e+00
-4.827343603215604517e+00
-4.829140966191046935e+00
-4.830933800686502799e+00
-4.832722111078874505e+00
-4.834505901817375495e+00
-4.836285177422843695e+00
-4.838059942487042520e+00
-4.839830201671991183e+00
-4.841595959709275476e+00
-4.843357221399353207e+00
-4.845113991610876525e+00
-4.846866275280022229e+00
-4.848614077409784784e+00
-4.850357403069312845e+00
-4.852096257393227141e+00
-4.853830645580938352e+00
-4.855560572895968541e+00
-4.857286044665282354e+00
-4.859007066278602238e+00
-4.860723643187740528e+00
-4.862435780905929761e+00
-4.864143485007145884e+00
-4.865846761125445674e+00
-4.867545614954288169e+00
-4.869240052245886297e+00
-4.870930078810531860e+00
-4.872615700515931181e+00
-4.874296923286551397e+00
-4.875973753102961439e+00
-4.877646196001172108e+00
-4.879314258071987709e+00
-4.880977945460344358e+00
-4.882637264364670493e+00
-4.884292221036233173e+00
-4.885942821778493261e+00
-4.887589072946457947e+00
-4.889230980946050131e+00
-4.890868552233461841e+00
-4.892501793314516512e+00
-4.894130710744043711e+00
-4.895755311125236986e+00
-4.897375601109030363e+00
-4.898991587393473068e+00
-4.900603276723106028e+00
-4.902210675888337477e+00
-4.903813791724824789e+00
-4.905412631112860744e+00
-4.907007200976766015e+00
-4.908597508284263000e+00
-4.910183560045883411e+00
-4.911765363314362531e+00
-4.913342925184026377e+00
-4.914916252790205498e+00
-4.916485353308629236e+00
-4.918050233954844863e+00
-4.919610901983615392e+00
-4.921167364688334267e+00
-4.922719629400453378e+00
-4.924267703488891534e+00
-4.925811594359449153e+00
-4.927351309454262029e+00
-4.928886856251192050e+00
-4.930418242263296946e+00
-4.931945475038230775e+00
-4.933468562157708348e+00
-4.934987511236932356e+00
-4.936502329924043586e+00
-4.938013025899562258e+00
-4.939519606875852453e+00
-4.941022080596559896e+00
-4.942520454836079047e+00
-4.944014737399019310e+00
-4.945504936119651695e+00
-4.946991058861399004e+00
-4.948473113516287825e+00
-4.949951108004432498e+00
-4.951425050273511985e+00
-4.952894948298251165e+00
-4.954360810079902144e+00
-4.955822643645733550e+00
-4.957280457048527822e+00
-4.958734258366067849e+00
-4.960184055700636918e+00
-4.961629857178524894e+00
-4.963071670949533498e+00
-4.964509505186478933e+00
-4.965943368084704268e+00
-4.967373267861605157e+00
-4.968799212756139561e+00
-4.970221211028350794e+00
-4.971639270958894130e+00
-4.973053400848578498e+00
-4.974463609017875321e+00
-4.975869903806475314e+00
-4.977272293572819528e+00
-4.978670786693649930e+00
-4.980065391563544885e+00
-4.981456116594483952e+00
-4.982842970215386913e+00
-4.984225960871682126e+00
-4.985605097024865984e+00
-4.986980387152063265e+00
-4.988351839745593708e+00
-4.989719463312552783e+00
-4.991083266374379157e+00
-4.992443257466434581e+00
-4.993799445137584669e+00
-4.995151837949785900e+00
-4.996500444477671721e+00
-4.997845273308156422e+00
-4.999186333040007924e+00
-5.000523632283466746e+00
-5.001857179659846331e+00
-5.003186983801127141e+00
-5.004513053349574747e+00
-5.005835396957360572e+00
-5.007154023286159550e+00
-5.008468941006782416e+00
-5.009780158798794680e+00
-5.011087685350145371e+00
-5.012391529356801101e+00
-5.013691699522365042e+00
-5.014988204557721652e+00
-5.016281053180684069e+00
-5.017570254115629069e+00
-5.018855816093137356e+00
-5.020137747849659604e+00
-5.021416058127157633e+00
-5.022690755672760687e+00
-5.023961849238430588e+00
-5.025229347580627781e+00
-5.026493259459963170e+00
-5.027753593640884588e+00
-5.029010358891335741e+00
-5.030263563982441788e+00
-5.031513217688179829e+00
-5.032759328785078701e+00
-5.034001906051874364e+00
-5.035240958269229239e+00
-5.036476494219408018e+00
-5.037708522685973023e+00
-5.038937052453486665e+00
-5.040162092307209463e+00
-5.041383651032807833e+00
-5.042601737416059215e+00
-5.043816360242563412e+00
-5.045027528297451269e+00
-5.046235250365110225e+00
-5.047439535228902763e+00
-5.048640391670872418e+00
-5.049837828471495094e+00
-5.051031854409391286e+00
-5.052222478261056082e+00
-5.053409708800606026e+00
-5.054593554799508226e+00
-5.055774025026314789e+00
-5.056951128246425675e+00
-5.058124873221812479e+00
-5.059295268710779503e+00
-5.060462323467715962e+00
-5.061626046242844623e+00
-5.062786445781986444e+00
-5.063943530826312767e+00
-5.065097310112118834e+00
-5.066247792370580427e+00
-5.067394986327524720e+00
-5.068538900703204675e+00
-5.069679544212071676e+00
-5.070816925562553479e+00
-5.071951053456824177e+00
-5.073081936590603469e+00
-5.074209583652931066e+00
-5.075334003325949972e+00
-5.076455204284704870e+00
-5.077573195196938727e+00
-5.078687984722869864e+00
-5.079799581515008100e+00
-5.080907994217943369e+00
-5.082013231468163639e+00
-5.083115301893839089e+00
-5.084214214114644470e+00
-5.085309976741569926e+00
-5.086402598376726480e+00
-5.087492087613169289e+00
-5.088578453034704019e+00
-5.089661703215719868e+00
-5.090741846721005714e+00
-5.091818892105572480e+00
-5.092892847914489707e+00
-5.093963722682707029e+00
-5.095031524934880984e+00
-5.096096263185231123e+00
-5.097157945937351720e+00
-5.098216581684061666e+00
-5.099272178907249931e+00
-5.100324746077709470e+00
-5.101374291654992454e+00
-5.102420824087246842e+00
-5.103464351811078714e+00
-5.104504883251394176e+00
-5.105542426821260804e+00
-5.106576990921759318e+00
-5.107608583941845026e+00
-5.108637214258207493e+00
-5.109662890235128430e+00
-5.110685620224360903e+00
-5.111705412564981899e+00
-5.112722275583259979e+00
-5.113736217592545152e+00
-5.114747246893120547e+00
-5.115755371772086946e+00
-5.116760600503241108e+00
-5.117762941346950534e+00
-5.118762402550036228e+00
-5.119758992345656345e+00
-5.120752718953187177e+00
-5.121743590578119232e+00
-5.122731615411929340e+00
-5.123716801631982953e+00
-5.124699157401430227e+00
-5.125678690869087895e+00
-5.126655410169338900e+00
-5.127629323422038254e+00
-5.128600438732395794e+00
-5.129568764190895358e+00
-5.130534307873189981e+00
-5.131497077839998866e+00
-5.132457082137027449e+00
-5.133414328794864367e+00
-5.134368825828896199e+00
-5.135320581239221305e+00
-5.136269603010554796e+00
-5.137215899112152151e+00
-5.138159477497715955e+00
-5.139100346105324846e+00
-5.140038512857341146e+00
-5.140973985660346912e+00
-5.141906772405046233e+00
-5.142836880966208390e+00
-5.143764319202581703e+00
-5.144689094956825137e+00
-5.145611216055439918e+00
-5.146530690308695810e+00
-5.147447525510554733e+00
-5.148361729438624579e+00
-5.149273309854075720e+00
-5.150182274501579727e+00
-5.151088631109258742e+00
-5.151992387388605543e+00
-5.152893551034440023e+00
-5.153792129724841686e+00
-5.154688131121099026e+00
-5.155581562867645573e+00
-5.156472432592011046e+00
-5.157360747904767173e+00
-5.158246516399480619e+00
-5.159129745652651700e+00
-5.160010443223669974e+00
-5.160888616654777827e+00
-5.161764273471004749e+00
-5.162637421180131803e+00
-5.163508067272650770e+00
-5.164376219221713527e+00
-5.165241884483093848e+00
-5.166105070495147444e+00
-5.166965784678772877e+00
-5.167824034437370706e+00
-5.168679827156805295e+00
-5.169533170205374617e+00
-5.170384070933775611e+00
-5.171232536675061553e+00
-5.172078574744612744e+00
-5.172922192440114308e+00
-5.173763397041517109e+00
-5.174602195811005778e+00
-5.175438595992975621e+00
-5.176272604814009526e+00
-5.177104229482838882e+00
-5.177933477190332923e+00
-5.178760355109460534e+00
-5.179584870395279594e+00
-5.180407030184907669e+00
-5.181226841597500687e+00
-5.182044311734236075e+00
-5.182859447678289655e+00
-5.183672256494822328e+00
-5.184482745230953427e+00
-5.185290920915757162e+00
-5.186096790560235981e+00
-5.186900361157309014e+00
-5.187701639681800536e+00
-5.188500633090428416e+00
-5.189297348321780134e+00
-5.190091792296322559e+00
-5.190883971916367301e+00
-5.191673894066082262e+00
-5.192461565611471208e+00
-5.193246993400363110e+00
-5.194030184262421024e+00
-5.194811145009114561e+00
-5.195589882433729656e+00
-5.196366403311361459e+00
-5.197140714398903683e+00
-5.197912822435049485e+00
-5.198682734140293249e+00
-5.199450456216918148e+00
-5.200215995349010356e+00
-5.200979358202442171e+00
-5.201740551424885339e+00
-5.202499581645803950e+00
-5.203256455476458875e+00
-5.204011179509913099e+00
-5.204763760321035271e+00
-5.205514204466491712e+00
-5.206262518484767732e+00
-5.207008708896162297e+00
-5.207752782202799580e+00
-5.208494744888628070e+00
-5.209234603419432119e+00
-5.209972364242841714e+00
-5.210708033788337801e+00
-5.211441618467260284e+00
-5.212173124672818680e+00
-5.212902558780106332e+00
-5.213629927146104848e+00
-5.214355236109689429e+00
-5.215078491991662624e+00
-5.215799701094744556e+00
-5.216518869703592465e+00
-5.217236004084822021e+00
-5.217951110487007327e+00
-5.218664195140706674e+00
-5.219375264258474090e+00
-5.220084324034870882e+00
