4.909230389117633665e-16
-1.064903835732571025e-02
-2.129990350297523982e-02
-3.195443096000770422e-02
-4.261446682070862968e-02
-5.328188377056914532e-02
-6.395857642374462582e-02
-7.464648506281415519e-02
-8.534758494128207029e-02
-9.606391826194263239e-02
-1.067975780461518504e-01
-1.175507490534112853e-01
-1.283256870555060658e-01
-1.391247697147133811e-01
-1.499504725171216524e-01
-1.608054311809682946e-01
-1.716924162485190808e-01
-1.826144096116199544e-01
-1.935745811690249285e-01
-2.045763840477669293e-01
-2.156235396225488210e-01
-2.267201603394970733e-01
-2.378707561523539793e-01
-2.490804050641353684e-01
-2.603548143637609558e-01
-2.717005993865060920e-01
-2.831255119759981675e-01
-2.946390079759849123e-01
-3.062528226271847287e-01
-3.179817525628229613e-01
-3.298438639398594829e-01
-3.418599584471437858e-01
-3.540515138735383371e-01
-3.664376122321810203e-01
-3.790310828173075741e-01
-3.918352656988938199e-01
-4.048418182681543520e-01
-4.180305060694222696e-01
-4.313704610038014420e-01
-4.448229684541117335e-01
-4.583446452938280680e-01
-4.718909195623484099e-01
-4.854188066210937125e-01
-4.988892670440483457e-01
-5.122684962443693202e-01
-5.255287796419562119e-01
-5.386484502852432188e-01
-5.516117196399711320e-01
-5.644079159071286877e-01
-5.770309001937855564e-01
-5.894781112576469306e-01
-6.017499739449604368e-01
-6.138490352644946357e-01
-6.257795428892531930e-01
-6.375467657460804904e-01
-6.491567745747806040e-01
-6.606159385139012130e-01
-6.719308751558633608e-01
-6.831080786129992699e-01
-6.941539908378303592e-01
-7.050747143866685773e-01
-7.158761625741042467e-01
-7.265638201839431654e-01
-7.371429417130859196e-01
-7.476183350048918319e-01
-7.579945876823879214e-01
-7.682758581968942568e-01
-7.784661185973722475e-01
-7.885689440984577914e-01
-7.985877656421332960e-01
-8.085256532714665267e-01
-8.183855751785586996e-01
-8.281701726380429340e-01
-8.378820240880605619e-01
-8.475234107464032496e-01
-8.570965852657692619e-01
-8.666035278643036133e-01
-8.760462195897338322e-01
-8.854263891289329003e-01
-8.947457909306825163e-01
-9.040059429884890196e-01
-9.132084101406509058e-01
-9.223545331470877073e-01
-9.314457174831295427e-01
-9.404831540097985387e-01
-9.494681135446860765e-01
-9.584016593855155808e-01
-9.672849478987807226e-01
-9.761189331129666025e-01
-9.849046735234223693e-01
-9.936430289310882458e-01
-1.002334973624282144e+00
-1.010981285604035662e+00
-1.019582866271496080e+00
-1.028140422152027389e+00
-1.036654791191031322e+00
-1.045126617065520014e+00
-1.053556682170170733e+00
-1.061945574586514507e+00
-1.070294027824649774e+00
-1.078602580505204633e+00
-1.086871922909098176e+00
-1.095102549416045346e+00
-1.103295111904366799e+00
-1.111450064980650687e+00
-1.119568026263719762e+00
-1.127649414432752906e+00
-1.135694816423270082e+00
-1.143704618315398713e+00
-1.151679379464684905e+00
-1.159619456247721780e+00
-1.167525383146775564e+00
-1.175397489366446058e+00
-1.183236286887783040e+00
-1.191042079966979417e+00
-1.198815360172302613e+00
-1.206556408773350020e+00
-1.214265698772165170e+00
-1.221943490189797865e+00
-1.229590239101475246e+00
-1.237206185825684868e+00
-1.244791770971860334e+00
-1.252347216536126462e+00
-1.259872948968973727e+00
-1.267369173180707298e+00
-1.274836302635811158e+00
-1.282274526270284820e+00
-1.289684245618703207e+00
-1.297065634645065524e+00
-1.304419083907855770e+00
-1.311744753305502886e+00
-1.319043023284409255e+00
-1.326314040499457780e+00
-1.333558176069681966e+00
-1.340775564153922295e+00
-1.347966567258386927e+00
-1.355131307727268197e+00
-1.362270140106279337e+00
-1.369383175547572717e+00
-1.376470761233136164e+00
-1.383532997693317945e+00
-1.390570225293700668e+00
-1.397582534466154103e+00
-1.404570259262685639e+00
-1.411533480498024407e+00
-1.418472526373660392e+00
-1.425387468530580071e+00
-1.432278629747016918e+00
-1.439146072899589957e+00
-1.445990115738021720e+00
-1.452810812753150715e+00
-1.459608477031773432e+00
-1.466383155029580942e+00
-1.473135155509396776e+00
-1.479864517217200914e+00
-1.486571544906641673e+00
-1.493256269916332757e+00
-1.499918993283689161e+00
-1.506559739221302152e+00
-1.513178805323218912e+00
-1.519776208938238948e+00
-1.526352244471622877e+00
-1.532906922653054727e+00
-1.539440534936869609e+00
-1.545953085662278959e+00
-1.552444863555145327e+00
-1.558915866778141091e+00
-1.565366381537037332e+00
-1.571796400018328654e+00
-1.578206206103109244e+00
-1.584595786189579858e+00
-1.590965422017631914e+00
-1.597315094373588096e+00
-1.603645083028538032e+00
-1.609955363322729704e+00
-1.616246213220691619e+00
-1.622517602772588496e+00
-1.628769808289189047e+00
-1.635002794677474780e+00
-1.641216836738531804e+00
-1.647411894374601893e+00
-1.653588241013105753e+00
-1.659745831682200023e+00
-1.665884938564049511e+00
-1.672005511936122790e+00
-1.678107822856846232e+00
-1.684191816969567546e+00
-1.690257764323916057e+00
-1.696305606039459457e+00
-1.702335611265910043e+00
-1.708347716703497721e+00
-1.714342190705256286e+00
-1.720318965651017384e+00
-1.726278309195076854e+00
-1.732220149490692584e+00
-1.738144753586450930e+00
-1.744052045498059922e+00
-1.749942291756749535e+00
-1.755815412325229197e+00
-1.761671673301449470e+00
-1.767510990675415394e+00
-1.773333630191801458e+00
-1.779139503944300094e+00
-1.784928877400498326e+00
-1.790701658830450960e+00
-1.796458113497235276e+00
-1.802198145916448446e+00
-1.807922021215959685e+00
-1.813629640222790274e+00
-1.819321267995668734e+00
-1.824996801735897733e+00
-1.830656506496152858e+00
-1.836300275911921798e+00
-1.841928375090152281e+00
-1.847540694157689734e+00
-1.853137498333410571e+00
-1.858718674290099626e+00
-1.864284487413740976e+00
-1.869834820975202039e+00
-1.875369940580372541e+00
-1.880889726148033958e+00
-1.886394443554590961e+00
-1.891883969414368982e+00
-1.897358569922790839e+00
-1.902818118435313677e+00
-1.908262881512822196e+00
-1.913692729295574324e+00
-1.919107928754535841e+00
-1.924508346856528052e+00
-1.929894251025402907e+00
-1.935265505094563521e+00
-1.940622376981896879e+00
-1.945964727425739893e+00
-1.951292824877515208e+00
-1.956606527017260122e+00
-1.961906102867958968e+00
-1.967191407086612331e+00
-1.972462709304279249e+00
-1.977719861188782069e+00
-1.982963133014453483e+00
-1.988192373492386089e+00
-1.993407853574048039e+00
-1.998609419045009661e+00
-2.003797341566501355e+00
-2.008971464028498577e+00
-2.014132058833447481e+00
-2.019278966004530051e+00
-2.024412458715696861e+00
-2.029532374150989860e+00
-2.034638986285130180e+00
-2.039732129489622903e+00
-2.044812078568165159e+00
-2.049878665105289155e+00
-2.054932164760916891e+00
-2.059972406357259089e+00
-2.064999666436731385e+00
-2.070013771082897414e+00
-2.075014997746151835e+00
-2.080003169794144124e+00
-2.084978565609837187e+00
-2.089941005866944757e+00
-2.094890769904739880e+00
-2.099827675724152520e+00
-2.104752003643774572e+00
-2.109663569012083517e+00
-2.114562653149236748e+00
-2.119449068770928424e+00
-2.124323098220439299e+00
-2.129184551599521580e+00
-2.134033712295483998e+00
-2.138870387814387097e+00
-2.143694862607766982e+00
-2.148506941603580245e+00
-2.153306910337200453e+00
-2.158094571175427134e+00
-2.162870210756461908e+00
-2.167633628902332799e+00
-2.172385113372516940e+00
-2.177124461459988503e+00
-2.181851962063440009e+00
-2.186567409962016040e+00
-2.191271095210980846e+00
-2.195962810090353656e+00
-2.200642845828843175e+00
-2.205310992221496402e+00
-2.209967541686890247e+00
-2.214612281548777872e+00
-2.219245505431514776e+00
-2.223866998200824785e+00
-2.228477054702284299e+00
-2.233075457356357152e+00
-2.237662502244933460e+00
-2.242237969355489025e+00
-2.246802156020916819e+00
-2.251354839807607089e+00
-2.255896319313724696e+00
-2.260426369696055815e+00
-2.264945290831907432e+00
-2.269452855479593190e+00
-2.273949364809096707e+00
-2.278434589190957205e+00
-2.282908831101008396e+00
-2.287371858532417424e+00
-2.291823975279671188e+00
-2.296264946968597620e+00
-2.300695078724863230e+00
-2.305114133816615229e+00
-2.309522418712918856e+00
-2.313919694333579358e+00
-2.318306268502960954e+00
-2.322681899801619654e+00
-2.327046897420799620e+00
-2.331401017610497117e+00
-2.335744570940243126e+00
-2.340077311337934507e+00
-2.344399550762393147e+00
-2.348711040827587304e+00
-2.353012094892488193e+00
-2.357302462265009613e+00
-2.361582457714818784e+00
-2.365851828251396061e+00
-2.370110890065451503e+00
-2.374359387875396354e+00
-2.378597639303059896e+00
-2.382825386782910559e+00
-2.387042949377784495e+00
-2.391250067245087596e+00
-2.395447060898300506e+00
-2.399633668224432803e+00
-2.403810211197059399e+00
-2.407976425439199542e+00
-2.412132634393784780e+00
-2.416278571426051514e+00
-2.420414561457342462e+00
-2.424540335601120589e+00
-2.428656220266003363e+00
-2.432761944319465020e+00
-2.436857835666101035e+00
-2.440943620932972014e+00
-2.445019629529175731e+00
-2.449085585846789037e+00
-2.453141820807732465e+00
-2.457188056574307389e+00
-2.461224625589471415e+00
-2.465251247790788636e+00
-2.469268257150265100e+00
-2.473275371385581511e+00
-2.477272926005695375e+00
-2.481260636513096696e+00
-2.485238839961405155e+00
-2.489207249642448438e+00
-2.493166204162128974e+00
-2.497115414605958428e+00
-2.501055221139572904e+00
-2.504985332646381124e+00
-2.508906090859072346e+00
-2.512817202463021093e+00
-2.516719010765158249e+00
-2.520611220256761431e+00
-2.524494175826043740e+00
-2.528367579773933560e+00
-2.532231778576941483e+00
-2.536086472349241117e+00
-2.539932009162456428e+00
-2.543768086947538976e+00
-2.547595055377943396e+00
-2.551412610204741860e+00
-2.555221102709857028e+00
-2.559020226467719095e+00
-2.562810334375211774e+00
-2.566591117833227909e+00
-2.570362931360052894e+00
-2.574125464186020285e+00
-2.577879072457122334e+00
-2.581623443236006565e+00
-2.585358934302596445e+00
-2.589085230554595718e+00
-2.592802691412001259e+00
-2.596510999610206927e+00
-2.600210516215316847e+00
-2.603900921802955626e+00
-2.607582579091291652e+00
-2.611255166498593905e+00
-2.614919048400969892e+00
-2.618573901061668430e+00
-2.622220090520500424e+00
-2.625857290887919415e+00
-2.629485869873172010e+00
-2.633105499436018349e+00
-2.636716548960778006e+00
-2.640318688258545876e+00
-2.643912288394293597e+00
-2.647497017032347078e+00
-2.651073246923842941e+00
-2.654640643588177085e+00
-2.658199581468067674e+00
-2.661749723939736079e+00
-2.665291447142824843e+00
-2.668824412312045702e+00
-2.672348997289278216e+00
-2.675864861169285902e+00
-2.679372383501406940e+00
-2.682871221241938109e+00
-2.686361755652894256e+00
-2.689843641553473663e+00
-2.693317261923468209e+00
-2.696782269446335256e+00
-2.700239048824708554e+00
-2.703687250607532899e+00
-2.707127261225275472e+00
-2.710558729093552000e+00
-2.713982042375632009e+00
-2.717396847354865308e+00
-2.720803533932249607e+00
-2.724201746259889756e+00
-2.727591875981333125e+00
-2.730973565118423707e+00
-2.734347207062066243e+00
-2.737712441704662769e+00
-2.741069664189284438e+00
-2.744418512279699573e+00
-2.747759382875845535e+00
-2.751091911613603891e+00
-2.754416497154446475e+00
-2.757732773007029792e+00
-2.761041139599000438e+00
-2.764341228312406695e+00
-2.767633441345642265e+00
-2.770917407954702316e+00
-2.774193532113290672e+00
-2.777461440951790372e+00
-2.780721540223745070e+00
-2.783973454934355551e+00
-2.787217592621503481e+00
-2.790453576165531135e+00
-2.793681814893087090e+00
-2.796901929559985067e+00
-2.800114331286042368e+00
-2.803318638702781751e+00
-2.806515264727579062e+00
-2.809703825867822857e+00
-2.812884736842800493e+00
-2.816057612035894220e+00
-2.819222867972618118e+00
-2.822380116912419634e+00
-2.825529777191332581e+00
-2.828671458944867823e+00
-2.831805582323850601e+00
-2.834931755339830772e+00
-2.838050399962614545e+00
-2.841161122079709056e+00
-2.844264345484143863e+00
-2.847359673939211522e+00
-2.850447533065351369e+00
-2.853527524501440649e+00
-2.856600075699473162e+00
-2.859664786173707896e+00
-2.862722085211794276e+00
-2.865771570203061724e+00
-2.868813672274975524e+00
-2.871847986691558052e+00
-2.874874946424174738e+00
-2.877894144611167437e+00
-2.880906016071854037e+00
-2.883910151818485534e+00
-2.886906988522359718e+00
-2.889896115069140681e+00
-2.892877969986155762e+00
-2.895852140031942579e+00
-2.898819065593881472e+00
-2.901778331302810710e+00
-2.904730379410126684e+00
-2.907674792418361243e+00
-2.910612014446914309e+00
-2.913541625869346063e+00
-2.916464072677020347e+00
-2.919378933113814245e+00
-2.922286655047003023e+00
-2.925186814590030604e+00
-2.928079861489985447e+00
-2.930965369729134906e+00
-2.933843790938307716e+00
-2.936714696967706928e+00
-2.939578541335810868e+00
-2.942434893759908299e+00
-2.945284209650008922e+00
-2.948126056589597699e+00
-2.950960891884064186e+00
-2.953788280982116099e+00
-2.956608683088440159e+00
-2.959421661515954316e+00
-2.962227677372469170e+00
-2.965026291834114147e+00
-2.967817967915641564e+00
-2.970602264655359370e+00
-2.973379646978794533e+00
-2.976149671785275785e+00
-2.978912805914960771e+00
-2.981668604127066580e+00
-2.984417535180165615e+00
-2.987159151692202474e+00
-2.989893924343989706e+00
-2.992621403610965736e+00
-2.995342062099945135e+00
-2.998055448142646906e+00
-3.000762036275692601e+00
-3.003461372685766850e+00
-3.006153933843091597e+00
-3.008839263787969731e+00
-3.011517840928002343e+00
-3.014189207155804517e+00
-3.016853842820094833e+00
-3.019511287664396804e+00
-3.022162023982319035e+00
-3.024805589366861724e+00
-3.027442468060291603e+00
-3.030072195503637378e+00
-3.032695257891556029e+00
-3.035311188511614855e+00
-3.037920475514645613e+00
-3.040522650033185226e+00
-3.043118202177988341e+00
-3.045706660925020515e+00
-3.048288518348705622e+00
-3.050863301266864891e+00
-3.053431503721281803e+00
-3.055992650370013664e+00
-3.058547237225985427e+00
-3.061094786785815369e+00
-3.063635797037294051e+00
-3.066169788313930944e+00
-3.068697260582102793e+00
-3.071217732010469437e+00
-3.073731704547765453e+00
-3.076238694196059331e+00
-3.078739204890139192e+00
-3.081232750463708925e+00
-3.083719836841361417e+00
-3.086199975686589880e+00
-3.088673674917543632e+00
-3.091140444025683554e+00
-3.093600792926408438e+00
-3.096054228937308750e+00
-3.098501263974744013e+00
-3.100941403180505596e+00
-3.103375160475702277e+00
-3.105802038824358569e+00
-3.108222554156060635e+00
-3.110636207255129460e+00
-3.113043516063371374e+00
-3.115443979183376566e+00
-3.117838116572900553e+00
-3.120225424650824753e+00
-3.122606425394582441e+00
-3.124980613037279920e+00
-3.127348511579770118e+00
-3.129709613067306773e+00
-3.132064443527935449e+00
-3.134412492816917695e+00
-3.136754288993231388e+00
-3.139089319720030247e+00
-3.141418115090972574e+00
-3.143740160574950426e+00
-3.146055988304035989e+00
-3.148365081550675182e+00
-3.150667974489125278e+00
-3.152964148193128757e+00
-3.155254138882903625e+00
-3.157537425431265365e+00
-3.159814546108171474e+00
-3.162084977583178969e+00
-3.164349260179773804e+00
-3.166606868361979021e+00
-3.168858344510560698e+00
-3.171103160881677319e+00
-3.173341861917168938e+00
-3.175573917662969592e+00
-3.177799874625775622e+00
-3.180019200638882548e+00
-3.182232444277690142e+00
-3.184439071160415136e+00
-3.186639631934931938e+00
-3.188833590001988405e+00
-3.191021498085715447e+00
-3.193202817366914026e+00
-3.195378102649816920e+00
-3.197546812892736678e+00
-3.199709504983861752e+00
-3.201865635656500952e+00
-3.204015763886585599e+00
-3.206159344179899673e+00
-3.208296937603958732e+00
-3.210427996434426667e+00
-3.212553083834277956e+00
-3.214671649846406076e+00
-3.216784259733111107e+00
-3.218890361301918190e+00
-3.220990521918288163e+00
-3.223084187151707081e+00
-3.225171926474686757e+00
-3.227253183215991861e+00
-3.229328528959055422e+00
-3.231397404789198013e+00
-3.233460384404669430e+00
-3.235516906644621216e+00
-3.237567547326015927e+00
-3.239611743039050751e+00
-3.241650071723317872e+00
-3.243681967717286341e+00
-3.245708011087071743e+00
-3.247727633916595913e+00
-3.249741418402443571e+00
-3.251748794371124962e+00
-3.253750346153652995e+00
-3.255745501316253065e+00
-3.257734846328295575e+00
-3.259717806492830494e+00
-3.261694970421542994e+00
-3.263665761151398392e+00
-3.265630769440372116e+00
-3.267589416056356111e+00
-3.269542293907620856e+00
-3.271488821490026400e+00
-3.273429593866107101e+00
-3.275364027256694843e+00
-3.277292718882582889e+00
-3.279215082686552929e+00
-3.281131718051690349e+00
-3.283042036639662875e+00
-3.284946639999852813e+00
-3.286844937509748821e+00
-3.288737532889089543e+00
-3.290623833228036865e+00
-3.292504444420759402e+00
-3.294378771266989858e+00
-3.296247421839347602e+00
-3.298109798643975132e+00
-3.299966511936048619e+00
-3.301816961924924687e+00
-3.303661761052421042e+00
-3.305500307227897672e+00
-3.307333215083917644e+00
-3.309159880226616224e+00
-3.310980919483424323e+00
-3.312795726153969778e+00
-3.314604919264667160e+00
-3.316407889805381259e+00
-3.318205259005649665e+00
-3.319996415542247004e+00
-3.321781982851996773e+00
-3.323561347295233226e+00
-3.325335134520247315e+00
-3.327102728567559176e+00
-3.328864757301117638e+00
-3.330620602438247868e+00
-3.332370894062730127e+00
-3.334115011565289333e+00
-3.335853587253757802e+00
-3.337585998188796310e+00
-3.339312878906529392e+00
-3.341033604134088453e+00
-3.342748810640120638e+00
-3.344457870814743217e+00
-3.346161423663389201e+00
-3.347858839235613448e+00
-3.349550758777923853e+00
-3.351236549995778358e+00
-3.352916856381024768e+00
-3.354591043291442087e+00
-3.356259756468560784e+00
-3.357922358918866479e+00
-3.359579498637849770e+00
-3.361230536277117764e+00
-3.362876122090472819e+00
-3.364515614370951369e+00
-3.366149665635024046e+00
-3.367777631813499095e+00
-3.369400167689863501e+00
-3.371016626828982510e+00
-3.372627666285793691e+00
-3.374232637255447642e+00
-3.375832199068721895e+00
-3.377425700547318055e+00
-3.379013803302255869e+00
-3.380595853778025628e+00
-3.382172515870317309e+00
-3.383743133642567180e+00
-3.385308373279610539e+00
-3.386867576460007356e+00
-3.388421411662193350e+00
-3.389969218175977073e+00
-3.391511666777890621e+00
-3.393048094365100464e+00
-3.394579174016735923e+00
-3.396104240233404958e+00
-3.397623968401356720e+00
-3.399137690620694485e+00
-3.400646084589334706e+00
-3.402148480002893383e+00
-3.403645556875524836e+00
-3.405136642494340560e+00
-3.406622419194306861e+00
-3.408102211850035701e+00
-3.409576705121894147e+00
-3.411045221467912114e+00
-3.412508447878484841e+00
-3.413965704391002109e+00
-3.415417680330496530e+00
-3.416863693309598826e+00
-3.418304434992675223e+00
-3.419739220563425608e+00
-3.421168744030217201e+00
-3.422592318143698353e+00
-3.424010639260900657e+00
-3.425423017695196304e+00
-3.426830152157042786e+00
-3.428231350518335940e+00
-3.429627313847629200e+00
-3.431017347571100107e+00
-3.432402155120193310e+00
-3.433781039471095475e+00
-3.435154706422882676e+00
-3.436522456497434597e+00
-3.437884997866286430e+00
-3.439241628592674793e+00
-3.440593059225403483e+00
-3.441938585364689995e+00
-3.443278919941456628e+00
-3.444613356088524370e+00
-3.445942609123780365e+00
-3.447265969708221522e+00
-3.448584155551570607e+00
-3.449896454838594639e+00
-3.451203587675747642e+00
-3.452504839767033928e+00
-3.453800933620578384e+00
-3.455091152455194159e+00
-3.456376221185561537e+00
-3.457655420540734159e+00
-3.458929477846960143e+00
-3.460197671338969716e+00
-3.461460730759581050e+00
-3.462717931844585983e+00
-3.463970006758351428e+00
-3.465216228733162040e+00
-3.466457332359957899e+00
-3.467692588362866424e+00
-3.468922733764443489e+00
-3.470147036775963034e+00
-3.471366236856709087e+00
-3.472579599700392539e+00
-3.473787867208100621e+00
-3.474990302551263621e+00
-3.476187650077893210e+00
-3.477379170432345123e+00
-3.478565610414748210e+00
-3.479746228137583053e+00
-3.480921772858216467e+00
-3.482091500152466157e+00
-3.483256161740120760e+00
-3.484415010655475875e+00
-3.485568801085962676e+00
-3.486716783519470564e+00
-3.487859714616321050e+00
-3.488996842313071500e+00
-3.490128925748193556e+00
-3.491255210301964063e+00
-3.492376457596311212e+00
-3.493491910450242433e+00
-3.494602332974442671e+00
-3.495706965421677470e+00
-3.496806574396705614e+00
-3.497900397580986365e+00
-3.498989204078769788e+00
-3.500072228995119161e+00
-3.501150243939126661e+00
-3.502222481434403623e+00
-3.503289715600280463e+00
-3.504351176373785126e+00
-3.505407640389927693e+00
-3.506458334993986181e+00
-3.507504039342109969e+00
-3.508543978182646406e+00
-3.509578933198397088e+00
-3.510608126535487816e+00
-3.511632342408908425e+00
-3.512650800357360215e+00
-3.513664287133507980e+00
-3.514672019663333646e+00
-3.515674787242790700e+00
-3.516671804179793526e+00
-3.517663862319156287e+00
-3.518650173345414967e+00
-3.519631531657855472e+00
-3.520607146312227709e+00
-3.521577814267948803e+00
-3.522542741946553591e+00
-3.523502728873302736e+00
-3.524456978830039056e+00
-3.525406293913538658e+00
-3.526349875260520239e+00
-3.527288527544979679e+00
-3.528221449252997299e+00
-3.529149447641556137e+00
-3.530071718540525705e+00
-3.530989071795677781e+00
-3.531900700575080876e+00
-3.532807417319120180e+00
-3.533708412528442810e+00
-3.534604501243875596e+00
-3.535494871292990116e+00
-3.536380340322955007e+00
-3.537260093482565981e+00
-3.538134951031215447e+00
-3.539004095433215813e+00
-3.539868349566117178e+00
-3.540726893204003911e+00
-3.541580551848513725e+00
-3.542428502577731564e+00
-3.543271573523377516e+00
-3.544108939061685337e+00
-3.544941429960501988e+00
-3.545768217888346285e+00
-3.546590136255223236e+00
-3.547406354016063190e+00
-3.548217707229102125e+00
-3.549023362129734682e+00
-3.549824157430532701e+00
-3.550619256641422528e+00
-3.551409501135450952e+00
-3.552194051691035526e+00
-3.552973752347881042e+00
-3.553747761146885509e+00
-3.554516924800576128e+00
-3.555280398606259773e+00
-3.556039031955552154e+00
-3.556791977396031701e+00
-3.557540087004678053e+00
-3.558282510573187452e+00
-3.559020102870168678e+00
-3.559752010925312238e+00
-3.560479092205160789e+00
-3.561200490971123678e+00
-3.561917067394109626e+00
-3.562627962960983385e+00
-3.563334040553324922e+00
-3.564034438877249134e+00
-3.564730023531439862e+00
-3.565419930434850837e+00
-3.566105027909763692e+00
-3.566784449081609853e+00
-3.567459065002748897e+00
-3.568128005998674190e+00
-3.568792145858341591e+00
-3.569450612100904419e+00
-3.570104281258414503e+00
-3.570752278037204519e+00
-3.571395481719047638e+00
-3.572033014190887812e+00
-3.572665757490859129e+00
-3.573292830679973164e+00
-3.573915118559361837e+00
-3.574531737357478089e+00
-3.575143574645183620e+00
-3.575749743811738490e+00
-3.576351135204404841e+00
-3.576946859366592069e+00
-3.577537809428736892e+00
-3.578123093081663431e+00
-3.578703606245767777e+00
-3.579278453752559930e+00
-3.579848534319202358e+00
-3.580412949911064846e+00
-3.580972602048976494e+00
-3.581526589825315021e+00
-3.582075817571485299e+00
-3.582619381499966060e+00
-3.583158188759652862e+00
-3.583691332676265606e+00
-3.584219723223144527e+00
-3.584742450832240301e+00
-3.585260428308379321e+00
-3.585772743182735756e+00
-3.586280311098641427e+00
-3.586782216679472057e+00
-3.587279378414146791e+00
-3.587770878011145914e+00
-3.588257636812079099e+00
-3.588738733603383135e+00
-3.589215092586565792e+00
-3.589685789618820344e+00
-3.590151751768722921e+00
-3.590612051957013051e+00
-3.591067620126580984e+00
-3.591517526254449422e+00
-3.591962703165070714e+00
-3.592402217884450799e+00
-3.592837006125906729e+00
-3.593266131957114418e+00
-3.593690533987567104e+00
-3.594109273319196163e+00
-3.594523291465089976e+00
-3.594931646553982674e+00
-3.595335283009994054e+00
-3.595733255981144794e+00
-3.596126512810077003e+00
-3.596514105656574589e+00
-3.596896984789274665e+00
-3.597274199372172632e+00
-3.597646702607423919e+00
-3.598013540655635278e+00
-3.598375669660043741e+00
-3.598732132770202874e+00
-3.599083889078096288e+00
-3.599429978714439926e+00
-3.599771363727669371e+00
-3.600107081221906480e+00
-3.600438096209701566e+00
-3.600763442760849919e+00
-3.601084088859727750e+00
-3.601399065533894106e+00
-3.601709343747394598e+00
-3.602013951477657905e+00
-3.602313862676205680e+00
-3.602608102262383927e+00
-3.602897647183077368e+00
-3.603181519291544621e+00
-3.603460698537923612e+00
-3.603734203701370653e+00
-3.604003017743238502e+00
-3.604266156360453444e+00
-3.604524605533594439e+00
-3.604777377869202937e+00
-3.605025462375150536e+00
-3.605267868559395961e+00
-3.605505588465160116e+00
-3.605737628493606906e+00
-3.605964983731423157e+00
-3.606186657464654388e+00
-3.606403647831677439e+00
-3.606614954995037703e+00
-3.606821580153024343e+00
-3.607022520336312876e+00
-3.607218779811313780e+00
-3.607409352468426089e+00
-3.607595245650516702e+00
-3.607775450099120373e+00
-3.607950976241954599e+00
-3.608120811663173555e+00
-3.608285969883693767e+00
-3.608445435321687267e+00
-3.608600224599758821e+00
-3.608749318961391950e+00
-3.608893738139365315e+00
-3.609032460193803082e+00
-3.609166507976167892e+00
-3.609294856354438696e+00
-3.609418531307382771e+00
-3.609536504502002696e+00
-3.609649805052982163e+00
-3.609757401417486466e+00
-3.609860325854785668e+00
-3.609957543603290464e+00
-3.610050090075575202e+00
-3.610136927282282304e+00
-3.610219093798106904e+00
-3.610295548396853960e+00
-3.610367332824159448e+00
-3.610433402607916786e+00
-3.610494802673563708e+00
-3.610550485293873013e+00
-3.610601498583063673e+00
-3.610646791549588563e+00
-3.610687415505365649e+00
-3.610722316185262404e+00
-3.610752548107930338e+00
-3.610777053725305219e+00
-3.610796890771857726e+00
-3.610810998407210981e+00
-3.610820437590741783e+00
-3.610824144180333040e+00
-3.610823182369431006e+00
-3.610816484704642004e+00
-3.610805118622749443e+00
-3.610788013349494285e+00
-3.610766239574261682e+00
-3.610738723192298938e+00
-3.610706538154924150e+00
-3.610668607017178733e+00
-3.610626007001690230e+00
-3.610577657313557509e+00
-3.610524638456146018e+00
-3.610465866274789271e+00
-3.610402424563063928e+00
-3.610333225796645173e+00
-3.610259357068889230e+00
-3.610179727475826272e+00
-3.610095427420194181e+00
-3.610005362608433632e+00
-3.609910626762207198e+00
-3.609810122188286119e+00
-3.609704945937042275e+00
-3.609593996905422486e+00
-3.609478375482199297e+00
-3.609356977144275724e+00
-3.609230905628700192e+00
-3.609099052982060130e+00
-3.608962526299472007e+00
-3.608820214186883035e+00
-3.608673227107438208e+00
-3.608520450216002651e+00
-3.608362997353728119e+00
-3.608199750213912704e+00
-3.608031826025718924e+00
-3.607858103010395556e+00
-3.607679701795166505e+00
-3.607495497118578864e+00
-3.607306613016102670e+00
-3.607111920732890553e+00
-3.606912547722814999e+00
-3.606707361726904537e+00
-3.606497493627720985e+00
-3.606281807651292581e+00
-3.606061438119184004e+00
-3.605835245731535466e+00
-3.605604368259259118e+00
-3.605367662865679446e+00
-3.605126270781449538e+00
-3.604879045622020772e+00
-3.604627132088279229e+00
-3.604369380236687626e+00
-3.604106938248910819e+00
-3.603838652611203841e+00
-3.603565674996627166e+00
-3.603286848309930512e+00
-3.603003327726253424e+00
-3.602713952557529797e+00
-3.602419881491624842e+00
-3.602119950236214230e+00
-3.601815321002736603e+00
-3.601504825883089733e+00
-3.601189630623105042e+00
-3.600868563687318336e+00
-3.600542794366820232e+00
-3.600211147487188512e+00
-3.599874795895696256e+00
-3.599532560767183753e+00
-3.599185618516169249e+00
-3.598832786654933003e+00
-3.598475245176308679e+00
-3.598111807918075833e+00
-3.597743658462553729e+00
-3.597369606961038357e+00
-3.596990840596496319e+00
-3.596606165821698564e+00
-3.596216773431512248e+00
-3.595821466168021452e+00
-3.595421438449335483e+00
-3.595015489294572486e+00
-3.594604816756487242e+00
-3.594188216118897383e+00
-3.593766889080639793e+00
-3.593339627177853046e+00
-3.592907635766928287e+00
-3.592469702623798611e+00
-3.592027036774021020e+00
-3.591578422220729205e+00
-3.591125071670254076e+00
-3.590665765340241400e+00
-3.590201719629527055e+00
-3.589731710957468902e+00
-3.589256959427153060e+00
-3.588776237646802869e+00
-3.588290769435567018e+00
-3.587799323577570032e+00
-3.587303127619921650e+00
-3.586800946509573151e+00
-3.586294011533558201e+00
-3.585781083788529777e+00
-3.585263398313426997e+00
-3.584739712341305395e+00
-3.584211264675165598e+00
-3.583676808671139913e+00
-3.583137586908356820e+00
-3.582592348852609909e+00
-3.582042340871404384e+00
-3.581486308526579343e+00
-3.580925501986334858e+00
-3.580358662894929989e+00
-3.579787045233539189e+00
-3.579209386715133778e+00
-3.578626945146313076e+00
-3.578038454294829585e+00
-3.577445175805185507e+00
-3.576845839486012757e+00
-3.576241710832234411e+00
-3.575631515679280170e+00
-3.575016523385134093e+00
-3.574395455797825250e+00
-3.573769586151103184e+00
-3.573137632291325527e+00
-3.572500871340690498e+00
-3.571858017129553087e+00
-3.571210350681385925e+00
-3.570556581795995221e+00
-3.569897995411051461e+00
-3.569233297281196648e+00
-3.568563776271221233e+00
-3.567888134075916984e+00
-3.567207663500207460e+00
-3.566521062164179412e+00
-3.565829626826035437e+00
-3.565132051016182579e+00
-3.564429635459220869e+00
-3.563721069580851886e+00
-3.563007658085327378e+00
-3.562288086278457833e+00
-3.561563662857413881e+00
-3.560833068992851569e+00
-3.560097617388239044e+00
-3.559355985063614281e+00
-3.558609488742271676e+00
-3.557856801278080461e+00
-3.557099243427616742e+00
-3.556335483862990365e+00
-3.555566847387647833e+00
-3.554791998476138470e+00
-3.554012265992487318e+00
-3.553226310197762583e+00
-3.552435464030306633e+00
-3.551638383521740661e+00
-3.550836405698501785e+00
-3.550028182346613992e+00
-3.549215054594541119e+00
-3.548395669966397659e+00
-3.547571373706713604e+00
-3.546740809061308397e+00
-3.545905325404751007e+00
-3.545063561688099441e+00
-3.544216871430134308e+00
-3.543363889270453981e+00
-3.542505972886278887e+00
-3.541641752589029579e+00
-3.540772590228621119e+00
-3.539897111771362237e+00
-3.539016683254333273e+00
-3.538129926281674997e+00
-3.537238211092058826e+00
-3.536340154910359246e+00
-3.535437132191381338e+00
-3.534527755763420487e+00
-3.533613404312121453e+00
-3.532692686251758030e+00
-3.531766984513514451e+00
-3.530834903080126264e+00
-3.529897829143178178e+00
-3.528954362236166098e+00
-3.528005893825988615e+00
-3.527051018979122876e+00
-3.526091133452776916e+00
-3.525124827828479468e+00
-3.524153502168869689e+00
-3.523175742552462353e+00
-3.522192953362545786e+00
-3.521203716156428687e+00
-3.520209439653343431e+00
-3.519208700871078843e+00
-3.518202912880275424e+00
-3.517190648140696041e+00
-3.516173324089890695e+00
-3.515149508611070228e+00
-3.514120623524321640e+00
-3.513085232117563184e+00
-3.512044760609206673e+00
-3.510997767672992875e+00
-3.509945683941521288e+00
-3.508887063455420563e+00
-3.507823341277414464e+00
-3.506753066795964990e+00
-3.505677679520000645e+00
-3.504595724166551296e+00
-3.503508644707022945e+00
-3.502414981167646602e+00
-3.501316181998643362e+00
-3.500210782515982277e+00
-3.499100235665161929e+00
-3.497983072032293528e+00
-3.496860749074779839e+00
-3.495731792629120260e+00
-3.494597664681367455e+00
-3.493456886298605291e+00
-3.492310924012382412e+00
-3.491158294100374260e+00
-3.490000467656713123e+00
-3.488835956149582085e+00
-3.487666235252819824e+00
-3.486489811604940314e+00
-3.485308165476807218e+00
-3.484119798656940326e+00
-3.482926196030756927e+00
-3.481725854516305230e+00
-3.480520263631168287e+00
-3.479307915402416906e+00
-3.478090303997628308e+00
-3.476865916532211109e+00
-3.475636251841665469e+00
-3.474399792109021945e+00
-3.473158040855848672e+00
-3.471909475311889981e+00
-3.470655603703132641e+00
-3.469394898285056428e+00
-3.468128872006547514e+00
-3.466855992127738428e+00
-3.465577776339117566e+00
-3.464292686884297368e+00
-3.463002246214235136e+00
-3.461704911534718487e+00
-3.460402210076284568e+00
-3.459092593985516828e+00
-3.457777595291775530e+00
-3.456455661060986007e+00
-3.455128328140831595e+00
-3.453794038495026086e+00
-3.452454333809241049e+00
-3.451107650923297854e+00
-3.449755536380826104e+00
-3.448396421875991713e+00
-3.447031858830517770e+00
-3.445660273771090854e+00
-3.444283223017879703e+00
-3.442899127908211288e+00
-3.441509549681294633e+00
-3.440112904463071608e+00
-3.438710758432640624e+00
-3.437301522482531624e+00
-3.435886767752799553e+00
-3.434464899880397049e+00
-3.433037494987671856e+00
-3.431602953433797065e+00
-3.430162856345039923e+00
-3.428715598780465612e+00
-3.427262766892101631e+00
-3.425802750416599096e+00
-3.424337140553845416e+00
-3.422864321695654688e+00
-3.421385890112178529e+00
-3.419900224827908453e+00
-3.418408927205955461e+00
-3.416910370880930525e+00
-3.415406162331851903e+00
-3.413894669780888069e+00
-3.412377504846200171e+00
-3.410853030314837220e+00
-3.409322862967675061e+00
-3.407785360133950281e+00
-3.406242143781091247e+00
-3.404691565757739902e+00
-3.403135253242060010e+00
-3.401571552579297109e+00
-3.400002096182821454e+00
-3.398425224871633787e+00
-3.396842576319054618e+00
-3.395252485794971520e+00
-3.393656596257805358e+00
-3.392053237405354249e+00
-3.390444057506573738e+00
-3.388827380664201527e+00
-3.387204860483511215e+00
-3.385574815449154507e+00
-3.383938904528827507e+00
-3.382295440566060130e+00
-3.380646087917433817e+00
-3.378989153762213871e+00
-3.377326307872711819e+00
-3.375655851740799740e+00
-3.373979460581681078e+00
-3.372295430176665665e+00
-3.370605441211364184e+00
-3.368907783733306349e+00
-3.367204143926456172e+00
-3.365492806081280985e+00
-3.363775461908327546e+00
-3.362050389917777604e+00
-3.360319287375408415e+00
-3.358580426987749057e+00
-3.356835511604843170e+00
-3.355082808106246706e+00
-3.353324024955630644e+00
-3.351557423182212059e+00
-3.349784716893067227e+00
-3.348004161243649079e+00
-3.346217476014628822e+00
-3.344422910464210474e+00
-3.342622190077246369e+00
-3.340813558191217503e+00
-3.338998746026089925e+00
-3.337175990975064455e+00
-3.335347030024621517e+00
-3.333510094600103280e+00
-3.331666927486255148e+00
-3.329815754116951965e+00
-3.327958323107379712e+00
-3.326092853876249311e+00
-3.324221100901787462e+00
-3.322341277563850781e+00
-3.320455144236665213e+00
-3.318560908237471629e+00
-3.316660335869906717e+00
-3.314751628364763558e+00
-3.312836557988908304e+00
-3.310913319862838655e+00
-3.308983692250857089e+00
-3.307045864139229963e+00
-3.305101619824374115e+00
-3.303149142134274463e+00
-3.301190221432535488e+00
-3.299223034364842100e+00
-3.297249377397430070e+00
-3.295267420969559158e+00
-3.293278967685998371e+00
-3.291282181755357694e+00
-3.289278871957259209e+00
-3.287267196245357681e+00
-3.285248969610930825e+00
-3.283222343728227077e+00
-3.281189139837299429e+00
-3.279147503308629030e+00
-3.277099261668590113e+00
-3.275042553959224723e+00
-3.272979214031286777e+00
-3.270907374573738036e+00
-3.268828875800081857e+00
-3.266741844021394670e+00
-3.264648125852788851e+00
-3.262545841202529218e+00
-3.260436843126568007e+00
-3.258319245105307793e+00
-3.256194906675252909e+00
-3.254061934863721195e+00
-3.251922195727857456e+00
-3.249773789816581271e+00
-3.247618589748136220e+00
-3.245454689567591977e+00
-3.243283968495199066e+00
-3.241104514046522223e+00
-3.238918212085106330e+00
-3.236723143571242023e+00
-3.234521201053482287e+00
-3.232310458910823581e+00
-3.230092816418939528e+00
-3.227866341349389767e+00
-3.225632939747519412e+00
-3.223390672751012431e+00
-3.221141453217770678e+00
-3.218883335625093434e+00
-3.216618239686751313e+00
-3.214344213192824373e+00
-3.212063182756633495e+00
-3.209773189454059761e+00
-3.207476166842049281e+00
-3.205170149254973566e+00
-3.202857077237890593e+00
-3.200534978356222471e+00
-3.198205800187897019e+00
-3.195867563501632258e+00
-3.193522222953485645e+00
-3.191167792487381138e+00
-3.188806233883088925e+00
-3.186435554231453970e+00
-3.184057722481935304e+00
-3.181670738843630719e+00
-3.179276579481995491e+00
-3.176873237695511776e+00
-3.174462696912280002e+00
-3.172042943490910094e+00
-3.169615968169182008e+00
-3.167179750336295285e+00
-3.164736288087082627e+00
-3.162283553811382486e+00
-3.159823553008838104e+00
-3.157354251039653725e+00
-3.154877660856321153e+00
-3.152391740758817118e+00
-3.149898511200877937e+00
-3.147395923391211436e+00
-3.144886005333562107e+00
-3.142366701113953553e+00
-3.139840046335176549e+00
-3.137303977928803889e+00
-3.134760539146030478e+00
-3.132207659731732541e+00
-3.129647390635251547e+00
-3.127077654382084848e+00
-3.124500509669749349e+00
-3.121913871771239801e+00
-3.119319807182600712e+00
-3.116716223890743986e+00
-3.114105196240887885e+00
-3.111484624899835350e+00
-3.108856592112917649e+00
-3.106218991192289725e+00
-3.103573912334668616e+00
-3.100919241462528841e+00
-3.098257076775504881e+00
-3.095585296770858807e+00
-3.092906007702999283e+00
-3.090217080607909672e+00
-3.087520629846923992e+00
-3.084814518958105101e+00
-3.082100870462140207e+00
-3.079377540362055576e+00
-3.076646659390574801e+00
-3.073906075977965280e+00
-3.071157929121989927e+00
-3.068400059641842148e+00
-3.065634614853615769e+00
-3.062859427926539535e+00
-3.060076654548567809e+00
-3.057284120199482924e+00
-3.054483988992959365e+00
-3.051674078679215363e+00
-3.048856561851698732e+00
-3.046029248490326857e+00
-3.043194319722759111e+00
-3.040349577717198049e+00
-3.037497212190160667e+00
-3.034635017456088768e+00
-3.031765191875281928e+00
-3.028885521865742891e+00
-3.025998214486717242e+00
-3.023101048216388254e+00
-3.020196238868436467e+00
-3.017281556937111642e+00
-3.014359227046277567e+00
-3.011427011661482744e+00
-3.008487144272795621e+00
-3.005537379271529641e+00
-3.002579959070252880e+00
-2.999612629939814923e+00
-2.996637643271856444e+00
-2.993652737169822053e+00
-2.990660172061198274e+00
-2.987657677834318015e+00
-2.984647524009670594e+00
-2.981627432211968909e+00
-2.978599681112092501e+00
-2.975561984021874551e+00
-2.972516628820311979e+00
-2.969461320456299624e+00
-2.966398356074869014e+00
-2.963325432211177723e+00
-2.960244855334569714e+00
-2.957154313514789745e+00
-2.954056122604054035e+00
-2.950947962154253812e+00
-2.947832157459326030e+00
-2.944706379500009241e+00
-2.941572963071114710e+00
-2.938429570528092061e+00
-2.935278546226134821e+00
-2.932117543840440987e+00
-2.928948917346323899e+00
-2.925770311682900804e+00
-2.922584090505725651e+00
-2.919387889961140736e+00
-2.916184083445394482e+00
-2.912970298254461632e+00
-2.909748917586030270e+00
-2.906517559827274777e+00
-2.903278618038432235e+00
-2.900029701638543234e+00
-2.896773213611834930e+00
-2.893506754348940557e+00
-2.890232736819934534e+00
-2.886948752325861012e+00
-2.883657223884806164e+00
-2.880355733646161820e+00
-2.877046714738611399e+00
-2.873727740096851946e+00
-2.870401253023098675e+00
-2.867064817173402780e+00
-2.863720886086895678e+00
-2.860367014076061754e+00
-2.857005664980692305e+00
-2.853634383703853583e+00
-2.850255644450172987e+00
-2.846866982646488076e+00
-2.843470882926859566e+00
-2.840064871174108330e+00
-2.836651442516757715e+00
-2.833228113224886435e+00
-2.829797388986940554e+00
-2.826356776390483105e+00
-2.822908791749945578e+00
-2.819450931899538659e+00
-2.815985723846127442e+00
-2.812510654598864512e+00
-2.809028261923972813e+00
-2.805536022932801909e+00
-2.802036486218355993e+00
-2.798527118920390855e+00
-2.795010480526685104e+00
-2.791484028130641892e+00
-2.787950332183300794e+00
-2.784406839655812593e+00
-2.780856132031604311e+00
-2.777295646082699410e+00
-2.773727974394523343e+00
-2.770150543462073678e+00
-2.766565957042968815e+00
-2.762971631276202267e+00
-2.759370181162442037e+00
-2.755759012404586095e+00
-2.752140751317817990e+00
-2.748512793087857453e+00
-2.744877775416419752e+00
-2.741233082889867223e+00
-2.737581364669209982e+00
-2.733919994658159158e+00
-2.730251633550430768e+00
-2.726573644482678915e+00
-2.722888699755452002e+00
-2.719194151652872371e+00
-2.715492684157096548e+00
-2.711781638613165235e+00
-2.708063710760337361e+00
-2.704336230916883910e+00
-2.700601906655478057e+00
-2.696858057178742829e+00
-2.693107401969842218e+00
-2.689347249025765496e+00
-2.685580329818026524e+00
-2.681803941046863038e+00
-2.678020826250782971e+00
-2.674228270740991675e+00
-2.670429030202486231e+00
-2.666620378464029439e+00
-2.662805083437408182e+00
-2.658980407374363697e+00
-2.655149130494693033e+00
-2.651308503377272530e+00
-2.647461318632071681e+00
-2.643604815068113734e+00
-2.639741797768572429e+00
-2.635869493674412034e+00
-2.631990720425977148e+00
-2.628102692996807210e+00
-2.624208241669375941e+00
-2.620304569349131363e+00
-2.616394519046600919e+00
-2.612475281497323554e+00
-2.608549712526828213e+00
-2.604614990597581947e+00
-2.600673984438160780e+00
-2.596723860133584250e+00
-2.592767499404485143e+00
-2.588802055852833295e+00
-2.584830424281471917e+00
-2.580849745702364917e+00
-2.576862928091848026e+00
-2.572867099763646248e+00
-2.568865181959990807e+00
-2.564854290186809660e+00
-2.560837359045822659e+00
-2.556811491124313829e+00
-2.552779634478229198e+00
-2.548738878663992402e+00
-2.544692185287802388e+00
-2.540636630761653691e+00
-2.536575190339224406e+00
-2.532504927173130582e+00
-2.528428830263061311e+00
-2.524343949385944530e+00
-2.520253287387308472e+00
-2.516153880550646704e+00
-2.512048745668487459e+00
-2.507934905411750126e+00
-2.503815390622475157e+00
-2.499687210238434876e+00
-2.495553409255104604e+00
-2.491410982755038805e+00
-2.487262989992494067e+00
-2.483106412071300895e+00
-2.478944322611284168e+00
-2.474773688612536215e+00
-2.470597598168702280e+00
-2.466413004049622604e+00
-2.462223008932590496e+00
-2.458024551229059718e+00
-2.453820748311345668e+00
-2.449608524102916185e+00
-2.445391010783953600e+00
-2.441165117658771866e+00
-2.436933991829982826e+00
-2.432694527849891486e+00
-2.428449887859712497e+00
-2.424196951525319665e+00
-2.419938896144401497e+00
-2.415672586360293472e+00
-2.411401214746688559e+00
-2.407121630786657640e+00
-2.402837042451220650e+00
-2.398544283923680798e+00
-2.394246578695477634e+00
-2.389940745508985831e+00
-2.385630023500955765e+00
-2.381311215829879036e+00
-2.376987577404583885e+00
-2.372655895654911085e+00
-2.368319441390440705e+00
-2.363974986165827463e+00
-2.359625816821991240e+00
-2.355268688889978090e+00
-2.350906905374592792e+00
-2.346537205633009382e+00
-2.342162908968461021e+00
-2.337780738412085668e+00
-2.333394029702136940e+00
-2.328999489389577349e+00
-2.324600469786368251e+00
-2.320193660807225999e+00
-2.315782431478611070e+00
-2.311363454920854821e+00
-2.306940117017930003e+00
-2.302509073935611994e+00
-2.298073728560563911e+00
-2.293630719941791352e+00
-2.289183468116058329e+00
-2.284728594851234362e+00
-2.280269537483950337e+00
-2.275802900334382262e+00
-2.271332138191093808e+00
-2.266853837757889956e+00
-2.262371471429704961e+00
-2.257881608123009087e+00
-2.253387737995981688e+00
-2.248886412004487134e+00
-2.244381138229395223e+00
-2.239868449490323599e+00
-2.235351871952743874e+00
-2.230827920122068431e+00
-2.226300138412844909e+00
-2.221765022835934023e+00
-2.217226136222038235e+00
-2.212679955904614637e+00
-2.208130063300312251e+00
-2.203572916879799948e+00
-2.199012116818241047e+00
-2.194444102535534569e+00
-2.189872493140669452e+00
-2.185293708812214852e+00
-2.180711387771156584e+00
-2.176121930761476087e+00
-2.171528995297205444e+00
-2.166928962491741828e+00
-2.162325509336211926e+00
-2.157714997114646316e+00
-2.153101122482313112e+00
-2.148480226692225603e+00
-2.143856026253891933e+00
-2.139224842184817899e+00
-2.134590411041994429e+00
-2.129949033399894276e+00
-2.125304466059459774e+00
-2.120652988941600370e+00
-2.115998379290889186e+00
-2.111336896161067678e+00
-2.106672337443409759e+00
-2.102000941107658782e+00
-2.097326525898250527e+00
-2.092645308480877819e+00
-2.087961128663065491e+00
-2.083270181583131819e+00
-2.078576328325133282e+00
-2.073875742273302958e+00
-2.069172306005307327e+00
-2.064462170921097517e+00
-2.059749241312720525e+00
-2.055029646362167117e+00
-2.050307312300392315e+00
-2.045578345854071500e+00
-2.040846695421474344e+00
-2.036108445032965619e+00
-2.031367565486390969e+00
-2.026620117871054561e+00
-2.021870095620694308e+00
-2.017113536634896231e+00
-2.012354457223688886e+00
-2.007588871844352418e+00
-2.002820819927807250e+00
-1.998046292232375620e+00
-1.993269351558747404e+00
-1.988485964705512421e+00
-1.983700218096330348e+00
-1.978908054305083208e+00
-1.974113583636075253e+00
-1.969312724169150375e+00
-1.964509610351518276e+00
-1.959700135495226148e+00
-1.954888458457239908e+00
-1.950070447503519322e+00
-1.945250286172479637e+00
-1.940423817401043749e+00
-1.935595249685594599e+00
-1.930760400346295258e+00
-1.925923503118999403e+00
-1.921080349414578281e+00
-1.916235198494950831e+00
-1.911383815564078548e+00
-1.906530485701752653e+00
-1.901670947602387418e+00
-1.896809512460755576e+00
-1.891941892153798044e+00
-1.887072424293828155e+00
-1.882196793627082920e+00
-1.877319364491516041e+00
-1.872435794183913815e+00
-1.867550474081727696e+00
-1.862659033707822154e+00
-1.857765891798861979e+00
-1.852866649773640129e+00
-1.847965754053640941e+00
-1.843058777617538002e+00
-1.838150194903403811e+00
-1.833235550107547684e+00
-1.828319346022709402e+00
-1.823397097714500870e+00
-1.818473336674721663e+00
-1.813543548483503853e+00
-1.808612293682748229e+00
-1.803675028005797820e+00
-1.798736341402401795e+00
-1.793791659391062110e+00
-1.788845601694036613e+00
-1.783893563240099400e+00
-1.778940193895689914e+00
-1.773980857617869056e+00
-1.769020234796248259e+00
-1.764053658026887739e+00
-1.759085838609016017e+00
-1.754112077381010382e+00
-1.749137116945637560e+00
-1.744156225979298647e+00
-1.739174178790186431e+00
-1.734186211480499562e+00
-1.729197130473632882e+00
-1.724202138877378498e+00
-1.719206075648436638e+00
-1.714204110471629239e+00
-1.709201115263431214e+00
-1.704192225848685460e+00
-1.699182347538808147e+00
-1.694166581852911913e+00
-1.689149867941351024e+00
-1.684127272562777167e+00
-1.679103769159659754e+00
-1.674074389266208662e+00
-1.669044141079546018e+00
-1.664008020436024360e+00
-1.658971070759529542e+00
-1.653928251705342856e+00
-1.648884642406208245e+00
-1.643835165843120727e+00
-1.638784937349818893e+00
-1.633728842729528452e+00
-1.628672034019623682e+00
-1.623609359331397384e+00
-1.618546007919243079e+00
-1.613476789677480205e+00
-1.608406931601956025e+00
-1.603331204833722934e+00
-1.598254874645807844e+00
-1.593172672878222285e+00
-1.588089903628550736e+00
-1.583001258876072237e+00
-1.577912082102374436e+00
-1.572817024854016976e+00
-1.567721470568386399e+00
-1.562620029774756336e+00
-1.557518126450812224e+00
-1.552410329511015874e+00
-1.547302104070883644e+00
-1.542187976819162198e+00
-1.537073454620308643e+00
-1.531953021312580931e+00
-1.526832226134341441e+00
-1.521705509434474468e+00
-1.516578463464472781e+00
-1.511445484430284258e+00
-1.506312208250526252e+00
-1.501172986319516900e+00
-1.496033498892219926e+00
-1.490888051867079289e+00
-1.485742370520211741e+00
-1.480590714553885689e+00
-1.475438854966389046e+00
-1.470281004546914350e+00
-1.465122980733565061e+00
-1.459958948668438561e+00
-1.454794772964342453e+00
-1.449624570364598908e+00
-1.444454253409241051e+00
-1.439277889672975652e+00
-1.434101440393943383e+00
-1.428918923189447243e+00
-1.423736348785553885e+00
-1.418547684033996559e+00
-1.413358989958046541e+00
-1.408164181815546367e+00
-1.402969371756466410e+00
-1.397768422595684568e+00
-1.392567498460174580e+00
-1.387360408851290083e+00
-1.382153370744859000e+00
-1.376940139435907318e+00
-1.371726985643265673e+00
-1.366507609539862722e+00
-1.361288336504664409e+00
-1.356062810648995809e+00
-1.350837412952944572e+00
-1.345605730502002162e+00
-1.340374200843074792e+00
-1.335136353046170621e+00
-1.329898682216167805e+00
-1.324654658391570594e+00
-1.319410835252824654e+00
-1.314160622763533182e+00
-1.308910634224717873e+00
-1.303654218453332847e+00
-1.298398049444336344e+00
-1.293135413766975272e+00
-1.287873047212864108e+00
-1.282604172971972156e+00
-1.277335589765840718e+00
-1.272060456242036786e+00
-1.266785635216881367e+00
-1.261504219599580479e+00
-1.256223137498904352e+00
-1.250935414855802286e+00
-1.245648046303168721e+00
-1.240353989548394376e+00
-1.235060307015567016e+00
-1.229759886876564901e+00
-1.224459860650419785e+00
-1.219153045633412535e+00
-1.213846643781416601e+00
-1.208533400135356706e+00
-1.203220588469531505e+00
-1.197900880148558223e+00
-1.192581622187895096e+00
-1.187255410812095402e+00
-1.181929667743396362e+00
-1.176596912557828389e+00
-1.171264643194708466e+00
-1.165925301026673022e+00
-1.160586461766776711e+00
-1.155240486981065295e+00
-1.149895031761372977e+00
-1.144542376213559143e+00
-1.139190256463677553e+00
-1.133830869451222245e+00
-1.128472034044452954e+00
-1.123105862255564302e+00
-1.117740257457779274e+00
-1.112367244917870313e+00
-1.106994814333949861e+00
-1.101614902349630665e+00
-1.096235586867393197e+00
-1.090848713967718764e+00
-1.085462451699209518e+00
-1.080068553574128787e+00
-1.074675279794070848e+00
-1.069274289229939168e+00
-1.063873936311127144e+00
-1.058465783123020865e+00
-1.053058280468719632e+00
-1.047642891429414247e+00
-1.042228165402250495e+00
-1.036805464167724899e+00
-1.031383438015152310e+00
-1.025953345046232812e+00
-1.020523938822194943e+00
-1.015086371302339696e+00
-1.009649501784996684e+00
-1.004204373533795103e+00
-9.987599541389566848e-01
-9.933071755212250498e-01
-9.878551162113992090e-01
-9.823945940414013922e-01
-9.769348012300884676e-01
-9.714664386708506960e-01
-9.659988151216414298e-01
-9.605225115787664469e-01
-9.550469562992874861e-01
-9.495626073091636421e-01
-9.440790154390513722e-01
-9.385865125509004203e-01
-9.330947752439071596e-01
-9.275940058953001666e-01
-9.220940101947630030e-01
-9.165848575802938436e-01
-9.110764862877128722e-01
-9.055588292202241263e-01
-9.000419607564197344e-01
-8.945156735203362297e-01
-8.889901817787161376e-01
-8.834551339748917265e-01
-8.779208881662353692e-01
-8.723769445477507212e-01
-8.668338090359556380e-01
-8.612808293342448795e-01
-8.557286634623542110e-01
-8.501665022028770391e-01
-8.446051601086548288e-01
-8.390336664154235402e-01
-8.334629968358185925e-01
-8.278820142238543234e-01
-8.223018602873901628e-01
-8.167112264423675994e-01
-8.111214254485938913e-01
-8.055209719924298906e-01
-7.999213551775445907e-01
-7.943109074190234375e-01
-7.887012997063397313e-01
-7.830806763755951971e-01
-7.774608961098636861e-01
-7.718299090752155367e-01
-7.661997677394501993e-01
-7.605582217054064342e-01
-7.549175236186533855e-01
-7.492652158032813148e-01
-7.436137577979554658e-01
-7.379504775879458522e-01
-7.322880486647447285e-01
-7.266135772463911957e-01
-7.209399582050789457e-01
-7.152540681686914148e-01
-7.095690312124623977e-01
-7.038714861282389101e-01
-6.981747944393554839e-01
-6.924653484018578053e-01
-6.867567556859662803e-01
-6.810351528242324370e-01
-6.753144028204078886e-01
-6.695803767707257936e-01
-6.638472027239589179e-01
-6.581004760614042048e-01
-6.523546001539823891e-01
-6.465948837787450776e-01
-6.408360165164012079e-01
-6.350630089904613085e-01
-6.292908485388100104e-01
-6.235042353676508720e-01
-6.177184668337111217e-01
-6.119179196875038640e-01
-6.061182143406315115e-01
-6.003033902083323436e-01
-5.944894046340365446e-01
-5.886599449029287223e-01
-5.828313200822383688e-01
-5.769868495348110526e-01
-5.711432098407570601e-01
-5.652833355592464804e-01
-5.594242876611711379e-01
-5.535485978289418352e-01
-5.476737294935978273e-01
-5.417817920811492938e-01
-5.358906708582594769e-01
-5.299820321794044276e-01
-5.240742039575466693e-01
-5.181483870795465796e-01
-5.122233744958855084e-01
-5.062798774845497229e-01
-5.003371781695069576e-01
-4.943754721472862768e-01
-4.884145567821397416e-01
-4.824340837736751930e-01
-4.764543939357056557e-01
-4.704545644709184349e-01
-4.644555102359231302e-01
-4.584357006756833997e-01
-4.524166579430464186e-01
-4.463762074858713680e-01
-4.403365149847187077e-01
-4.342747223057945583e-01
-4.282136782332042202e-01
-4.221297976971102872e-01
-4.160466559302478662e-01
-4.099398933079581031e-01
-4.038338591201420802e-01
-3.977033667260920780e-01
-3.915735919231017603e-01
-3.854184630709154291e-01
-3.792640404456317227e-01
-3.730833030986913101e-01
-3.669032600805871014e-01
-3.606958695456455311e-01
-3.544891608932562166e-01
-3.482539913697063061e-01
-3.420194907185383770e-01
-3.357553254700423873e-01
-3.294918155026787532e-01
-3.231973353582341946e-01
-3.169034963037798414e-01
-3.105772661172865878e-01
-3.042516622090002953e-01
-2.978921148030448385e-01
-2.915331782199207522e-01
-2.851385952003439583e-01
-2.787446068792774900e-01
-2.723130955188919899e-01
-2.658821620355967252e-01
-2.594116271651558669e-01
-2.529416526217847516e-01
-2.464297621025403340e-01
-2.399184135964211317e-01
-2.333625554300161331e-01
-2.268072201591192494e-01
-2.202044485385388217e-01
-2.136021798470476019e-01
-2.069491463365566164e-01
-2.002965948883856373e-01
-1.935894592264805480e-01
-1.868827838005056030e-01
-1.801170961776153157e-01
-1.733518459357216990e-01
-1.665223883475833166e-01
-1.596933441761321792e-01
-1.527939113694678497e-01
-1.458948668096416712e-01
-1.389179550329530111e-01
-1.319414050117089787e-01
-1.248777543478892388e-01
-1.178144374838952235e-01
-1.106523301661323927e-01
-1.034905270491343343e-01
-9.621465407677616544e-02
-8.893905383070069282e-02
-8.152855746691198280e-02
-7.411830016794113130e-02
-6.654307669909406697e-02
-5.896805600632362004e-02
-5.118083356118080518e-02
-4.339377430565617699e-02
-3.530951619394612911e-02
-2.722537723891805747e-02
-1.864576369750250290e-02
-1.006621836886979239e-02
-6.487614121302797839e-16
