1.089267113982354813e-15
-7.099358904882628954e-03
-1.419993566865027958e-02
-2.130295397333956467e-02
-2.840964454713967163e-02
-3.552125584704654560e-02
-4.263905094916264210e-02
-4.976432337520906440e-02
-5.689838996085478523e-02
-6.404261217462824118e-02
-7.119838536410075247e-02
-7.836716603560758831e-02
-8.555045803700349338e-02
-9.274984647647603608e-02
-9.996698167808160118e-02
-1.072036207873137414e-01
-1.144616108323468634e-01
-1.217429397410803582e-01
-1.290497207793488144e-01
-1.363842560318447028e-01
-1.437490264150325103e-01
-1.511467735596649098e-01
-1.585805041015707351e-01
-1.660536033760920682e-01
-1.735698762425101349e-01
-1.811337329243351835e-01
-1.887503413173297062e-01
-1.964260053173252363e-01
-2.041685484181230414e-01
-2.119878350418845925e-01
-2.198959092932420700e-01
-2.279066389647655677e-01
-2.360343425823634156e-01
-2.442917414881188021e-01
-2.526873885448739920e-01
-2.612235104659216822e-01
-2.698945455121041781e-01
-2.786870040462834375e-01
-2.875803073358642603e-01
-2.965486456360729162e-01
-3.055630968625490662e-01
-3.145939463748972931e-01
-3.236125377473916820e-01
-3.325928446960343954e-01
-3.415123308295798799e-01
-3.503525197613046593e-01
-3.590989668568328463e-01
-3.677411464266522878e-01
-3.762719439380806663e-01
-3.846872667958552983e-01
-3.929854075050969731e-01
-4.011666492966389219e-01
-4.092326901763325697e-01
-4.171863619261668155e-01
-4.250311771640513103e-01
-4.327711830498527923e-01
-4.404106256759310889e-01
-4.479539167705777758e-01
-4.554053857420017892e-01
-4.627693272252216272e-01
-4.700498095911118668e-01
-4.772507750494056067e-01
-4.843758801226299981e-01
-4.914286278087206528e-01
-4.984122233365961274e-01
-5.053297251215899122e-01
-5.121839054645953571e-01
-5.189774123982462406e-01
-5.257126293989712318e-01
-5.323918437614254540e-01
-5.390171021809790908e-01
-5.455903834523734286e-01
-5.521134484253610308e-01
-5.585880160587035625e-01
-5.650156071642686850e-01
-5.713977235105138774e-01
-5.777356852428727763e-01
-5.840308130598227399e-01
-5.902842594192875270e-01
-5.964971939537878631e-01
-6.026706286589894601e-01
-6.088056067604367128e-01
-6.149030220980552519e-01
-6.209638116554188070e-01
-6.269887693398672468e-01
-6.329787423631247911e-01
-6.389344395903364671e-01
-6.448566319325219620e-01
-6.507459554086451048e-01
-6.566031156822788040e-01
-6.624286859540605699e-01
-6.682233157495202081e-01
-6.739875237360267723e-01
-6.797219108476592053e-01
-6.854269481013535170e-01
-6.911031941273566570e-01
-6.967510780436795281e-01
-7.023711214467758257e-01
-7.079637163910095232e-01
-7.135293518831014037e-01
-7.190683870034687564e-01
-7.245812819393983029e-01
-7.300683662773675975e-01
-7.355300746029133085e-01
-7.409667099871019014e-01
-7.463786841758143220e-01
-7.517662762885003458e-01
-7.571298776155142018e-01
-7.624697455436008076e-01
-7.677862529764576394e-01
-7.730796374984885144e-01
-7.783502554311868549e-01
-7.835983262442975938e-01
-7.888241912585203242e-01
-7.940280533113159844e-01
-7.992102401148667434e-01
-8.043709391822362331e-01
-8.095104658481064863e-01
-8.146289934598667237e-01
-8.197268260676522367e-01
-8.248041238837924283e-01
-8.298611806479084807e-01
-8.348981443574208239e-01
-8.399152993126449696e-01
-8.449127821204673872e-01
-8.498908684238700717e-01
-8.548496841801886958e-01
-8.597894970791376545e-01
-8.647104230967087579e-01
-8.696127226052378090e-01
-8.744965022036702562e-01
-8.793620155229391333e-01
-8.842093603329679308e-01
-8.890387840464567537e-01
-8.938503761026150851e-01
-8.986443781722562862e-01
-9.034208718181827580e-01
-9.081800934041853735e-01
-9.129221170317159961e-01
-9.176471741554227401e-01
-9.223553317955460740e-01
-9.270468168624667049e-01
-9.317216896441047336e-01
-9.363801728417875392e-01
-9.410223203320174923e-01
-9.456483509157688205e-01
-9.502583123537156062e-01
-9.548524198313455003e-01
-9.594307152663923421e-01
-9.639934104920117042e-01
-9.685405418354346985e-01
-9.730723180211798828e-01
-9.775887700197176677e-01
-9.820901036729321465e-01
-9.865763448114693857e-01
-9.910476966044301506e-01
-9.955041799442186923e-01
-9.999459955224619945e-01
-1.004373159480864697e+00
-1.008785870215476166e+00
-1.013184139292159669e+00
-1.017568162981077329e+00
-1.021937948435367005e+00
-1.026293689957914923e+00
-1.030635390441517529e+00
-1.034963242370098735e+00
-1.039277244518761911e+00
-1.043577587691357111e+00
-1.047864266678883549e+00
-1.052137470735401870e+00
-1.056397190793052054e+00
-1.060643614678418833e+00
-1.064876729582389769e+00
-1.069096722019022394e+00
-1.073303575548483213e+00
-1.077497475480461375e+00
-1.081678401848390925e+00
-1.085846538859463362e+00
-1.090001863118318814e+00
-1.094144557825684982e+00
-1.098274596249737334e+00
-1.102392160675401023e+00
-1.106497221121466978e+00
-1.110589959042702857e+00
-1.114670341290750155e+00
-1.118738548571232894e+00
-1.122794544646380510e+00
-1.126838509549275447e+00
-1.130870404026304232e+00
-1.134890407510607435e+00
-1.138898477802334552e+00
-1.142894793803509890e+00
-1.146879310434012256e+00
-1.150852206130051902e+00
-1.154813432993791578e+00
-1.158763169057633213e+00
-1.162701363665374910e+00
-1.166628194504501170e+00
-1.170543608216818132e+00
-1.174447782200961576e+00
-1.178340660450278854e+00
-1.182222420127867712e+00
-1.186093002629531101e+00
-1.189952584933664959e+00
-1.193801105886960423e+00
-1.197638742331492256e+00
-1.201465430610966667e+00
-1.205281347477310971e+00
-1.209086426815194404e+00
-1.212880845330443380e+00
-1.216664534490600191e+00
-1.220437670997430724e+00
-1.224200183941282383e+00
-1.227952250060102557e+00
-1.231693796105121086e+00
-1.235424998888938530e+00
-1.239145782860065825e+00
-1.242856324942491764e+00
-1.246556547316801877e+00
-1.250246627053583914e+00
-1.253926484098693006e+00
-1.257596295703057754e+00
-1.261255979609579914e+00
-1.264905713281862187e+00
-1.268545412290205565e+00
-1.272175254341881612e+00
-1.275795152863718807e+00
-1.279405285836351380e+00
-1.283005564571021440e+00
-1.286596167350266828e+00
-1.290177003396378197e+00
-1.293748251321267473e+00
-1.297309818283826743e+00
-1.300861883251677842e+00
-1.304404351344840007e+00
-1.307937401911974717e+00
-1.311460938057740888e+00
-1.314975139536187054e+00
-1.318479907459185752e+00
-1.321975422009633805e+00
-1.325461582328251842e+00
-1.328938569049365803e+00
-1.332406279363339774e+00
-1.335864894377663203e+00
-1.339314309352333643e+00
-1.342754705888966837e+00
-1.346185977336357809e+00
-1.349608305810462650e+00
-1.353021582767325315e+00
-1.356425990856755304e+00
-1.359821419659752006e+00
-1.363208052378780177e+00
-1.366585776736863656e+00
-1.369954776507276373e+00
-1.373314937571508354e+00
-1.376666444291157587e+00
-1.380009180721928796e+00
-1.383343331830761969e+00
-1.386668779862762602e+00
-1.389985710406557828e+00
-1.393294003911294432e+00
-1.396593846603159550e+00
-1.399885117149434643e+00
-1.403168002429184380e+00
-1.406442379341387383e+00
-1.409708435432826201e+00
-1.412966045847287466e+00
-1.416215398813624349e+00
-1.419456367733009872e+00
-1.422689141530318224e+00
-1.425913591876259101e+00
-1.429129908405174509e+00
-1.432337961069050980e+00
-1.435537940224802744e+00
-1.438729714116946168e+00
-1.441913473837637794e+00
-1.445089085934888384e+00
-1.448256742248344997e+00
-1.451416307639994852e+00
-1.454567974708958378e+00
-1.457711606641346913e+00
-1.460847396807319676e+00
-1.463975206726905620e+00
-1.467095230552561080e+00
-1.470207328147665082e+00
-1.473311694457928533e+00
-1.476408187699186580e+00
-1.479497003621008444e+00
-1.482577998800551411e+00
-1.485651369801522348e+00
-1.488716971570904768e+00
-1.491775001496624009e+00
-1.494825312903658610e+00
-1.497868104013941881e+00
-1.500903226538409241e+00
-1.503930879542481280e+00
-1.506950913130703062e+00
-1.509963527221271695e+00
-1.512968570319724648e+00
-1.515966243206063435e+00
-1.518956392793969989e+00
-1.521939220734008114e+00
-1.524914572354940656e+00
-1.527882650186451752e+00
-1.530843297979062267e+00
-1.533796719149908672e+00
-1.536742755877743338e+00
-1.539681612475277683e+00
-1.542613129555714391e+00
-1.545537512335308561e+00
-1.548454599867740589e+00
-1.551364598280535523e+00
-1.554267345073665263e+00
-1.557163047293493419e+00
-1.560051540891955302e+00
-1.562933033841595210e+00
-1.565807360551725091e+00
-1.568674729928325462e+00
-1.571534974843339816e+00
-1.574388305143217037e+00
-1.577234552167602555e+00
-1.580073926710301002e+00
-1.582906258583594683e+00
-1.585731759535366159e+00
-1.588550257855275483e+00
-1.591361966251854332e+00
-1.594166711496728395e+00
-1.596964707265538408e+00
-1.599755778816289942e+00
-1.602540140798039969e+00
-1.605317616959467175e+00
-1.608088422929190298e+00
-1.610852380950695828e+00
-1.613609707638227642e+00
-1.616360223734081281e+00
-1.619104146844002612e+00
-1.621841296212980899e+00
-1.624571890444067801e+00
-1.627295747288650674e+00
-1.630013086352784635e+00
-1.632723723897856472e+00
-1.635427880538484091e+00
-1.638125371049538925e+00
-1.640816417059648868e+00
-1.643500831860528200e+00
-1.646178838100174735e+00
-1.648850247590388340e+00
-1.651515284003797435e+00
-1.654173757675395207e+00
-1.656825893307600550e+00
-1.659471499761631996e+00
-1.662110802774749763e+00
-1.664743609737307173e+00
-1.667370147426379345e+00
-1.669990221764255045e+00
-1.672604060572714602e+00
-1.675211468308679619e+00
-1.677812673843436242e+00
-1.680407480171174583e+00
-1.682996117217361531e+00
-1.685578386515959926e+00
-1.688154519051292324e+00
-1.690724314899495262e+00
-1.693288006108307320e+00
-1.695845391298355986e+00
-1.698396703585294487e+00
-1.700941740136493463e+00
-1.703480735139907942e+00
-1.706013484311810879e+00
-1.708540222916810070e+00
-1.711060745222148238e+00
-1.713575287573367412e+00
-1.716083642790679820e+00
-1.718586048304747704e+00
-1.721082295490670822e+00
-1.723572622868394966e+00
-1.726056820369733513e+00
-1.728535127607998545e+00
-1.731007333073476318e+00
-1.733473677476877306e+00
-1.735933947868641081e+00
-1.738388386060858659e+00
-1.740836777665731860e+00
-1.743279365600648223e+00
-1.745715934041111916e+00
-1.748146727013666135e+00
-1.750571527258614202e+00
-1.752990579915447489e+00
-1.755403666290674902e+00
-1.757811032640522964e+00
-1.760212458839026883e+00
-1.762608192262864026e+00
-1.764998011354900642e+00
-1.767382164615894702e+00
-1.769760429058785167e+00
-1.772133054312043043e+00
-1.774499815959824867e+00
-1.776860964761883821e+00
-1.779216274874698689e+00
-1.781565998192850886e+00
-1.783909907446195042e+00
-1.786248255667607587e+00
-1.788580814161291999e+00
-1.790907837101929356e+00
-1.793229094368981036e+00
-1.795544841282316284e+00
-1.797854846297558762e+00
-1.800159365883141627e+00
-1.802458167071688599e+00
-1.804751507483516537e+00
-1.807039152729038145e+00
-1.809321361583758225e+00
-1.811597898236572135e+00
-1.813869022621503735e+00
-1.816134497506588286e+00
-1.818394583987554602e+00
-1.820649043412283286e+00
-1.822898138041378679e+00
-1.825141627803105848e+00
-1.827379776126188293e+00
-1.829612341519801122e+00
-1.831839588583902723e+00
-1.834061274409072961e+00
-1.836277664769630169e+00
-1.838488515338021267e+00
-1.840694093066003401e+00
-1.842894152208272240e+00
-1.845088960897094843e+00
-1.847278271969800212e+00
-1.849462354742194226e+00
-1.851640960634522770e+00
-1.853814360149163676e+00
-1.855982303289572366e+00
-1.858145061747666249e+00
-1.860302384110352758e+00
-1.862454543262061391e+00
-1.864601286373327449e+00
-1.866742887524023953e+00
-1.868879092468516134e+00
-1.871010176485050192e+00
-1.873135883911885236e+00
-1.875256491228531663e+00
-1.877371741357264368e+00
-1.879481911981746078e+00
-1.881586744608283901e+00
-1.883686518127554610e+00
-1.885780972629912400e+00
-1.887870388215900253e+00
-1.889954503559889254e+00
-1.892033599975078584e+00
-1.894107414719806703e+00
-1.896176230322766942e+00
-1.898239782626142125e+00
-1.900298355376902171e+00
-1.902351683000962357e+00
-1.904400050466311889e+00
-1.906443190782476149e+00
-1.908481390141195000e+00
-1.910514380135375889e+00
-1.912542448183320420e+00
-1.914565324461034779e+00
-1.916583297616112569e+00
-1.918596096407448215e+00
-1.920604010714570986e+00
-1.922606767878991318e+00
-1.924604659014907071e+00
-1.926597410046097636e+00
-1.928585313324107764e+00
-1.930568093354627646e+00
-1.932546043729248764e+00
-1.934518887535203735e+00
-1.936486919606751567e+00
-1.938449861612244085e+00
-1.940408009631278352e+00
-1.942361083912894859e+00
-1.944309381784676161e+00
-1.946252622075875349e+00
-1.948191103364670385e+00
-1.950124543060022697e+00
-1.952053240993323335e+00
-1.953976913152755568e+00
-1.955895860625539884e+00
-1.957809797978468103e+00
-1.959719027557202953e+00
-1.961623262506605014e+00
-1.963522806433336543e+00
-1.965417371059735796e+00
-1.967307261256042272e+00
-1.969192187321406884e+00
-1.971072455392291811e+00
-1.972947774343969396e+00
-1.974818451581646261e+00
-1.976684194556079577e+00
-1.978545311943758156e+00
-1.980401509770242541e+00
-1.982253097985861467e+00
-1.984099781190178824e+00
-1.985941870609972959e+00
-1.987779069418041500e+00
-1.989611690120106413e+00
-1.991439434461466096e+00
-1.993262616229324324e+00
-1.995080935740642047e+00
-1.996894708066625945e+00
-1.998703632095093052e+00
-2.000508024183794920e+00
-2.002307581790514490e+00
-2.004102622562058400e+00
-2.005892842525311526e+00
-2.007678560618667341e+00
-2.009459471437202271e+00
-2.011235895213398628e+00
-2.013007525109598461e+00
-2.014774682654879800e+00
-2.016537059577909741e+00
-2.018294978706860476e+00
-2.020048130335763581e+00
-2.021796838594374535e+00
-2.023540792341072425e+00
-2.025280317009760189e+00
-2.027015100022126148e+00
-2.028745468118658302e+00
-2.030471107283344789e+00
-2.032192345565803304e+00
-2.033908867511237339e+00
-2.035621002480853203e+00
-2.037328433580009257e+00
-2.039031491483995318e+00
-2.040729857857209950e+00
-2.042423864691531143e+00
-2.044113192209283003e+00
-2.045798173721403934e+00
-2.047478488006979624e+00
-2.049154469698509118e+00
-2.050825796130703260e+00
-2.052492803260092646e+00
-2.054155166975805802e+00
-2.055813224560908647e+00
-2.057466650457731916e+00
-2.059115783278357092e+00
-2.060760296017121629e+00
-2.062400528617601925e+00
-2.064036152624875164e+00
-2.065667509316494233e+00
-2.067294268787001954e+00
-2.068916773650463892e+00
-2.070534692549573119e+00
-2.072148369437373461e+00
-2.073757471503416383e+00
-2.075362344042242402e+00
-2.076962652788918451e+00
-2.078558744381929113e+00
-2.080150283100549391e+00
-2.081737616929719259e+00
-2.083320408691525571e+00
-2.084899007719844821e+00
-2.086473075378205255e+00
-2.088042962351955190e+00
-2.089608328544609872e+00
-2.091169525995488776e+00
-2.092726213146682834e+00
-2.094278743393983344e+00
-2.095826773716630953e+00
-2.097370658869355697e+00
-2.098910054367116196e+00
-2.100445316326080114e+00
-2.101976098795414583e+00
-2.103502759255271748e+00
-2.105024950287514240e+00
-2.106543030738780242e+00
-2.108056651722122865e+00
-2.109566173453181204e+00
-2.111071245574655197e+00
-2.112572229673709501e+00
-2.114068773921113920e+00
-2.115561241278112181e+00
-2.117049278441984761e+00
-2.118533249750513381e+00
-2.120012800425924215e+00
-2.121488296185120692e+00
-2.122959380773606242e+00
-2.124426421289952849e+00
-2.125889060001320718e+00
-2.127347665390482145e+00
-2.128801878244610979e+00
-2.130252068433207580e+00
-2.131697875261824748e+00
-2.133139669989239984e+00
-2.134577090437666413e+00
-2.136010509257723733e+00
-2.137439562786602743e+00
-2.138864625069306857e+00
-2.140285330956289034e+00
-2.141702055889517897e+00
-2.143114433230934424e+00
-2.144522839822077032e+00
-2.145926907534612127e+00
-2.147327014612196106e+00
-2.148722791434467982e+00
-2.150114617649785398e+00
-2.151502122143993390e+00
-2.152885685972701246e+00
-2.154264936526133045e+00
-2.155640256269781396e+00
-2.157011271096417548e+00
-2.158378364884012690e+00
-2.159741162026033390e+00
-2.161100047815549097e+00
-2.162454645144858301e+00
-2.163805340724713311e+00
-2.165151755944394019e+00
-2.166494278934963269e+00
-2.167832529580750567e+00
-2.169166897435768959e+00
-2.170497000877500859e+00
-2.171823230885530531e+00
-2.173145204328554847e+00
-2.174463313614360960e+00
-2.175777174100931965e+00
-2.177087179626908231e+00
-2.178392944037576218e+00
-2.179694862605079830e+00
-2.180992547660022041e+00
-2.182286395910737031e+00
-2.183576018171127231e+00
-2.184861812588389185e+00
-2.186143388457701064e+00
-2.187421145367798303e+00
-2.188694691093107991e+00
-2.189964426666570319e+00
-2.191229958339833583e+00
-2.192491688592730359e+00
-2.193749222152026501e+00
-2.195002962947171010e+00
-2.196252514177994719e+00
-2.197498281226228478e+00
-2.198739865762648904e+00
-2.199977674624034485e+00
-2.201211307949947571e+00
-2.202441174034950766e+00
-2.203666871485268963e+00
-2.204888810055944504e+00
-2.206106586817746962e+00
-2.207320612988947328e+00
-2.208530484102646074e+00
-2.209736612843111292e+00
-2.210938593203588098e+00
-2.212136839337100369e+00
-2.213330943694830744e+00
-2.214521321901332662e+00
-2.215707564863488077e+00
-2.216890089680161324e+00
-2.218068485711710558e+00
-2.219243171534079462e+00
-2.220413734958833540e+00
-2.221580596041826894e+00
-2.222743341043524889e+00
-2.223902391502506681e+00
-2.225057332125863763e+00
-2.226208585937686113e+00
-2.227355736089386973e+00
-2.228499207093410206e+00
-2.229638580543164661e+00
-2.230774282442261391e+00
-2.231905892823740523e+00
-2.233033839185287306e+00
-2.234157699997184832e+00
-2.235277904254014736e+00
-2.236394028860967609e+00
-2.237506504312371192e+00
-2.238614905945909950e+00
-2.239719665758566070e+00
-2.240820357518082506e+00
-2.241917414726984248e+00
-2.243010409580635134e+00
-2.244099777090016623e+00
-2.245185087875664731e+00
-2.246266778459907965e+00
-2.247344417885984491e+00
-2.248418444190530163e+00
-2.249488424836964651e+00
-2.250554799379145710e+00
-2.251617133698209816e+00
-2.252675868868172948e+00
-2.253730569185350863e+00
-2.254781677246875393e+00
-2.255828755761714710e+00
-2.256872248853078133e+00
-2.257911717640004756e+00
-2.258947607774796307e+00
-2.259979478783984419e+00
-2.261007777851921752e+00
-2.262032062910066088e+00
-2.263052782677823060e+00
-2.264069493488932050e+00
-2.265082645600902556e+00
-2.266091793747126104e+00
-2.267097389726226986e+00
-2.268098986668594552e+00
-2.269097037917014337e+00
-2.270091094996225412e+00
-2.271081612796205462e+00
-2.272068141233358318e+00
-2.273051136747930911e+00
-2.274030147645272226e+00
-2.275005631918993299e+00
-2.275977136260667777e+00
-2.276945120220332797e+00
-2.277909128873066180e+00
-2.278869623328449112e+00
-2.279826147042285811e+00
-2.280779162686813244e+00
-2.281728212095799346e+00
-2.282673759507265476e+00
-2.283615345130134422e+00
-2.284553434771357416e+00
-2.285487567012217891e+00
-2.286418209231753540e+00
-2.287344898380728964e+00
-2.288268103413463539e+00
-2.289187359647396391e+00
-2.290103137615254969e+00
-2.291014970998292100e+00
-2.291923331910858952e+00
-2.292827752395112384e+00
-2.293728706150265584e+00
-2.294625723576458221e+00
-2.295519279960974934e+00
-2.296408904059016542e+00
-2.297295072749185874e+00
-2.298177313138812128e+00
-2.299056103701045739e+00
-2.299930969892400423e+00
-2.300802391783831613e+00
-2.301669893178022175e+00
-2.302533955747049443e+00
-2.303394101636797586e+00
-2.304250814123709912e+00
-2.305103613693828546e+00
-2.305952985231306318e+00
-2.306798447559313736e+00
-2.307640487173051369e+00
-2.308478621229724581e+00
-2.309313337838902580e+00
-2.310144152488776026e+00
-2.310971554906636527e+00
-2.311795058908581169e+00
-2.312615155842966175e+00
-2.313431357850641135e+00
-2.314244157904473020e+00
-2.315053066466930431e+00
-2.315858578138730639e+00
-2.316660201700840638e+00
-2.317458433385259919e+00
-2.318252780288228010e+00
-2.319043740276498955e+00
-2.319830818758389590e+00
-2.320614515238809794e+00
-2.321394333434974477e+00
-2.322170774493413248e+00
-2.322943340436979920e+00
-2.323712534057307266e+00
-2.324477855679647931e+00
-2.325239809744213737e+00
-2.325997894875384997e+00
-2.326752617165463999e+00
-2.327503473534639156e+00
-2.328250971730868368e+00
-2.328994606966829028e+00
-2.329734888649629188e+00
-2.330471310281118758e+00
-2.331204382931133523e+00
-2.331933598387325279e+00
-2.332659469385848894e+00
-2.333381485996745663e+00
-2.334100162626081776e+00
-2.334814987622934268e+00
-2.335526477066855122e+00
-2.336234117582522085e+00
-2.336938426926615797e+00
-2.337638889995989011e+00
-2.338336026228075681e+00
-2.339029318788426348e+00
-2.339719288798930208e+00
-2.340405417690325951e+00
-2.341088228272613758e+00
-2.341767200238237479e+00
-2.342442858089004432e+00
-2.343114679775554876e+00
-2.343783191495197205e+00
-2.344447869453194055e+00
-2.345109241546102563e+00
-2.345766782230277236e+00
-2.346421021105234317e+00
-2.347071430874820397e+00
-2.347718542845299794e+00
-2.348361827964369652e+00
-2.349001819248868639e+00
-2.349637985886698033e+00
-2.350270862609023848e+00
-2.350899916840347270e+00
-2.351525685029987045e+00
-2.352147632835336122e+00
-2.352766298427704683e+00
-2.353381145693686172e+00
-2.353992714530449781e+00
-2.354600467050054657e+00
-2.355204944879414786e+00
-2.355805608352293579e+00
-2.356403000829252470e+00
-2.356996580861989710e+00
-2.357586893548638152e+00
-2.358173395655045024e+00
-2.358756634020810594e+00
-2.359336063622146096e+00
-2.359912233044079155e+00
-2.360484595469332536e+00
-2.361053701232341595e+00
-2.361619001718482380e+00
-2.362181049015579681e+00
-2.362739292707790373e+00
-2.363294286640338360e+00
-2.363845478592232485e+00
-2.364393424170149860e+00
-2.364937569344043755e+00
-2.365478471486064826e+00
-2.366015574753157047e+00
-2.366549438287018248e+00
-2.367079504427619607e+00
-2.367606334090299747e+00
-2.368129367794024276e+00
-2.368649168231924396e+00
-2.369165174097926041e+00
-2.369677949867046163e+00
-2.370186932404175995e+00
-2.370692687970366030e+00
-2.371194651597356984e+00
-2.371693391336451295e+00
-2.372188340382126892e+00
-2.372680068580114376e+00
-2.373168007283542380e+00
-2.373652728136772527e+00
-2.374133660647412825e+00
-2.374611378262738270e+00
-2.375085308640651149e+00
-2.375556027035551132e+00
-2.376022959251501199e+00
-2.376486682354294278e+00
-2.376946620289902778e+00
-2.377403351939844978e+00
-2.377856299387739014e+00
-2.378306043335169484e+00
-2.378752003999117459e+00
-2.379194763905561949e+00
-2.379633741400601910e+00
-2.380069520838942854e+00
-2.380501518691471752e+00
-2.380930321146030870e+00
-2.381355342793923580e+00
-2.381777171660571124e+00
-2.382195220453316331e+00
-2.382610079039576778e+00
-2.383021158238315174e+00
-2.383429049763453822e+00
-2.383833162541162842e+00
-2.384234090136268414e+00
-2.384631239577726713e+00
-2.385025206285822374e+00
-2.385415395387776361e+00
-2.385802404163846813e+00
-2.386185635835037733e+00
-2.386565689546130020e+00
-2.386941966607374344e+00
-2.387315068032652476e+00
-2.387684393216880085e+00
-2.388050545047653461e+00
-2.388412920999980926e+00
-2.388772125839766058e+00
-2.389127555117508184e+00
-2.389479815482095315e+00
-2.389828300554825979e+00
-2.390173618872250216e+00
-2.390515162121824133e+00
-2.390853540732433835e+00
-2.391188144452978559e+00
-2.391519585609430010e+00
-2.391847252007428093e+00
-2.392171757874717475e+00
-2.392492489068919426e+00
-2.392810061724377935e+00
-2.393123859745882154e+00
-2.393434501179145801e+00
-2.393741367971343958e+00
-2.394045080084385546e+00
-2.394345017502962580e+00
-2.394641802110049511e+00
-2.394934811922963647e+00
-2.395224670750601081e+00
-2.395510754638075834e+00
-2.395793689325047104e+00
-2.396072848879461592e+00
-2.396348860976726947e+00
-2.396621097702656744e+00
-2.396890188673324040e+00
-2.397155503987428382e+00
-2.397417675206718002e+00
-2.397676070437716689e+00
-2.397931323192855402e+00
-2.398182799581450642e+00
-2.398431135071617426e+00
-2.398675693770417450e+00
-2.398917113106699528e+00
-2.399154755180135989e+00
-2.399389259385394269e+00
-2.399619985809625433e+00
-2.399847575818442547e+00
-2.400071387481270691e+00
-2.400292064139802228e+00
-2.400508961840566169e+00
-2.400722725906479837e+00
-2.400932710355929700e+00
-2.401139562498262769e+00
-2.401342634318436531e+00
-2.401542575117471490e+00
-2.401738734841589729e+00
-2.401931764788721058e+00
-2.402121012861027083e+00
-2.402307132358612041e+00
-2.402489469134247546e+00
-2.402668678495496923e+00
-2.402844104240300371e+00
-2.403016403689059111e+00
-2.403184918579474250e+00
-2.403350308250107759e+00
-2.403511912372933601e+00
-2.403670392310107484e+00
-2.403825085662402827e+00
-2.403976655820950104e+00
-2.404124438309775069e+00
-2.404269098554447037e+00
-2.404409969996685881e+00
-2.404547720102015340e+00
-2.404681680224206808e+00
-2.404812519874207410e+00
-2.404939568312283615e+00
-2.405063497100343728e+00
-2.405183633399415211e+00
-2.405300650827964848e+00
-2.405413874442116740e+00
-2.405523979922466804e+00
-2.405630290214455513e+00
-2.405733483066502476e+00
-2.405832879307593153e+00
-2.405929158759577025e+00
-2.406021640129200723e+00
-2.406111005317449258e+00
-2.406196570902959575e+00
-2.406279020871588514e+00
-2.406357669668006682e+00
-2.406433203368652851e+00
-2.406504934278324459e+00
-2.406573550569861553e+00
-2.406638362402191422e+00
-2.406700060050380952e+00
-2.406757951521519612e+00
-2.406812729198738676e+00
-2.406863698931241302e+00
-2.406911555216109111e+00
-2.406955601738608230e+00
-2.406996535115708102e+00
-2.407033656862581861e+00
-2.407067665722041117e+00
-2.407097861033057562e+00
-2.407124943670245987e+00
-2.407148210790175824e+00
-2.407168365405286004e+00
-2.407184702483535332e+00
-2.407197927181229602e+00
-2.407207332271474876e+00
-2.407213625060494078e+00
-2.407216096120218918e+00
-2.407215454912951635e+00
-2.407210989803091117e+00
-2.407203412415166444e+00
-2.407192008899661229e+00
-2.407177493049511341e+00
-2.407159148794868475e+00
-2.407137692103283655e+00
-2.407112404678118711e+00
-2.407084004667791266e+00
-2.407051771542370044e+00
-2.407016425637432899e+00
-2.406977244183194475e+00
-2.406934949708714022e+00
-2.406888817197769370e+00
-2.406839571379256970e+00
-2.406786484983888030e+00
-2.406730284946792420e+00
-2.406670241738958271e+00
-2.406607084508139316e+00
-2.406540081458855784e+00
-2.406469963958029368e+00
-2.406395997936952913e+00
-2.406318916988139822e+00
-2.406237984762849447e+00
-2.406153937085800720e+00
-2.406066035321372087e+00
-2.405975017532980154e+00
-2.405880142791254617e+00
-2.405782151404958658e+00
-2.405680300144001915e+00
-2.405575331569148378e+00
-2.405466500142606989e+00
-2.405354550683809656e+00
-2.405238735340262668e+00
-2.405119801196779594e+00
-2.404996998079054649e+00
-2.404871075344067854e+00
-2.404741280488591926e+00
-2.404608365148546589e+00
-2.404471574484599472e+00
-2.404331662418481841e+00
-2.404187871767527351e+00
-2.404040958746122225e+00
-2.403890163821021275e+00
-2.403736245506172153e+00
-2.403578441910454888e+00
-2.403417513854297471e+00
-2.403252697081346589e+00
-2.403084754725520966e+00
-2.402912920157794119e+00
-2.402737958832611653e+00
-2.402559101740805669e+00
-2.402377116664416778e+00
-2.402191232206617677e+00
-2.402002218484169838e+00
-2.401809301705019273e+00
-2.401613254327751523e+00
-2.401413300157474673e+00
-2.401210214001821441e+00
-2.401003217255393007e+00
-2.400793087082075505e+00
-2.400579042458216072e+00
-2.400361862911212008e+00
-2.400140764991456344e+00
-2.399916530597129949e+00
-2.399688373844790057e+00
-2.399457079010778315e+00
-2.399221857769953115e+00
-2.398983496784207414e+00
-2.398741205278717370e+00
-2.398495772308367080e+00
-2.398246404640691498e+00
-2.397993893730995030e+00
-2.397737443881134745e+00
-2.397477848954341351e+00
-2.397214310778686297e+00
-2.396947625632889434e+00
-2.396676992863047584e+00
-2.396403211170992531e+00
-2.396125477412598404e+00
-2.395844592720431265e+00
-2.395559751451899366e+00
-2.395271757177952043e+00
-2.394979801749199666e+00
-2.394684691182682457e+00
-2.394385614813822727e+00
-2.394083381113501385e+00
-2.393777176893488789e+00
-2.393467813086349150e+00
-2.393154473971648155e+00
-2.392837972951432413e+00
-2.392517491764535542e+00
-2.392193846290374459e+00
-2.391866215718375432e+00
-2.391535418413281544e+00
-2.391200631006387134e+00
-2.390862674355708428e+00
-2.390520722525689035e+00
-2.390175598875619034e+00
-2.389826474894201525e+00
-2.389474176450106402e+00
-2.389117872447425128e+00
-2.388758391272237436e+00
-2.388394899235078306e+00
-2.388028227247598334e+00
-2.387657539017722819e+00
-2.387283667990890645e+00
-2.386905775263283402e+00
-2.386524696822357239e+00
-2.386139591143425775e+00
-2.385751296764205609e+00
-2.385358969529890683e+00
-2.384963450536791818e+00
-2.384563892990672951e+00
-2.384161140554826197e+00
-2.383754343786188112e+00
-2.383344348923423173e+00
-2.382930303865215649e+00
-2.382513057434067161e+00
-2.382091754860881316e+00
-2.381667247560458112e+00
-2.381238678086374794e+00
-2.380806900454261132e+00
-2.380371054530664221e+00
-2.379931996940707783e+00
-2.379488864854132135e+00
-2.379042517514141863e+00
-2.378592089383944064e+00
-2.378138442333468383e+00
-2.377680708109449981e+00
-2.377219751217360955e+00
-2.376754700677451648e+00
-2.376286423639482059e+00
-2.375814046387235035e+00
-2.375338438723555434e+00
-2.374858724185638703e+00
-2.374375775238275033e+00
-2.373888712661903266e+00
-2.373398411592158919e+00
-2.372903990042412925e+00
-2.372406325828183338e+00
-2.371904534185391267e+00
-2.371399495618408793e+00
-2.370890322575327058e+00
-2.370377898258430704e+00
-2.369861332317424463e+00
-2.369341510661659100e+00
-2.368817540131841426e+00
-2.368290309353538792e+00
-2.367758922347826811e+00
-2.367224270465668745e+00
-2.366685454897745178e+00
-2.366143369729693191e+00
-2.365597113310930588e+00
-2.365047582471138554e+00
-2.364493872707531974e+00
-2.363936883603164230e+00
-2.363375707792066738e+00
-2.362811247620090871e+00
-2.362242592846973466e+00
-2.361670648590849630e+00
-2.361094501726020756e+00
-2.360515060152411415e+00
-2.359931407847573936e+00
-2.359344455502887516e+00
-2.358753284187781407e+00
-2.358158807394707512e+00
-2.357560103273574015e+00
-2.356958088127588447e+00
-2.356351837175615138e+00
-2.355742269541416967e+00
-2.355128457501173500e+00
-2.354511323009006674e+00
-2.353889935386753951e+00
-2.353265219428783084e+00
-2.352636241490773994e+00
-2.352003929217322042e+00
-2.351367345986080437e+00
-2.350727422301850833e+00
-2.350083218552317721e+00
-2.349435668112579201e+00
-2.348783828368308679e+00
-2.348128635575027712e+00
-2.347469144104284755e+00
-2.346806293102224217e+00
-2.346139133914054931e+00
-2.345468608586850134e+00
-2.344793765427129806e+00
-2.344115549393261055e+00
-2.343433005740717778e+00
-2.342747082349549981e+00
-2.342056821411708789e+00
-2.341363173739472892e+00
-2.340665178448661621e+00
-2.339963789294348562e+00
-2.339258042303611784e+00
-2.338548894184947713e+00
-2.337835377863980657e+00
-2.337118453013335095e+00
-2.336397149444366939e+00
-2.335672429804681371e+00
-2.334943320778431364e+00
-2.334210787999090986e+00
-2.333473855010657072e+00
-2.332733490443440694e+00
-2.331988714688194353e+00
-2.331240499383182119e+00
-2.330487861752745360e+00
-2.329731776454248671e+00
-2.328971257532404859e+00
-2.328207282674918943e+00
-2.327438862733587133e+00
-2.326666978437807565e+00
-2.325890637433053687e+00
-2.325110823501878254e+00
-2.324326541069961838e+00
-2.323538776984537702e+00
-2.322746532437959477e+00
-2.321950797353838691e+00
-2.321150569677538744e+00
-2.320346842420776934e+00
-2.319538610268277790e+00
-2.318726869331747764e+00
-2.317910611021470668e+00
-2.317090834561110313e+00
-2.316266528072679076e+00
-2.315438693903895562e+00
-2.314606316874589176e+00
-2.313770402468753762e+00
-2.312929932190037174e+00
-2.312085914671027531e+00
-2.311237328085158804e+00
-2.310385184226077193e+00
-2.309528457922870537e+00
-2.308668164142824164e+00
-2.307803274356474255e+00
-2.306934806717522601e+00
-2.306061729323674925e+00
-2.305185063527851241e+00
-2.304303774040660002e+00
-2.303418885427222840e+00
-2.302529358996685094e+00
-2.301636222539496845e+00
-2.300738433948866568e+00
-2.299837024253884810e+00
-2.298930947917327661e+00
-2.298021239220346068e+00
-2.297106849180728716e+00
-2.296188815345251211e+00
-2.295266085272146928e+00
-2.294339699787524278e+00
-2.293408602975383292e+00
-2.292473838955096710e+00
-2.291534348321694559e+00
-2.290591178501864000e+00
-2.289643266586935511e+00
-2.288691663325115311e+00
-2.287735302289199080e+00
-2.286775237563361873e+00
-2.285810399186975594e+00
-2.284841844594733384e+00
-2.283868500277736580e+00
-2.282891427035900200e+00
-2.281909547797106530e+00
-2.280923926741445840e+00
-2.279933483218608004e+00
-2.278939284803968235e+00
-2.277940247253954720e+00
-2.276937441554568675e+00
-2.275929779853927304e+00
-2.274918336564130783e+00
-2.273902020209895181e+00
-2.272881908645119964e+00
-2.271856906755965522e+00
-2.270828095854059647e+00
-2.269794377171829858e+00
-2.268756835494712298e+00
-2.267714368386198220e+00
-2.266668064121883042e+00
-2.265616816581094373e+00
-2.264561717546040853e+00
-2.263501657196650196e+00
-2.262437730838537941e+00
-2.261368824936898392e+00
-2.260296038337717750e+00
-2.259218253776132279e+00
-2.258136573655669999e+00
-2.257049876966101820e+00
-2.255959269685885449e+00
-2.254863627044037422e+00
-2.253764058611618548e+00
-2.252659435841472213e+00
-2.251550871915138252e+00
-2.250437234493870342e+00
-2.249319640387791530e+00
-2.248196953451111924e+00
-2.247070294140910640e+00
-2.245938522488869271e+00
-2.244802762617632563e+00
-2.243661870720852658e+00
-2.242516974605552882e+00
-2.241366926611852772e+00
-2.240212858250274497e+00
-2.239053617991837442e+00
-2.237890341069893818e+00
-2.236721872070833506e+00
-2.235549349970420430e+00
-2.234371615454807003e+00
-2.233189811262048075e+00
-2.232002774162435976e+00
-2.230811650676411961e+00
-2.229615273642802098e+00
-2.228414793384831505e+00
-2.227209038794139673e+00
-2.225999164017391063e+00
-2.224783993983374675e+00
-2.223564686683078939e+00
-2.222340063066734928e+00
-2.221111284990838541e+00
-2.219877169411301754e+00
-2.218638882071586327e+00
-2.217395235917496432e+00
-2.216147400601186312e+00
-2.214894185042569408e+00
-2.213636762824442439e+00
-2.212373938824984343e+00
-2.211106890579935591e+00
-2.209834418909841336e+00
-2.208557705325944198e+00
-2.207275546575225178e+00
-2.205989128167235247e+00
-2.204697242759486198e+00
-2.203401079882913116e+00
-2.202099428089519861e+00
-2.200793480955026915e+00
-2.199482022909896806e+00
-2.198166251598288490e+00
-2.196844947313040919e+00
-2.195519311790662620e+00
-2.194188121170235206e+00
-2.192852581304836512e+00
-2.191511464163576672e+00
-2.190165979740620106e+00
-2.188814895818818496e+00
-2.187459426558199471e+00
-2.186098335539084392e+00
-2.184732841112396518e+00
-2.183361702639483148e+00
-2.181986142687516672e+00
-2.180604916382490099e+00
-2.179219250533388497e+00
-2.177827896014263853e+00
-2.176432083901856718e+00
-2.175030560801683333e+00
-2.173624562084379264e+00
-2.172212830070207268e+00
-2.170796604450166534e+00
-2.169374623242483313e+00
-2.167948130485237268e+00
-2.166515859877716554e+00
-2.165079059832090369e+00
-2.163636459711722360e+00
-2.162189312330129454e+00
-2.160736342697680001e+00
-2.159278808056740218e+00
-2.157815429047499123e+00
-2.156347467368989079e+00
-2.154873639273880315e+00
-2.153395210945959537e+00
-2.151910894232924143e+00
-2.150421959831680496e+00
-2.148927115167337032e+00
-2.147427635478512897e+00
-2.145922223750061697e+00
-2.144412159791161177e+00
-2.142896142128545733e+00
-2.141375455171089293e+00
-2.139848792969379243e+00
-2.138317444561363967e+00
-2.136780099503312602e+00
-2.135238051491926914e+00
-2.133689985570812020e+00
-2.132137200125267196e+00
-2.130578375667759428e+00
-2.129014815302321839e+00
-2.127445194991585353e+00
-2.125870822588728615e+00
-2.124290369487633612e+00
-2.122705148321292867e+00
-2.121113825895752036e+00
-2.119517719654659516e+00
-2.117915491797005334e+00
-2.116308464608182671e+00
-2.114695295660604657e+00
-2.113077312112790818e+00
-2.111453166890861599e+00
-2.109824192058060710e+00
-2.108189035874253214e+00
-2.106549035339227771e+00
-2.104902834026434189e+00
-2.103251773904214694e+00
-2.101594493839211264e+00
-2.099932340800587660e+00
-2.098263948927474587e+00
-2.096590670222375774e+00
-2.094911134075968739e+00
-2.093226697556783034e+00
-2.091535985285869703e+00
-2.089840359430683137e+00
-2.088138439821154435e+00
-2.086431593756833625e+00
-2.084718436254723528e+00
-2.083000339779835564e+00
-2.081275914514157499e+00
-2.079546538121730404e+00
-2.077810815927162658e+00
-2.076070130827265103e+00
-2.074323083266564449e+00
-2.072571061408612803e+00
-2.070812660794859816e+00
-2.069049274889776857e+00
-2.067279494308350785e+00
-2.065504717850334959e+00
-2.063723531180570170e+00
-2.061937338468661007e+00
-2.060144720405270746e+00
-2.058347086564612738e+00
-2.056543012638738066e+00
-2.054733913641426657e+00
-2.052918360241374529e+00
-2.051097772927055196e+00
-2.049270717318649737e+00
-2.047438619414661432e+00
-2.045600039761231059e+00
-2.043756409902408588e+00
-2.041906285284363243e+00
-2.040051103032375579e+00
-2.038189413466326982e+00
-2.036322659328641205e+00
-2.034449385786144759e+00
-2.032571041234466858e+00
-2.030686165660217757e+00
-2.028796213148503114e+00
-2.026899718478136325e+00
-2.024998141460105483e+00
-2.023090011637394436e+00
-2.021176794583525727e+00
-2.019257014577158671e+00
-2.017332142991146604e+00
-2.015400698810921210e+00
-2.013464159245618390e+00
-2.011521037958074132e+00
-2.009572818030853636e+00
-2.007618007774317981e+00
-2.005658096181865080e+00
-2.003691586181020945e+00
-2.001719972713507101e+00
-1.999741753293211799e+00
-1.997758428847902890e+00
-1.995768491446548110e+00
-1.993773448040801366e+00
-1.991771785222882007e+00
-1.989765016006447507e+00
-1.987751621474644459e+00
-1.985733120741392854e+00
-1.983707989347915923e+00
-1.981677752546874727e+00
-1.979640880304198713e+00
-1.977598904049915118e+00
-1.975550288140790922e+00
-1.973496570223042035e+00
-1.971436209009861829e+00
-1.969370748402709426e+00
-1.967298641436167284e+00
-1.965221438306218982e+00
-1.963137586333337570e+00
-1.961048642047409807e+00
-1.958953047018727522e+00
-1.956852364150756474e+00
-1.954745029226962805e+00
-1.952632611564214971e+00
-1.950513541121935646e+00
-1.948389393670485470e+00
-1.946258593307430562e+00
-1.944122722296927952e+00
-1.941980198836307903e+00
-1.939832611724019662e+00
-1.937678373218179706e+00
-1.935519078692285566e+00
-1.933353134425692899e+00
-1.931182142407889435e+00
-1.929004502899295925e+00
-1.926821824546619988e+00
-1.924632501550573194e+00
-1.922438149256538109e+00
-1.920237155764107140e+00
-1.918031143159079299e+00
-1.915818493397893896e+00
-1.913600835348735929e+00
-1.911376544782272813e+00
-1.909147257391263119e+00
-1.906911342717378721e+00
-1.904670443320464646e+00
-1.902422922469234390e+00
-1.900170429633452951e+00
-1.897911321764326420e+00
-1.895647255284576893e+00
-1.893376580782738738e+00
-1.891100961677838255e+00
-1.888818742149922958e+00
-1.886531592657965106e+00
-1.884237850926991253e+00
-1.881939194499960832e+00
-1.879633954599689405e+00
-1.877323815897418369e+00
-1.875007103065907010e+00
-1.872685507949314987e+00
-1.870357348621870086e+00
-1.868024324145572068e+00
-1.865684745946921907e+00
-1.863340320351124291e+00
-1.860989352087095483e+00
-1.858633554788869713e+00
-1.856271226437208544e+00
-1.853904088021068208e+00
-1.851530430721804343e+00
-1.849151982929679860e+00
-1.846767028974714231e+00
-1.844377304695315134e+00
-1.841981087517472693e+00
-1.839580120774958694e+00
-1.837172674936390360e+00
-1.834760500878544587e+00
-1.832341862058569415e+00
-1.829918516944281093e+00
-1.827488721926578741e+00
-1.825054243112808949e+00
-1.822613329772104773e+00
-1.820167755700284662e+00
-1.817715762988449502e+00
-1.815259133170298300e+00
-1.812796101101919799e+00
-1.810328456104733252e+00
-1.807854425742104532e+00
-1.805375807173559055e+00
-1.802890820611256606e+00
-1.800401271103649892e+00
-1.797905371452495515e+00
-1.795404934646562367e+00
-1.792898166017176553e+00
-1.790386886545351830e+00
-1.787869294031243728e+00
-1.785347217500516503e+00
-1.782818847160662745e+00
-1.780286020134989711e+00
-1.777746918976018664e+00
-1.775203388958270789e+00
-1.772653604916237802e+00
-1.770099420329794171e+00
-1.767539002251513391e+00
-1.764974212421386079e+00
-1.762403210045403235e+00
-1.759827865179051321e+00
-1.757246329116269434e+00
-1.754660480283982249e+00
-1.752068461997870363e+00
-1.749472161112915813e+00
-1.746869712899417282e+00
-1.744263012697736315e+00
-1.741650187664881999e+00
-1.739033141684552142e+00
-1.736409993731727219e+00
-1.733782656292107704e+00
-1.731149240089055130e+00
-1.728511666269653579e+00
-1.725868037235225749e+00
-1.723220282854315943e+00
-1.720566497134907280e+00
-1.717908618727899794e+00
-1.715244733175763647e+00
-1.712576787973329351e+00
-1.709902860124539181e+00
-1.707224906030554212e+00
-1.704540994082875294e+00
-1.701853089652154205e+00
-1.699159252442657309e+00
-1.696461456858537886e+00
-1.693757753841101277e+00
-1.691050126892815086e+00
-1.688336618115419796e+00
-1.685619220175371247e+00
-1.682895966257303089e+00
-1.680168858258205500e+00
-1.677435920367092992e+00
-1.674699163778984756e+00
-1.671956603607836156e+00
-1.669210260414984992e+00
-1.666458140158954659e+00
-1.663702272836731000e+00
-1.660940655170020541e+00
-1.658175326661661897e+00
-1.655404274714205037e+00
-1.652629548407523741e+00
-1.649849125741687184e+00
-1.647065065445807441e+00
-1.644275336033081514e+00
-1.641482005955057444e+00
-1.638683034152709883e+00
-1.635880498874234368e+00
-1.633072349401938128e+00
-1.630260673855974618e+00
-1.627443411772515836e+00
-1.624622661219986997e+00
-1.621796351899929212e+00
-1.618966591906481511e+00
-1.616131301016883404e+00
-1.613292597429596631e+00
-1.610448390906863425e+00
-1.607600809831126520e+00
-1.604747753857774573e+00
-1.601891361634148581e+00
-1.599029522615779353e+00
-1.596164385796984941e+00
-1.593293830339322925e+00
-1.590420015667300513e+00
-1.587540810553252246e+00
-1.584658384936386888e+00
-1.581770597103274056e+00
-1.578879627593629431e+00
-1.575983324110554529e+00
-1.573083877881327863e+00
-1.570179125926645769e+00
-1.567271270249733783e+00
-1.564358137088674550e+00
-1.561441939312301574e+00
-1.558520492274722447e+00
-1.555596019801424035e+00
-1.552666326259716678e+00
-1.549733646524239949e+00
-1.546795773871484814e+00
-1.543854954319078043e+00
-1.540908969947233587e+00
-1.537960078011950893e+00
-1.535006049290410512e+00
-1.532049152373703649e+00
-1.529087146627863047e+00
-1.526122312077371701e+00
-1.523152396567488687e+00
-1.520179691655960674e+00
-1.517201933556256765e+00
-1.514221425460734460e+00
-1.511235891838592860e+00
-1.508247647619803233e+00
-1.505254405415336283e+00
-1.502258491997318757e+00
-1.499257608002988906e+00
-1.496254092152930371e+00
-1.493245632993547956e+00
-1.490234581301824734e+00
-1.487218613414711177e+00
-1.484200092275228533e+00
-1.481176681890628011e+00
-1.478150757481357269e+00
-1.475119970603079089e+00
-1.472086708866879645e+00
-1.469048611253201519e+00
-1.466008077878833360e+00
-1.462962735023690453e+00
-1.459914995427108453e+00
-1.456862472541472942e+00
-1.453807591847442682e+00
-1.450747953840985538e+00
-1.447685996864804148e+00
-1.444619308327819596e+00
-1.441550339557477800e+00
-1.438476664743094657e+00
-1.435400748321547626e+00
-1.432320151128146923e+00
-1.429237350835923070e+00
-1.426149894789878747e+00
-1.423060274027994732e+00
-1.419966022266597072e+00
-1.416869644039643550e+00
-1.413768659294397878e+00
-1.410665586193929233e+00
-1.407557930774044230e+00
-1.404448224962272507e+00
-1.401333960738434525e+00
-1.398217683932170052e+00
-1.395096872320587211e+00
-1.391974085775375958e+00
-1.388846787722087361e+00
-1.385717552216750859e+00
-1.382583828182200048e+00
-1.379448204003535849e+00
-1.376308113947395828e+00
-1.373166160875145536e+00
-1.370019764241442894e+00
-1.366871541533594803e+00
-1.363718897236052108e+00
-1.360564463614310382e+00
-1.357405630021978560e+00
-1.354245043657598568e+00
-1.351080078580702892e+00
-1.347913397080461984e+00
-1.344742357756601114e+00
-1.341569638149125998e+00
-1.338392581229570721e+00
-1.335213879951874016e+00
-1.332030861488248563e+00
-1.328846234372495161e+00
-1.325657309803669470e+00
-1.322466812064217123e+00
-1.319272036203386733e+00
-1.316075722424054462e+00
-1.312875149446100842e+00
-1.309673073567675816e+00
-1.306466756996816247e+00
-1.303258972304822905e+00
-1.300046965002349175e+00
-1.296833524114987091e+00
-1.293615878267360797e+00
-1.290396833123730103e+00
-1.287173600230868020e+00
-1.283949002079336710e+00
-1.280720232943054704e+00
-1.277490132329966110e+00
-1.274255877042711260e+00
-1.271020323801170804e+00
-1.267780631734924279e+00
-1.264539674973830241e+00
-1.261294594769195587e+00
-1.258048282862552769e+00
-1.254797862418057797e+00
-1.251546242994342695e+00
-1.248290529455942988e+00
-1.245033649387817576e+00
-1.241772689138549435e+00
-1.238510594532577169e+00
-1.235244433182430601e+00
-1.231977169369094849e+00
-1.228705851745019118e+00
-1.225433463268934320e+00
-1.222157033405025128e+00
-1.218879564015138417e+00
-1.215598065142998507e+00
-1.212315557783144149e+00
-1.209029032322336050e+00
-1.205741529121835853e+00
-1.202450018670528920e+00
-1.199157560934930755e+00
-1.195861106260711182e+00
-1.192563734462692704e+00
-1.189262375493398194e+00
-1.185960129263797791e+00
-1.182653905078582479e+00
-1.179346823197499283e+00
-1.176035772017927084e+00
-1.172723892406012824e+00
-1.169408051587340180e+00
-1.166091411297088820e+00
-1.162770817319537908e+00
-1.159449452526792435e+00
-1.156124140987000448e+00
-1.152798086982424142e+00
-1.149468092584918111e+00
-1.146137383765623463e+00
-1.142802740314415200e+00
-1.139467410175622586e+00
-1.136128150565786088e+00
-1.132788231692543501e+00
-1.129444387901942459e+00
-1.126099911960902089e+00
-1.122751515041852333e+00
-1.119402512773103320e+00
-1.116049592844141847e+00
-1.112696094053028162e+00
-1.109338680290684387e+00
-1.105980713839683105e+00
-1.102618834470223019e+00
-1.099256428270801722e+00
-1.095890110562081077e+00
-1.092523291566548815e+00
-1.089152561819686671e+00
-1.085781356013081789e+00
-1.082406239554265071e+00
-1.079030671946159536e+00
-1.075651193118317472e+00
-1.072271287734639200e+00
-1.068887469889151065e+00
-1.065503249763868787e+00
-1.062115115252149078e+00
-1.058726602419036045e+00
-1.055334172584054819e+00
-1.051941388068247552e+00
-1.048544683236010355e+00
-1.045147647045590045e+00
-1.041746686516503040e+00
-1.038345417633875334e+00
-1.034940219674013395e+00
-1.031534736047260870e+00
-1.028125317879445166e+00
-1.024715636413539466e+00
-1.021302014208386844e+00
-1.017888150756228294e+00
-1.014470339622981276e+00
-1.011052308976316150e+00
-1.007630322953522173e+00
-1.004208138833684094e+00
-1.000781990879682226e+00
-9.973556659281453962e-01
-9.939253679113867479e-01
-9.904949136801427523e-01
-9.870604763692610861e-01
-9.836259033109286953e-01
-9.801873363646146364e-01
-9.767486538223760784e-01
-9.733059657789586705e-01
-9.698631819762301154e-01
-9.664163802430658645e-01
-9.629695022728315124e-01
-9.595185931153145109e-01
-9.560676269292971430e-01
-9.526126154596240569e-01
-9.491575658570382545e-01
-9.456984560226652237e-01
-9.422393266386980271e-01
-9.387761212103628017e-01
-9.353129145043092008e-01
-9.318456150637901558e-01
-9.283783323067782423e-01
-9.249069392341955353e-01
-9.214355804965684849e-01
-9.179600929572677703e-01
-9.144846570955060816e-01
-9.110050730265729646e-01
-9.075255576697756066e-01
-9.040418737660029791e-01
-9.005582753019646391e-01
-8.970704870013318510e-01
-8.935828005620573000e-01
-8.900909020307760100e-01
-8.865991214774445739e-01
-8.831031055943842079e-01
-8.796072235018783658e-01
-8.761070818423510875e-01
-8.726070894831454705e-01
-8.691028123022231933e-01
-8.655986996295536029e-01
-8.620902758446533642e-01
-8.585820314752398152e-01
-8.550694486479836209e-01
-8.515570598438918504e-01
-8.480403041613556736e-01
-8.445237568112556881e-01
-8.410028130663916857e-01
-8.374820916659329040e-01
-8.339569432372064828e-01
-8.304320308687833663e-01
-8.269026596989269562e-01
-8.233735380103764934e-01
-8.198399245843733807e-01
-8.163065737669493727e-01
-8.127686970889456131e-01
-8.092310958542848764e-01
-8.056889334235688427e-01
-8.021470589796911854e-01
-7.986005867657083312e-01
-7.950544147919276217e-01
-7.915036072080603446e-01
-7.879531118289294644e-01
-7.843979417052137082e-01
-7.808430954631355725e-01
-7.772835340177816077e-01
-7.737243078445126265e-01
-7.701603246540456027e-01
-7.665966878409171681e-01
-7.630282508090375782e-01
-7.594601709757806685e-01
-7.558872463008173836e-01
-7.523146893629687471e-01
-7.487372415037172324e-01
-7.451601716385168883e-01
-7.415781632785802824e-01
-7.379965428892969470e-01
-7.344099348997539245e-01
-7.308237245782601699e-01
-7.272324759784738468e-01
-7.236416344661422695e-01
-7.200457023827544489e-01
-7.164501865293808613e-01
-7.128495261532922234e-01
-7.092492908740891666e-01
-7.056438554153521281e-01
-7.020388536458151973e-01
-6.984285942862782370e-01
-6.948187769348296294e-01
-6.912036427784844506e-01
-6.875889586767650608e-01
-6.839688966974932782e-01
-6.803492925481307019e-01
-6.767242475348976827e-01
-6.730996678566625313e-01
-6.694695823558596270e-01
-6.658399694259737878e-01
-6.622047836808150345e-01
-6.585700774742668795e-01
-6.549297293609344095e-01
-6.512898674867289017e-01
-6.476442924472274321e-01
-6.439992100810985054e-01
-6.403483410525112607e-01
-6.366979708661903992e-01
-6.330417382061132026e-01
-6.293860102926959188e-01
-6.257243417006029818e-01
-6.220631834959392537e-01
-6.183960039301977796e-01
-6.147293401298397075e-01
-6.110565717201905667e-01
-6.073843241918064351e-01
-6.037058861468183046e-01
-6.000279738376103067e-01
-5.963437823468968890e-01
-5.926601211858084639e-01
-5.889700893165965567e-01
-5.852805921108231724e-01
-5.815846296984976682e-01
-5.778892060239783079e-01
-5.741872195561660286e-01
-5.704857756415729897e-01
-5.667776681352524326e-01
-5.630701067391049586e-01
-5.593557776102799917e-01
-5.556419978905432489e-01
-5.519213428159116530e-01
-5.482012401915911104e-01
-5.444741509615793618e-01
-5.407476169657272624e-01
-5.370139813282900354e-01
-5.332809034516917679e-01
-5.295406049460167353e-01
-5.258008664708914148e-01
-5.220537842503946147e-01
-5.183072640732445668e-01
-5.145532727168122822e-01
-5.107998451596317269e-01
-5.070388144702757671e-01
-5.032783490791079561e-01
-4.995101438688565598e-01
-4.957425051986344422e-01
-4.919669850586257942e-01
-4.881920324431635594e-01
-4.844090514975992190e-01
-4.806266388033834103e-01
-4.768360454457954978e-01
-4.730460208083075990e-01
-4.692476574188301219e-01
-4.654498629595687498e-01
-4.616435656012376487e-01
-4.578378371239759104e-01
-4.540234352161575115e-01
-4.502096018802728694e-01
-4.463869178471471244e-01
-4.425648018159740182e-01
-4.387336507076078917e-01
-4.349030667693189467e-01
-4.310632558524945535e-01
-4.272240110109271072e-01
-4.233753393269691911e-01
-4.195272323592033059e-01
-4.156694902451026352e-01
-4.118123112224695292e-01
-4.079452797916648943e-01
-4.040788095604223029e-01
-4.002022601388902645e-01
-3.963262697560283598e-01
-3.924399632686156880e-01
-3.885542133881592641e-01
-3.846578996898786240e-01
-3.807621398938391688e-01
-3.768555570395011323e-01
-3.729495251074468332e-01
-3.690323985526249850e-01
-3.651158196624054719e-01
-3.611878613874356936e-01
-3.572604472388363761e-01
-3.533213547862726900e-01
-3.493828026383642427e-01
-3.454322580530294617e-01
-3.414822496639244864e-01
-3.375199183230349620e-01
-3.335581187796727298e-01
-3.295836480981919059e-01
-3.256097045214279562e-01
-3.216227225157830549e-01
-3.176362626238043441e-01
-3.136363763139394800e-01
-3.096370068239485129e-01
-3.056238004504543415e-01
-3.016111052953616145e-01
-2.975841383239165583e-01
-2.935576766564781948e-01
-2.895164815371993328e-01
-2.854757854888015367e-01
-2.814198651314017141e-01
-2.773644372868337427e-01
-2.732932622053038663e-01
-2.692225727467651986e-01
-2.651355778173898892e-01
-2.610490612820680068e-01
-2.569456420472772118e-01
-2.528426936304228878e-01
-2.487222020657919308e-01
-2.446021733870596404e-01
-2.404639130304330186e-01
-2.363261072621713477e-01
-2.321693275798040190e-01
-2.280129938123564848e-01
-2.238368836466903822e-01
-2.196612103351172629e-01
-2.154648902388182630e-01
-2.112689975358506000e-01
-2.070515107448592518e-01
-2.028344414726721001e-01
-1.985947432020342407e-01
-1.943554521466128171e-01
-1.900923968002298792e-01
-1.858297379195234522e-01
-1.815420636792593467e-01
-1.772547746903950228e-01
-1.729410847767698933e-01
-1.686277684145235656e-01
-1.642865080683562351e-01
-1.599456090642818185e-01
-1.555750369533403510e-01
-1.512048134394129717e-01
-1.468029656923627302e-01
-1.424014532313630232e-01
-1.379660975577033655e-01
-1.335310632589298829e-01
-1.290596394843176453e-01
-1.245885225336667707e-01
-1.200780641184130137e-01
-1.155678972904851526e-01
-1.110149255650580147e-01
-1.064622294507538980e-01
-1.018626075796468383e-01
-9.726324453976267770e-02
-9.261197002197217587e-02
-8.796093667447658915e-02
-8.325183623192336513e-02
-7.854295832260124732e-02
-7.376822011076146490e-02
-6.899368469942321336e-02
-6.414310271785292339e-02
-5.929270255380741927e-02
-5.435237164460625381e-02
-4.941220011196441331e-02
-4.436205113272878586e-02
-3.931203733755132823e-02
-3.412055570744728511e-02
-2.892918287043525979e-02
-2.353967746263169181e-02
-1.815025149261060428e-02
-1.243050913167146818e-02
-6.710812245911862081e-03
-1.110522308869695962e-15
