0.000000000000000000e+00
0.000000000000000000e+00
0.000000000000000000e+00
0.000000000000000000e+00
0.000000000000000000e+00
0.000000000000000000e+00
0.000000000000000000e+00
-8.298167780727567947e-244
-5.943109256435649481e-178
-4.686154110097078644e-134
-1.490235016538966388e-103
-1.196211571680547070e-81
-1.709486584802804177e-65
-2.583101409935124841e-53
-5.813983540113740192e-44
-1.145750381102731900e-36
-6.695872177970980649e-31
-2.744462865788002269e-26
-1.466627798526209286e-22
-1.610119821519179390e-19
-5.095172902484208302e-17
-6.002398173972553050e-15
-3.211070242419304500e-13
-8.994551494770488170e-12
-1.498518359330954913e-10
-1.625563314814678974e-09
-1.236985903547358992e-08
-7.010397840187520853e-08
-3.105881149189245691e-07
-1.119052354727919966e-06
-3.387035244145878005e-06
-8.845362605162880018e-06
-2.037909988453726225e-05
-4.219631545664665850e-05
-7.974929335748221176e-05
-1.393846811756897666e-04
-2.277876145720908018e-04
-3.513431316664161600e-04
-5.155477741013612340e-04
-7.245724464084932204e-04
-9.810257475925589915e-04
-1.285916607349965688e-03
-1.638779516378368380e-03
-2.037908778269386604e-03
-2.480647163086747986e-03
-2.963683354134829910e-03
-3.483325919370530883e-03
-4.035734983233911846e-03
-4.617103928151049946e-03
-5.223791431465723591e-03
-5.852409035478019217e-03
-6.499871838031774131e-03
-7.163420504845573536e-03
-7.840622312139554004e-03
-8.529357856326368753e-03
-9.227798784699838691e-03
-9.934380636668774592e-03
-1.064777376299545254e-02
-1.136685436222982341e-02
-1.209067694582327893e-02
-1.281844899851222741e-02
-1.354950820986381213e-02
-1.428330238522959247e-02
-1.501937197065970724e-02
-1.575733502170679340e-02
-1.649687439022622451e-02
-1.723772688085120977e-02
-1.797967412794685901e-02
-1.872253495620269936e-02
-1.946615900780962471e-02
-2.021042144220704107e-02
-2.095521853828574005e-02
-2.170046405198649414e-02
-2.244608620358275186e-02
-2.319202518812618977e-02
-2.393823111942467927e-02
-2.468466233255553824e-02
-2.543128398244210581e-02
-2.617806688663271500e-02
-2.692498656937578408e-02
-2.767202247152291544e-02
-2.841915729705321580e-02
-2.916637647213048135e-02
-2.991366769691090541e-02
-3.066102057380248533e-02
-3.140842629879561643e-02
-3.215587740485149199e-02
-3.290336754831963556e-02
-3.365089133090829604e-02
-3.439844415111627945e-02
-3.514602208006290668e-02
-3.589362175756644763e-02
-3.664124030504267021e-02
-3.738887525239341370e-02
-3.813652447654692496e-02
-3.888418614971524828e-02
-3.963185869576666548e-02
-4.037954075338433257e-02
-4.112723114490820370e-02
-4.187492884994350323e-02
-4.262263298297292585e-02
-4.337034277433030743e-02
-4.411805755402481433e-02
-4.486577673793809562e-02
-4.561349981605703624e-02
-4.636122634241061913e-02
-4.710895592645630847e-02
-4.785668822569576902e-02
-4.860442293933504160e-02
-4.935215980283355619e-02
-5.009989858321057393e-02
-5.084763907499806335e-02
-5.159538109674598888e-02
-5.234312448800046425e-02
-5.309086910668690817e-02
-5.383861482684128980e-02
-5.458636153663985746e-02
-5.533410913668631442e-02
-5.608185753852052563e-02
-5.682960666331846739e-02
-5.757735644075743370e-02
-5.832510680802435038e-02
-5.907285770894758065e-02
-5.982060909323757419e-02
-6.056836091581480758e-02
-6.131611313623322457e-02
-6.206386571815535741e-02
-6.281161862890324854e-02
-6.355937183905739640e-02
-6.430712532210385024e-02
-6.505487905412206395e-02
-6.580263301350905425e-02
-6.655038718073497117e-02
-6.729814153812656297e-02
-6.804589606967480220e-02
-6.879365076086502162e-02
-6.954140559852022008e-02
-7.028916057067541301e-02
-7.103691566644734778e-02
-7.178467087593289053e-02
-7.253242619010796810e-02
-7.328018160074661891e-02
-7.402793710034508146e-02
-7.477569268204328767e-02
-7.552344833957673476e-02
-7.627120406721138446e-02
-7.701895985969400837e-02
-7.776671571221596690e-02
-7.851447162036359617e-02
-7.926222758008742708e-02
-8.000998358766395202e-02
-8.075773963967670943e-02
-8.150549573297605210e-02
-8.225325186466490857e-02
-8.300100803207678679e-02
-8.374876423274754678e-02
-8.449652046440718489e-02
-8.524427672495772657e-02
-8.599203301246449715e-02
-8.673978932513208562e-02
-8.748754566130559351e-02
-8.823530201944916607e-02
-8.898305839814081575e-02
-8.973081479606204169e-02
-9.047857121198975283e-02
-9.122632764478849632e-02
-9.197408409340354640e-02
-9.272184055685467330e-02
-9.346959703423012022e-02
-9.421735352468151026e-02
-9.496511002741880869e-02
-9.571286654170602093e-02
-9.646062306685689036e-02
-9.720837960223149832e-02
-9.795613614723246154e-02
-9.870389270130194848e-02
-9.945164926391886207e-02
-1.001994058345959671e-01
-1.009471624128776279e-01
-1.016949189983372970e-01
-1.024426755905757797e-01
-1.031904321892189308e-01
-1.039381887939162252e-01
-1.046859454043398280e-01
-1.054337020201783631e-01
-1.061814586411452405e-01
-1.069292152669675672e-01
-1.076769718973897838e-01
-1.084247285321717907e-01
-1.091724851710877131e-01
-1.099202418139250403e-01
-1.106679984604837241e-01
-1.114157551105753458e-01
-1.121635117640233797e-01
-1.129112684206586420e-01
-1.136590250803233282e-01
-1.144067817428704864e-01
-1.151545384081587853e-01
-1.159022950760555115e-01
-1.166500517464354320e-01
-1.173978084191800997e-01
-1.181455650941786450e-01
-1.188933217713232376e-01
-1.196410784505137909e-01
-1.203888351316574207e-01
-1.211365918146634912e-01
-1.218843484994469178e-01
-1.226321051859272093e-01
-1.233798618740289399e-01
-1.241276185636769475e-01
-1.248753752548053542e-01
-1.256231319473480323e-01
-1.263708886412432397e-01
-1.271186453364320512e-01
-1.278664020328588169e-01
-1.286141587304704126e-01
-1.293619154292164897e-01
-1.301096721290491143e-01
-1.308574288299226562e-01
-1.316051855317937613e-01
-1.323529422346212125e-01
-1.331006989383665684e-01
-1.338484556429894168e-01
-1.345962123484571171e-01
-1.353439690547346141e-01
-1.360917257617894893e-01
-1.368394824695918222e-01
-1.375872391781092496e-01
-1.383349958873164864e-01
-1.390827525971856937e-01
-1.398305093076912808e-01
-1.405782660188087119e-01
-1.413260227305145056e-01
-1.420737794427865130e-01
-1.428215361556031959e-01
-1.435692928689441816e-01
-1.443170495827898747e-01
-1.450648062971216234e-01
-1.458125630119215255e-01
-1.465603197271724556e-01
-1.473080764428580103e-01
-1.480558331589625631e-01
-1.488035898754709041e-01
-1.495513465923687946e-01
-1.502991033096423013e-01
-1.510468600272781847e-01
-1.517946167452638440e-01
-1.525423734635871220e-01
-1.532901301822362505e-01
-1.540378869011999607e-01
-1.547856436204675945e-01
-1.555334003400287990e-01
-1.562811570598746647e-01
-1.570289137799926737e-01
-1.577766705003766090e-01
-1.585244272210176719e-01
-1.592721839419045382e-01
-1.600199406630319621e-01
-1.607676973843911727e-01
-1.615154541059746485e-01
-1.622632108277750895e-01
-1.630109675497856125e-01
-1.637587242719995839e-01
-1.645064809944104256e-01
-1.652542377170130306e-01
-1.660019944397993497e-01
-1.667497511627637485e-01
-1.674975078859034239e-01
-1.682452646092093551e-01
-1.689930213326792108e-01
-1.697407780563070512e-01
-1.704885347800880746e-01
-1.712362915040176736e-01
-1.719840482280914629e-01
-1.727318049523060006e-01
-1.734795616766543758e-01
-1.742273184011353115e-01
-1.749750751257441450e-01
-1.757228318504770737e-01
-1.764705885753304893e-01
-1.772183453003010334e-01
-1.779661020253851533e-01
-1.787138587505797127e-01
-1.794616154758816029e-01
-1.802093722012877430e-01
-1.809571289267952465e-01
-1.817048856524021705e-01
-1.824526423781029361e-01
-1.832003991038988477e-01
-1.839481558297832720e-01
-1.846959125557567638e-01
-1.854436692818159926e-01
-1.861914260079585159e-01
-1.869391827341831680e-01
-1.876869394604848695e-01
-1.884346961868653136e-01
-1.891824529133185606e-01
-1.899302096398466644e-01
-1.906779663664437130e-01
-1.914257230931107334e-01
-1.921734798198450056e-01
-1.929212365466448920e-01
-1.936689932735085884e-01
-1.944167500004344018e-01
-1.951645067274218326e-01
-1.959122634544664954e-01
-1.966600201815696114e-01
-1.974077769087288770e-01
-1.981555336359438757e-01
-1.989032903632103055e-01
-1.996510470905297485e-01
-2.003988038178999842e-01
-2.011465605453206795e-01
-2.018943172727877267e-01
-2.026420740003029575e-01
-2.033898307278642070e-01
-2.041375874554702818e-01
-2.048853441831202382e-01
-2.056331009108129659e-01
-2.063808576385474103e-01
-2.071286143663226831e-01
-2.078763710941377851e-01
-2.086241278219917450e-01
-2.093718845498837022e-01
-2.101196412778126854e-01
-2.108673980057780284e-01
-2.116151547337787320e-01
-2.123629114618141023e-01
-2.131106681898833066e-01
-2.138584249179854013e-01
-2.146061816461199978e-01
-2.153539383742860691e-01
-2.161016951024830879e-01
-2.168494518307102215e-01
-2.175972085589668870e-01
-2.183449652872525293e-01
-2.190927220155663158e-01
-2.198404787439077746e-01
-2.205882354722762395e-01
-2.213359922006711278e-01
-2.220837489290919675e-01
-2.228315056575380371e-01
-2.235792623860088368e-01
-2.243270191145039782e-01
-2.250747758430228507e-01
-2.258225325715648713e-01
-2.265702893001297347e-01
-2.273180460287167748e-01
-2.280658027573256585e-01
-2.288135594859559419e-01
-2.295613162146070974e-01
-2.303090729432787642e-01
-2.310568296719704429e-01
-2.318045864006817725e-01
-2.325523431294123922e-01
-2.333000998581619134e-01
-2.340478565869308913e-01
-2.347956133157159120e-01
-2.355433700445197787e-01
-2.362911267733410203e-01
-2.370388835021793039e-01
-2.377866402310342686e-01
-2.385343969599057756e-01
-2.392821536887932976e-01
-2.400299104176965292e-01
-2.407776671466152485e-01
-2.415254238755490945e-01
-2.422731806044979008e-01
-2.430209373334612233e-01
-2.437686940624387844e-01
-2.445164507914305008e-01
-2.452642075204359007e-01
-2.460119642494548176e-01
-2.467597209784869738e-01
-2.475074777075322308e-01
-2.482552344365901442e-01
-2.490029911656606310e-01
-2.497507478947433857e-01
-2.504985046238382140e-01
-2.512462613529449218e-01
-2.519940180820633424e-01
-2.527417748111929763e-01
-2.534895315403339899e-01
-2.542372882694859393e-01
-2.549850449986487133e-01
-2.557328017278222010e-01
-2.564805584570059582e-01
-2.572283151862000405e-01
-2.579760719154041704e-01
-2.587238286446181812e-01
-2.594715853738420175e-01
-2.602193421030752907e-01
-2.609670988323179452e-01
-2.617148555615698147e-01
-2.624626122908307324e-01
-2.632103690201005319e-01
-2.639581257493791577e-01
-2.647058824786663878e-01
-2.654536392079619445e-01
-2.662013959372658833e-01
-2.669491526665780379e-01
-2.676969093958990742e-01
-2.684446661252261057e-01
-2.691924228545619080e-01
-2.699401795839053708e-01
-2.706879363132562721e-01
-2.714356930426146119e-01
-2.721834497719800572e-01
-2.729312065013527744e-01
-2.736789632307325415e-01
-2.744267199601191920e-01
-2.751744766895135030e-01
-2.759222334189127546e-01
-2.766699901483194446e-01
-2.774177468777335731e-01
-2.781655036071521425e-01
-2.789132603365779284e-01
-2.796610170660099870e-01
-2.804087737954479853e-01
-2.811565305248920343e-01
-2.819042872543419120e-01
-2.826520439837976739e-01
-2.833998007132589869e-01
-2.841475574427260176e-01
-2.848953141721985993e-01
-2.856430709016765102e-01
-2.863908276311608048e-01
-2.871385843606484300e-01
-2.878863410901421616e-01
-2.886340978196410556e-01
-2.893818545491450012e-01
-2.901296112786538872e-01
-2.908773680081676027e-01
-2.916251247376861477e-01
-2.923728814672094112e-01
-2.931206381967375041e-01
-2.938683949262709261e-01
-2.946161516558080673e-01
-2.953639083853486502e-01
-2.961116651148946177e-01
-2.968594218444449706e-01
-2.976071785739995423e-01
-2.983549353035583329e-01
-2.991026920331212313e-01
-2.998504487626881820e-01
-3.005982054922600732e-01
-3.013459622218341849e-01
-3.020937189514130705e-01
-3.028414756809958974e-01
-3.035892324105823326e-01
-3.043369891401727090e-01
-3.050847458697666936e-01
-3.058325025993642865e-01
-3.065802593289654876e-01
-3.073280160585712406e-01
-3.080757727881785479e-01
-3.088235295177901851e-01
-3.095712862474062077e-01
-3.103190429770237291e-01
-3.110667997066464130e-01
-3.118145564362704847e-01
-3.125623131658986642e-01
-3.133100698955300634e-01
-3.140578266251644601e-01
-3.148055833548020765e-01
-3.155533400844426906e-01
-3.163010968140862467e-01
-3.170488535437336886e-01
-3.177966102733832399e-01
-3.185443670030346786e-01
-3.192921237326897810e-01
-3.200398804623478255e-01
-3.207876371920085901e-01
-3.215353939216730184e-01
-3.222831506513392230e-01
-3.230309073810070930e-01
-3.237786641106786822e-01
-3.245264208403526585e-01
-3.252741775700301319e-01
-3.260219342997093817e-01
-3.267696910293900747e-01
-3.275174477590741540e-01
-3.282652044887606757e-01
-3.290129612184494734e-01
-3.297607179481408246e-01
-3.305084746778343407e-01
-3.312562314075302439e-01
-3.320039881372294222e-01
-3.327517448669288780e-01
-3.334995015966315535e-01
-3.342472583263363939e-01
-3.349950150560433437e-01
-3.357427717857533467e-01
-3.364905285154647374e-01
-3.372382852451770718e-01
-3.379860419748935141e-01
-3.387337987046097898e-01
-3.394815554343292296e-01
-3.402293121640506124e-01
-3.409770688937751038e-01
-3.417248256234993731e-01
-3.424725823532264735e-01
-3.432203390829556833e-01
-3.439680958126876131e-01
-3.447158525424194320e-01
-3.454636092721541374e-01
-3.462113660018904526e-01
-3.469591227316287108e-01
-3.477068794613686897e-01
-3.484546361911103340e-01
-3.492023929208537547e-01
-3.499501496505988407e-01
-3.506979063803456476e-01
-3.514456631100942308e-01
-3.521934198398441462e-01
-3.529411765695958936e-01
-3.536889332993491397e-01
-3.544366900291049394e-01
-3.551844467588604615e-01
-3.559322034886183705e-01
-3.566799602183778894e-01
-3.574277169481397953e-01
-3.581754736779023673e-01
-3.589232304076654390e-01
-3.596709871374308420e-01
-3.604187438671977439e-01
-3.611665005969659781e-01
-3.619142573267356555e-01
-3.626620140565068318e-01
-3.634097707862791737e-01
-3.641575275160530145e-01
-3.649052842458282431e-01
-3.656530409756056366e-01
-3.664007977053825860e-01
-3.671485544351617003e-01
-3.678963111649420914e-01
-3.686440678947237592e-01
-3.693918246245066483e-01
-3.701395813542919244e-01
-3.708873380840772005e-01
-3.716350948138638643e-01
-3.723828515436506947e-01
-3.731306082734398011e-01
-3.738783650032309058e-01
-3.746261217330213444e-01
-3.753738784628138925e-01
-3.761216351926076062e-01
-3.768693919224033184e-01
-3.776171486521983089e-01
-3.783649053819953534e-01
-3.791126621117935636e-01
-3.798604188415926619e-01
-3.806081755713930370e-01
-3.813559323011943003e-01
-3.821036890309966183e-01
-3.828514457608011012e-01
-3.835992024906044739e-01
-3.843469592204100116e-01
-3.850947159502164929e-01
-3.858424726800239735e-01
-3.865902294098332304e-01
-3.873379861396417656e-01
-3.880857428694531874e-01
-3.888334995992634435e-01
-3.895812563290758090e-01
-3.903290130588890072e-01
-3.910767697887031491e-01
-3.918245265185182347e-01
-3.925722832483342084e-01
-3.933200399781510148e-01
-3.940677967079688204e-01
-3.948155534377875142e-01
-3.955633101676069852e-01
-3.963110668974282880e-01
-3.970588236272495353e-01
-3.978065803570705605e-01
-3.985543370868935842e-01
-3.993020938167182177e-01
-4.000498505465417964e-01
-4.007976072763672071e-01
-4.015453640061932283e-01
-4.022931207360201933e-01
-4.030408774658481019e-01
-4.037886341956765657e-01
-4.045363909255058621e-01
-4.052841476553360467e-01
-4.060319043851667864e-01
-4.067796611149984698e-01
-4.075274178448307083e-01
-4.082751745746637240e-01
-4.090229313044974613e-01
-4.097706880343330305e-01
-4.105184447641673229e-01
-4.112662014940043353e-01
-4.120139582238398490e-01
-4.127617149536773056e-01
-4.135094716835153728e-01
-4.142572284133548277e-01
-4.150049851431942827e-01
-4.157527418730334601e-01
-4.165004986028741363e-01
-4.172482553327155896e-01
-4.179960120625575981e-01
-4.187437687924002727e-01
-4.194915255222435024e-01
-4.202392822520875648e-01
-4.209870389819320713e-01
-4.217347957117772439e-01
-4.224825524416230271e-01
-4.232303091714695320e-01
-4.239780659013166475e-01
-4.247258226311642071e-01
-4.254735793610123218e-01
-4.262213360908611581e-01
-4.269690928207105496e-01
-4.277168495505604962e-01
-4.284646062804111089e-01
-4.292123630102621656e-01
-4.299601197401139441e-01
-4.307078764699660556e-01
-4.314556331998188887e-01
-4.322033899296722215e-01
-4.329511466595260538e-01
-4.336989033893804968e-01
-4.344466601192354949e-01
-4.351944168490908815e-01
-4.359421735789469343e-01
-4.366899303088033757e-01
-4.374376870386604832e-01
-4.381854437685178683e-01
-4.389332004983760860e-01
-4.396809572282345813e-01
-4.404287139580946309e-01
-4.411764706879530706e-01
-4.419242274178132313e-01
-4.426719841476737249e-01
-4.434197408775346627e-01
-4.441674976073959891e-01
-4.449152543372579816e-01
-4.456630110671204181e-01
-4.464107677969842425e-01
-4.471585245268475672e-01
-4.479062812567113361e-01
-4.486540379865746053e-01
-4.494017947164393179e-01
-4.501495514463044745e-01
-4.508973081761700197e-01
-4.516450649060360645e-01
-4.523928216359025534e-01
-4.531405783657692643e-01
-4.538883350956365859e-01
-4.546360918255042960e-01
-4.553838485553725057e-01
-4.561316052852409930e-01
-4.568793620151099244e-01
-4.576271187449792444e-01
-4.583748754748490639e-01
-4.591226322047192721e-01
-4.598703889345898133e-01
-4.606181456644607985e-01
-4.613659023943321724e-01
-4.621136591242038238e-01
-4.628614158540759194e-01
-4.636091725839485145e-01
-4.643569293138213872e-01
-4.651046860436946484e-01
-4.658524427735684648e-01
-4.666001995034423366e-01
-4.673479562333167636e-01
-4.680957129631914126e-01
-4.688434696930665058e-01
-4.695912264229420985e-01
-4.703389831528179688e-01
-4.710867398826941166e-01
-4.718344966125705975e-01
-4.725822533424474114e-01
-4.733300100723247805e-01
-4.740777668022030933e-01
-4.748255235320801848e-01
-4.755732802619583310e-01
-4.763210369918369769e-01
-4.770687937217158447e-01
-4.778165504515951012e-01
-4.785643071814746352e-01
-4.793120639113545578e-01
-4.800598206412348135e-01
-4.808075773711152356e-01
-4.815553341009961019e-01
-4.823030908308773568e-01
-4.830508475607587782e-01
-4.837986042906404216e-01
-4.845463610205224536e-01
-4.852941177504047632e-01
-4.860418744802876279e-01
-4.867896312101706036e-01
-4.875373879400538013e-01
-4.882851446699373876e-01
-4.890329013998213070e-01
-4.897806581297054485e-01
-4.905284148595899230e-01
-4.912761715894745640e-01
-4.920239283193595936e-01
-4.927716850492447898e-01
-4.935194417791305965e-01
-4.942671985090163478e-01
-4.950149552389025431e-01
-4.957627119687889050e-01
-4.965104686986757665e-01
-4.972582254285626280e-01
-4.980059821584496005e-01
-4.987537388883381273e-01
-4.995014956182250998e-01
-5.002492523481129050e-01
-5.009970090780012653e-01
-5.017447658078908468e-01
-5.024925225377785409e-01
-5.032402792676676784e-01
-5.039880359975568158e-01
-5.047357927274473965e-01
-5.054835494573362009e-01
-5.062313061872262265e-01
-5.069790629171165852e-01
-5.077268196470071659e-01
-5.084745763768979687e-01
-5.092223331067886605e-01
-5.099700898366800184e-01
-5.107178465665714873e-01
-5.114656032964631782e-01
-5.122133600263552022e-01
-5.129611167562474483e-01
-5.137088734861408046e-01
-5.144566302160324955e-01
-5.152043869459252967e-01
-5.159521436758183199e-01
-5.166999004057126754e-01
-5.174476571356053656e-01
-5.181954138654988329e-01
-5.189431705953930773e-01
-5.196909273252880990e-01
-5.204386840551826765e-01
-5.211864407850759218e-01
-5.219341975149708324e-01
-5.226819542448659650e-01
-5.234297109747614307e-01
-5.241774677046575626e-01
-5.249252244345523621e-01
-5.256729811644482719e-01
-5.264207378943442928e-01
-5.271684946242405356e-01
-5.279162513541372226e-01
-5.286640080840337985e-01
-5.294117648139305965e-01
-5.301595215438276165e-01
-5.309072782737257468e-01
-5.316550350036224337e-01
-5.324027917335198978e-01
-5.331505484634179171e-01
-5.338983051933159363e-01
-5.346460619232142886e-01
-5.353938186531125298e-01
-5.361415753830112152e-01
-5.368893321129100116e-01
-5.376370888428089190e-01
-5.383848455727080484e-01
-5.391326023026072889e-01
-5.398803590325069734e-01
-5.406281157624065470e-01
-5.413758724923066756e-01
-5.421236292222066933e-01
-5.428713859521069329e-01
-5.436191426820072836e-01
-5.443668994119088556e-01
-5.451146561418086511e-01
-5.458624128717094459e-01
-5.466101696016114619e-01
-5.473579263315119237e-01
-5.481056830614132735e-01
-5.488534397913148455e-01
-5.496011965212165284e-01
-5.503489532511186555e-01
-5.510967099810206715e-01
-5.518444667109239088e-01
-5.525922234408252587e-01
-5.533399801707278298e-01
-5.540877369006306230e-01
-5.548354936305337493e-01
-5.555832503604365424e-01
-5.563310070903398907e-01
-5.570787638202432390e-01
-5.578265205501465873e-01
-5.585742772800513789e-01
-5.593220340099541721e-01
-5.600697907398581865e-01
-5.608175474697622009e-01
-5.615653041996664374e-01
-5.623130609295720062e-01
-5.630608176594753544e-01
-5.638085743893801460e-01
-5.645563311192851597e-01
-5.653040878491901733e-01
-5.660518445790952979e-01
-5.667996013090005336e-01
-5.675473580389059913e-01
-5.682951147688116711e-01
-5.690428714987173509e-01
-5.697906282286241408e-01
-5.705383849585290434e-01
-5.712861416884362775e-01
-5.720338984183415132e-01
-5.727816551482489693e-01
-5.735294118781546491e-01
-5.742771686080613280e-01
-5.750249253379680070e-01
-5.757726820678751301e-01
-5.765204387977819200e-01
-5.772681955276893762e-01
-5.780159522575967213e-01
-5.787637089875039553e-01
-5.795114657174116335e-01
-5.802592224473195337e-01
-5.810069791772272119e-01
-5.817547359071352231e-01
-5.825024926370442335e-01
-5.832502493669515786e-01
-5.839980060968599229e-01
-5.847457628267683782e-01
-5.854935195566778328e-01
-5.862412762865858440e-01
-5.869890330164945214e-01
-5.877367897464035318e-01
-5.884845464763126532e-01
-5.892323032062217747e-01
-5.899800599361311182e-01
-5.907278166660405727e-01
-5.914755733959502493e-01
-5.922233301258608140e-01
-5.929710868557696024e-01
-5.937188435856795010e-01
-5.944666003155905099e-01
-5.952143570454996313e-01
-5.959621137754097520e-01
-5.967098705053213159e-01
-5.974576272352306594e-01
-5.982053839651413352e-01
-5.989531406950531212e-01
-5.997008974249629087e-01
-6.004486541548735845e-01
-6.011964108847848154e-01
-6.019441676146959352e-01
-6.026919243446071661e-01
-6.034396810745185080e-01
-6.041874378044300720e-01
-6.049351945343426351e-01
-6.056829512642530888e-01
-6.064307079941658740e-01
-6.071784647240766608e-01
-6.079262214539887799e-01
-6.086739781839007879e-01
-6.094217349138129070e-01
-6.101694916437251370e-01
-6.109172483736375892e-01
-6.116650051035511515e-01
-6.124127618334637146e-01
-6.131605185633753896e-01
-6.139082752932881748e-01
-6.146560320232010710e-01
-6.154037887531139672e-01
-6.161515454830269745e-01
-6.168993022129410919e-01
-6.176470589428533220e-01
-6.183948156727667733e-01
-6.191425724026803357e-01
-6.198903291325936760e-01
-6.206380858625074604e-01
-6.213858425924211337e-01
-6.221335993223349181e-01
-6.228813560522500348e-01
-6.236291127821639302e-01
-6.243768695120769374e-01
-6.251246262419911659e-01
-6.258723829719053944e-01
-6.266201397018197339e-01
-6.273678964317342954e-01
-6.281156531616497452e-01
-6.288634098915645287e-01
-6.296111666214783131e-01
-6.303589233513929857e-01
-6.311066800813088795e-01
-6.318544368112227749e-01
-6.326021935411380026e-01
-6.333499502710530082e-01
-6.340977070009683469e-01
-6.348454637308835746e-01
-6.355932204607989133e-01
-6.363409771907142520e-01
-6.370887339206299238e-01
-6.378364906505465948e-01
-6.385842473804611563e-01
-6.393320041103769391e-01
-6.400797608402929439e-01
-6.408275175702087267e-01
-6.415752743001247316e-01
-6.423230310300408474e-01
-6.430707877599580735e-01
-6.438185444898731902e-01
-6.445663012197895281e-01
-6.453140579497058660e-01
-6.460618146796220929e-01
-6.468095714095387638e-01
-6.475573281394551017e-01
-6.483050848693717727e-01
-6.490528415992884437e-01
-6.498005983292050036e-01
-6.505483550591227848e-01
-6.512961117890385676e-01
-6.520438685189553496e-01
-6.527916252488732418e-01
-6.535393819787891356e-01
-6.542871387087059176e-01
-6.550348954386228106e-01
-6.557826521685398147e-01
-6.565304088984567077e-01
-6.572781656283734897e-01
-6.580259223582904937e-01
-6.587736790882072757e-01
-6.595214358181239467e-01
-6.602691925480416169e-01
-6.610169492779575107e-01
-6.617647060078740706e-01
-6.625124627377902975e-01
-6.632602194677067464e-01
-6.640079761976228623e-01
-6.647557329275390892e-01
-6.655034896574546499e-01
-6.662512463873714319e-01
-6.669990031172856604e-01
-6.677467598472006660e-01
-6.684945165771152276e-01
-6.692422733070295671e-01
-6.699900300369442396e-01
-6.707377867668569138e-01
-6.714855434967696990e-01
-6.722333002266829283e-01
-6.729810569565943812e-01
-6.737288136865040578e-01
-6.744765704164140674e-01
-6.752243271463229668e-01
-6.759720838762308670e-01
-6.767198406061376570e-01
-6.774675973360440029e-01
-6.782153540659470181e-01
-6.789631107958497003e-01
-6.797108675257503840e-01
-6.804586242556491804e-01
-6.812063809855457563e-01
-6.819541377154401118e-01
-6.827018944453328020e-01
-6.834496511752207182e-01
-6.841974079051075242e-01
-6.849451646349888900e-01
-6.856929213648685906e-01
-6.864406780947418518e-01
-6.871884348246125596e-01
-6.879361915544764949e-01
-6.886839482843358784e-01
-6.894317050141891556e-01
-6.901794617440367707e-01
-6.909272184738763922e-01
-6.916749752037067989e-01
-6.924227319335307662e-01
-6.931704886633441864e-01
-6.939182453931472816e-01
-6.946660021229380533e-01
-6.954137588527173897e-01
-6.961615155824834034e-01
-6.969092723122346511e-01
-6.976570290419706888e-01
-6.984047857716875196e-01
-6.991525425013858097e-01
-6.999002992310634497e-01
-7.006480559607184411e-01
-7.013958126903487855e-01
-7.021435694199522626e-01
-7.028913261495264297e-01
-7.036390828790688445e-01
-7.043868396085763983e-01
-7.051345963380466486e-01
-7.058823530674762647e-01
-7.066301097968611389e-01
-7.073778665261982734e-01
-7.081256232554828944e-01
-7.088733799847108941e-01
-7.096211367138773873e-01
-7.103688934429773782e-01
-7.111166501720049826e-01
-7.118644069009557596e-01
-7.126121636298203832e-01
-7.133599203585923032e-01
-7.141076770872663015e-01
-7.148554338158336074e-01
-7.156031905442841179e-01
-7.163509472726079519e-01
-7.170987040007970048e-01
-7.178464607288405075e-01
-7.185942174567246932e-01
-7.193419741844371273e-01
-7.200897309119660417e-01
-7.208374876392956709e-01
-7.215852443664108051e-01
-7.223330010932944578e-01
-7.230807578199283103e-01
-7.238285145462934889e-01
-7.245762712723701204e-01
-7.253240279981327809e-01
-7.260717847235604872e-01
-7.268195414486267047e-01
-7.275672981733041222e-01
-7.283150548975634297e-01
-7.290628116213730969e-01
-7.298105683446995950e-01
-7.305583250675063978e-01
-7.313060817897554244e-01
-7.320538385114054858e-01
-7.328015952324122839e-01
-7.335493519527299666e-01
-7.342971086723045770e-01
-7.350448653910871544e-01
-7.357926221090158592e-01
-7.365403788260336260e-01
-7.372881355420708438e-01
-7.380358922570607882e-01
-7.387836489709278531e-01
-7.395314056835931016e-01
-7.402791623949723787e-01
-7.410269191049737580e-01
-7.417746758135015384e-01
-7.425224325204549114e-01
-7.432701892257250753e-01
-7.440179459291940134e-01
-7.447657026307393791e-01
-7.455134593302289447e-01
-7.462612160275249318e-01
-7.470089727224791254e-01
-7.477567294149303212e-01
-7.485044861047140952e-01
-7.492522427916512573e-01
-7.499999994755535138e-01
-7.507477561562175827e-01
-7.514955128334306345e-01
-7.522432695069685149e-01
-7.529910261765893065e-01
-7.537387828420387681e-01
-7.544865395030466715e-01
-7.552342961593268011e-01
-7.559820528105754001e-01
-7.567298094564719468e-01
-7.574775660966732715e-01
-7.582253227308223265e-01
-7.589730793585331980e-01
-7.597208359794060950e-01
-7.604685925930092516e-01
-7.612163491988928055e-01
-7.619641057965779174e-01
-7.627118623855581037e-01
-7.634596189652989029e-01
-7.642073755352348785e-01
-7.649551320947691746e-01
-7.657028886432718506e-01
-7.664506451800738862e-01
-7.671984017044755078e-01
-7.679461582157327548e-01
-7.686939147130629202e-01
-7.694416711956397759e-01
-7.701894276625916858e-01
-7.709371841129997183e-01
-7.716849405458956479e-01
-7.724326969602590687e-01
-7.731804533550112879e-01
-7.739282097290220985e-01
-7.746759660810983439e-01
-7.754237224099811421e-01
-7.761714787143476624e-01
-7.769192349928087937e-01
-7.776669912438957111e-01
-7.784147474660703114e-01
-7.791625036577110031e-01
-7.799102598171141487e-01
-7.806580159424884036e-01
-7.814057720319521616e-01
-7.821535280835260062e-01
-7.829012840951312668e-01
-7.836490400645887977e-01
-7.843967959896054332e-01
-7.851445518677765412e-01
-7.858923076965769194e-01
-7.866400634733583530e-01
-7.873878191953416206e-01
-7.881355748596133859e-01
-7.888833304631156507e-01
-7.896310860026438672e-01
-7.903788414748432745e-01
-7.911265968761908018e-01
-7.918743522030026183e-01
-7.926221074514164799e-01
-7.933698626173861790e-01
-7.941176176966793232e-01
-7.948653726848645684e-01
-7.956131275772999611e-01
-7.963608823691350480e-01
-7.971086370552925571e-01
-7.978563916304589609e-01
-7.986041460890849208e-01
-7.993519004253639704e-01
-8.000996546332287407e-01
-8.008474087063393032e-01
-8.015951626380677375e-01
-8.023429164214977982e-01
-8.030906700493982697e-01
-8.038384235142260748e-01
-8.045861768081029597e-01
-8.053339299228042814e-01
-8.060816828497504583e-01
-8.068294355799918716e-01
-8.075771881041871048e-01
-8.083249404126008342e-01
-8.090726924950784049e-01
-8.098204443410339515e-01
-8.105681959394354097e-01
-8.113159472787865312e-01
-8.120636983471063441e-01
-8.128114491319213819e-01
-8.135591996202339304e-01
-8.143069497985154781e-01
-8.150546996526805144e-01
-8.158024491680652135e-01
-8.165501983294121136e-01
-8.172979471208488000e-01
-8.180456955258573748e-01
-8.187934435272645750e-01
-8.195411911072094657e-01
-8.202889382471234558e-01
-8.210366849277012102e-01
-8.217844311288849957e-01
-8.225321768298298197e-01
-8.232799220088772296e-01
-8.240276666435357722e-01
-8.247754107104442456e-01
-8.255231541853460531e-01
-8.262708970430607813e-01
-8.270186392574517820e-01
-8.277663808013930868e-01
-8.285141216467435399e-01
-8.292618617643070511e-01
-8.300096011238028426e-01
-8.307573396938248145e-01
-8.315050774418172308e-01
-8.322528143340236495e-01
-8.330005503354598329e-01
-8.337482854098736684e-01
-8.344960195197006492e-01
-8.352437526260283462e-01
-8.359914846885522222e-01
-8.367392156655357738e-01
-8.374869455137611274e-01
-8.382346741884951768e-01
-8.389824016434305198e-01
-8.397301278306481542e-01
-8.404778527005697386e-01
-8.412255762019016370e-01
-8.419732982815905098e-01
-8.427210188847702454e-01
-8.434687379547106678e-01
-8.442164554327593606e-01
-8.449641712582958153e-01
-8.457118853686662607e-01
-8.464595976991308168e-01
-8.472073081828060959e-01
-8.479550167505980340e-01
-8.487027233311542629e-01
-8.494504278507877260e-01
-8.501981302334220558e-01
-8.509458304005220741e-01
-8.516935282710296207e-01
-8.524412237612952747e-01
-8.531889167850086331e-01
-8.539366072531300311e-01
-8.546842950738127165e-01
-8.554319801523395661e-01
-8.561796623910392645e-01
-8.569273416892143613e-01
-8.576750179430625565e-01
-8.584226910455994286e-01
-8.591703608865728370e-01
-8.599180273523882034e-01
-8.606656903260201386e-01
-8.614133496869265105e-01
-8.621610053109676208e-01
-8.629086570703117243e-01
-8.636563048333454340e-01
-8.644039484645908988e-01
-8.651515878246022195e-01
-8.658992227698789623e-01
-8.666468531527616870e-01
-8.673944788213472368e-01
-8.681420996193771611e-01
-8.688897153861432354e-01
-8.696373259563832114e-01
-8.703849311601784544e-01
-8.711325308228454745e-01
-8.718801247648315655e-01
-8.726277128016040052e-01
-8.733752947435403646e-01
-8.741228703958158208e-01
-8.748704395582893589e-01
-8.756180020253879759e-01
-8.763655575859917723e-01
-8.771131060233088306e-01
-8.778606471147641921e-01
-8.786081806318701837e-01
-8.793557063401046259e-01
-8.801032239987869321e-01
-8.808507333609463252e-01
-8.815982341732022665e-01
-8.823457261756241232e-01
-8.830932091016040486e-01
-8.838406826777229774e-01
-8.845881466236141799e-01
-8.853356006518272592e-01
-8.860830444676898177e-01
-8.868304777691627949e-01
-8.875779002467085732e-01
-8.883253115831371005e-01
-8.890727114534660025e-01
-8.898200995247735889e-01
-8.905674754560505280e-01
-8.913148388980495218e-01
-8.920621894931347606e-01
-8.928095268751300440e-01
-8.935568506691592416e-01
-8.943041604915006326e-01
-8.950514559494205935e-01
-8.957987366410180563e-01
-8.965460021550651915e-01
-8.972932520708448711e-01
-8.980404859579891319e-01
-8.987877033763113088e-01
-8.995349038756438320e-01
-9.002820869956726924e-01
-9.010292522657638026e-01
-9.017763992047973520e-01
-9.025235273209955000e-01
-9.032706361117509575e-01
-9.040177250634540140e-01
-9.047647936513172340e-01
-9.055118413391972654e-01
-9.062588675794273074e-01
-9.070058718126254860e-01
-9.077528534675309846e-01
-9.084998119608101996e-01
-9.092467466968848777e-01
-9.099936570677511494e-01
-9.107405424527872384e-01
-9.114874022185797120e-01
-9.122342357187346318e-01
-9.129810422936929237e-01
-9.137278212705435276e-01
-9.144745719628414315e-01
-9.152212936704089419e-01
-9.159679856791635988e-01
-9.167146472609122299e-01
-9.174612776731775332e-01
-9.182078761589972382e-01
-9.189544419467385872e-01
-9.197009742499064888e-01
-9.204474722669536702e-01
-9.211939351810874976e-01
-9.219403621600800181e-01
-9.226867523560761120e-01
-9.234331049053962071e-01
-9.241794189283553118e-01
-9.249256935290597337e-01
-9.256719277952198954e-01
-9.264181207979566013e-01
-9.271642715916108557e-01
-9.279103792135500184e-01
-9.286564426839730713e-01
-9.294024610057283198e-01
-9.301484331641084458e-01
-9.308943581266745371e-01
-9.316402348430505853e-01
-9.323860622447475155e-01
-9.331318392449601262e-01
-9.338775647383885659e-01
-9.346232376010441545e-01
-9.353688566900664192e-01
-9.361144208435299152e-01
-9.368599288802630376e-01
-9.376053795996605045e-01
-9.383507717815005034e-01
-9.390961041857600611e-01
-9.398413755524337443e-01
-9.405865846013530263e-01
-9.413317300320044323e-01
-9.420768105233506828e-01
-9.428218247336596081e-01
-9.435667713003197399e-01
-9.443116488396701147e-01
-9.450564559468268566e-01
-9.458011911955120921e-01
-9.465458531378838636e-01
-9.472904403043654886e-01
-9.480349512034847992e-01
-9.487793843217039447e-01
-9.495237381232629614e-01
-9.502680110500121291e-01
-9.510122015212579827e-01
-9.517563079336069931e-01
-9.525003286608054731e-01
-9.532442620535989120e-01
-9.539881064395676624e-01
-9.547318601229924928e-01
-9.554755213847024864e-01
-9.562190884819296022e-01
-9.569625596481790009e-01
-9.577059330930826064e-01
-9.584492070022639920e-01
-9.591923795372129247e-01
-9.599354488351525827e-01
-9.606784130089118801e-01
-9.614212701467991229e-01
-9.621640183124923196e-01
-9.629066555449088405e-01
-9.636491798580996138e-01
-9.643915892411308866e-01
-9.651338816579847490e-01
-9.658760550474471129e-01
-9.666181073230077914e-01
-9.673600363727655749e-01
-9.681018400593258688e-01
-9.688435162197224226e-01
-9.695850626653137461e-01
-9.703264771817147194e-01
-9.710677575287014474e-01
-9.718089014401474213e-01
-9.725499066239424728e-01
-9.732907707619257165e-01
-9.740314915098218229e-01
-9.747720664971772919e-01
-9.755124933273052745e-01
-9.762527695772311720e-01
-9.769928927976393451e-01
-9.777328605128388084e-01
-9.784726702207098281e-01
-9.792123193926751679e-01
-9.799518054736606754e-01
-9.806911258820744104e-01
-9.814302780097763357e-01
-9.821692592220638840e-01
-9.829080668576513080e-01
-9.836466982286626859e-01
-9.843851506206210411e-01
-9.851234212924505629e-01
-9.858615074764813802e-01
-9.865994063784463419e-01
-9.873371151775054422e-01
-9.880746310262523702e-01
-9.888119510507404897e-01
-9.895490723505067088e-01
-9.902859919985995685e-01
-9.910227070416224304e-01
-9.917592144997634529e-01
-9.924955113668427753e-01
-9.932315946103676962e-01
-9.939674611715805241e-01
-9.947031079655187513e-01
-9.954385318810800021e-01
-9.961737297810875358e-01
-9.969086985023732916e-01
-9.976434348558396170e-01
-9.983779356265608529e-01
-9.991121975738577188e-01
-9.998462174313964557e-01
-1.000579991907286637e+00
-1.001313517684181642e+00
-1.002046791419388905e+00
-1.002779809744980710e+00
-1.003512569267914767e+00
-1.004245066570149003e+00
-1.004977298208782344e+00
-1.005709260716171061e+00
-1.006440950600080653e+00
-1.007172364343817517e+00
-1.007903498406380383e+00
-1.008634349222611970e+00
-1.009364913203354419e+00
-1.010095186735612272e+00
-1.010825166182716783e+00
-1.011554847884499564e+00
-1.012284228157467103e+00
-1.013013303294979073e+00
-1.013742069567438620e+00
-1.014470523222481102e+00
-1.015198660485166160e+00
-1.015926477558178886e+00
-1.016653970622034331e+00
-1.017381135835288219e+00
-1.018107969334743013e+00
-1.018834467235677943e+00
-1.019560625632058848e+00
-1.020286440596773314e+00
-1.021011908181859607e+00
-1.021737024418740925e+00
-1.022461785318467875e+00
-1.023186186871961834e+00
-1.023910225050264744e+00
-1.024633895804788919e+00
-1.025357195067580163e+00
-1.026080118751573345e+00
-1.026802662750858852e+00
-1.027524822940955262e+00
-1.028246595179083345e+00
-1.028967975304438287e+00
-1.029688959138474802e+00
-1.030409542485191787e+00
-1.031129721131422983e+00
-1.031849490847126738e+00
-1.032568847385685107e+00
-1.033287786484202941e+00
-1.034006303863811871e+00
-1.034724395229977612e+00
-1.035442056272811273e+00
-1.036159282667381998e+00
-1.036876070074036260e+00
-1.037592414138718278e+00
-1.038308310493290199e+00
-1.039023754755868056e+00
-1.039738742531141957e+00
-1.040453269410716253e+00
-1.041167330973440608e+00
-1.041880922785752839e+00
-1.042594040402021305e+00
-1.043306679364885525e+00
-1.044018835205605233e+00
-1.044730503444411651e+00
-1.045441679590857875e+00
-1.046152359144174815e+00
-1.046862537593625797e+00
-1.047572210418870053e+00
-1.048281373090322210e+00
-1.048990021069516443e+00
-1.049698149809471071e+00
-1.050405754755058263e+00
-1.051112831343370635e+00
-1.051819375004100499e+00
-1.052525381159902018e+00
-1.053230845226775125e+00
-1.053935762614441218e+00
-1.054640128726717085e+00
-1.055343938961895933e+00
-1.056047188713130858e+00
-1.056749873368817649e+00
-1.057451988312973379e+00
-1.058153528925626086e+00
-1.058854490583198027e+00
-1.059554868658891591e+00
-1.060254658523080096e+00
-1.060953855543694146e+00
-1.061652455086608882e+00
-1.062350452516038990e+00
-1.063047843194921960e+00
-1.063744622485316205e+00
-1.064440785748788088e+00
-1.065136328346802941e+00
-1.065831245641119640e+00
-1.066525532994181180e+00
-1.067219185769507916e+00
-1.067912199332084366e+00
-1.068604569048761777e+00
-1.069296290288639817e+00
-1.069987358423464041e+00
-1.070677768828014464e+00
-1.071367516880498139e+00
-1.072056597962939728e+00
-1.072745007461571864e+00
-1.073432740767220173e+00
-1.074119793275700729e+00
-1.074806160388200427e+00
-1.075491837511664661e+00
-1.076176820059191241e+00
-1.076861103450402979e+00
-1.077544683111845814e+00
-1.078227554477361183e+00
-1.078909712988469938e+00
-1.079591154094761141e+00
-1.080271873254257553e+00
-1.080951865933807321e+00
-1.081631127609449239e+00
-1.082309653766794444e+00
-1.082987439901397231e+00
-1.083664481519126310e+00
-1.084340774136536067e+00
-1.085016313281228939e+00
-1.085691094492232889e+00
-1.086365113320353348e+00
-1.087038365328541811e+00
-1.087710846092255101e+00
-1.088382551199811532e+00
-1.089053476252747954e+00
-1.089723616866172806e+00
-1.090392968669117391e+00
-1.091061527304882928e+00
-1.091729288431391609e+00
-1.092396247721520774e+00
-1.093062400863456407e+00
-1.093727743561022869e+00
-1.094392271534021965e+00
-1.095055980518565342e+00
-1.095718866267406222e+00
-1.096380924550263813e+00
-1.097042151154155709e+00
-1.097702541883707639e+00
-1.098362092561485870e+00
-1.099020799028303186e+00
-1.099678657143535077e+00
-1.100335662785432156e+00
-1.100991811851419921e+00
-1.101647100258412282e+00
-1.102301523943101103e+00
-1.102955078862259297e+00
-1.103607760993037701e+00
-1.104259566333243514e+00
-1.104910490901641396e+00
-1.105560530738227465e+00
-1.106209681904513076e+00
-1.106857940483799485e+00
-1.107505302581453632e+00
-1.108151764325176591e+00
-1.108797321865266028e+00
-1.109441971374883762e+00
-1.110085709050315117e+00
-1.110728531111214723e+00
-1.111370433800871860e+00
-1.112011413386442937e+00
-1.112651466159209956e+00
-1.113290588434809880e+00
-1.113928776553475553e+00
-1.114566026880267957e+00
-1.115202335805303813e+00
-1.115837699743982281e+00
-1.116472115137204568e+00
-1.117105578451590642e+00
-1.117738086179694612e+00
-1.118369634840210347e+00
-1.119000220978181304e+00
-1.119629841165199480e+00
-1.120258491999602590e+00
-1.120886170106669244e+00
-1.121512872138807460e+00
-1.122138594775738740e+00
-1.122763334724683704e+00
-1.123387088720537719e+00
-1.124009853526042102e+00
-1.124631625931958867e+00
-1.125252402757229930e+00
-1.125872180849145643e+00
-1.126490957083497557e+00
-1.127108728364732304e+00
-1.127725491626104359e+00
-1.128341243829819929e+00
-1.128955981967177946e+00
-1.129569703058707297e+00
-1.130182404154301823e+00
-1.130794082333349326e+00
-1.131404734704857251e+00
-1.132014358407573695e+00
-1.132622950610105317e+00
-1.133230508511033907e+00
-1.133837029339021640e+00
-1.134442510352916322e+00
-1.135046948841860637e+00
-1.135650342125381629e+00
-1.136252687553489737e+00
-1.136853982506766059e+00
-1.137454224396451163e+00
-1.138053410664525700e+00
-1.138651538783789663e+00
-1.139248606257933893e+00
-1.139844610621619569e+00
-1.140439549440532163e+00
-1.141033420311458713e+00
-1.141626220862335561e+00
-1.142217948752311196e+00
-1.142808601671795099e+00
-1.143398177342507926e+00
-1.143986673517522590e+00
-1.144574087981310662e+00
-1.145160418549773462e+00
-1.145745663070280029e+00
-1.146329819421697760e+00
-1.146912885514414171e+00
-1.147494859290361768e+00
-1.148075738723043138e+00
-1.148655521817535829e+00
-1.149234206610513453e+00
-1.149811791170254338e+00
-1.150388273596639088e+00
-1.150963652021163686e+00
-1.151537924606929719e+00
-1.152111089548643719e+00
-1.152683145072608939e+00
-1.153254089436710927e+00
-1.153823920930410862e+00
-1.154392637874716021e+00
-1.154960238622173563e+00
-1.155526721556833891e+00
-1.156092085094227118e+00
-1.156656327681338636e+00
-1.157219447796568490e+00
-1.157781443949698508e+00
-1.158342314681849450e+00
-1.158902058565447701e+00
-1.159460674204168873e+00
-1.160018160232895612e+00
-1.160574515317664979e+00
-1.161129738155618929e+00
-1.161683827474937702e+00
-1.162236782034792970e+00
-1.162788600625276114e+00
-1.163339282067334501e+00
-1.163888825212710421e+00
-1.164437228943864477e+00
-1.164984492173903430e+00
-1.165530613846508246e+00
-1.166075592935851057e+00
-1.166619428446523443e+00
-1.167162119413442278e+00
-1.167703664901772909e+00
-1.168244064006840111e+00
-1.168783315854034388e+00
-1.169321419598723155e+00
-1.169858374426155700e+00
-1.170394179551363045e+00
-1.170928834219067349e+00
-1.171462337703566670e+00
-1.171994689308647919e+00
-1.172525888367468516e+00
-1.173055934242454024e+00
-1.173584826325190233e+00
-1.174112564036308148e+00
-1.174639146825370073e+00
-1.175164574170758369e+00
-1.175688845579555553e+00
-1.176211960587423722e+00
-1.176733918758487096e+00
-1.177254719685201678e+00
-1.177774362988243562e+00
-1.178292848316367714e+00
-1.178810175346293398e+00
-1.179326343782565623e+00
-1.179841353357424349e+00
-1.180355203830679267e+00
-1.180867894989566347e+00
-1.181379426648617503e+00
-1.181889798649521151e+00
-1.182399010860984534e+00
-1.182907063178591178e+00
-1.183413955524663663e+00
-1.183919687848115521e+00
-1.184424260124309791e+00
-1.184927672354916472e+00
-1.185429924567760418e+00
-1.185931016816673456e+00
-1.186430949181352945e+00
-1.186929721767200352e+00
-1.187427334705180471e+00
-1.187923788151661775e+00
-1.188419082288265205e+00
-1.188913217321710514e+00
-1.189406193483660168e+00
-1.189898011030563474e+00
-1.190388670243496927e+00
-1.190878171428009447e+00
-1.191366514913961172e+00
-1.191853701055364256e+00
-1.192339730230220107e+00
-1.192824602840360182e+00
-1.193308319311286558e+00
-1.193790880092002515e+00
-1.194272285654851107e+00
-1.194752536495356621e+00
-1.195231633132048943e+00
-1.195709576106307903e+00
-1.196186365982194300e+00
-1.196662003346279812e+00
-1.197136488807483579e+00
-1.197609822996904994e+00
-1.198082006567650515e+00
-1.198553040194671349e+00
-1.199022924574594251e+00
-1.199491660425547446e+00
-1.199959248486994534e+00
-1.200425689519562633e+00
-1.200890984304875397e+00
-1.201355133645377826e+00
-1.201818138364171507e+00
-1.202279999304836977e+00
-1.202740717331265419e+00
-1.203200293327492121e+00
-1.203658728197513739e+00
-1.204116022865129310e+00
-1.204572178273758842e+00
-1.205027195386275896e+00
-1.205481075184834605e+00
-1.205933818670697377e+00
-1.206385426864066357e+00
-1.206835900803901129e+00
-1.207285241547761734e+00
-1.207733450171625700e+00
-1.208180527769718626e+00
-1.208626475454343874e+00
-1.209071294355711590e+00
-1.209514985621761296e+00
-1.209957550417997796e+00
-1.210398989927318869e+00
-1.210839305349838302e+00
-1.211278497902719131e+00
-1.211716568820005557e+00
-1.212153519352446196e+00
-1.212589350767328211e+00
-1.213024064348306785e+00
-1.213457661395234588e+00
-1.213890143223992135e+00
-1.214321511166320589e+00
-1.214751766569650560e+00
-1.215180910796935132e+00
-1.215608945226482440e+00
-1.216035871251786471e+00
-1.216461690281362085e+00
-1.216886403738572042e+00
-1.217310013061471574e+00
-1.217732519702632965e+00
-1.218153925128983461e+00
-1.218574230821637849e+00
-1.218993438275740360e+00
-1.219411549000293027e+00
-1.219828564517997593e+00
-1.220244486365086090e+00
-1.220659316091167623e+00
-1.221073055259058293e+00
-1.221485705444623981e+00
-1.221897268236614487e+00
-1.222307745236512533e+00
-1.222717138058365460e+00
-1.223125448328629128e+00
-1.223532677686010928e+00
-1.223938827781309246e+00
-1.224343900277258257e+00
-1.224747896848368267e+00
-1.225150819180776507e+00
-1.225552668972085035e+00
-1.225953447931206863e+00
-1.226353157778215186e+00
-1.226751800244191504e+00
-1.227149377071065750e+00
-1.227545890011470853e+00
-1.227941340828590633e+00
-1.228335731296006594e+00
-1.228729063197552041e+00
-1.229121338327157309e+00
-1.229512558488711216e+00
-1.229902725495904514e+00
-1.230291841172083567e+00
-1.230679907350113345e+00
-1.231066925872222884e+00
-1.231452898589862288e+00
-1.231837827363566173e+00
-1.232221714062798013e+00
-1.232604560565824903e+00
-1.232986368759557694e+00
-1.233367140539427087e+00
-1.233746877809233089e+00
-1.234125582481010897e+00
-1.234503256474890565e+00
-1.234879901718963113e+00
-1.235255520149139974e+00
-1.235630113709019762e+00
-1.236003684349754828e+00
-1.236376234029912924e+00
-1.236747764715349751e+00
-1.237118278379071956e+00
-1.237487777001108125e+00
-1.237856262568377996e+00
-1.238223737074562791e+00
-1.238590202519975536e+00
-1.238955660911433387e+00
-1.239320114262131955e+00
-1.239683564591516962e+00
-1.240046013925159896e+00
-1.240407464294631223e+00
-1.240767917737383375e+00
-1.241127376296619733e+00
-1.241485842021176067e+00
-1.241843316965401289e+00
-1.242199803189034890e+00
-1.242555302757088365e+00
-1.242909817739723533e+00
-1.243263350212145291e+00
-1.243615902254468830e+00
-1.243967475951619495e+00
-1.244318073393204882e+00
-1.244667696673413149e+00
-1.245016347890886221e+00
-1.245364029148620988e+00
-1.245710742553846728e+00
-1.246056490217920532e+00
-1.246401274256216496e+00
-1.246745096788016482e+00
-1.247087959936398427e+00
-1.247429865828138196e+00
-1.247770816593595455e+00
-1.248110814366608645e+00
-1.248449861284396167e+00
-1.248787959487447141e+00
-1.249125111119417930e+00
-1.249461318327039772e+00
-1.249796583260002647e+00
-1.250130908070866687e+00
-1.250464294914961583e+00
-1.250796745950282451e+00
-1.251128263337393687e+00
-1.251458849239340143e+00
-1.251788505821539887e+00
-1.252117235251695604e+00
-1.252445039699699336e+00
-1.252771921337536343e+00
-1.253097882339200275e+00
-1.253422924880591927e+00
-1.253747051139431079e+00
-1.254070263295171017e+00
-1.254392563528907933e+00
-1.254713954023285005e+00
-1.255034436962415567e+00
-1.255354014531789408e+00
-1.255672688918190172e+00
-1.255990462309607647e+00
-1.256307336895157611e+00
-1.256623314864990792e+00
-1.256938398410221147e+00
-1.257252589722834601e+00
-1.257565890995611113e+00
-1.257878304422044957e+00
-1.258189832196270341e+00
-1.258500476512968591e+00
-1.258810239567307310e+00
-1.259119123554852004e+00
-1.259427130671493256e+00
-1.259734263113372332e+00
-1.260040523076803032e+00
-1.260345912758202624e+00
-1.260650434354014804e+00
-1.260954090060640853e+00
-1.261256882074362817e+00
-1.261558812591277556e+00
-1.261859883807226357e+00
-1.262160097917718105e+00
-1.262459457117874440e+00
-1.262757963602347822e+00
-1.263055619565264687e+00
-1.263352427200151507e+00
-1.263648388699877056e+00
-1.263943506256578697e+00
-1.264237782061606419e+00
-1.264531218305453120e+00
-1.264823817177694876e+00
-1.265115580866928990e+00
-1.265406511560711822e+00
-1.265696611445497277e+00
-1.265985882706578192e+00
-1.266274327528029708e+00
-1.266561948092645107e+00
-1.266848746581881180e+00
-1.267134725175801835e+00
-1.267419886053017919e+00
-1.267704231390639036e+00
-1.267987763364206044e+00
-1.268270484147650867e+00
-1.268552395913233433e+00
-1.268833500831488159e+00
-1.269113801071176217e+00
-1.269393298799234682e+00
-1.269671996180717466e+00
-1.269949895378752691e+00
-1.270226998554485842e+00
-1.270503307867040910e+00
-1.270778825473460438e+00
-1.271053553528661118e+00
-1.271327494185392482e+00
-1.271600649594181620e+00
-1.271873021903292322e+00
-1.272144613258676005e+00
-1.272415425803929967e+00
-1.272685461680251429e+00
-1.272954723026393120e+00
-1.273223211978622427e+00
-1.273490930670676757e+00
-1.273757881233720246e+00
-1.274024065796307781e+00
-1.274289486484337930e+00
-1.274554145421015416e+00
-1.274818044726812483e+00
-1.275081186519427368e+00
-1.275343572913748114e+00
-1.275605206021811711e+00
-1.275866087952769679e+00
-1.276126220812848544e+00
-1.276385606705315201e+00
-1.276644247730439830e+00
-1.276902145985461257e+00
-1.277159303564552539e+00
-1.277415722558782107e+00
-1.277671405056090226e+00
-1.277926353141246141e+00
-1.278180568895814995e+00
-1.278434054398136288e+00
-1.278686811723280137e+00
-1.278938842943021736e+00
-1.279190150125810277e+00
-1.279440735336737633e+00
-1.279690600637509057e+00
-1.279939748086414086e+00
-1.280188179738296794e+00
-1.280435897644530474e+00
-1.280682903852983001e+00
-1.280929200407995738e+00
-1.281174789350357557e+00
-1.281419672717272640e+00
-1.281663852542334725e+00
-1.281907330855510230e+00
-1.282150109683099615e+00
-1.282392191047723840e+00
-1.282633576968297495e+00
-1.282874269459999717e+00
-1.283114270534256862e+00
-1.283353582198716758e+00
-1.283592206457224050e+00
-1.283830145309805326e+00
-1.284067400752638699e+00
-1.284303974778038704e+00
-1.284539869374429655e+00
-1.284775086526331878e+00
-1.285009628214335287e+00
-1.285243496415086728e+00
-1.285476693101261558e+00
-1.285709220241552764e+00
-1.285941079800645426e+00
-1.286172273739206284e+00
-1.286402804013859980e+00
-1.286632672577174619e+00
-1.286861881377638683e+00
-1.287090432359656145e+00
-1.287318327463519596e+00
-1.287545568625395598e+00
-1.287772157777315352e+00
-1.287998096847152052e+00
-1.288223387758610006e+00
-1.288448032431210422e+00
-1.288672032780274757e+00
-1.288895390716911393e+00
-1.289118108148002761e+00
-1.289340186976192459e+00
-1.289561629099870155e+00
-1.289782436413162925e+00
-1.290002610805917493e+00
-1.290222154163694457e+00
-1.290441068367751853e+00
-1.290659355295032951e+00
-1.290877016818162693e+00
-1.291094054805428382e+00
-1.291310471120773462e+00
-1.291526267623786861e+00
-1.291741446169693885e+00
-1.291956008609343343e+00
-1.292169956789201324e+00
-1.292383292551343654e+00
-1.292596017733443903e+00
-1.292808134168766054e+00
-1.293019643686153186e+00
-1.293230548110028577e+00
-1.293440849260379277e+00
-1.293650548952752111e+00
-1.293859648998243905e+00
-1.294068151203503048e+00
-1.294276057370709720e+00
-1.294483369297583897e+00
-1.294690088777365800e+00
-1.294896217598819899e+00
-1.295101757546226917e+00
-1.295306710399375172e+00
-1.295511077933559019e+00
-1.295714861919572414e+00
-1.295918064123706248e+00
-1.296120686307738357e+00
-1.296322730228939291e+00
-1.296524197640058995e+00
-1.296725090289327254e+00
-1.296925409920450134e+00
-1.297125158272607770e+00
-1.297324337080445034e+00
-1.297522948074080640e+00
-1.297720992979091825e+00
-1.297918473516520566e+00
-1.298115391402867802e+00
-1.298311748350090777e+00
-1.298507546065605256e+00
-1.298702786252278640e+00
-1.298897470608432414e+00
-1.299091600827840365e+00
-1.299285178599725921e+00
-1.299478205608762371e+00
-1.299670683535073312e+00
-1.299862614054229537e+00
-1.300053998837252589e+00
-1.300244839550610543e+00
-1.300435137856221335e+00
-1.300624895411450987e+00
-1.300814113869114719e+00
-1.301002794877478275e+00
-1.301190940080258818e+00
-1.301378551116622928e+00
-1.301565629621192599e+00
-1.301752177224040574e+00
-1.301938195550699895e+00
-1.302123686222157017e+00
-1.302308650854858030e+00
-1.302493091060710428e+00
-1.302677008447085116e+00
-1.302860404616815071e+00
-1.303043281168204670e+00
-1.303225639695027249e+00
-1.303407481786526212e+00
-1.303588809027422357e+00
-1.303769622997915656e+00
-1.303949925273686139e+00
-1.304129717425898116e+00
-1.304309001021205505e+00
-1.304487777621751832e+00
-1.304666048785176669e+00
-1.304843816064618522e+00
-1.305021081008717720e+00
