-9.703654602268949912e-16
-2.129807671464949148e-02
-4.259980700594792613e-02
-6.390886192001805910e-02
-8.522893364141774508e-02
-1.065637675411432173e-01
-1.279171528474896125e-01
-1.492929701256257013e-01
-1.706951698825651675e-01
-1.921278365238834052e-01
-2.135951560923026737e-01
-2.351014981068249021e-01
-2.566513741110144631e-01
-2.782495394294264290e-01
-2.999009450342470795e-01
-3.216108623619378659e-01
-3.433848324970426025e-01
-3.652288192232353015e-01
-3.871491623380449720e-01
-4.091527680955303059e-01
-4.312470792450971979e-01
-4.534403206789895946e-01
-4.757415123047139538e-01
-4.981608101282747891e-01
-5.207096287275205793e-01
-5.434011987730065218e-01
-5.662510239519923383e-01
-5.892780159519781513e-01
-6.125056452543584662e-01
-6.359635051256441463e-01
-6.596877278797182997e-01
-6.837199168942951211e-01
-7.081030277470693468e-01
-7.328752244643604863e-01
-7.580621656346253623e-01
-7.836705313977857523e-01
-8.096836365363043742e-01
-8.360610121388530880e-01
-8.627409220076046603e-01
-8.896459369082254653e-01
-9.166892905876556918e-01
-9.437818391246938221e-01
-9.708376132421724369e-01
-9.977785340881047960e-01
-1.024536992488735976e+00
-1.051057559283909759e+00
-1.077296900570491767e+00
-1.103223439279934937e+00
-1.128815831814254933e+00
-1.154061800387574888e+00
-1.178956222515284535e+00
-1.203499947889919985e+00
-1.227698070528990604e+00
-1.251559085778506386e+00
-1.275093531492154542e+00
-1.298313549149553436e+00
-1.321231877027800650e+00
-1.343861750311733383e+00
-1.366216157225996986e+00
-1.388307981675656722e+00
-1.410149428773339597e+00
-1.431752325148206051e+00
-1.453127640367893214e+00
-1.474285883426178501e+00
-1.495236670009776336e+00
-1.515989175364774955e+00
-1.536551716393791400e+00
-1.556932237194745161e+00
-1.577137888196911364e+00
-1.597175531284276806e+00
-1.617051306542936606e+00
-1.636771150357112958e+00
-1.656340345276081649e+00
-1.675764048176116461e+00
-1.695046821492809830e+00
-1.714193170531543187e+00
-1.733207055728604118e+00
-1.752092439179465666e+00
-1.770852778257862692e+00
-1.789491581861367253e+00
-1.808011885976985145e+00
-1.826416820281300479e+00
-1.844709066294177413e+00
-1.862891434966255089e+00
-1.880966308019599520e+00
-1.898936227089379036e+00
-1.916803318771022280e+00
-1.934569895797563444e+00
-1.952237866225938312e+00
-1.969809347046846515e+00
-1.987286057862172495e+00
-2.004669947248564288e+00
-2.021962571208073545e+00
-2.039165732542985499e+00
-2.056280844304067212e+00
-2.073309582382069305e+00
-2.090253234131039139e+00
-2.107113364340335693e+00
-2.123891149173032122e+00
-2.140588055649297772e+00
-2.157205161010410155e+00
-2.173743845818200349e+00
-2.190205098832096464e+00
-2.206590223808745144e+00
-2.222900129961303151e+00
-2.239136052527438192e+00
-2.255298828865500926e+00
-2.271389632846547713e+00
-2.287409236630800979e+00
-2.303358758929364480e+00
-2.319238912495449334e+00
-2.335050766293560010e+00
-2.350794978732892115e+00
-2.366472573775561195e+00
-2.382084159933944623e+00
-2.397630720344604782e+00
-2.413112817546702704e+00
-2.428531397544328563e+00
-2.443886980379596174e+00
-2.459180478202952269e+00
-2.474412371651375064e+00
-2.489583541943722000e+00
-2.504694433072247595e+00
-2.519745897937938128e+00
-2.534738346361413264e+00
-2.549672605271619652e+00
-2.564549052540576302e+00
-2.579368491237408634e+00
-2.594131269290127495e+00
-2.608838167815711984e+00
-2.623489506610998223e+00
-2.638086046568814957e+00
-2.652628080998912452e+00
-2.667116352139364821e+00
-2.681551128307836596e+00
-2.695933134516771634e+00
-2.710262615454550605e+00
-2.724540280212557786e+00
-2.738766351095136109e+00
-2.752941522466260338e+00
-2.767065995386644772e+00
-2.781140450587401336e+00
-2.795165068932311314e+00
-2.809140518525383712e+00
-2.823066960996046149e+00
-2.836945052747311902e+00
-2.850774937061157033e+00
-2.864557259494037833e+00
-2.878292145799170587e+00
-2.891980231476035890e+00
-2.905621625506296546e+00
-2.919216954063529545e+00
-2.932766310059162773e+00
-2.946270311018788224e+00
-2.959729034434400496e+00
-2.973143089813283346e+00
-2.986512539832668178e+00
-2.999837986567388981e+00
-3.013119478442605637e+00
-3.026357610646438712e+00
-3.039552417876478341e+00
-3.052704488943246641e+00
-3.065813845306111673e+00
-3.078881069873747656e+00
-3.091906171324554808e+00
-3.104889727110296871e+00
-3.117831733556279517e+00
-3.130732763074078662e+00
-3.143592800036653756e+00
-3.156412412206215379e+00
-3.169191572379161936e+00
-3.181930844035262940e+00
-3.194630188747177080e+00
-3.207290166057067182e+00
-3.219910726645456744e+00
-3.232492426441381017e+00
-3.245035205545179213e+00
-3.257539616578380759e+00
-3.270005589354944231e+00
-3.282433673477057390e+00
-3.294823788749206006e+00
-3.307176482026212394e+00
-3.319491663364395606e+00
-3.331769877128097690e+00
-3.344011023872247801e+00
-3.356215645713699569e+00
-3.368383633939146637e+00
-3.380515528647828116e+00
-3.392611212078917582e+00
-3.404671222531823638e+00
-3.416695433406991445e+00
-3.428684381410508575e+00
-3.440637931302026331e+00
-3.452556618390155041e+00
-3.464440298981382949e+00
-3.476289507172900528e+00
-3.488104090996115847e+00
-3.499884583513507952e+00
-3.511630824650457949e+00
-3.523343346602892279e+00
-3.535021981350830789e+00
-3.546667260383603804e+00
-3.558279007888603740e+00
-3.569857754801007310e+00
-3.581403317660896146e+00
-3.592916226994472328e+00
-3.604396291832899557e+00
-3.615844042431914929e+00
-3.627259280445583212e+00
-3.638642535991336135e+00
-3.649993603471795467e+00
-3.661313012992301719e+00
-3.672600551823836934e+00
-3.683856750180304562e+00
-3.695081388315369697e+00
-3.706274996666814481e+00
-3.717437348580197476e+00
-3.728568974827490390e+00
-3.739669641950395196e+00
-3.750739881160748634e+00
-3.761779452296067472e+00
-3.772788887109173483e+00
-3.783767938828749955e+00
-3.794717139845575016e+00
-3.805636236870620248e+00
-3.816525763025645723e+00
-3.827385458591151757e+00
-3.838215857509079676e+00
-3.849016693713059212e+00
-3.859788502050807590e+00
-3.870531010189136367e+00
-3.881244753963800420e+00
-3.891929454851473569e+00
-3.902585649755026420e+00
-3.913213054034527350e+00
-3.923812205735919711e+00
-3.934382814173220222e+00
-3.944925418608563827e+00
-3.955439722377565470e+00
-3.965926266028903413e+00
-3.976384746984763741e+00
-3.986815707148092969e+00
-3.997218838090013104e+00
-4.007594683132994717e+00
-4.017942928057007812e+00
-4.028264117666896738e+00
-4.038557932009060103e+00
-4.048824917431383064e+00
-4.059064748301984160e+00
-4.069277972570263913e+00
-4.079464258979249358e+00
-4.089624157136326765e+00
-4.099757330210575645e+00
-4.109864329521835558e+00
-4.119944812714507520e+00
-4.129999332873470763e+00
-4.140027542165798380e+00
-4.150029995492306334e+00
-4.160006339588286473e+00
-4.169957131219672597e+00
-4.179882011733877967e+00
-4.189781539809484201e+00
-4.199655351448301488e+00
-4.209504007287542926e+00
-4.219327138024156376e+00
-4.229125306298477049e+00
-4.238898137541855071e+00
-4.248646196440881262e+00
-4.258369103199045824e+00
-4.268067424590967995e+00
-4.277740775628772418e+00
-4.287389725215525971e+00
-4.297013883207161378e+00
-4.306613820674390247e+00
-4.316189142350840058e+00
-4.325740421512926481e+00
-4.335267257804669150e+00
-4.344770226745034769e+00
-4.354248922919973452e+00
-4.363703924126878242e+00
-4.373134819924035632e+00
-4.382542190421971462e+00
-4.391925620180705536e+00
-4.401285691657681021e+00
-4.410621984442989252e+00
-4.419935083373767171e+00
-4.429224563097560186e+00
-4.438491010863031327e+00
-4.447733996401649570e+00
-4.456954109404578368e+00
-4.466150914712703646e+00
-4.475325004489870473e+00
-4.484475938710977161e+00
-4.493604312041839854e+00
-4.502709679615224836e+00
-4.511792638627451169e+00
-4.520852739392110742e+00
-4.529890581663819304e+00
-4.538905710959185491e+00
-4.547898729618188973e+00
-4.556869178381919738e+00
-4.565817662202015015e+00
-4.574743717064830406e+00
-4.583647950559346818e+00
-4.592529893937197905e+00
-4.601390157449728235e+00
-4.610228267633230459e+00
-4.619044837425827943e+00
-4.627839388667156939e+00
-4.636612537005921908e+00
-4.645363799603222432e+00
-4.654093794841586806e+00
-4.662802035220996011e+00
-4.671489141880486251e+00
-4.680154622675861020e+00
-4.688799101524780966e+00
-4.697422081655180826e+00
-4.706024189784989709e+00
-4.714604924530022778e+00
-4.723164915429641120e+00
-4.731703656502799227e+00
-4.740221780130908336e+00
-4.748718775750790044e+00
-4.757195278606113575e+00
-4.765650773565821119e+00
-4.774085898755569879e+00
-4.782500134490178745e+00
-4.790894121796607230e+00
-4.799267336448875376e+00
-4.807620422394122350e+00
-4.815952850878394642e+00
-4.824265268787563343e+00
-4.832557142852098586e+00
-4.840829122914678706e+00
-4.849080671202242954e+00
-4.857312440532013831e+00
-4.865523888638931815e+00
-4.873715671332195853e+00
-4.881887241865944027e+00
-4.890039259058356791e+00
-4.898171171693576298e+00
-4.906283641615461377e+00
-4.914376113148614778e+00
-4.922449251178944607e+00
-4.930502495581577271e+00
-4.938536514300523983e+00
-4.946550742771161246e+00
-4.954545852011388085e+00
-4.962521273026179180e+00
-4.970477679922808534e+00
-4.978414499284896877e+00
-4.986332408324250842e+00
-4.994230829211923073e+00
-5.002110442279138702e+00
-5.009970665292756919e+00
-5.017812181718144693e+00
-5.025634404926050181e+00
-5.033438021530326267e+00
-5.041222440513522862e+00
-5.048988351652094586e+00
-5.056735159547872449e+00
-5.064463557153881190e+00
-5.072172944698476904e+00
-5.079864018324916408e+00
-5.087536173895070846e+00
-5.095190110755886792e+00
-5.102825220409484608e+00
-5.110442205419723827e+00
-5.118040452935432860e+00
-5.125620668750419107e+00
-5.133182235666445159e+00
-5.140725862720100459e+00
-5.148250928372040569e+00
-5.155758144914247332e+00
-5.163246886472007802e+00
-5.170717868605187562e+00
-5.178170461109189660e+00
-5.185605382823995413e+00
-5.193021999220409413e+00
-5.200421032430625701e+00
-5.207801843605914804e+00
-5.215165158182576199e+00
-5.222510332997195803e+00
-5.229838096801936231e+00
-5.237147802123335971e+00
-5.244440181041006177e+00
-5.251714581775835278e+00
-5.258971739746340468e+00
-5.266210998872028703e+00
-5.273433097921564006e+00
-5.280637376517086423e+00
-5.287824576788581865e+00
-5.294994034064697708e+00
-5.302146493847685882e+00
-5.309281287176355058e+00
-5.316399162936138900e+00
-5.323499447879464164e+00
-5.330582894285650575e+00
-5.337648824624091404e+00
-5.344697994578559097e+00
-5.351729722338566475e+00
-5.358744767002820986e+00
-5.365742442483875330e+00
-5.372723511305784072e+00
-5.379687283106945550e+00
-5.386634523846940859e+00
-5.393564538892680282e+00
-5.400478097649418885e+00
-5.407374501215064022e+00
-5.414254522450550944e+00
-5.421117458187097782e+00
-5.427964084751256024e+00
-5.434793694709723511e+00
-5.441607067864492997e+00
-5.448403492519775071e+00
-5.455183751962676908e+00
-5.461947130236852743e+00
-5.468694414124130709e+00
-5.475424883409322874e+00
-5.482139328378572429e+00
-5.488837024559404476e+00
-5.495518765751690182e+00
-5.502183823227209558e+00
-5.508832994308890285e+00
-5.515465546014055143e+00
-5.522082279198004429e+00
-5.528682456624801844e+00
-5.535266882691289858e+00
-5.541834815909404632e+00
-5.548387064226577792e+00
-5.554922881903570975e+00
-5.561443080447490139e+00
-5.567946909868715544e+00
-5.574435185242999857e+00
-5.580907152331046284e+00
-5.587363629786170627e+00
-5.593803859119965693e+00
-5.600228662572082960e+00
-5.606637277405566167e+00
-5.613030529455164341e+00
-5.619407651735649267e+00
-5.625769473685604538e+00
-5.632115224071781334e+00
-5.638445735945230020e+00
-5.644760233824839268e+00
-5.651059554382663386e+00
-5.657342917889735645e+00
-5.663611164647705642e+00
-5.669863510679652663e+00
-5.676100799925230866e+00
-5.682322244159410118e+00
-5.688528690968287727e+00
-5.694719347878418603e+00
-5.700895066130697408e+00
-5.707055049002878633e+00
-5.713200151398945437e+00
-5.719329572347411350e+00
-5.725444170423599211e+00
-5.731543140406130554e+00
-5.737627344549950159e+00
-5.743695973383116993e+00
-5.749749892848345922e+00
-5.755788289222339316e+00
-5.761812032143705409e+00
-5.767820303636965740e+00
-5.773813977044711443e+00
-5.779792230138273368e+00
-5.785755939972312412e+00
-5.791704280063885157e+00
-5.797638131187753174e+00
-5.803556662605615202e+00
-5.809460758820242710e+00
-5.815349584836719821e+00
-5.821224028893833058e+00
-5.827083251738684133e+00
-5.832928145354033589e+00
-5.838757866227630267e+00
-5.844573310093998053e+00
-5.850373629180060320e+00
-5.856159722979979776e+00
-5.861930739458279582e+00
-5.867687581876621650e+00
-5.873429393935405862e+00
-5.879157082671619960e+00
-5.884869787519812157e+00
-5.890568419300026726e+00
-5.896252113179193621e+00
-5.901921783768126595e+00
-5.907576561964234863e+00
-5.913217366176874989e+00
-5.918843323031899750e+00
-5.924455354744924129e+00
-5.930052583668219413e+00
-5.935635935831281351e+00
-5.941204529310724070e+00
-5.946759293957589954e+00
-5.952299343570552459e+00
-5.957825611829913548e+00
-5.963337208254123389e+00
-5.968835070360323236e+00
-5.974318303384405837e+00
-5.979787848687968754e+00
-5.985242807221919037e+00
-5.990684124199883165e+00
-5.996110896285292036e+00
-6.001524072551393196e+00
-6.006922745371534589e+00
-6.012307867686171647e+00
-6.017678527575929692e+00
-6.023035681856002022e+00
-6.028378414311617028e+00
-6.033707685640188778e+00
-6.039022575328791831e+00
-6.044324047964635405e+00
-6.049611178733719896e+00
-6.054884936120581429e+00
-6.060144391007266762e+00
-6.065390515783122716e+00
-6.070622377023229710e+00
-6.075840951029290338e+00
-6.081045300066364234e+00
-6.086236404355975793e+00
-6.091413321850040141e+00
-6.096577036697413909e+00
-6.101726602533724453e+00
-6.106863007442554725e+00
-6.111985300740019333e+00
-6.117094474451966413e+00
-6.122189573571627186e+00
-6.127271594074594319e+00
-6.132339576627851230e+00
-6.137394521164197592e+00
-6.142435464020932656e+00
-6.147463409095528242e+00
-6.152477388392113333e+00
-6.157478409780280160e+00
-6.162465500927416073e+00
-6.167439673682719281e+00
-6.172399951373178872e+00
-6.177347349835082824e+00
-6.182280888051364443e+00
-6.187201585852824870e+00
-6.192108457874613947e+00
-6.197002527949489803e+00
-6.201882806361007638e+00
-6.206750320951394784e+00
-6.211604077648710032e+00
-6.216445108312121270e+00
-6.221272414510258031e+00
-6.226087032126739196e+00
-6.230887958366756685e+00
-6.235676233145796665e+00
-6.240450849301653946e+00
-6.245212850789164882e+00
-6.249961226074551845e+00
-6.254697023159542013e+00
-6.259419226134619763e+00
-6.264128887055866457e+00
-6.268824985633834501e+00
-6.273508577986447676e+00
-6.278178639440064934e+00
-6.282836230181945147e+00
-6.287480321149899964e+00
-6.292111976608079082e+00
-6.296730163101356581e+00
-6.301335948978247892e+00
-6.305928296386241527e+00
-6.310508277765808138e+00
-6.315074850862529843e+00
-6.319629092216336730e+00
-6.324169955166357049e+00
-6.328698520359543167e+00
-6.333213736723955378e+00
-6.337716689021126726e+00
-6.342206321763352861e+00
-6.346683723834343205e+00
-6.351147835325934743e+00
-6.355599749251549468e+00
-6.360038401277770426e+00
-6.364464888555374955e+00
-6.368878142320826719e+00
-6.373279263869865652e+00
-6.377667180003970593e+00
-6.382042996171431781e+00
-6.386405634733822723e+00
-6.390756205299628512e+00
-6.395093625785474245e+00
-6.399419009967716399e+00
-6.403731271312993911e+00
-6.408031527773170311e+00
-6.412318688359796681e+00
-6.416593875207919240e+00
-6.420855992868856887e+00
-6.425106167668550583e+00
-6.429343299692808600e+00
-6.433568519466229318e+00
-6.437780722603847039e+00
-6.441981043836578102e+00
-6.446168374303417714e+00
-6.450343852949371737e+00
-6.454506366431988162e+00
-6.458657057918108180e+00
-6.462794809578391586e+00
-6.466920768809337972e+00
-6.471033813289246872e+00
-6.475135094652032741e+00
-6.479223486078113936e+00
-6.483300143446642849e+00
-6.487363935434574458e+00
-6.491416022174149703e+00
-6.495455267833186497e+00
-6.499482836804886254e+00
-6.503497588742252589e+00
-6.507500692307307766e+00
-6.511491002632506131e+00
-6.515469692656592038e+00
-6.519435612985659212e+00
-6.523389940843088652e+00
-6.527331522302792344e+00
-6.531261538880735351e+00
-6.535178832112714886e+00
-6.539084587815233718e+00
-6.542977642980060793e+00
-6.546859187732208873e+00
-6.550728054513383469e+00
-6.554585437765159561e+00
-6.558430165373096088e+00
-6.562263436103386915e+00
-6.566084073279323086e+00
-6.569893279999713620e+00
-6.573689875019494089e+00
-6.577475065778174645e+00
-6.581247666456073731e+00
-6.585008888841515251e+00
-6.588757542533976164e+00
-6.592494843678691652e+00
-6.596219597287944936e+00
-6.599933023872098126e+00
-6.603633923849844933e+00
-6.607323522104842084e+00
-6.611000614455789126e+00
-6.614666430167835287e+00
-6.618319760453236889e+00
-6.621961838966849534e+00
-6.625591452307939555e+00
-6.629209838529341425e+00
-6.632815779610769624e+00
-6.636410518011314430e+00
-6.639992831084498448e+00
-6.643563965703996210e+00
-6.647122694590465564e+00
-6.650670269040487526e+00
-6.654205457135125457e+00
-6.657729514602237053e+00
-6.661241204876501953e+00
-6.664741788125470023e+00
-6.668230023130579553e+00
-6.671707174507513827e+00
-6.675171996377590844e+00
-6.678625757813050789e+00
-6.682067208268175129e+00
-6.685497621280240388e+00
-6.688915741629484657e+00
-6.692322847326777513e+00
-6.695717678471235779e+00
-6.699101517555851260e+00
-6.702473099991548722e+00
-6.705833712762050425e+00
-6.709182086582887727e+00
-6.712519512937120680e+00
-6.715844717837726741e+00
-6.719158997275702205e+00
-6.722461072554235528e+00
-6.725752244180947415e+00
-6.729031228741900073e+00
-6.732299331270053422e+00
-6.735555263626989309e+00
-6.738800335379724338e+00
-6.742033253657965020e+00
-6.745255332571589157e+00
-6.748465274510904166e+00
-6.751664398137436685e+00
-6.754851401094638774e+00
-6.758027606604517068e+00
-6.761191707556052144e+00
-6.764345031740624847e+00
-6.767486267285135249e+00
-6.770616746559219301e+00
-6.773735152920020042e+00
-6.776842823324385812e+00
-6.779938436351946152e+00
-6.783023333555781242e+00
-6.786096188730200041e+00
-6.789158348033463852e+00
-6.792208480466804588e+00
-6.795247936802701005e+00
-6.798275381241384530e+00
-6.801292169178672076e+00
-6.804296960005792094e+00
-6.807291113751038125e+00
-6.810273284988674014e+00
-6.813244838388619939e+00
-6.816204423700071402e+00
-6.819153410243789182e+00
-6.822090442935826005e+00
-6.825016895756979451e+00
-6.827931408781991784e+00
-6.830835360660994837e+00
-6.833727386619191435e+00
-6.836608869985346892e+00
-6.839478441126852992e+00
-6.842337488060431738e+00
-6.845184636287393154e+00
-6.848021278521795985e+00
-6.850846035390397937e+00
-6.853660304314083795e+00
-6.856462701036663887e+00
-6.859254627695252182e+00
-6.862034695142196661e+00
-6.864804310240389285e+00
-6.867562078942185622e+00
-6.870309412845767127e+00
-6.873044912994869193e+00
-6.875769995732574635e+00
-6.878483257185351363e+00
-6.881186118450803413e+00
-6.883877170729377326e+00
-6.886557839882911480e+00
-6.889226712177052292e+00
-6.891885218247550959e+00
-6.894531939416435939e+00
-6.897168311103139438e+00
-6.899792909677188391e+00
-6.902407175351480184e+00
-6.905009679534072298e+00
-6.907601867241160321e+00
-6.910182304910386542e+00
-6.912752442371123074e+00
-6.915310841081460325e+00
-6.917858955693924727e+00
-6.920395342677946537e+00
-6.922921461519158548e+00
-6.925435863689175520e+00
-6.927940013516706408e+00
-6.930432457466321416e+00
-6.932914664719926456e+00
-6.935385176725727518e+00
-6.937845467528886978e+00
-6.940294073551923404e+00
-6.942732473713417285e+00
-6.945159199400776195e+00
-6.947575734416199467e+00
-6.949980605102514808e+00
-6.952375300155778426e+00
-6.954758340864690247e+00
-6.957131220829491092e+00
-6.959492456275172323e+00
-6.961843545716431159e+00
-6.964183000304929649e+00
-6.966512323480231750e+00
-6.968830021310941980e+00
-6.971137602171923575e+00
-6.973433567038936687e+00
-6.975719429232650093e+00
-6.977993684626144777e+00
-6.980257851496387111e+00
-6.982510420603931678e+00
-6.984752915192617095e+00
-6.986983820900479536e+00
-6.989204665948887119e+00
-6.991413930843344282e+00
-6.993613148793406786e+00
-6.995800795161977170e+00
-6.997978408157539576e+00
-7.000144457990240099e+00
-7.002300487878249768e+00
-7.004444962868812574e+00
-7.006579431200562702e+00
-7.008702352747557818e+00
-7.010815280779855385e+00
-7.012916669987955487e+00
-7.015008078684237702e+00
-7.017087956365296364e+00
-7.019157866396789736e+00
-7.021216253070979185e+00
-7.023264684817822179e+00
-7.025301600714707995e+00
-7.027328574267018624e+00
-7.029344039326669957e+00
-7.031349574485572518e+00
-7.033343608359579058e+00
-7.035327724638316127e+00
-7.037300346690835262e+00
-7.039263063315709168e+00
-7.041214292624450977e+00
-7.043155628535897606e+00
-7.045085483893108957e+00
-7.047005457746601031e+00
-7.048913957660079888e+00
-7.050812587827077316e+00
-7.052699750521040478e+00
-7.054577055089965576e+00
-7.056442898505985717e+00
-7.058298895283110497e+00
-7.060143437081046969e+00
-7.061978143591351120e+00
-7.063801401150158199e+00
-7.065614834638241248e+00
-7.067416825056874963e+00
-7.069209002487749416e+00
-7.070989742585977567e+00
-7.072760680645901132e+00
-7.074520186965129298e+00
-7.076269902062420236e+00
-7.078008190866437843e+00
-7.079736699132229916e+00
-7.081453786408006046e+00
-7.083161103697026562e+00
-7.084857005155458687e+00
-7.086543147046748814e+00
-7.088217878123376003e+00
-7.089882859921002201e+00
-7.091536435776696123e+00
-7.093180272510447359e+00
-7.094812708032126380e+00
-7.096435414458195368e+00
-7.098046724259462259e+00
-7.099648314861062737e+00
-7.101238513282849496e+00
-7.102819002270902793e+00
-7.104388103382078157e+00
-7.105947504695763861e+00
-7.107495522293763912e+00
-7.109033849601144261e+00
-7.110560797212515105e+00
-7.112078063911096315e+00
-7.113583954792064290e+00
-7.115080174009347225e+00
-7.116565021146370462e+00
-7.118040205740339132e+00
-7.119504021850625364e+00
-7.120958184410315361e+00
-7.122400981942258902e+00
-7.123834134788214811e+00
-7.125255925921961442e+00
-7.126668081106656061e+00
-7.128068877754504484e+00
-7.129460047062884165e+00
-7.130839860869701674e+00
-7.132210055819523831e+00
-7.133568898163214378e+00
-7.134918130005488024e+00
-7.136256011997351933e+00
-7.137584291716681406e+00
-7.138901224201796403e+00
-7.140208562516829005e+00
-7.141504556074401933e+00
-7.142790963438085505e+00
-7.144066028381765854e+00
-7.145331514981718257e+00
-7.146585661359933006e+00
-7.147830237118718344e+00
-7.149063474714958843e+00
-7.150287149290365463e+00
-7.151499487623481421e+00
-7.152702270408807017e+00
-7.153893718733184137e+00
-7.155075618857474673e+00
-7.156246186163325085e+00
-7.157407212491538218e+00
-7.158556907505114530e+00
-7.159697068638401163e+00
-7.160825899822124363e+00
-7.161945204097953876e+00
-7.163053179650631819e+00
-7.164151635142957275e+00
-7.165238762999923239e+00
-7.166316377519301284e+00
-7.167382665352528548e+00
-7.168439446446287278e+00
-7.169484901664484156e+00
-7.170520856616755090e+00
-7.171545486365455524e+00
-7.172560622197283742e+00
-7.173564433358945003e+00
-7.174558756828299799e+00
-7.175541756022283835e+00
-7.176515273624154645e+00
-7.177477467206760942e+00
-7.178430185173130695e+00
-7.179371579237636247e+00
-7.180303503537437848e+00
-7.181224103914026102e+00
-7.182135240253154862e+00
-7.183035052508899732e+00
-7.183925406330121888e+00
-7.184804435768899822e+00
-7.185674012251818787e+00
-7.186532263914225283e+00
-7.187381067975138649e+00
-7.188218546638386997e+00
-7.189046582930192386e+00
-7.189863293107956466e+00
-7.190670566019981891e+00
-7.191466511962286923e+00
-7.192253025620153117e+00
-7.193028211313151843e+00
-7.193793969578548442e+00
-7.194548398744342599e+00
-7.195293405214847837e+00
-7.196027081311254570e+00
-7.196751339320099028e+00
-7.197464265540399531e+00
-7.198167778156189023e+00
-7.198859957428870082e+00
-7.199542727455326308e+00
-7.200214162443812960e+00
-7.200876192419411126e+00
-7.201526885521699839e+00
-7.202168177719447506e+00
-7.202798131067789100e+00
-7.203418687494780315e+00
-7.204027902955312257e+00
-7.204627725352409584e+00
-7.205216204524769630e+00
-7.205795294366139636e+00
-7.206363038583076808e+00
-7.206921397075849001e+00
-7.207468407402740418e+00
-7.208006035486473451e+00
-7.208532312720897117e+00
-7.209049211067191543e+00
-7.209554755738407650e+00
-7.210050924750297519e+00
-7.210535737118794586e+00
-7.211011176930330002e+00
-7.211475256987204929e+00
-7.211929967462842761e+00
-7.212373314929307888e+00
-7.212807295663341556e+00
-7.213229909990076294e+00
-7.213643160306040691e+00
-7.214045040672618647e+00
-7.214437559622639995e+00
-7.214818704936852178e+00
-7.215190491301025411e+00
-7.215550900198244300e+00
-7.215901952483906534e+00
-7.216241623326341781e+00
-7.216571939767389310e+00
-7.216890870643378086e+00
-7.217200449199512313e+00
-7.217498637922781235e+00
-7.217787476278727965e+00
-7.218064920387601724e+00
-7.218333015952327791e+00
-7.218589712708881834e+00
-7.218837062614759326e+00
-7.219073009004000951e+00
-7.219299610105960774e+00
-7.219514802834971157e+00
-7.219720651709581105e+00
-7.219915087206562276e+00
-7.220100180151147740e+00
-7.220273854564545957e+00
-7.220438187596213808e+00
-7.220591096793703478e+00
-7.220734665648326001e+00
-7.220866805215822026e+00
-7.220989605347127416e+00
-7.221100970587751355e+00
-7.221202997166130011e+00
-7.221293583099180680e+00
-7.221374831010740181e+00
-7.221444632370528360e+00
-7.221505096215858011e+00
-7.221554107450611326e+00
-7.221593781543711010e+00
-7.221621996814411304e+00
-7.221640875181494224e+00
-7.221648288360650980e+00
-7.221646364738854906e+00
-7.221632969409273350e+00
-7.221610237245497999e+00
-7.221576026698982353e+00
-7.221532479148528694e+00
-7.221477446384603205e+00
-7.221413076309837642e+00
-7.221337214034345919e+00
-7.221252014003376019e+00
-7.221155314627112354e+00
-7.221049276912295589e+00
-7.220931732549566995e+00
-7.220804849126122527e+00
-7.220666451593290347e+00
-7.220518714137758032e+00
-7.220359454951651657e+00
-7.220190854840390138e+00
-7.220010725216853054e+00
-7.219821253524410842e+00
-7.219620244376572238e+00
-7.219409891874091656e+00
-7.219187993810839643e+00
-7.218956750964402147e+00
-7.218713954288561219e+00
-7.218461811257408378e+00
-7.218198105964116706e+00
-7.217925052598950231e+00
-7.217640428373769623e+00
-7.217346454214871088e+00
-7.217040900432000861e+00
-7.216725994707441139e+00
-7.216399500427814750e+00
-7.216063652051434296e+00
-7.215716206020783119e+00
-7.215359403590329457e+00
-7.214990994237156841e+00
-7.214613226032204452e+00
-7.214223841465771336e+00
-7.213825095445634439e+00
-7.213414723453809074e+00
-7.212994987255436641e+00
-7.212563615302588715e+00
-7.212122876238351132e+00
-7.211670491463061161e+00
-7.211208736518512019e+00
-7.210735325731351786e+00
-7.210252541562906181e+00
-7.209758091244037992e+00
-7.209254264176569116e+00
-7.208738760473369922e+00
-7.208213876497834072e+00
-7.207677305222399688e+00
-7.207131349993247227e+00
-7.206573696619858360e+00
-7.206006655452518395e+00
-7.205427905115053377e+00
-7.204839762983247908e+00
-7.204239900472421354e+00
-7.203630642005473206e+00
-7.203009651766183907e+00
-7.202379261246213638e+00
-7.201737127374629566e+00
-7.201085588733648457e+00
-7.200422294974367254e+00
-7.199749591791392511e+00
-7.199065121534355072e+00
-7.198371237032349157e+00
-7.197665573309856235e+00
-7.196950490352620911e+00
-7.196223615836150778e+00
-7.195487316925110122e+00
-7.194739213922065169e+00
-7.193981681192994415e+00
-7.193212331643388247e+00
-7.192433546863031602e+00
-7.191642932336040239e+00
-7.190842876898678071e+00
-7.190030978589143196e+00
-7.189209633512971820e+00
-7.188376432237799207e+00
-7.187533778161290243e+00
-7.186679254355701651e+00
-7.185815271533860127e+00
-7.184939405247595445e+00
-7.184054073548039376e+00
-7.183156844441452193e+00
-7.182250143340501047e+00
-7.181331530680490793e+00
-7.180403439259052334e+00
-7.179463421914948462e+00
-7.178513918854307008e+00
-7.177552475293606626e+00
-7.176581538871124266e+00
-7.175598647155120524e+00
-7.174606255239833530e+00
-7.173601893019149855e+00
-7.172588023067124396e+00
-7.171562167577056890e+00
-7.170526796626833566e+00
-7.169479424682604574e+00
-7.168422529350327643e+00
-7.167353617342274497e+00
-7.166275173816713639e+00
-7.165184697705223371e+00
-7.164084681742803440e+00
-7.162972617053163127e+00
-7.161851003972664387e+00
-7.160717325789851984e+00
-7.159574090467082819e+00
-7.158418773430273774e+00
-7.157253890292636811e+00
-7.156076908589655616e+00
-7.154890351610375454e+00
-7.153691678972013079e+00
-7.152483421664473262e+00
-7.151263031358550570e+00
-7.150033046770264633e+00
-7.148790911595656716e+00
-7.147539172302195709e+00
-7.146275264582643061e+00
-7.145001742681379220e+00
-7.143716034259100844e+00
-7.142420701362777180e+00
-7.141113163591999324e+00
-7.139795990822102922e+00
-7.138466594562387968e+00
-7.137127552542442466e+00
-7.135776268151830415e+00
-7.134415327000409590e+00
-7.133042124328363265e+00
-7.131659253652067321e+00
-7.130264102032358942e+00
-7.128859270918436408e+00
-7.127442139161706436e+00
-7.126015316170657421e+00
-7.124576172556907672e+00
-7.123127325714833091e+00
-7.121666137985696032e+00
-7.120195234776478976e+00
-7.118711970127237443e+00
-7.117218977484550457e+00
-7.115713602556169803e+00
-7.114198486855245029e+00
-7.112670967725980731e+00
-7.111133694775293002e+00
-7.109583996952271612e+00
-7.108024531984966643e+00
-7.106452620395520725e+00
-7.104870928060618596e+00
-7.103276767043474216e+00
-7.101672811397007123e+00
-7.100056364693211108e+00
-7.098430109189072468e+00
-7.096791339932803311e+00
-7.095142747413424544e+00
-7.093481618122606136e+00
-7.091810650809494021e+00
-7.090127123376187335e+00
-7.088433742860265951e+00
-7.086727778540907963e+00
-7.085011945772573760e+00
-7.083283505178052941e+00
-7.081545180457246680e+00
-7.079794223542717369e+00
-7.078033366508658553e+00
-7.076259852563340225e+00
-7.074476422184117652e+00
-7.072680309820698064e+00
-7.070874264382769780e+00
-7.069055511526845414e+00
-7.067226808624241130e+00
-7.065385372503507178e+00
-7.063533969027020021e+00
-7.061669806160248974e+00
-7.059795658286352804e+00
-7.057908724472338413e+00
-7.056011787651974565e+00
-7.054102037958249305e+00
-7.052182266905552055e+00
-7.050249655656962489e+00
-7.048307004337739379e+00
-7.046351485104918488e+00
-7.044385906725091573e+00
-7.042407432312852045e+00
-7.040418879306693967e+00
-7.038417401742174562e+00
-7.036405825760550847e+00
-7.034381296281384088e+00
-7.032346648179790272e+00
-7.030299017222132463e+00
-7.028241247048645945e+00
-7.026170464235128144e+00
-7.024089521218411569e+00
-7.021995535345985751e+00
-7.019891367883044353e+00
-7.017774126910841126e+00
-7.015646682554836033e+00
-7.013506133591927316e+00
-7.011355359040009283e+00
-7.009191448333098151e+00
-7.007017289414042338e+00
-7.004829962335284321e+00
-7.002632363997286724e+00
-7.000421565031956561e+00
-6.998200471330320305e+00
-6.995966144064578174e+00
-6.993721498149553462e+00
-6.991463585258240521e+00
-6.989195329362742903e+00
-6.986913772597198147e+00
-6.984621848024755941e+00
-6.982316588200744079e+00
-6.980000935313425359e+00
-6.977671912299170387e+00
-6.975332470505636095e+00
-6.972979623209869970e+00
-6.970616330953606443e+00
-6.968239597313892197e+00
-6.965852392061512965e+00
-6.963451709032609571e+00
-6.961040527262333022e+00
-6.958615830804836477e+00
-6.956180607995252174e+00
-6.953731833064425771e+00
-6.951272503683331827e+00
-6.948799584218038561e+00
-6.946316081711689350e+00
-6.943818950623777297e+00
-6.941311207406262618e+00
-6.938789796570109303e+00
-6.936257744013090587e+00
-6.933711984255483074e+00
-6.931155552678238685e+00
-6.928585373768592071e+00
-6.926004492428468495e+00
-6.923409823069436975e+00
-6.920804420152566472e+00
-6.918185187971024774e+00
-6.915555190583545730e+00
-6.912911322121970237e+00
-6.910256656281686283e+00
-6.907588076990055725e+00
-6.904908667618494533e+00
-6.902215301846593043e+00
-6.899511072761653985e+00
-6.896792843751983426e+00
-6.894063717661024882e+00
-6.891320547542177266e+00
-6.888566446035762070e+00
-6.885798255816432345e+00
-6.883019099362584825e+00
-6.880225808926144992e+00
-6.877421516865282136e+00
-6.874603044965070353e+00
-6.871773535505593777e+00
-6.868929799760782551e+00
-6.866074989975339271e+00
-6.863205906867597683e+00
-6.860325712690071853e+00
-6.857431197560932112e+00
-6.854525533784194380e+00
-6.851605500833196416e+00
-6.848674281107689943e+00
-6.845728643391308488e+00
-6.842771780224349065e+00
-6.839800449655820458e+00
-6.836817854411901152e+00
-6.833820741761858386e+00
-6.830812324663705581e+00
-6.827789339561768145e+00
-6.824755009692392349e+00
-6.821706060629674440e+00
-6.818645725935352786e+00
-6.815570720267893456e+00
-6.812484287562170948e+00
-6.809383131515475363e+00
-6.806270506484115579e+00
-6.803143105158603099e+00
-6.800004192365638467e+00
-6.796850449743268463e+00
-6.793685152638104796e+00
-6.790504971589954586e+00
-6.787313192515606275e+00
-6.784106474810705834e+00
-6.780888115013149253e+00
-6.777654761328395061e+00
-6.774409720967009996e+00
-6.771149630898308125e+00
-6.767877809057662120e+00
-6.764590881132123812e+00
-6.761292175834857865e+00
-6.757978307524418859e+00
-6.754652615745420086e+00
-6.751311703481600368e+00
-6.747958921163366597e+00
-6.744590860353330442e+00
-6.741210882422732809e+00
-6.737815567466620692e+00
-6.734408287852907904e+00
-6.730985612162560194e+00
-6.727550923816653317e+00
-6.724100779835557873e+00
-6.720638574750799954e+00
-6.717160853975499002e+00
-6.713671023209673905e+00
-6.710165616212494299e+00
-6.706648049911264842e+00
-6.703114846364422341e+00
-6.699569433786138006e+00
-6.696008322487292830e+00
-6.692434952029256756e+00
-6.688845820928414732e+00
-6.685244380154513166e+00
-6.681627116382432341e+00
-6.677997492052185180e+00
-6.674351981950123580e+00
-6.670694060049251028e+00
-6.667020189200198566e+00
-6.663333854972516512e+00
-6.659631508233905706e+00
-6.655916646214756760e+00
-6.652185707752495070e+00
-6.648442201803584695e+00
-6.644682555127710444e+00
-6.640910288473338419e+00
-6.637121816474937042e+00
-6.633320671739803664e+00
-6.629503256729518235e+00
-6.625673115977810390e+00
-6.621826639725669317e+00
-6.617967384501719508e+00
-6.614091728278467031e+00
-6.610203239648747342e+00
-6.606298284268551591e+00
-6.602380442865070087e+00
-6.598446068729686864e+00
-6.594498754794861917e+00
-6.590534841939116539e+00
-6.586557935371994077e+00
-6.582564363510702954e+00
-6.578557743914522860e+00
-6.574534392490730461e+00
-6.570497939221845662e+00
-6.566444687456454155e+00
-6.562378279674616621e+00
-6.558295006617262501e+00
-6.554198523337182891e+00
-6.550085107918449445e+00
-6.545958428062577106e+00
-6.541814749147469854e+00
-6.537657751600166378e+00
-6.533483688042794668e+00
-6.529296251705583032e+00
-6.525091682405043336e+00
-6.520873686253139567e+00
-6.516638490210604928e+00
-6.512389813350498713e+00
-6.508123869727445054e+00
-6.503844391455708696e+00
-6.499547579633166094e+00
-6.495237179496272439e+00
-6.490909379135190171e+00
-6.486567936990397243e+00
-6.482209028093034675e+00
-6.477836424170214435e+00
-6.473446287142481381e+00
-6.469042402106961909e+00
-6.464620917821634727e+00
-6.460185632837887049e+00
-6.455732682698784863e+00
-6.451265879495035271e+00
-6.446781345502015093e+00
-6.442282906435542245e+00
-6.437766671250181538e+00
-6.433236479373491967e+00
-6.428688426385651411e+00
-6.424126365513268766e+00
-6.419546378908132844e+00
-6.414952333684087904e+00
-6.410340298509952461e+00
-6.405714154475782962e+00
-6.401069956712440501e+00
-6.396411600375804696e+00
-6.391735127003272510e+00
-6.387044445906971291e+00
-6.382335584974752507e+00
-6.377612467766180515e+00
-6.372871108462906165e+00
-6.368115444963870608e+00
-6.363341477687265879e+00
-6.358553158963989205e+00
-6.353746475391021775e+00
-6.348925393824550234e+00
-6.344085886981814859e+00
-6.339231936338366680e+00
-6.334359500672593235e+00
-6.329472576174173248e+00
-6.324567107622774742e+00
-6.319647106017677984e+00
-6.314708502079301233e+00
-6.309755321712645859e+00
-6.304783481517638677e+00
-6.299797022401759428e+00
-6.294791846782427314e+00
-6.289772010667118884e+00
-6.284733402227909771e+00
-6.279680092670353986e+00
-6.274607955857600672e+00
-6.269521078292065397e+00
-6.264415319463462417e+00
-6.259294781270510200e+00
-6.254155308764168808e+00
-6.249001019339508467e+00
-6.243827743542470721e+00
-6.238639614365196984e+00
-6.233432447781483532e+00
-6.228210392481786428e+00
-6.222969249799678693e+00
-6.217713184225841516e+00
-6.212437982384583890e+00
-6.207147824669340785e+00
-6.201838482925057683e+00
-6.196514153550998216e+00
-6.191170593541712286e+00
-6.185812015405992348e+00
-6.180434161215820232e+00
-6.175041259693841766e+00
-6.169629037916208425e+00
-6.164201740924288409e+00
-6.158755080724120923e+00
-6.153293318781160259e+00
-6.147812151955938553e+00
-6.142315858243986071e+00
-6.136800119283683408e+00
-6.131269229707229762e+00
-6.125718855853071965e+00
-6.120153309097129402e+00
-6.114568240398972065e+00
-6.108967977985925835e+00
-6.103348157358420956e+00
-6.097713123703404570e+00
-6.092058496980653715e+00
-6.086388639445519999e+00
-6.080699155434396097e+00
-6.074994424380319558e+00
-6.069270034912173983e+00
-6.063530383750569186e+00
-6.057771043731479566e+00
-6.051996428973438924e+00
-6.046202096432767625e+00
-6.040392477736869381e+00
-6.034563113874216178e+00
-6.028718454092551582e+00
-6.022854023322960160e+00
-6.016974288545581473e+00
-6.011074758543057506e+00
-6.005159918140492437e+00
-5.999225259879639616e+00
-5.993275286543722657e+00
-5.987305474339647660e+00
-5.981320344122400101e+00
-5.975315355668634254e+00
-5.969295048019343852e+00
-5.963254864423926271e+00
-5.957199362224174344e+00
-5.951123968043755319e+00
-5.945033257640629287e+00
-5.938922640912596584e+00
-5.932796712149739804e+00
-5.926650864422358111e+00
-5.920489710669135874e+00
-5.914308627029573273e+00
-5.908112245208111624e+00
-5.901895924308510288e+00
-5.895664314918660054e+00
-5.889412759000014930e+00
-5.883145926142228532e+00
-5.876859141056184122e+00
-5.870557092452276748e+00
-5.864235087680882863e+00
-5.857897834692646910e+00
-5.851540623365798943e+00
-5.845168181011446862e+00
-5.838775779922285913e+00
-5.832368166890785410e+00
-5.825940596508923264e+00
-5.819497835172048994e+00
-5.813035119654553995e+00
-5.806557236076864470e+00
-5.800059403277082914e+00
-5.793546427223682294e+00
-5.787013508697885555e+00
-5.780465473639861074e+00
-5.773897504651708701e+00
-5.767314447769619434e+00
-5.760711467292311205e+00
-5.754093429477230792e+00
-5.747455480193687904e+00
-5.740802506046204456e+00
-5.734129634346800231e+00
-5.727441772173789580e+00
-5.720734028152130612e+00
-5.714011329961376617e+00
-5.707268767407704502e+00
-5.700511288900340645e+00
-5.693733965292977039e+00
-5.686941765853716468e+00
-5.680129742348216659e+00
-5.673302885033528753e+00
-5.666456226449752442e+00
-5.659594777973893542e+00
-5.652713552780968875e+00
-5.645817583499884940e+00
-5.638901863799083536e+00
-5.631971447692246002e+00
-5.625021309197733466e+00
-5.618056523847943851e+00
-5.611072045865596714e+00
-5.604072972436702216e+00
-5.597054237840769275e+00
-5.590020961053384418e+00
-5.582968056261287337e+00
-5.575900664366603365e+00
-5.568813679311621634e+00
-5.561712264063213063e+00
-5.554591292165398819e+00
-5.547455948789050240e+00
-5.540301086924137586e+00
-5.533131914085934078e+00
-5.525943262552400093e+00
-5.518740362324884074e+00
-5.511518024809172189e+00
-5.504281502635635093e+00
-5.497025586175706913e+00
-5.489755550832836839e+00
-5.482466165779730893e+00
-5.475162729338421741e+00
-5.467839989316315652e+00
-5.460503267100859759e+00
-5.453147288965357831e+00
-5.445777399510904004e+00
-5.438388303305745630e+00
-5.430985368314193984e+00
-5.423563277226315371e+00
-5.416127421520674723e+00
-5.408672461833763379e+00
-5.401203813310958779e+00
-5.393716114357476776e+00
-5.386214803939684437e+00
-5.378694498051532769e+00
-5.371160659636062817e+00
-5.363607882093734958e+00
-5.356041652501557060e+00
-5.348456541481979798e+00
-5.340858060404971575e+00
-5.333240756928058879e+00
-5.325610166874826135e+00
-5.317960814748718512e+00
-5.310298260989393171e+00
-5.302617006754545059e+00
-5.294922637264153131e+00
-5.287209630136224803e+00
-5.279483595537143970e+00
-5.271738987348811634e+00
-5.263981440851953408e+00
-5.256205385993622414e+00
-5.248416483338739447e+00
-5.240609138698259173e+00
-5.232789038093207168e+00
-5.224950562994650660e+00
-5.217099425053654649e+00
-5.209229981195166559e+00
-5.201347968876322447e+00
-5.193447720267155177e+00
-5.185534998808962293e+00
-5.177604111705667478e+00
-5.169660848562945610e+00
-5.161699491404725393e+00
-5.153725856183707599e+00
-5.145734199527288943e+00
-5.137730363919977172e+00
-5.129708580373631754e+00
-5.121674718091652423e+00
-5.113622982248622328e+00
-5.105559268956449515e+00
-5.097477757327978587e+00
-5.089384370575613659e+00
-5.081273261523304718e+00
-5.073150380678451477e+00
-5.065009854346252283e+00
-5.056857660526124398e+00
-5.048687898771888172e+00
-5.040506574774610726e+00
-5.032307761101288968e+00
-5.024097491336969590e+00
-5.015869810823496699e+00
-5.007630781244948537e+00
-4.999374420476864422e+00
-4.991106818510209209e+00
-4.982821965510074946e+00
-4.974525979984985469e+00
-4.966212824142604454e+00
-4.957888645222573665e+00
-4.949547377225061773e+00
-4.941195196337417883e+00
-4.932826008099244319e+00
-4.924446017865175662e+00
-4.916049102458133646e+00
-4.907641496622691335e+00
-4.899217048205826153e+00
-4.890782021567906312e+00
-4.882330235317541067e+00
-4.873867983659958547e+00
-4.865389055699763432e+00
-4.856899775719420553e+00
-4.848393903050649989e+00
-4.839877792288798553e+00
-4.831345172720590497e+00
-4.822802429493378895e+00
-4.814243261573316168e+00
-4.805674084902430643e+00
-4.797088567847354490e+00
-4.788493157390955268e+00
-4.779881491017976991e+00
-4.771260047001924853e+00
-4.762622431659760736e+00
-4.753975154809165993e+00
-4.745311791309815952e+00
-4.736638882780886739e+00
-4.727949972331666473e+00
-4.719251633643978927e+00
-4.710537377779960622e+00
-4.701813810749194467e+00
-4.693074411266024981e+00
-4.684325817936922931e+00
-4.675561476824169560e+00
-4.666788059404264111e+00
-4.657998978779135157e+00
-4.649200939572732949e+00
-4.640387321614449334e+00
-4.631564862957223028e+00
-4.622726909841705201e+00
-4.613880234035854677e+00
-4.605018147871225764e+00
-4.596147457121117164e+00
-4.587261439883590697e+00
-4.578366936232119322e+00
-4.569457189702469613e+00
-4.560539074967886464e+00
-4.551605800668760082e+00
-4.542664276382185840e+00
-4.533707675515773694e+00
-4.524742942859417028e+00
-4.515763216246001299e+00
-4.506775475991967816e+00
-4.497772824008974268e+00
-4.488762276458791334e+00
-4.479736898980652526e+00
-4.470703743905473537e+00
-4.461655840244135085e+00
-4.452600276825688042e+00
-4.443530045671875151e+00
-4.434452272444080911e+00
-4.425359911809227498e+00
-4.416260126600629832e+00
-4.407145833759609665e+00
-4.398024233636491864e+00
-4.388888205071065585e+00
-4.379744986281338903e+00
-4.370587417624420823e+00
-4.361422775542320274e+00
-4.352243861522939739e+00
-4.343057990594408224e+00
-4.333857924983469445e+00
-4.324651018672434510e+00
-4.315429994229290855e+00
-4.306202244964619119e+00
-4.296960453384451206e+00
-4.287712052507786531e+00
-4.278449684369634909e+00
-4.269180822083982640e+00
-4.259898066799798322e+00
-4.250608932118916883e+00
-4.241305977883190970e+00
-4.231996758581771267e+00
-4.222673792322135355e+00
-4.213344674886826624e+00
-4.204001882215309571e+00
-4.194653051796499277e+00
-4.185290616961749421e+00
-4.175922257326132758e+00
-4.166540363166260974e+00
-4.157152656650269229e+00
-4.147751484546610357e+00
-4.138344612010612877e+00
-4.128924341842192369e+00
-4.119498482625444602e+00
-4.110059292724340452e+00
-4.100614624600785518e+00
-4.091156691708143001e+00
-4.081693390842946023e+00
-4.072216890065931238e+00
-4.062735130972787267e+00
-4.053240235742104680e+00
-4.043740191241386839e+00
-4.034227073269781805e+00
-4.024708914447378660e+00
-4.015177743688703949e+00
-4.005641639855618941e+00
-3.996092584464756126e+00
-3.986538703117493032e+00
-3.976971929411029283e+00
-3.967400436192650925e+00
-3.957816108610161532e+00
-3.948227167272148730e+00
-3.938625448338303858e+00
-3.929019220703046322e+00
-3.919400270990448298e+00
-3.909776916914483813e+00
-3.900140895007041308e+00
-3.890500572344971708e+00
-3.880847634802086610e+00
-3.871190499371186533e+00
-3.861520800692582078e+00
-3.851847006238007243e+00
-3.842160698829165888e+00
-3.832470396989900774e+00
-3.822767631128160648e+00
-3.813060971403503530e+00
-3.803341895204781498e+00
-3.793619024921500049e+00
-3.783883784307588094e+00
-3.774144848587651868e+00
-3.764393587254162288e+00
-3.754638728983042295e+00
-3.744871588367831627e+00
-3.735100948163447843e+00
-3.725318067415640311e+00
-3.715531783597719961e+00
-3.705733299547272264e+00
-3.695931508107289876e+00
-3.686117555235076004e+00
-3.676300389806803626e+00
-3.666471100215093593e+00
-3.656638692045428574e+00
-3.646794195429009733e+00
-3.636946673349451764e+00
-3.627087096967003266e+00
-3.617224587365500899e+00
-3.607350056011585426e+00
-3.597472682804798261e+00
-3.587583318782121999e+00
-3.577691203388081664e+00
-3.567787126480191695e+00
-3.557880387791396259e+00
-3.547961715235735447e+00
-3.538040469592496962e+00
-3.528107316053784359e+00
-3.518171677218032034e+00
-3.508224154762012770e+00
-3.498274233891273344e+00
-3.488312451958614613e+00
-3.478348357580379524e+00
-3.468372422960995127e+00
-3.458394260947273313e+00
-3.448404277754755665e+00
-3.438412151296879937e+00
-3.428408220943258033e+00
-3.418402230526857100e+00
-3.408384451697371809e+00
-3.398364695077618070e+00
-3.388333163705830042e+00
-3.378299735882696719e+00
-3.368254545125559662e+00
-3.358207538319311070e+00
-3.348148778532423542e+00
-3.338088282159086706e+00
-3.328016040872047387e+00
-3.317942141519048427e+00
-3.307856503410685711e+00
-3.297769284812413826e+00
-3.287670331686243674e+00
-3.277569874699647556e+00
-3.267457685459059569e+00
-3.257344068039244700e+00
-3.247218718662780113e+00
-3.237092015838481274e+00
-3.226953579354963964e+00
-3.216813863203908941e+00
-3.206662409667463631e+00
-3.196509749291602365e+00
-3.186345345756445013e+00
-3.176179807257100585e+00
-3.166002517752145806e+00
-3.155824164204738658e+00
-3.145634049708030400e+00
-3.135442941136770134e+00
-3.125240059549520666e+00
-3.115036252901626224e+00
-3.104820659022030416e+00
-3.094604208141776169e+00
-3.084375953638331946e+00
-3.074146909240619507e+00
-3.063906042625153425e+00
-3.053664452268676666e+00
-3.043411018868960483e+00
-3.033156926928945119e+00
-3.022890968860571181e+00
-3.012624416501039626e+00
-3.002345972639036464e+00
-2.992066997784441185e+00
-2.981776103734149697e+00
-2.971484741040422151e+00
-2.961181429107770047e+00
-2.950877709932787418e+00
-2.940562009093828699e+00
-2.930245961467119020e+00
-2.919917897336885115e+00
-2.909589545928687571e+00
-2.899249140729197372e+00
-2.888908506818481658e+00
-2.878555779345941978e+00
-2.868202880787876552e+00
-2.857837846378880275e+00
-2.847472697571115319e+00
-2.837095368068003776e+00
-2.826717979916096191e+00
-2.816328363631091403e+00
-2.805938743512935041e+00
-2.795536845191361586e+00
-2.785134996920352268e+00
-2.774720817702581943e+00
-2.764306741489709562e+00
-2.753880278871807974e+00
-2.743453971286527349e+00
-2.733015219079714342e+00
-2.722576673009333259e+00
-2.712125621297991618e+00
-2.701674825905887811e+00
-2.691211461004008321e+00
-2.680748401686147808e+00
-2.670272706092338577e+00
-2.659797364432339162e+00
-2.649309316783140744e+00
-2.638821670505649752e+00
-2.628321245527060590e+00
-2.617821268449436189e+00
-2.607308436906669691e+00
-2.596796098888672244e+00
-2.586270827533950101e+00
-2.575746094425723332e+00
-2.565208345943930102e+00
-2.554671179531680103e+00
-2.544120912484065578e+00
-2.533571270433755185e+00
-2.523008439199161401e+00
-2.512446274997814033e+00
-2.501870829711604571e+00
-2.491296092606345436e+00
-2.480707979096780758e+00
-2.470120614031137141e+00
-2.459519773753122696e+00
-2.448919721300845342e+00
-2.438306091266818409e+00
-2.427693287562839419e+00
-2.417066800270711635e+00
-2.406441176939066118e+00
-2.395801760297108896e+00
-2.385163244375790637e+00
-2.374510821624184587e+00
-2.363859335486791391e+00
-2.353193825115662108e+00
-2.342529286389414711e+00
-2.331850602053347821e+00
-2.321172923533541876e+00
-2.310480973962127482e+00
-2.299790063522746841e+00
-2.289084752427121838e+00
-2.278380512927359547e+00
-2.267661738902442714e+00
-2.256944068088913458e+00
-2.246211724511125496e+00
-2.235480514915565209e+00
-2.224734489835743734e+00
-2.213989628667897058e+00
-2.203229804699262662e+00
-2.192471173734773959e+00
-2.181697427935433975e+00
-2.170924903398424810e+00
-2.160137107148269564e+00
-2.149350559588142140e+00
-2.138548578459871674e+00
-2.127747872622258285e+00
-2.116931566246040841e+00
-2.106116560937438376e+00
-2.095285782858830270e+00
-2.084456330804501434e+00
-2.073610928335450687e+00
-2.062766876030309060e+00
-2.051906690092459407e+00
-2.041047877644385000e+00
-2.030172742604689162e+00
-2.019299003569985818e+00
-2.008408747067593758e+00
-1.997519908277908041e+00
-1.986614351042443216e+00
-1.975710232422801971e+00
-1.964789188082807447e+00
-1.953869602460176935e+00
-1.942932877341700504e+00
-1.931997630243288633e+00
-1.921045023157543330e+00
-1.910093912598568977e+00
-1.899125214618338608e+00
-1.888158030878104299e+00
-1.877173025101799508e+00
-1.866189550487817428e+00
-1.855188011790601443e+00
-1.844188020389526894e+00
-1.833169715160582136e+00
-1.822152972575417973e+00
-1.811117658440455136e+00
-1.800083921512846130e+00
-1.789031347040685560e+00
-1.777980363557428944e+00
-1.766910267949786784e+00
-1.755841776332469406e+00
-1.744753889095502997e+00
-1.733667618071916161e+00
-1.722561658668495088e+00
-1.711457326924709310e+00
-1.700333004405754522e+00
-1.689210320217308547e+00
-1.678067332830849301e+00
-1.666925993671617423e+00
-1.655764028447718195e+00
-1.644603720574771666e+00
-1.633422452884733200e+00
-1.622242850897190891e+00
-1.611041943984857783e+00
-1.599842710355086295e+00
-1.588621814838053758e+00
-1.577402599412686124e+00
-1.566161352751181290e+00
-1.554921792219725818e+00
-1.543659818150435958e+00
-1.532399535478904840e+00
-1.521116443410813313e+00
-1.509835047237309213e+00
-1.498530431606559077e+00
-1.487227515595896943e+00
-1.475900955175889262e+00
-1.464576097329479909e+00
-1.453227154492782391e+00
-1.441879916410151896e+00
-1.430508136337383274e+00
-1.419138062424927904e+00
-1.407742972256483371e+00
-1.396349588878713188e+00
-1.384930696803703176e+00
-1.373513511371931228e+00
-1.362070305648462210e+00
-1.350628805640820662e+00
-1.339160753541449589e+00
-1.327694405447914283e+00
-1.316200952122807966e+00
-1.304709200307955008e+00
-1.293189767557490155e+00
-1.281672033032796643e+00
-1.270126017980920619e+00
-1.258581697077628458e+00
-1.247008470735298413e+00
-1.235436933667418469e+00
-1.223835839375009948e+00
-1.212236428681263467e+00
-1.200606780416670460e+00
-1.188978809268076420e+00
-1.177319889805846787e+00
-1.165662640164474739e+00
-1.153973699069620995e+00
-1.142286419681521004e+00
-1.130566671118494737e+00
-1.118848575322346939e+00
-1.107097195657890554e+00
-1.095347458987197875e+00
-1.083563584162311910e+00
-1.071781341716514291e+00
-1.059964064358800639e+00
-1.048148407915084013e+00
-1.036296774159105372e+00
-1.024446748991768130e+00
-1.012559754969110992e+00
-1.000674356339011029e+00
-9.887509442945763283e-01
-9.768291135642852563e-01
-9.648681675473462782e-01
-9.529087878714110893e-01
-9.409091289418256565e-01
-9.289110204718517005e-01
-9.168714013513563632e-01
-9.048333158860824010e-01
-8.927524149717473989e-01
-8.806730299694315311e-01
-8.685494446115860079e-01
-8.564273564664061089e-01
-8.442595953942209075e-01
-8.320933118604948442e-01
-8.198797866159065473e-01
-8.076677182403001476e-01
-7.954067334521888188e-01
-7.831471838462068513e-01
-7.708369261418424045e-01
-7.585280808912584494e-01
-7.461666061973909470e-01
-7.338065201611730926e-01
-7.213917390913009431e-01
-7.089783217865087694e-01
-6.965079827394216050e-01
-6.840389814370746446e-01
-6.715106509400788903e-01
-6.589836310053588386e-01
-6.463946707164649474e-01
-6.338069926075518001e-01
-6.211545322345746190e-01
-6.085033244180091394e-01
-5.957842296060877896e-01
-5.830663564398450571e-01
-5.702771904006792569e-01
-5.574892137585663043e-01
-5.446261910377947491e-01
-5.317643240711912300e-01
-5.188232543303196165e-01
-5.058833052435653954e-01
-4.928595242050772263e-01
-4.798368271928473705e-01
-4.667251108600284359e-01
-4.536144403182349460e-01
-4.404088970770798084e-01
-4.272043596940927612e-01
-4.138982926731097356e-01
-4.005931897767724958e-01
-3.871789184529655370e-01
-3.737655676010140926e-01
-3.602341923552340175e-01
-3.467036918714426763e-01
-3.330447766951777355e-01
-3.193866883522599731e-01
-3.055878227389367541e-01
-2.917897336192777913e-01
-2.778359100659279490e-01
-2.638828100234115182e-01
-2.497555086957765347e-01
-2.356288749677969141e-01
-2.213046603322655903e-01
-2.069810540982648384e-01
-1.924293081535599359e-01
-1.778781076614055212e-01
-1.630571149338265469e-01
-1.482366003358990547e-01
-1.330861533981894385e-01
-1.179361120126546508e-01
-1.023616671223545604e-01
-8.678754861130535958e-02
-7.061903238790137594e-02
-5.445075447783224304e-02
-3.729152739499861507e-02
-2.013243673774220421e-02
8.231093047372696830e-16
