0.000000000000000000e+00
0.000000000000000000e+00
0.000000000000000000e+00
0.000000000000000000e+00
0.000000000000000000e+00
0.000000000000000000e+00
0.000000000000000000e+00
-2.766055926909188665e-244
-1.981036418811882612e-178
-1.562051370032359222e-134
-4.967450055129886513e-104
-3.987371905601822981e-82
-5.698288616009346555e-66
-8.610338033117081257e-54
-1.937994513371246482e-44
-3.819167937009105498e-37
-2.231957392656993695e-31
-9.148209552626671839e-27
-4.888759328420696639e-23
-5.367066071730597165e-20
-1.698390967494736101e-17
-2.000799391324184087e-15
-1.076785597250123360e-13
-2.998183831590162723e-12
-4.995061197769849063e-11
-5.418544382715596579e-10
-4.123286988042840800e-09
-2.336799280062506620e-08
-1.035293716396415054e-07
-3.730174515759732513e-07
-1.129011748048626002e-06
-2.948454201720959724e-06
-6.793033294845754648e-06
-1.406543848619176667e-05
-2.658309778647028612e-05
-4.646156039189658436e-05
-7.592920485736358706e-05
-1.171143772227815932e-04
-1.718492580337870599e-04
-2.415241488028310464e-04
-3.270085825308530333e-04
-4.286388691166552294e-04
-5.462598387927894601e-04
-6.793029260897954624e-04
-8.268823876955825897e-04
-9.878944513782767813e-04
-1.161108639790176889e-03
-1.345244994411304166e-03
-1.539034642717659147e-03
-1.741263810488574530e-03
-1.950803011826006406e-03
-2.166623946010591377e-03
-2.387806834948524078e-03
-2.613540770713184812e-03
-2.843119285442122918e-03
-3.075932928233279708e-03
-3.311460212222925008e-03
-3.549257920998484181e-03
-3.788951454076607949e-03
-4.030225648607758775e-03
-4.272816332837408269e-03
-4.516502736621270421e-03
-4.761100795077174985e-03
-5.006457323553235167e-03
-5.252445007235596354e-03
-5.498958130076051463e-03
-5.745908960283735434e-03
-5.993224709315620249e-03
-6.240844985400899499e-03
-6.488719669269873459e-03
-6.736807147402346443e-03
-6.985072846095246972e-03
-7.233488017328830802e-03
-7.482028734527583665e-03
-7.730675062708727320e-03
-7.979410373141560334e-03
-8.228220777518512746e-03
-8.477094660814676538e-03
-8.726022295544881915e-03
-8.974995523125903207e-03
-9.224007490507637325e-03
-9.473052432351072513e-03
-9.722125490710161605e-03
-9.971222565636967891e-03
-1.022034019126749453e-02
-1.046947543293251688e-02
-1.071862580161716400e-02
-1.096778918277321185e-02
-1.121696377696943143e-02
-1.146614805037209431e-02
-1.171534069335430223e-02
-1.196454058585547965e-02
-1.221374676834755674e-02
-1.246295841746447239e-02
-1.271217482551563992e-02
-1.296139538323841725e-02
-1.321061956525555400e-02
-1.345984691779477521e-02
-1.370907704830273688e-02
-1.395830961664783557e-02
-1.420754432765828495e-02
-1.445678092477676625e-02
-1.470601918467493580e-02
-1.495525891264603072e-02
-1.520449993868567759e-02
-1.545374211413687131e-02
-1.570298530881876833e-02
-1.595222940856525634e-02
-1.620147431311167938e-02
-1.645071993427784859e-02
-1.669996619440352464e-02
-1.694921302499935445e-02
-1.719846036558199398e-02
-1.744770816266682026e-02
-1.769695636889563606e-02
-1.794620494228042762e-02
-1.819545384554661568e-02
-1.844470304556210249e-02
-1.869395251284017984e-02
-1.894320222110615348e-02
-1.919245214691914572e-02
-1.944170226934145360e-02
-1.969095256964919355e-02
-1.994020303107983672e-02
-2.018945363860493239e-02
-2.043870437874440588e-02
-2.068795523938512029e-02
-2.093720620963441387e-02
-2.118645727968580111e-02
-2.143570844070128920e-02
-2.168495968470735349e-02
-2.193421100450301808e-02
-2.218346239357832372e-02
-2.243271384604218419e-02
-2.268196535655826740e-02
-2.293121692028898470e-02
-2.318046853284008030e-02
-2.342972019022513189e-02
-2.367897188881578491e-02
-2.392822362531160998e-02
-2.417747539670330945e-02
-2.442672720024887528e-02
-2.467597903344900118e-02
-2.492523089401442807e-02
-2.517448277985891852e-02
-2.542373468907111259e-02
-2.567298661989800626e-02
-2.592223857073865795e-02
-2.617149054012119294e-02
-2.642074252669645087e-02
-2.666999452922131503e-02
-2.691924654655954152e-02
-2.716849857765932935e-02
-2.741775062155497183e-02
-2.766700267735957078e-02
-2.791625474424982642e-02
-2.816550682146970810e-02
-2.841475890831925144e-02
-2.866401100415548117e-02
-2.891326310837736072e-02
-2.916251522043519437e-02
-2.941176733981639216e-02
-2.966101946604693396e-02
-2.991027159868734492e-02
-3.015952373732991645e-02
-3.040877588159615966e-02
-3.065802803113451200e-02
-3.090728018561822443e-02
-3.115653234474337341e-02
-3.140578450822716777e-02
-3.165503667580626956e-02
-3.190428884723534031e-02
-3.215354102228563937e-02
-3.240279320074383740e-02
-3.265204538241081589e-02
-3.290129756710064024e-02
-3.315054975463961606e-02
-3.339980194486532467e-02
-3.364905413762586672e-02
-3.389830633277910593e-02
-3.414755853019193349e-02
-3.439681072973965748e-02
-3.464606293130540610e-02
-3.489531513478058566e-02
-3.514456734005946131e-02
-3.539381954704841349e-02
-3.564307175565585573e-02
-3.589232396579659229e-02
-3.614157617739059691e-02
-3.639082839036256872e-02
-3.664008060464168243e-02
-3.688933282016124138e-02
-3.713858503685845552e-02
-3.738783725467510755e-02
-3.763708947355352830e-02
-3.788634169344110708e-02
-3.813559391429017370e-02
-3.838484613605292611e-02
-3.863409835868516357e-02
-3.888335058214514167e-02
-3.913260280639337119e-02
-3.938185503139352006e-02
-3.963110725710838889e-02
-3.988035948350458770e-02
-4.012961171055247356e-02
-4.037886393822116143e-02
-4.062811616648229901e-02
-4.087736839530906746e-02
-4.112662062467696555e-02
-4.137587285455898711e-02
-4.162512508493512037e-02
-4.187437731578268901e-02
-4.212362954708107066e-02
-4.237288177881068374e-02
-4.262213401095293203e-02
-4.287138624349014215e-02
-4.312063847640550118e-02
-4.336989070968303578e-02
-4.361914294330754976e-02
-4.386839517726459636e-02
-4.411764741154040881e-02
-4.436689964612282322e-02
-4.461615188099646995e-02
-4.486540411615237006e-02
-4.511465635157820009e-02
-4.536390858726316311e-02
-4.561316082319792631e-02
-4.586241305936974988e-02
-4.611166529577215983e-02
-4.636091753239523355e-02
-4.661016976923042926e-02
-4.685942200626957294e-02
-4.710867424350484445e-02
-4.735792648092882612e-02
-4.760717871853439864e-02
-4.785643095631472027e-02
-4.810568319426328926e-02
-4.835493543237387448e-02
-4.860418767064051543e-02
-4.885343990905748751e-02
-4.910269214761932982e-02
-4.935194438632084513e-02
-4.960119662515696110e-02
-4.985044886412292459e-02
-5.009970110321409348e-02
-5.034895334242606851e-02
-5.059820558175461697e-02
-5.084745782119570734e-02
-5.109671006074541222e-02
-5.134596230039997766e-02
-5.159521454015586484e-02
-5.184446678000959735e-02
-5.209371901995885762e-02
-5.234297125999755329e-02
-5.259222350012553865e-02
-5.284147574033987160e-02
-5.309072798063484144e-02
-5.333998022101064246e-02
-5.358923246146371500e-02
-5.383848470199154024e-02
-5.408773694259168957e-02
-5.433698918326186622e-02
-5.458624142399986362e-02
-5.483549366480348908e-02
-5.508474590567166013e-02
-5.533399814660042160e-02
-5.558325038758792080e-02
-5.583250262863512225e-02
-5.608175486973644708e-02
-5.633100711089307489e-02
-5.658025935210235502e-02
-5.682951159336269847e-02
-5.707876383467256481e-02
-5.732801607603048299e-02
-5.757726831743598117e-02
-5.782652055888478498e-02
-5.807577280037843487e-02
-5.832502504191471732e-02
-5.857427728349235557e-02
-5.882352952511015615e-02
-5.907278176676699494e-02
-5.932203400846170621e-02
-5.957128625019323526e-02
-5.982053849196052736e-02
-6.006979073376256945e-02
-6.031904297559841088e-02
-6.056829521746803086e-02
-6.081754745936764073e-02
-6.106679970130024504e-02
-6.131605194326109065e-02
-6.156530418525224535e-02
-6.181455642727200217e-02
-6.206380866931951457e-02
-6.231306091139503928e-02
-6.256231315349494726e-02
-6.281156539562239571e-02
-6.306081763777285354e-02
-6.331006987994951263e-02
-6.355932212214789045e-02
-6.380857436437023522e-02
-6.405782660661500649e-02
-6.430707884888163528e-02
-6.455633109116951096e-02
-6.480558333347813393e-02
-6.505483557580792053e-02
-6.530408781815549846e-02
-6.555334006052321305e-02
-6.580259230290962102e-02
-6.605184454531527749e-02
-6.630109678773676851e-02
-6.655034903017659209e-02
-6.679960127263333269e-02
-6.704885351510751768e-02
-6.729810575759592739e-02
-6.754735800010099045e-02
-6.779661024262140234e-02
-6.804586248515676061e-02
-6.829511472770675995e-02
-6.854436697027101177e-02
-6.879361921284914139e-02
-6.904287145544089899e-02
-6.929212369804593763e-02
-6.954137594066391037e-02
-6.979062818329456741e-02
-7.003988042593757568e-02
-7.028913266859265763e-02
-7.053838491125957733e-02
-7.078763715393801559e-02
-7.103688939662777813e-02
-7.128614163932847636e-02
-7.153539388203999927e-02
-7.178464612476201379e-02
-7.203389836749435338e-02
-7.228315061023674049e-02
-7.253240285298896695e-02
-7.278165509575085235e-02
-7.303090733852210525e-02
-7.328015958130258689e-02
-7.352941182409207521e-02
-7.377866406689038981e-02
-7.402791630969732251e-02
-7.427716855251267902e-02
-7.452642079533629282e-02
-7.477567303816798350e-02
-7.502492528100761227e-02
-7.527417752385494321e-02
-7.552342976670989305e-02
-7.577268200957225364e-02
-7.602193425244188618e-02
-7.627118649531865191e-02
-7.652043873820235653e-02
-7.676969098109291678e-02
-7.701894322399015225e-02
-7.726819546689393803e-02
-7.751744770980413535e-02
-7.776669995272063318e-02
-7.801595219564425032e-02
-7.826520443857196141e-02
-7.851445668150658364e-02
-7.876370892444702065e-02
-7.901296116739311981e-02
-7.926221341034475620e-02
-7.951146565330191596e-02
-7.976071789626444641e-02
-8.000997013923218104e-02
-8.025922238220509208e-02
-8.050847462518302688e-02
-8.075772686816595769e-02
-8.100697911115373184e-02
-8.125623135414626608e-02
-8.150548359714349100e-02
-8.175473584014529560e-02
-8.200398808315161048e-02
-8.225324032616233849e-02
-8.250249256917741025e-02
-8.275174481219672862e-02
-8.300099705522021032e-02
-8.325024929824778597e-02
-8.349950154127941393e-02
-8.374875378431498318e-02
-8.399800602735442434e-02
-8.424725827039766801e-02
-8.449651051344467256e-02
-8.474576275649532697e-02
-8.499501499954956185e-02
-8.524426724260739108e-02
-8.549351948566866199e-02
-8.574277172873334685e-02
-8.599202397180140400e-02
-8.624127621487272244e-02
-8.649052845794732991e-02
-8.673978070102508764e-02
-8.698903294410598175e-02
-8.723828518718995673e-02
-8.748753743027692931e-02
-8.773678967336684398e-02
-8.798604191645970074e-02
-8.823529415955545796e-02
-8.848454640265399074e-02
-8.873379864575528519e-02
-8.898305088885932745e-02
-8.923230313196700569e-02
-8.948155537507537782e-02
-8.973080761818733042e-02
-8.998005986130178102e-02
-9.022931210441875738e-02
-9.047856434753819010e-02
-9.072781659066002369e-02
-9.097706883378427201e-02
-9.122632107691085179e-02
-9.147557332003973529e-02
-9.172482556317183844e-02
-9.197407780630424690e-02
-9.222333004943980561e-02
-9.247258229257848683e-02
-9.272183453571736234e-02
-9.297108677885930483e-02
-9.322033902200332900e-02
-9.346959126514933769e-02
-9.371884350829734478e-02
-9.396809575144730864e-02
-9.421734799459921539e-02
-9.446660023775299564e-02
-9.471585248090866327e-02
-9.496510472406619052e-02
-9.521435696722548025e-02
-9.546360921038758718e-02
-9.571286145354945818e-02
-9.596211369671406310e-02
-9.621136593988034724e-02
-9.646061818304836610e-02
-9.670987042621795315e-02
-9.695912266938919166e-02
-9.720837491256206775e-02
-9.745762715573648427e-02
-9.770687939891249674e-02
-9.795613164209096557e-02
-9.820538388527000340e-02
-9.845463612844955470e-02
-9.870388837163153462e-02
-9.895314061481501333e-02
-9.920239285799986595e-02
-9.945164510118607859e-02
-9.970089734437374840e-02
-9.995014958756269496e-02
-1.001994018307540146e-01
-1.004486540739447237e-01
-1.006979063171377226e-01
-1.009471585603319566e-01
-1.011964108035274534e-01
-1.014456630467242132e-01
-1.016949152899222497e-01
-1.019441675331214242e-01
-1.021934197763218477e-01
-1.024426720195243945e-01
-1.026919242627261919e-01
-1.029411765059300571e-01
-1.031904287491360456e-01
-1.034396809923412569e-01
-1.036889332355494658e-01
-1.039381854787568282e-01
-1.041874377219662168e-01
-1.044366899651766878e-01
-1.046859422083881580e-01
-1.049351944516006691e-01
-1.051844466948142071e-01
-1.054336989380287304e-01
-1.056829511812452382e-01
-1.059322034244617183e-01
-1.061814556676782123e-01
-1.064307079108965937e-01
-1.066799601541159465e-01
-1.069292123973362152e-01
-1.071784646405583158e-01
-1.074277168837803748e-01
-1.076769691270023643e-01
-1.079262213702262274e-01
-1.081754736134508815e-01
-1.084247258566773536e-01
-1.086739780999037702e-01
-1.089232303431300064e-01
-1.091724825863580467e-01
-1.094217348295868919e-01
-1.096709870728164865e-01
-1.099202393160469277e-01
-1.101694915592781043e-01
-1.104187438025101137e-01
-1.106679960457437883e-01
-1.109172482889763112e-01
-1.111665005322104854e-01
-1.114157527754454508e-01
-1.116650050186811099e-01
-1.119142572619184345e-01
-1.121635095051555508e-01
-1.124127617483923480e-01
-1.126620139916317820e-01
-1.129112662348699392e-01
-1.131605184781097478e-01
-1.134097707213502365e-01
-1.136590229645923211e-01
-1.139082752078331290e-01
-1.141575274510755050e-01
-1.144067796943185472e-01
-1.146560319375631576e-01
-1.149052841808064496e-01
-1.151545364240513653e-01
-1.154037886672968222e-01
-1.156530409105428758e-01
-1.159022931537895540e-01
-1.161515453970367734e-01
-1.164007976402845757e-01
-1.166500498835329608e-01
-1.168993021267818871e-01
-1.171485543700313825e-01
-1.173978066132813775e-01
-1.176470588565319553e-01
-1.178963110997830466e-01
-1.181455633430356089e-01
-1.183948155862868251e-01
-1.186440678295394846e-01
-1.188933200727926021e-01
-1.191425723160472322e-01
-1.193918245593014182e-01
-1.196410768025551324e-01
-1.198903290458102622e-01
-1.201395812890659054e-01
-1.203888335323219788e-01
-1.206380857755785657e-01
-1.208873380188355967e-01
-1.211365902620930718e-01
-1.213858425053509910e-01
-1.216350947486094097e-01
-1.218843469918691885e-01
-1.221335992351275102e-01
-1.223828514783872473e-01
-1.226321037216473592e-01
-1.228813559649079290e-01
-1.231306082081688735e-01
-1.233798604514312891e-01
-1.236291126946930524e-01
-1.238783649379552737e-01
-1.241276171812168982e-01
-1.243768694244799244e-01
-1.246261216677442829e-01
-1.248753739110071426e-01
-1.251246261542713067e-01
-1.253738783975359150e-01
-1.256231306408017723e-01
-1.258723828840660752e-01
-1.261216351273317937e-01
-1.263708873705978453e-01
-1.266201396138642021e-01
-1.268693918571310031e-01
-1.271186441003981094e-01
-1.273678963436655209e-01
-1.276171485869343203e-01
-1.278664008302014821e-01
-1.281156530734700039e-01
-1.283649053167388032e-01
-1.286141575600079912e-01
-1.288634098032784003e-01
-1.291126620465472830e-01
-1.293619142898184138e-01
-1.296111665330878238e-01
-1.298604187763585938e-01
-1.301096710196296413e-01
-1.303589232629010497e-01
-1.306081755061727356e-01
-1.308574277494447269e-01
-1.311066799927169957e-01
-1.313559322359895976e-01
-1.316051844792625047e-01
-1.318544367225356895e-01
-1.321036889658101232e-01
-1.323529412090838353e-01
-1.326021934523568813e-01
-1.328514456956312040e-01
-1.331006979389066924e-01
-1.333499501821805988e-01
-1.335992024254557542e-01
-1.338484546687310761e-01
-1.340977069120067589e-01
-1.343469591552827191e-01
-1.345962113985588737e-01
-1.348454636418352781e-01
-1.350947158851119878e-01
-1.353439681283889195e-01
-1.355932203716661288e-01
-1.358424726149435879e-01
-1.360917248582212691e-01
-1.363409771014991723e-01
-1.365902293447783522e-01
-1.368394815880557558e-01
-1.370887338313354076e-01
-1.373379860746133108e-01
-1.375872383178924629e-01
-1.378364905611717817e-01
-1.380857428044522939e-01
-1.383349950477321122e-01
-1.385842472910111534e-01
-1.388334995342913603e-01
-1.390827517775718447e-01
-1.393320040208525235e-01
-1.395812562641333965e-01
-1.398305085074144916e-01
-1.400797607506958642e-01
-1.403290129939773756e-01
-1.405782652372590813e-01
-1.408275174805410090e-01
-1.410767697238231588e-01
-1.413260219671055584e-01
-1.415752742103880413e-01
-1.418245264536708017e-01
-1.420737786969537286e-01
-1.423230309402368776e-01
-1.425722831835201931e-01
-1.428215354268037030e-01
-1.430707876700873793e-01
-1.433200399133713054e-01
-1.435692921566553981e-01
-1.438185443999396018e-01
-1.440677966432240831e-01
-1.443170488865087031e-01
-1.445663011297935174e-01
-1.448155533730784983e-01
-1.450648056163636179e-01
-1.453140578596489318e-01
-1.455633101029344678e-01
-1.458125623462201703e-01
-1.460618145895059838e-01
-1.463110668327919917e-01
-1.465603190760782215e-01
-1.468095713193655616e-01
-1.470588235626510420e-01
-1.473080758059377438e-01
-1.475573280492245565e-01
-1.478065802925115635e-01
-1.480558325357986815e-01
-1.483050847790860216e-01
-1.485543370223735005e-01
-1.488035892656620895e-01
-1.490528415089498460e-01
-1.493020937522377412e-01
-1.495513459955248869e-01
-1.498005982388131152e-01
-1.500498504821014822e-01
-1.502991027253899881e-01
-1.505483549686786882e-01
-1.507976072119674993e-01
-1.510468594552564492e-01
-1.512961116985455379e-01
-1.515453639418347376e-01
-1.517946161851241593e-01
-1.520438684284136366e-01
-1.522931206717033081e-01
-1.525423729149930907e-01
-1.527916251582830121e-01
-1.530408774015730999e-01
-1.532901296448632988e-01
-1.535393818881536365e-01
-1.537886341314440852e-01
-1.540378863747346172e-01
-1.542871386180253157e-01
-1.545363908613161807e-01
-1.547856431046071291e-01
-1.550348953478982161e-01
-1.552841475911894975e-01
-1.555333998344807789e-01
-1.557826520777722268e-01
-1.560319043210638135e-01
-1.562811565643555112e-01
-1.565304088076473754e-01
-1.567796610509392952e-01
-1.570289132942313814e-01
-1.572781655375235510e-01
-1.575274177808158038e-01
-1.577766700241082509e-01
-1.580259222674016972e-01
-1.582751745106933949e-01
-1.585244267539861474e-01
-1.587736789972789830e-01
-1.590229312405719853e-01
-1.592721834838650152e-01
-1.595214357271582395e-01
-1.597706879704515470e-01
-1.600199402137449378e-01
-1.602691924570384396e-01
-1.605184447003320525e-01
-1.607676969436257763e-01
-1.610169491869195835e-01
-1.612662014302134739e-01
-1.615154536735074753e-01
-1.617647059168016155e-01
-1.620139581600958667e-01
-1.622632104033902289e-01
-1.625124626466845912e-01
-1.627617148899791477e-01
-1.630109671332737598e-01
-1.632602193765684828e-01
-1.635094716198633169e-01
-1.637587238631582065e-01
-1.640079761064532349e-01
-1.642572283497483465e-01
-1.645064805930435414e-01
-1.647557328363388196e-01
-1.650049850796341533e-01
-1.652542373229296535e-01
-1.655034895662252370e-01
-1.657527418095208760e-01
-1.660019940528165427e-01
-1.662512462961134030e-01
-1.665004985394083481e-01
-1.667497507827043479e-01
-1.669990030260004032e-01
-1.672482552692975688e-01
-1.674975075125929025e-01
-1.677467597558892076e-01
-1.679960119991855960e-01
-1.682452642424831224e-01
-1.684945164857787614e-01
-1.687437687290754273e-01
-1.689930209723721488e-01
-1.692422732156690091e-01
-1.694915254589659803e-01
-1.697407777022628961e-01
-1.699900299455600616e-01
-1.702392821888571439e-01
-1.704885344321543650e-01
-1.707377866754517526e-01
-1.709870389187491402e-01
-1.712362911620475270e-01
-1.714855434053441374e-01
-1.717347956486417748e-01
-1.719840478919394677e-01
-1.722333001352381598e-01
-1.724825523785350756e-01
-1.727318046218329350e-01
-1.729810568651310165e-01
-1.732303091084299584e-01
-1.734795613517281510e-01
-1.737288135950253443e-01
-1.739780658383236478e-01
-1.742273180816219791e-01
-1.744765703249204214e-01
-1.747258225682198352e-01
-1.749750748115174448e-01
-1.752243270548160536e-01
-1.754735792981148013e-01
-1.757228315414134656e-01
-1.759720837847123798e-01
-1.762213360280112107e-01
-1.764705882713102081e-01
-1.767198405146092333e-01
-1.769690927579092299e-01
-1.772183450012074502e-01
-1.774675972445066419e-01
-1.777168494878059724e-01
-1.779661017311053306e-01
-1.782153539744047166e-01
-1.784646062177042136e-01
-1.787138584610037384e-01
-1.789631107043033464e-01
-1.792123629476030100e-01
-1.794616151909027013e-01
-1.797108674342025036e-01
-1.799601196775023337e-01
-1.802093719208021638e-01
-1.804586241641021882e-01
-1.807078764074021848e-01
-1.809571286507022925e-01
-1.812063808940024279e-01
-1.814556331373035625e-01
-1.817048853806028652e-01
-1.819541376239031671e-01
-1.822033898672044960e-01
-1.824526421105039653e-01
-1.827018943538044338e-01
-1.829511465971049855e-01
-1.832003988404055372e-01
-1.834496510837061722e-01
-1.836989033270069183e-01
-1.839481555703086635e-01
-1.841974078136084103e-01
-1.844466600569092951e-01
-1.846959123002101799e-01
-1.849451645435112035e-01
-1.851944167868121716e-01
-1.854436690301132507e-01
-1.856929212734143853e-01
-1.859421735167155476e-01
-1.861914257600177369e-01
-1.864406780033180944e-01
-1.866899302466193955e-01
-1.869391824899207522e-01
-1.871884347332221643e-01
-1.874376869765246034e-01
-1.876869392198251552e-01
-1.879361914631267616e-01
-1.881854437064283680e-01
-1.884346959497300023e-01
-1.886839481930317752e-01
-1.889332004363335205e-01
-1.891824526796353489e-01
-1.894317049229372052e-01
-1.896809571662391170e-01
-1.899302094095420002e-01
-1.901794616528430237e-01
-1.904287138961460735e-01
-1.906779661394471526e-01
-1.909272183827503688e-01
-1.911764706260515589e-01
-1.914257228693537760e-01
-1.916749751126559653e-01
-1.919242273559583489e-01
-1.921734795992607048e-01
-1.924227318425631439e-01
-1.926719840858655552e-01
-1.929212363291680221e-01
-1.931704885724705167e-01
-1.934197408157731501e-01
-1.936689930590757280e-01
-1.939182453023784169e-01
-1.941674975456820773e-01
-1.944167497889838780e-01
-1.946660020322866502e-01
-1.949152542755894224e-01
-1.951645065188933048e-01
-1.954137587621952721e-01
-1.956630110054981830e-01
-1.959122632488011773e-01
-1.961615154921041992e-01
-1.964107677354072767e-01
-1.966600199787104097e-01
-1.969092722220135427e-01
-1.971585244653167313e-01
-1.974077767086208635e-01
-1.976570289519231916e-01
-1.979062811952264911e-01
-1.981555334385307898e-01
-1.984047856818332567e-01
-1.986540379251366395e-01
-1.989032901684410493e-01
-1.991525424117436271e-01
-1.994017946550471210e-01
-1.996510468983516973e-01
-1.999002991416542752e-01
-2.001495513849578245e-01
-2.003988036282615959e-01
-2.006480558715652840e-01
-2.008973081148690276e-01
-2.011465603581727990e-01
-2.013958126014766536e-01
-2.016450648447815075e-01
-2.018943170880843629e-01
-2.021435693313892445e-01
-2.023928215746922388e-01
-2.026420738179962877e-01
-2.028913260613002811e-01
-2.031405783046043856e-01
-2.033898305479084068e-01
-2.036390827912125945e-01
-2.038883350345176981e-01
-2.041375872778218858e-01
-2.043868395211251299e-01
-2.046360917644293731e-01
-2.048853440077336996e-01
-2.051345962510380261e-01
-2.053838484943422693e-01
-2.056331007376476783e-01
-2.058823529809511166e-01
-2.061316052242556096e-01
-2.063808574675600749e-01
-2.066301097108645957e-01
-2.068793619541691720e-01
-2.071286141974736927e-01
-2.073778664407782690e-01
-2.076271186840839833e-01
-2.078763709273886151e-01
-2.081256231706923310e-01
-2.083748754139970183e-01
-2.086241276573017889e-01
-2.088733799006065595e-01
-2.091226321439114133e-01
-2.093718843872172108e-01
-2.096211366305221480e-01
-2.098703888738260581e-01
-2.101196411171309952e-01
-2.103688933604369593e-01
-2.106181456037409805e-01
-2.108673978470460009e-01
-2.111166500903509935e-01
-2.113659023336560971e-01
-2.116151545769612008e-01
-2.118644068202663044e-01
-2.121136590635714358e-01
-2.123629113068766228e-01
-2.126121635501828366e-01
-2.128614157934870521e-01
-2.131106680367922945e-01
-2.133599202800977035e-01
-2.136091725234029737e-01
-2.138584247667082716e-01
-2.141076770100135973e-01
-2.143569292533200055e-01
-2.146061814966243875e-01
-2.148554337399298797e-01
-2.151046859832352887e-01
-2.153539382265406976e-01
-2.156031904698462176e-01
-2.158524427131517098e-01
-2.161016949564572576e-01
-2.163509471997628331e-01
-2.166001994430683530e-01
-2.168494516863749000e-01
-2.170987039296795318e-01
-2.173479561729851350e-01
-2.175972084162916820e-01
-2.178464606595963138e-01
-2.180957129029019725e-01
-2.183449651462076035e-01
-2.185942173895132901e-01
-2.188434696328188933e-01
-2.190927218761245243e-01
-2.193419741194301276e-01
-2.195912263627357586e-01
-2.198404786060413341e-01
-2.200897308493478532e-01
-2.203389830926524573e-01
-2.205882353359580050e-01
-2.208374875792634140e-01
-2.210867398225689062e-01
-2.213359920658742874e-01
-2.215852443091796409e-01
-2.218344965524849111e-01
-2.220837487957910972e-01
-2.223330010390952294e-01
-2.225822532824002498e-01
-2.228315055257051314e-01
-2.230807577690098742e-01
-2.233300100123154219e-01
-2.235792622556189435e-01
-2.238285144989232145e-01
-2.240777667422282626e-01
-2.243270189855320618e-01
-2.245762712288347229e-01
-2.248255234721379947e-01
-2.250747757154409889e-01
-2.253240279587436223e-01
-2.255732802020458116e-01
-2.258225324453486116e-01
-2.260717846886490245e-01
-2.263210369319498816e-01
-2.265702891752501280e-01
-2.268195414185497361e-01
-2.270687936618485669e-01
-2.273180459051467039e-01
-2.275672981484448965e-01
-2.278165503917402301e-01
-2.280658026350364798e-01
-2.283150548783296485e-01
-2.285643071216234279e-01
-2.288135593649139876e-01
-2.290628116082048527e-01
-2.293120638514921650e-01
-2.295613160947786446e-01
-2.298105683380630426e-01
-2.300598205813462471e-01
-2.303090728246260932e-01
-2.305583250679023033e-01
-2.308075773111775419e-01
-2.310568295544487005e-01
-2.313060817977164174e-01
-2.315553340409793326e-01
-2.318045862842391669e-01
-2.320538385274945048e-01
-2.323030907707448467e-01
-2.325523430139908587e-01
-2.328015952572290992e-01
-2.330508475004619551e-01
-2.333000997436878721e-01
-2.335493519869061840e-01
-2.337986042301162803e-01
-2.340478564733174394e-01
-2.342971087165087452e-01
-2.345463609596896148e-01
-2.347956132028588550e-01
-2.350448654460155495e-01
-2.352941176891587827e-01
-2.355433699322870833e-01
-2.357926221753994522e-01
-2.360418744184943352e-01
-2.362911266615702888e-01
-2.365403789046258143e-01
-2.367896311476591076e-01
-2.370388833906683923e-01
-2.372881356336525305e-01
-2.375373878766074420e-01
-2.377866401195307677e-01
-2.380358923624220913e-01
-2.382851446052785260e-01
-2.385343968480953813e-01
-2.387836490908692988e-01
-2.390329013335990294e-01
-2.392821535762808260e-01
-2.395314058189088879e-01
-2.397806580614790517e-01
-2.400299103039886806e-01
-2.402791625464318903e-01
-2.405284147888036295e-01
-2.407776670310981526e-01
-2.410269192733095200e-01
-2.412761715154312370e-01
-2.415254237574573637e-01
-2.417746759993775751e-01
-2.420239282411868198e-01
-2.422731804828756053e-01
-2.425224327244347167e-01
-2.427716849658544951e-01
-2.430209372071243656e-01
-2.432701894482331706e-01
-2.435194416891687808e-01
-2.437686939299185118e-01
-2.440179461704684860e-01
-2.442671984108041039e-01
-2.445164506509105995e-01
-2.447657028907682109e-01
-2.450149551303630047e-01
-2.452642073696719438e-01
-2.455134596086785137e-01
-2.457627118473569294e-01
-2.460119640856869572e-01
-2.462612163236426177e-01
-2.465104685611976820e-01
-2.467597207983247831e-01
-2.470089730349919466e-01
-2.472582252711671980e-01
-2.475074775068183408e-01
-2.477567297419089876e-01
-2.480059819763986151e-01
-2.482552342102471443e-01
-2.485044864434096668e-01
-2.487537386758416902e-01
-2.490029909074936987e-01
-2.492522431383101256e-01
-2.495014953682380132e-01
-2.497507475972171043e-01
-2.499999998251851430e-01
-2.502492520520731012e-01
-2.504985042778102300e-01
-2.507477565023228383e-01
-2.509970087255297688e-01
-2.512462609473462005e-01
-2.514955131676822053e-01
-2.517447653864422485e-01
-2.519940176035250778e-01
-2.522432698188245559e-01
-2.524925220322243868e-01
-2.527417742436080528e-01
-2.529910264528444364e-01
-2.532402786598026423e-01
-2.534895308643363987e-01
-2.537387830662976018e-01
-2.539880352655259355e-01
-2.542372874618527012e-01
-2.544865396550996528e-01
-2.547357918450783298e-01
-2.549850440315897249e-01
-2.552342962144246163e-01
-2.554835483933580176e-01
-2.557328005681585026e-01
-2.559820527385776034e-01
-2.562313049043543067e-01
-2.564805570652132216e-01
-2.567298092208638582e-01
-2.569790613709999061e-01
-2.572283135152985123e-01
-2.574775656534202817e-01
-2.577268177850037811e-01
-2.579760699096740328e-01
-2.582253220270334104e-01
-2.584745741366609728e-01
-2.587238262381158505e-01
-2.589730783309368012e-01
-2.592223304146318297e-01
-2.594715824886900668e-01
-2.597208345525703344e-01
-2.599700866057046422e-01
-2.602193386474961345e-01
-2.604685906773179793e-01
-2.607178426945092609e-01
-2.609670946983770334e-01
-2.612163466881962104e-01
-2.614655986632017926e-01
-2.617148506225921434e-01
-2.619641025655256583e-01
-2.622133544911194880e-01
-2.624626063984472624e-01
-2.627118582865384244e-01
-2.629611101543724572e-01
-2.632103620008813261e-01
-2.634596138249483688e-01
-2.637088656253969710e-01
-2.639581174010008913e-01
-2.642073691504728261e-01
-2.644566208724620227e-01
-2.647058725655598299e-01
-2.649551242282888186e-01
-2.652043758591000056e-01
-2.654536274563784048e-01
-2.657028790184314260e-01
-2.659521305434863758e-01
-2.662013820296950106e-01
-2.664506334751213235e-01
-2.666998848777429321e-01
-2.669491362354470820e-01
-2.671983875460225422e-01
-2.674476388071665434e-01
-2.676968900164661269e-01
-2.679461411714086361e-01
-2.681953922693682268e-01
-2.684446433076020377e-01
-2.686938942832501342e-01
-2.689431451933312345e-01
-2.691923960347289979e-01
-2.694416468042002410e-01
-2.696908974983594498e-01
-2.699401481136779468e-01
-2.701893986464784514e-01
-2.704386490929294173e-01
-2.706878994490354851e-01
-2.709371497106410898e-01
-2.711863998734113101e-01
-2.714356499328384742e-01
-2.716848998842274487e-01
-2.719341497226890336e-01
-2.721833994431374082e-01
-2.724326490402835810e-01
-2.726818985086191249e-01
-2.729311478424215620e-01
-2.731803970357364886e-01
-2.734296460823751329e-01
-2.736788949759003664e-01
-2.739281437096282579e-01
-2.741773922766105320e-01
-2.744266406696257432e-01
-2.746758888811786092e-01
-2.749251369034814152e-01
-2.751743847284486844e-01
-2.754236323476868531e-01
-2.756728797524845564e-01
-2.759221269337976956e-01
-2.761713738822478281e-01
-2.764206205881023504e-01
-2.766698670412682248e-01
-2.769191132312749382e-01
-2.771683591472730579e-01
-2.774176047780084753e-01
-2.776668501118199628e-01
-2.779160951366245191e-01
-2.781653398399002164e-01
-2.784145842086760414e-01
-2.786638282295173519e-01
-2.789130718885124982e-01
-2.791623151712536721e-01
-2.794115580628323547e-01
-2.796608005478107839e-01
-2.799100426102161254e-01
-2.801592842335232647e-01
-2.804085254006338790e-01
-2.806577660938634478e-01
-2.809070062949233781e-01
-2.811562459849041851e-01
-2.814054851442531202e-01
-2.816547237527652348e-01
-2.819039617895553462e-01
-2.821531992330436611e-01
-2.824024360609359019e-01
-2.826516722501993262e-01
-2.829009077770514025e-01
-2.831501426169292790e-01
-2.833993767444740186e-01
-2.836486101335073395e-01
-2.838978427570098551e-01
-2.841470745870984249e-01
-2.843963055950028962e-01
-2.846455357510439543e-01
-2.848947650246042018e-01
-2.851439933841132257e-01
-2.853932207970131807e-01
-2.856424472297380834e-01
-2.858916726476875003e-01
-2.861408970152004017e-01
-2.863901202955249081e-01
-2.866393424507966969e-01
-2.868885634420073050e-01
-2.871377832289754295e-01
-2.873870017703225588e-01
-2.876362190234378891e-01
-2.878854349444485150e-01
-2.881346494881969478e-01
-2.883838626082007583e-01
-2.886330742566268759e-01
-2.888822843842540067e-01
-2.891314929404490419e-01
-2.893806998731257019e-01
-2.896299051287144488e-01
-2.898791086521277371e-01
-2.901283103867262070e-01
-2.903775102742817693e-01
-2.906267082549438552e-01
-2.908759042672013351e-01
-2.911250982478468252e-01
-2.913742901319386069e-01
-2.916234798527631011e-01
-2.918726673417959550e-01
-2.921218525286645162e-01
-2.923710353411028695e-01
-2.926202157049214159e-01
-2.928693935439567464e-01
-2.931185687800348383e-01
-2.933677413329295880e-01
-2.936169111203154602e-01
-2.938660780577340148e-01
-2.941152420585413374e-01
-2.943644030338680162e-01
-2.946135608925743998e-01
-2.948627155412047451e-01
-2.951118668839424197e-01
-2.953610148225638832e-01
-2.956101592563876168e-01
-2.958593000822362096e-01
-2.961084371943790150e-01
-2.963575704844886305e-01
-2.966066998415911593e-01
-2.968558251520168612e-01
-2.971049462993498036e-01
-2.973540631643782906e-01
-2.976031756250439586e-01
-2.978522835563863769e-01
-2.981013868305003034e-01
-2.983504853164735682e-01
-2.985995788803393891e-01
-2.988486673850217490e-01
-2.990977506902816607e-01
-2.993468286526637656e-01
-2.995959011254377691e-01
-2.998449679585479810e-01
-3.000940289985575271e-01
-3.003430840885879527e-01
-3.005921330682657655e-01
-3.008411757736651482e-01
-3.010902120372503377e-01
-3.013392416878179492e-01
-3.015882645504396331e-01
-3.018372804463990700e-01
-3.020862891931430094e-01
-3.023352906042085508e-01
-3.025842844891776240e-01
-3.028332706536040475e-01
-3.030822488989616259e-01
-3.033312190225843641e-01
-3.035801808175964123e-01
-3.038291340728605516e-01
-3.040780785729120805e-01
-3.043270140978983074e-01
-3.045759404235145462e-01
-3.048248573209478285e-01
-3.050737645568030176e-01
-3.053226618930551806e-01
-3.055715490869707618e-01
-3.058204258910591222e-01
-3.060692920529990424e-01
-3.063181473155795476e-01
-3.065669914166354593e-01
-3.068158240889845567e-01
-3.070646450603625177e-01
-3.073134540533600800e-01
-3.075622507853593146e-01
-3.078110349684654024e-01
-3.080598063094518446e-01
-3.083085645096865224e-01
-3.085573092650732430e-01
-3.088060402659855708e-01
-3.090547571972036556e-01
-3.093034597378506168e-01
-3.095521475613243756e-01
-3.098008203352434209e-01
-3.100494777213694819e-01
-3.102981193755588452e-01
-3.105467449476835839e-01
-3.107953540815831528e-01
-3.110439464149873379e-01
-3.112925215794634659e-01
-3.115410792003480700e-01
-3.117896188966887694e-01
-3.120381402811766569e-01
-3.122866429600876792e-01
-3.125351265332201312e-01
-3.127835905938334826e-01
-3.130320347285867610e-01
-3.132804585174778778e-01
-3.135288615337842866e-01
-3.137772433440021436e-01
-3.140256035077835794e-01
-3.142739415778865730e-01
-3.145222571001065615e-01
-3.147705496132233716e-01
-3.150188186489422670e-01
-3.152670637318373270e-01
-3.155152843792952133e-01
-3.157634801014557735e-01
-3.160116504011621918e-01
-3.162597947739012594e-01
-3.165079127077542465e-01
-3.167560036833373949e-01
-3.170040671737526239e-01
-3.172521026445362380e-01
-3.175001095536018614e-01
-3.177480873512003035e-01
-3.179960354798558875e-01
-3.182439533743308679e-01
-3.184918404615680876e-01
-3.187396961606431822e-01
-3.189875198827263336e-01
-3.192353110310281461e-01
-3.194830690007552931e-01
-3.197307931790709934e-01
-3.199784829450508239e-01
-3.202261376696378670e-01
-3.204737567155996891e-01
-3.207213394374973658e-01
-3.209688851816362987e-01
-3.212163932860338522e-01
-3.214638630803769437e-01
-3.217112938859948978e-01
-3.219586850158157043e-01
-3.222060357743359305e-01
-3.224533454575892466e-01
-3.227006133531085674e-01
-3.229478387399081774e-01
-3.231950208884379339e-01
-3.234421590605722208e-01
-3.236892525095670936e-01
-3.239363004800491774e-01
-3.241833022079808613e-01
-3.244302569206418685e-01
-3.246771638366072743e-01
-3.249240221657258010e-01
-3.251708311091017767e-01
-3.254175898590775939e-01
-3.256642975992130595e-01
-3.259109535042796213e-01
-3.261575567402366094e-01
-3.264041064642256851e-01
-3.266506018245541321e-01
-3.268970419606921363e-01
-3.271434260032587971e-01
-3.273897530740213502e-01
-3.276360222858837878e-01
-3.278822327428881911e-01
-3.281283835402075688e-01
-3.283744737641501321e-01
-3.286205024921610152e-01
-3.288664687928154473e-01
-3.291123717258351844e-01
-3.293582103420841234e-01
-3.296039836835800707e-01
-3.298496907835028469e-01
-3.300953306661999487e-01
-3.303409023472074213e-01
-3.305864048332550764e-01
-3.308318371222809251e-01
-3.310771982034558802e-01
-3.313224870571935265e-01
-3.315677026551728246e-01
-3.318128439603605928e-01
-3.320579099270292156e-01
-3.323028995007916708e-01
-3.325478116186132427e-01
-3.327926452088535991e-01
-3.330373991912858878e-01
-3.332820724771322074e-01
-3.335266639690955270e-01
-3.337711725613938252e-01
-3.340155971397962831e-01
-3.342599365816603108e-01
-3.345041897559722921e-01
-3.347483555233829455e-01
-3.349924327362614473e-01
-3.352364202387236869e-01
-3.354803168666935509e-01
-3.357241214479392277e-01
-3.359678328021268312e-01
-3.362114497408706937e-01
-3.364549710677848249e-01
-3.366983955785373683e-01
-3.369417220609056685e-01
-3.371849492948331695e-01
-3.374280760524897005e-01
-3.376711010983269867e-01
-3.379140231891462620e-01
-3.381568410741603858e-01
-3.383995534950554052e-01
-3.386421591860596103e-01
-3.388846568740114806e-01
-3.391270452784300171e-01
-3.393693231115809672e-01
-3.396114890785592033e-01
-3.398535418773529493e-01
-3.400954801989244380e-01
-3.403373027272865170e-01
-3.405790081395802527e-01
-3.408205951061559213e-01
-3.410620622906540000e-01
-3.413034083500881555e-01
-3.415446319349296767e-01
-3.417857316891933506e-01
-3.420267062505250588e-01
-3.422675542502868762e-01
-3.425082743136517172e-01
-3.427488650596944852e-01
-3.429893251014795030e-01
-3.432296530461583228e-01
-3.434698474950639846e-01
-3.437099070438076609e-01
-3.439498302823755793e-01
-3.441896157952283875e-01
-3.444292621614010730e-01
-3.446687679546040495e-01
-3.449081317433259630e-01
-3.451473520909371095e-01
-3.453864275557940178e-01
-3.456253566913453645e-01
-3.458641380462401105e-01
-3.461027701644301402e-01
-3.463412515852893336e-01
-3.465795808437139858e-01
-3.468177564702394355e-01
-3.470557769911475354e-01
-3.472936409285842796e-01
-3.475313468006737683e-01
-3.477688931216285084e-01
-3.480062784018684852e-01
-3.482435011481372356e-01
-3.484805598636193102e-01
-3.487174530480588452e-01
-3.489541791978759133e-01
-3.491907368062899808e-01
-3.494271243634408108e-01
-3.496633403565054810e-01
-3.498993832698236717e-01
-3.501352515850201241e-01
-3.503709437811235450e-01
-3.506064583347008323e-01
-3.508417937199679870e-01
-3.510769484089250603e-01
-3.513119208714804431e-01
-3.515467095755730464e-01
-3.517813129872993105e-01
-3.520157295710436007e-01
-3.522499577896059386e-01
-3.524839961043244596e-01
-3.527178429752087507e-01
-3.529514968610659720e-01
-3.531849562196304748e-01
-3.534182195076933652e-01
-3.536512851812312896e-01
-3.538841516955363309e-01
-3.541168175053470146e-01
-3.543492810649739866e-01
-3.545815408284386794e-01
-3.548135952495959367e-01
-3.550454427822676284e-01
-3.552770818803732134e-01
-3.555085109980604119e-01
-3.557397285898366013e-01
-3.559707331106948258e-01
-3.562015230162539625e-01
-3.564320967628800130e-01
-3.566624528078212730e-01
-3.568925896093381178e-01
-3.571225056268327314e-01
-3.573521993209799463e-01
-3.575816691538579728e-01
-3.578109135890734094e-01
-3.580399310919002431e-01
-3.582687201294007528e-01
-3.584972791705550166e-01
-3.587256066863977466e-01
-3.589537011501343633e-01
-3.591815610372818823e-01
-3.594091848257877642e-01
-3.596365709961567014e-01
-3.598637180315876760e-01
-3.600906244180858695e-01
-3.603172886446023293e-01
-3.605437092031497648e-01
-3.607698845889314443e-01
-3.609958133004657621e-01
-3.612214938397087516e-01
-3.614469247121792628e-01
-3.616721044270763685e-01
-3.618970314974109259e-01
-3.621217044401177643e-01
-3.623461217761805853e-01
-3.625702820307517560e-01
-3.627941837332704922e-01
-3.630178254175826513e-01
-3.632412056220576391e-01
-3.634643228897057599e-01
-3.636871757682943462e-01
-3.639097628104645543e-01
-3.641320825738402767e-01
-3.643541336211521542e-01
-3.645759145203409934e-01
-3.647974238446739514e-01
-3.650186601728550584e-01
-3.652396220891360179e-01
-3.654603081834213452e-01
-3.656807170513858840e-01
-3.659008472945692869e-01
-3.661206975204953085e-01
-3.663402663427677286e-01
-3.665595523811784329e-01
-3.667785542618114403e-01
-3.669972706171399923e-01
-3.672157000861380749e-01
-3.674338413143676818e-01
-3.676516929540863954e-01
-3.678692536643464739e-01
-3.680865221110811158e-01
-3.683034969672137615e-01
-3.685201769127425808e-01
-3.687365606348376734e-01
-3.689526468279332172e-01
-3.691684341938179514e-01
-3.693839214417261596e-01
-3.695991072884227124e-01
-3.698139904582945503e-01
-3.700285696834390015e-01
-3.702428437037382225e-01
-3.704568112669578972e-01
-3.706704711288142939e-01
-3.708838220530699670e-01
-3.710968628116032564e-01
-3.713095921844917768e-01
-3.715220089600893005e-01
-3.717341119351012524e-01
-3.719458999146608713e-01
-3.721573717124015412e-01
-3.723685261505302879e-01
-3.725793620598981115e-01
-3.727898782800700417e-01
-3.730000736593936939e-01
-3.732099470550664932e-01
-3.734194973332009004e-01
-3.736287233688896925e-01
-3.738376240462697453e-01
-3.740461982585803202e-01
-3.742544449082279012e-01
-3.744623629068458137e-01
-3.746699511753474598e-01
-3.748772086439862705e-01
-3.750841342524099953e-01
-3.752907269497152143e-01
-3.754969856944997408e-01
-3.757029094549114157e-01
-3.759084972087013421e-01
-3.761137479432734021e-01
-3.763186606557260561e-01
-3.765232343529024694e-01
-3.767274680514339780e-01
-3.769313607777831088e-01
-3.771349115682864350e-01
-3.773381194691919349e-01
-3.775409835367017353e-01
-3.777435028370112469e-01
-3.779456764463411944e-01
-3.781475034509720889e-01
-3.783489829472869159e-01
-3.785501140417938393e-01
-3.787508958511632273e-01
-3.789513275022554084e-01
-3.791514081321504248e-01
-3.793511368881752333e-01
-3.795505129279305723e-01
-3.797495354193112793e-01
-3.799482035405404856e-01
-3.801465164801773877e-01
-3.803444734371528302e-01
-3.805420736207785204e-01
-3.807393162507703432e-01
-3.809362005572650145e-01
-3.811327257808359570e-01
-3.813288911725075114e-01
-3.815246959937709237e-01
-3.817201395165918387e-01
-3.819152210234267319e-01
-3.821099398072325681e-01
-3.823042951714720750e-01
-3.824982864301205709e-01
-3.826919129076817860e-01
-3.828851739391792575e-01
-3.830780688701710957e-01
-3.832705970567520382e-01
-3.834627578655463997e-01
-3.836545506737212285e-01
-3.838459748689765361e-01
-3.840370298495479062e-01
-3.842277150242036643e-01
-3.844180298122369943e-01
-3.846079736434708796e-01
-3.847975459582387292e-01
-3.849867462073911506e-01
-3.851755738522786299e-01
-3.853640283647424281e-01
-3.855521092271129158e-01
-3.857398159321895337e-01
-3.859271479832335205e-01
-3.861141048939498721e-01
-3.863006861884825671e-01
-3.864868914013904200e-01
-3.866727200776324813e-01
-3.868581717725549374e-01
-3.870432460518735129e-01
-3.872279424916458823e-01
-3.874122606782642864e-01
-3.875962002084260005e-01
-3.877797606891115190e-01
-3.879629417375701772e-01
-3.881457429812881221e-01
-3.883281640579677174e-01
-3.885102046155033406e-01
-3.886918643119504635e-01
-3.888731428155084435e-01
-3.890540398044814441e-01
-3.892345549672575622e-01
-3.894146880022799628e-01
-3.895944386180114627e-01
-3.897738065329076629e-01
-3.899527914753859181e-01
-3.901313931837877558e-01
-3.903096114063563937e-01
-3.904874459011890009e-01
-3.906648964362159915e-01
-3.908419627891561166e-01
-3.910186447474847116e-01
-3.911949421083967815e-01
-3.913708546787700304e-01
-3.915463822751240053e-01
-3.917215247235860676e-01
-3.918962818598518139e-01
-3.920706535291412775e-01
-3.922446395861630131e-01
-3.924182398950672446e-01
-3.925914543294152237e-01
-3.927642827721226082e-01
-3.929367251154310958e-01
-3.931087812608557996e-01
-3.932804511191414498e-01
-3.934517346102264224e-01
-3.936226316631887823e-01
-3.937931422162058159e-01
-3.939632662165071797e-01
-3.941330036203282150e-01
-3.943023543928637076e-01
-3.944713185082218687e-01
-3.946398959493724323e-01
-3.948080867081032452e-01
-3.949758907849721390e-01
-3.951433081892541388e-01
-3.953103389388911704e-01
-3.954769830604517034e-01
-3.956432405890668025e-01
-3.958091115683935457e-01
-3.959745960505538509e-01
-3.961396940960883462e-01
-3.963044057739035231e-01
-3.964687311612200560e-01
-3.966326703435211209e-01
-3.967962234144989941e-01
-3.969593904760030934e-01
-3.971221716379870759e-01
-3.972845670184553257e-01
-3.974465767434073316e-01
-3.976082009467867273e-01
-3.977694397704288343e-01
-3.979302933640015416e-01
-3.980907618849503504e-01
-3.982508454984528545e-01
-3.984105443773502397e-01
-3.985698587021027084e-01
-3.987287886607313592e-01
-3.988873344487599559e-01
-3.990454962691611929e-01
-3.992032743323022381e-01
-3.993606688558841156e-01
-3.995176800648904125e-01
-3.996743081915314355e-01
-3.998305534751824264e-01
-3.999864161623314374e-01
-4.001418965065209332e-01
-4.002969947682917251e-01
-4.004517112151259606e-01
-4.006060461213904467e-01
-4.007599997682796955e-01
-4.009135724437551396e-01
-4.010667644424980027e-01
-4.012195760658379684e-01
-4.013720076217097699e-01
-4.015240594245862993e-01
-4.016757317954252615e-01
-4.018270250616114980e-01
-4.019779395568991998e-01
-4.021284756213560074e-01
-4.022786336013003394e-01
-4.024284138492538743e-01
-4.025778167238752148e-01
-4.027268425899062088e-01
-4.028754918181146616e-01
-4.030237647852378258e-01
-4.031716618739211166e-01
-4.033191834726658764e-01
-4.034663299757729193e-01
-4.036131017832793044e-01
-4.037594993009064326e-01
-4.039055229400018709e-01
-4.040511731174818988e-01
-4.041964502557759964e-01
-4.043413547827688914e-01
-4.044858871317448812e-01
-4.046300477413307117e-01
-4.047738370554401777e-01
-4.049172555232168902e-01
-4.050603035989783773e-01
-4.052029817421608504e-01
-4.053452904172621385e-01
-4.054872300937880092e-01
-4.056288012461907733e-01
-4.057700043538239321e-01
-4.059108399008776735e-01
-4.060513083763284126e-01
-4.061914102738792276e-01
-4.063311460919133977e-01
-4.064705163334310645e-01
-4.066095215059998269e-01
-4.067481621216954002e-01
-4.068864386970559299e-01
-4.070243517530194310e-01
-4.071619018148752156e-01
-4.072990894122047734e-01
-4.074359150788374739e-01
-4.075723793527885053e-01
-4.077084827762097463e-01
-4.078442258953369759e-01
-4.079796092604363045e-01
-4.081146334257533259e-01
-4.082492989494561075e-01
-4.083836063935921690e-01
-4.085175563240290852e-01
-4.086511493104029169e-01
-4.087843859260717472e-01
-4.089172667480638346e-01
-4.090497923570219352e-01
-4.091819633371569509e-01
-4.093137802761968036e-01
-4.094452437653355314e-01
-4.095763543991846056e-01
-4.097071127757190290e-01
-4.098375194962370349e-01
-4.099675751653021338e-01
-4.100972803906944852e-01
-4.102266357833710964e-01
-4.103556419574075353e-01
-4.104842995299540775e-01
-4.106126091211892981e-01
-4.107405713542660042e-01
-4.108681868552756522e-01
-4.109954562531858979e-01
-4.111223801798089550e-01
-4.112489592697443075e-01
-4.113751941603369100e-01
-4.115010854916302807e-01
-4.116266339063209823e-01
-4.117518400497132691e-01
-4.118767045696732909e-01
-4.120012281165848500e-01
-4.121254113433042710e-01
-4.122492549051166022e-01
-4.123727594596905965e-01
-4.124959256670360230e-01
-4.126187541894593136e-01
-4.127412456915209304e-01
-4.128634008399917343e-01
-4.129852203038111291e-01
-4.131067047540439852e-01
-4.132278548638388949e-01
-4.133486713083873165e-01
-4.134691547648770560e-01
-4.135893059124611804e-01
-4.137091254322065037e-01
-4.138286140070587815e-01
-4.139477723218004113e-01
-4.140666010630117411e-01
-4.141851009190301580e-01
-4.143032725799078997e-01
-4.144211167373825222e-01
-4.145386340848229434e-01
-4.146558253172071828e-01
-4.147726911310682940e-01
-4.148892322244717157e-01
-4.150054492969620368e-01
-4.151213430495402923e-01
-4.152369141846155576e-01
-4.153521634059734180e-01
-4.154670914187388320e-01
-4.155816989293394936e-01
-4.156959866454660313e-01
-4.158099552760460282e-01
-4.159236055311992253e-01
-4.160369381222028817e-01
-4.161499537614653521e-01
-4.162626531624830095e-01
-4.163750370398060507e-01
-4.164871061090139603e-01
-4.165988610866682151e-01
-4.167103026902890250e-01
-4.168214316383204721e-01
-4.169322486500948166e-01
-4.170427544457979141e-01
-4.171529497464466774e-01
-4.172628352738466107e-01
-4.173724117505651088e-01
-4.174816798999004819e-01
-4.175906404458455956e-01
-4.176992941130668324e-01
-4.178076416268646232e-01
-4.179156837131443591e-01
-4.180234210983903576e-01
-4.181308545096366069e-01
-4.182379846744289642e-01
-4.183448123208058367e-01
-4.184513381772630436e-01
-4.185575629727299463e-01
-4.186634874365358638e-01
-4.187691122983864811e-01
-4.188744382883302642e-01
-4.189794661367403084e-01
-4.190841965742788111e-01
-4.191886303318709261e-01
-4.192927681406817819e-01
-4.193966107320906689e-01
-4.195001588376561785e-01
-4.196034131891024366e-01
-4.197063745182840755e-01
-4.198090435571644741e-01
-4.199114210377914436e-01
-4.200135076922683619e-01
-4.201153042527349113e-01
-4.202168114513382680e-01
-4.203180300202135622e-01
-4.204189606914542909e-01
-4.205196041970926113e-01
-4.206199612690760814e-01
-4.207200326392393497e-01
-4.208198190392922200e-01
-4.209193212007825147e-01
-4.210185398550888580e-01
-4.211174757333838170e-01
-4.212161295666255745e-01
-4.213145020855262324e-01
-4.214125940205355469e-01
-4.215104061018177251e-01
-4.216079390592316622e-01
-4.217051936223096820e-01
-4.218021705202378846e-01
-4.218988704818331104e-01
-4.219952942355260639e-01
-4.220914425093432176e-01
-4.221873160308816098e-01
-4.222829155272937451e-01
-4.223782417252679444e-01
-4.224732953510060285e-01
-4.225680771302136596e-01
-4.226625877880686444e-01
-4.227568280492168817e-01
-4.228507986377451067e-01
-4.229445002771634043e-01
-4.230379336903920540e-01
-4.231310995997449309e-01
-4.232239987269058590e-01
-4.233166317929181743e-01
-4.234089995181620214e-01
-4.235011026223469144e-01
-4.235929418244874789e-01
-4.236845178428870207e-01
-4.237758313951308087e-01
-4.238668831980605956e-01
-4.239576739677640704e-01
-4.240482044195587052e-01
-4.241384752679766557e-01
-4.242284872267503837e-01
-4.243182410087976697e-01
-4.244077373262074571e-01
-4.244969768902255858e-01
-4.245859604112401375e-01
-4.246746885987692233e-01
-4.247631621614460506e-01
-4.248513818070051018e-01
-4.249393482422706980e-01
-4.250270621731424003e-01
-4.251145243045825750e-01
-4.252017353406039590e-01
-4.252886959842565595e-01
-4.253754069376161628e-01
-4.254618689017717337e-01
-4.255480825768133135e-01
-4.256340486618204744e-01
-4.257197678548514386e-01
-4.258052408529273136e-01
-4.258904683520300938e-01
-4.259754510470826205e-01
-4.260601896319382575e-01
-4.261446847993788367e-01
-4.262289372410933419e-01
-4.263129476476738566e-01
-4.263967167086033516e-01
-4.264802451122459148e-01
-4.265635335458363153e-01
-4.266465826954713436e-01
-4.267293932460990424e-01
-4.268119658815107687e-01
-4.268943012843282592e-01
-4.269764001359985794e-01
-4.270582631167858523e-01
-4.271398909057582682e-01
-4.272212841807783157e-01
-4.273024436185040575e-01
-4.273833698943672599e-01
-4.274640636825746687e-01
-4.275445256560991836e-01
-4.276247564866666462e-01
-4.277047568447521764e-01
-4.277845273995729003e-01
-4.278640688190747388e-01
-4.279433817699350717e-01
-4.280224669175462515e-01
-4.281013249260135489e-01
-4.281799564581438844e-01
-4.282583621754446623e-01
-4.283365427381118917e-01
-4.284144988050288538e-01
-4.284922310337538343e-01
-4.285697400805182355e-01
-4.286470266002150309e-01
-4.287240912464020393e-01
-4.288009346712866598e-01
-4.288775575257254280e-01
-4.289539604592128574e-01
-4.290301441198853816e-01
-4.291061091545071982e-01
-4.291818562084658839e-01
-4.292573859257724500e-01
-4.293326989490513501e-01
-4.294077959195365390e-01
-4.294826774770702515e-01
-4.295573442600915670e-01
-4.296317969056370756e-01
-4.297060360493342168e-01
-4.297800623253982266e-01
-4.298538763666233109e-01
-4.299274788043875861e-01
-4.300008702686392015e-01
-4.300740513878981708e-01
-4.301470227892512654e-01
-4.302197850983444094e-01
-4.302923389393876197e-01
-4.303646849351428494e-01
-4.304368237069244874e-01
-4.305087558745955834e-01
-4.305804820565652391e-01
-4.306520028697816693e-01
-4.307233189297338116e-01
-4.307944308504479403e-01
-4.308653392444813379e-01
-4.309360447229226287e-01
-4.310065478953843954e-01
-4.310768493700095627e-01
-4.311469497534597406e-01
-4.312168496509179993e-01
-4.312865496660813203e-01
-4.313560504011683117e-01
-4.314253524569032772e-01
-4.314944564325284837e-01
-4.315633629257892290e-01
-4.316320725329400032e-01
-4.317005858487422687e-01
-4.317689034664583536e-01
-4.318370259778530618e-01
-4.319049539731908416e-01
-4.319726880412360082e-01
-4.320402287692461374e-01
-4.321075767429796710e-01
-4.321747325466864242e-01
-4.322416967631090290e-01
-4.323084699734833225e-01
-4.323750527575365155e-01
-4.324414456934816964e-01
-4.325076493580267689e-01
-4.325736643263639603e-01
-4.326394911721734848e-01
-4.327051304676226007e-01
-4.327705827833637220e-01
-4.328358486885350853e-01
-4.329009287507595283e-01
-4.329658235361442120e-01
-4.330305336092801216e-01
-4.330950595332420106e-01
-4.331594018695875126e-01
-4.332235611783576967e-01
-4.332875380180765124e-01
-4.333513329457508445e-01
-4.334149465168702364e-01
-4.334783792854070561e-01
-4.335416318038169958e-01
-4.336047046230382396e-01
-4.336675982924927952e-01
-4.337303133600862726e-01
-4.337928503722076057e-01
-4.338552098737315510e-01
-4.339173924080135802e-01
-4.339793985168999835e-01
-4.340412287407190428e-01
-4.341028836182859729e-01
-4.341643636869034206e-01
-4.342256694823623531e-01
-4.342868015389383940e-01
-4.343477603894015937e-01
-4.344085465650098232e-01
-4.344691605955087188e-01
-4.345296030091407857e-01
-4.345898743326384595e-01
-4.346499750912287130e-01
-4.347099058086326684e-01
-4.347696670070685387e-01
-4.348292592072506846e-01
-4.348886829283922784e-01
-4.349479386882061371e-01
-4.350070270029059438e-01
