-1.829105637372221348e-15
-6.739064013949521703e-01
-1.312490219937242353e+00
-1.886681530004330032e+00
-2.377720185157321975e+00
-2.778054497194365702e+00
-3.089607560031187194e+00
-3.320735605467676876e+00
-3.483130259485108571e+00
-3.589389624691489811e+00
-3.651457210051641145e+00
-3.679813702425445143e+00
-3.683196248201298761e+00
-3.668631726194979681e+00
-3.641625367018984427e+00
-3.606405282339831153e+00
-3.566166987584058923e+00
-3.523292410927490348e+00
-3.479533594827739496e+00
-3.436161585126037199e+00
-3.394083522495026095e+00
-3.353933873166867752e+00
-3.316144059462356353e+00
-3.280995953566094858e+00
-3.248662093321020627e+00
-3.219236733619421642e+00
-3.192759210117394719e+00
-3.169232741537922671e+00
-3.148638963782441458e+00
-3.130949918598131987e+00
-3.116135696890974138e+00
-3.104167780392012244e+00
-3.095015925940233892e+00
-3.088640645158419407e+00
-3.084982295474669733e+00
-3.083951661839299696e+00
-3.085423584233824901e+00
-3.089236878777315454e+00
-3.095198912563144056e+00
-3.103095100130256245e+00
-3.112699575381689066e+00
-3.123786777179851981e+00
-3.136140624773132046e+00
-3.149562254006948336e+00
-3.163874162681656443e+00
-3.178922888940581171e+00
-3.194578687339495460e+00
-3.210734777719756128e+00
-3.227304619155369370e+00
-3.244219779863980246e+00
-3.261426574330319461e+00
-3.278883919516404344e+00
-3.296560290891397571e+00
-3.314432161463082505e+00
-3.332481589575133185e+00
-3.350695348443661015e+00
-3.369063117487248515e+00
-3.387577193366140715e+00
-3.406231135552696632e+00
-3.425019896898067628e+00
-3.443938766101653837e+00
-3.462983774855949104e+00
-3.482150813146539292e+00
-3.501436208911854031e+00
-3.520835931196520274e+00
-3.540346274473056720e+00
-3.559963096493530710e+00
-3.579682566364446483e+00
-3.599500406117743800e+00
-3.619412679473871908e+00
-3.639415020242880772e+00
-3.659503449653552565e+00
-3.679673583068429732e+00
-3.699921470074820640e+00
-3.720242775697427895e+00
-3.740633640892572220e+00
-3.761089836927362207e+00
-3.781607645679024188e+00
-3.802182987068400966e+00
-3.822812319384104374e+00
-3.843491740184697747e+00
-3.864217907185675038e+00
-3.884987113214134702e+00
-3.905796228264893699e+00
-3.926641749090220124e+00
-3.947520762985667453e+00
-3.968429972525844285e+00
-3.989366681553277783e+00
-4.010327795476991142e+00
-4.031310829843938848e+00
-4.052312886525991864e+00
-4.073331685167592475e+00
-4.094364515507185054e+00
-4.115409291922693669e+00
-4.136463482068483799e+00
-4.157525184682545394e+00
-4.178592034668715094e+00
-4.199662304284560221e+00
-4.220733784759380214e+00
-4.241804910947516660e+00
-4.262873619543041670e+00
-4.283938497257834044e+00
-4.304997615671447342e+00
-4.326049702974811062e+00
-4.347092955477662279e+00
-4.368126232945008347e+00
-4.389147846772500472e+00
-4.410156778933233213e+00
-4.431151446823309747e+00
-4.452130945829485320e+00
-4.473093790841026873e+00
-4.494039182443969160e+00
-4.514965725091748538e+00
-4.535872716928561310e+00
-4.556758844607919912e+00
-4.577623496745991893e+00
-4.598465435375781674e+00
-4.619284133029434969e+00
-4.640078420814792715e+00
-4.660847849125628883e+00
-4.681591312326014886e+00
-4.702308433087421413e+00
-4.722998163666395577e+00
-4.743660193867007990e+00
-4.764293528897679764e+00
-4.784897920957747353e+00
-4.805472423659246317e+00
-4.826016847236870078e+00
-4.846530289520394774e+00
-4.867012614768361445e+00
-4.887462961177021725e+00
-4.907881243337990362e+00
-4.928266636270390855e+00
-4.948619101503438422e+00
-4.968937847618543735e+00
-4.989222879958246537e+00
-5.009473437665490358e+00
-5.029689567020788843e+00
-5.049870534966291125e+00
-5.070016426073762794e+00
-5.090126532540993232e+00
-5.110200974793665196e+00
-5.130239067942172326e+00
-5.150240966021123690e+00
-5.170206004894472684e+00
-5.190134370136703090e+00
-5.210025416375028584e+00
-5.229879358816476476e+00
-5.249695569015803365e+00
-5.269474290053323351e+00
-5.289214908717535302e+00
-5.308917694338892268e+00
-5.328582047375832964e+00
-5.348208261910405881e+00
-5.367795750626882523e+00
-5.387344830974825527e+00
-5.406854926529713445e+00
-5.426326376829920584e+00
-5.445758615108177381e+00
-5.465152001809399529e+00
-5.484505978682361338e+00
-5.503820925984992840e+00
-5.523096292925882445e+00
-5.542332478564181208e+00
-5.561528938590345028e+00
-5.580686089928055260e+00
-5.599803393843654220e+00
-5.618881284257816411e+00
-5.637919227173052938e+00
-5.656917672703240640e+00
-5.675876090808495533e+00
-5.694794947050584533e+00
-5.713673714625007172e+00
-5.732512873850306612e+00
-5.751311900486922646e+00
-5.770071288969099044e+00
-5.788790516999593905e+00
-5.807470092533214334e+00
-5.826109494636820152e+00
-5.844709244233120771e+00
-5.863268821215539717e+00
-5.881788758961489449e+00
-5.900268537691144566e+00
-5.918708702759688300e+00
-5.937108734249096464e+00
-5.955469189049032330e+00
-5.973789546670686512e+00
-5.992070375125826409e+00
-6.010311152952122704e+00
-6.028512458900134874e+00
-6.046673770158813355e+00
-6.064795675860668922e+00
-6.082877651496527704e+00
-6.100920296248798280e+00
-6.118923083584404843e+00
-6.136886622426512616e+00
-6.154810383914497862e+00
-6.172694986424437147e+00
-6.190539898484813008e+00
-6.208345747656571767e+00
-6.226111999592978563e+00
-6.243839290790073271e+00
-6.261527083779193426e+00
-6.279176023758767933e+00
-6.296785569907899394e+00
-6.314356375910548991e+00
-6.331887897378458696e+00
-6.349380796278922823e+00
-6.366834524455395439e+00
-6.384249751970108910e+00
-6.401625926710358350e+00
-6.418963726657678670e+00
-6.436262595567656675e+00
-6.453523219177289327e+00
-6.470745036946385476e+00
-6.487928742214692512e+00
-6.505073769992637978e+00
-6.522180821080272750e+00
-6.539249325895148068e+00
-6.556279992564871151e+00
-6.573272246779624517e+00
-6.590226803870724126e+00
-6.607143084675275446e+00
-6.624021811612919031e+00
-6.640862400549857547e+00
-6.657665580886418688e+00
-6.674430763407702472e+00
-6.691158684394383549e+00
-6.707848749447157921e+00
-6.724501701633613493e+00
-6.741116941273348040e+00
-6.757695218133638271e+00
-6.774235927162337134e+00
-6.790739824745321229e+00
-6.807206300373794150e+00
-6.823636116976527610e+00
-6.840028658508518156e+00
-6.856384694371151056e+00
-6.872703602908526221e+00
-6.888986159929105568e+00
-6.905231738096134997e+00
-6.921441119564254230e+00
-6.937613671250218772e+00
-6.953750181598245206e+00
-6.969850011717091398e+00
-6.985913956287791216e+00
-7.001941370553427468e+00
-7.017933055382990837e+00
-7.033888360099734172e+00
-7.049808091715243918e+00
-7.065691593582148045e+00
-7.081539678812472260e+00
-7.097351684740626609e+00
-7.113128430540136549e+00
-7.128869247482304772e+00
-7.144574960766178151e+00
-7.160244895558023792e+00
-7.175879883048914110e+00
-7.191479242260713001e+00
-7.207043810345752810e+00
-7.222572900144482944e+00
-7.238067354742060644e+00
-7.253526480762721107e+00
-7.268951127198396200e+00
-7.284340594424485893e+00
-7.299695737315576416e+00
-7.315015849967631212e+00
-7.330301793115824971e+00
-7.345552854547915622e+00
-7.360769900839477131e+00
-7.375952213443013328e+00
-7.391100664756153904e+00
-7.406214529870705832e+00
-7.421294686989426737e+00
-7.436340404819691052e+00
-7.451352567354247114e+00
-7.466330436893494849e+00
-7.481274903206348803e+00
-7.496185222165212103e+00
-7.511062289302859796e+00
-7.525905354043815443e+00
-7.540715317673460483e+00
-7.555491423149988783e+00
-7.570234577501522288e+00
-7.584944017202257527e+00
-7.599620655014368786e+00
-7.614263720911599087e+00
-7.628874133382463896e+00
-7.643451115884780656e+00
-7.657995592626684278e+00
-7.672506780535529813e+00
-7.686985609533359742e+00
-7.701431290003298180e+00
-7.715844757576543422e+00
-7.730225216079047001e+00
-7.744573606847088953e+00
-7.758889127137336139e+00
-7.773172723988044375e+00
-7.787423588075116143e+00
-7.801642672136242851e+00
-7.815829160255781893e+00
-7.829984010869187827e+00
-7.844106401459101541e+00
-7.858197296157690026e+00
-7.872255865836165434e+00
-7.886283080323005734e+00
-7.900278103868963342e+00
-7.914241911998950663e+00
-7.928173662334765837e+00
-7.942074336098383647e+00
-7.955943084274560206e+00
-7.969780893783600995e+00
-7.983586908965551565e+00
-7.997362122440775600e+00
-8.011105671897377434e+00
-8.024818555657985186e+00
-8.038499904751839509e+00
-8.052150723206535687e+00
-8.065770135385974982e+00
-8.079359151025652608e+00
-8.092916887818006444e+00
-8.106444361209939942e+00
-8.119940682216556738e+00
-8.133406871999916632e+00
-8.146842034892241458e+00
-8.160247197774882721e+00
-8.173621458291910002e+00
-8.186965849048460697e+00
-8.200279460995334446e+00
-8.213563332466254252e+00
-8.226816547714035366e+00
-8.240040150805988617e+00
-8.253233219292276601e+00
-8.266396802979214087e+00
-8.279529972709903873e+00
-8.292633784035290390e+00
-8.305707301087112526e+00
-8.318751585166868523e+00
-8.331765693690883268e+00
-8.344750693717177370e+00
-8.357705635942856759e+00
-8.370631593188749164e+00
-8.383527609429012983e+00
-8.396394763253793414e+00
-8.409232091910482154e+00
-8.422040679765332882e+00
-8.434819557335625717e+00
-8.447569814770476526e+00
-8.460290475853536662e+00
-8.472982636523964217e+00
-8.485645313828406699e+00
-8.498279609503288867e+00
-8.510884533855092471e+00
-8.523461194424791998e+00
-8.536008594775561065e+00
-8.548527848260484063e+00
-8.561017951696298312e+00
-8.573480024255825782e+00
-8.585913056006411637e+00
-8.598318171948388766e+00
-8.610694355396633526e+00
-8.623042737186995765e+00
-8.635362293879012441e+00
-8.647654162151882318e+00
-8.659917311806990980e+00
-8.672152885375153275e+00
-8.684359845896596042e+00
-8.696539341761985398e+00
-8.708690329247582795e+00
-8.720813962612242065e+00
-8.732909191365481050e+00
-8.744977175642782541e+00
-8.757016858184014652e+00
-8.769029405009789002e+00
-8.781013752087714508e+00
-8.792971071332031485e+00
-8.804900291935252810e+00
-8.816802591713969406e+00
-8.828676893082787913e+00
-8.840524379769394869e+00
-8.852343967407769298e+00
-8.864136845645495200e+00
-8.875901923333048060e+00
-8.887640396046892377e+00
-8.899351165851204115e+00
-8.911035434260101695e+00
-8.922692096548750840e+00
-8.934322360178093447e+00
-8.945925113631229664e+00
-8.957501570324973628e+00
-8.969050611947636753e+00
-8.980573457880987931e+00
-8.992068983015663264e+00
-9.003538412707507987e+00
-9.014980615046567891e+00
-9.026396821372019375e+00
-9.037785892970434887e+00
-9.049149067173473782e+00
-9.060485198461254441e+00
-9.071795530167358734e+00
-9.083078909962354786e+00
-9.094336587191058641e+00
-9.105567402711503888e+00
-9.116772611889128797e+00
-9.127951048766318465e+00
-9.139103974738562286e+00
-9.150230217029502455e+00
-9.161331043074119052e+00
-9.172405273274126358e+00
-9.183454181113528847e+00
-9.194476580168865709e+00
-9.205473749982694187e+00
-9.216444497303218242e+00
-9.227390107741012315e+00
-9.238309381212552296e+00
-9.249203609406206894e+00
-9.260071585403295558e+00
-9.270914606979541617e+00
-9.281731460377821818e+00
-9.292523449470841967e+00
-9.303289353659444316e+00
-9.314030482923017829e+00
-9.324745609817053804e+00
-9.335436050437238009e+00
-9.346100570490003534e+00
-9.356740492197211267e+00
-9.367354574412569690e+00
-9.377944145493843919e+00
-9.388507957438445573e+00
-9.399047344749702049e+00
-9.409561052565004857e+00
-9.420050421543150421e+00
-9.430514189957612814e+00
-9.440953704632535803e+00
-9.451367696973624888e+00
-9.461757519980153575e+00
-9.472121898186193434e+00
-9.482462190776040245e+00
-9.492777115408172151e+00
-9.503068037461767759e+00
-9.513333667715610176e+00
-9.523575377753733306e+00
-9.533791871471224866e+00
-9.543984526666806190e+00
-9.554152040347643648e+00
-9.564295796537257033e+00
-9.574414485350594362e+00
-9.584509497045919701e+00
-9.594579514841708345e+00
-9.604625935240973078e+00
-9.614647434561334194e+00
-9.624645415560602046e+00
-9.634618547651147225e+00
-9.644568239855567882e+00
-9.654493154676483613e+00
-9.664394707411432250e+00
-9.674271553648681632e+00
-9.684125114970688841e+00
-9.693954040046870446e+00
-9.703759756754768873e+00
-9.713540906840158584e+00
-9.723298924485741068e+00
-9.733032444508955550e+00
-9.742742907407860642e+00
-9.752428941066707324e+00
-9.762091992309022359e+00
-9.771730682080997710e+00
-9.781346463541881420e+00
-9.790937950694786451e+00
-9.800506603044876641e+00
-9.810051027647194388e+00
-9.819572690363060019e+00
-9.829070191294285053e+00
-9.838545002668608319e+00
-9.847995717629554946e+00
-9.857423814781457239e+00
-9.866827880304272824e+00
-9.876209399189304960e+00
-9.885566950647620033e+00
-9.894902026067759593e+00
-9.904213197686592807e+00
-9.913501963300214825e+00
-9.922766888165771348e+00
-9.932009476497380973e+00
-9.941228286566945016e+00
-9.950424829016885298e+00
-9.959597655128323623e+00
-9.968748281982438897e+00
-9.977875253863874860e+00
-9.986980094302966293e+00
-9.996061340582215848e+00
-1.000512052269147389e+01
-1.001415617090536969e+01
-1.002316982168374970e+01
-1.003215999828744565e+01
-1.004112824365684453e+01
-1.005007307403300310e+01
-1.005899603884739690e+01
-1.006789564731530717e+01
-1.007677345536977498e+01
-1.008562796519429483e+01
-1.009446073923403375e+01
-1.010327027263451782e+01
-1.011205813436358447e+01
-1.012082281252265581e+01
-1.012956588261288182e+01
-1.013828582568517689e+01
-1.014698422378470255e+01
-1.015565955090548655e+01
-1.016431339564729797e+01
-1.017294422494103046e+01
-1.018155363395166724e+01
-1.019014008254032078e+01
-1.019870517244807928e+01
-1.020724735645966419e+01
-1.021576824290285757e+01
-1.022426627747952921e+01
-1.023274307511492331e+01
-1.024119707442120486e+01
-1.024962989693196214e+01
-1.025803997416285895e+01
-1.026642893426658709e+01
-1.027479520165556437e+01
-1.028314041111234722e+01
-1.029146297993915837e+01
-1.029976454955938792e+01
-1.030804353015801844e+01
-1.031630156981013613e+01
-1.032453707157640643e+01
-1.033275169019462680e+01
-1.034094382159399750e+01
-1.034911512718587367e+01
-1.035726399576087253e+01
-1.036539209541483153e+01
-1.037349780779253905e+01
-1.038158280768544905e+01
-1.038964546958497692e+01
-1.039768747498922430e+01
-1.040570719122898247e+01
-1.041370630652000351e+01
-1.042168318102492997e+01
-1.042963950968830034e+01
-1.043757364549698430e+01
-1.044548729013546406e+01
-1.045337878940725140e+01
-1.046124985174796507e+01
-1.046909881576998380e+01
-1.047692739667117756e+01
-1.048473392586513242e+01
-1.049252012532328493e+01
-1.050028431925237982e+01
-1.050802823640874628e+01
-1.051575019378446996e+01
-1.052345192693194598e+01
-1.053113174562064103e+01
-1.053879139221042216e+01
-1.054642916923992857e+01
-1.055404682588788745e+01
-1.056164265745416664e+01
-1.056921841994763511e+01
-1.057677240142102271e+01
-1.058430636472493092e+01
-1.059181859065668085e+01
-1.059931084892006581e+01
-1.060678141304861377e+01
-1.061423205961073357e+01
-1.062166105486789469e+01
-1.062907018226463229e+01
-1.063645770078174024e+01
-1.064382540075155248e+01
-1.065117153386560567e+01
-1.065849789735563569e+01
-1.066580273561528713e+01
-1.067308785278736316e+01
-1.068035148595883932e+01
-1.068759544619531177e+01
-1.069481796326834200e+01
-1.070202085517802360e+01
-1.070920234437161866e+01
-1.071636425579550256e+01
-1.072350480456369404e+01
-1.073062582258060615e+01
-1.073772551761812544e+01
-1.074480572855054916e+01
-1.075186465579839634e+01
-1.075890414521782290e+01
-1.076592238986887473e+01
-1.077292124260144313e+01
-1.077989888910585847e+01
-1.078685718923776449e+01
-1.079379432130848571e+01
-1.080071215219135894e+01
-1.080760885280934858e+01
-1.081448629706557796e+01
-1.082134264848513006e+01
-1.082817978801308811e+01
-1.083499587176714840e+01
-1.084179278774639954e+01
-1.084856868465155344e+01
-1.085532545754802847e+01
-1.086206124770979287e+01
-1.086877795728068286e+01
-1.087547372009835733e+01
-1.088215044539738230e+01
-1.088880625956914194e+01
-1.089544307895124575e+01
-1.090205902247900482e+01
-1.090865601360544090e+01
-1.091523216379968630e+01
-1.092178940364268414e+01
-1.092832583712739591e+01
-1.093484340197503535e+01
-1.094134019469225549e+01
-1.094781816015312259e+01
-1.095427538736779915e+01
-1.096071382837566865e+01
-1.096713156468015882e+01
-1.097353055549860557e+01
-1.097990887481731193e+01
-1.098626848904416420e+01
-1.099260746463800942e+01
-1.099892777520998877e+01
-1.100522747968091331e+01
-1.101150855887794755e+01
-1.101776906417330615e+01
-1.102401098362290988e+01
-1.103023236103975258e+01
-1.103643519172145737e+01
-1.104261751191096508e+01
-1.104878132416043002e+01
-1.105492465713203032e+01
-1.106104952064536739e+01
-1.106715393577102269e+01
-1.107323991960898191e+01
-1.107930548562721995e+01
-1.108535265821924476e+01
-1.109137944323937219e+01
-1.109738787238766022e+01
-1.110337594389369897e+01
-1.110934569677726635e+01
-1.111529512163196287e+01
-1.112122626481055576e+01
-1.112713710925943289e+01
-1.113302970867746744e+01
-1.113890203835248194e+01
-1.114475615934293273e+01
-1.115059003926657510e+01
-1.115640574655469308e+01
-1.116220124114362022e+01
-1.116797859885084065e+01
-1.117373577191960798e+01
-1.117947484356715826e+01
-1.118519375833201934e+01
-1.119089460684460313e+01
-1.119657532592706417e+01
-1.120223801363658289e+01
-1.120788059906704959e+01
-1.121350518771610538e+01
-1.121910970093741078e+01
-1.122469625168282015e+01
-1.123026275355379688e+01
-1.123581132697007945e+01
-1.124133987776896326e+01
-1.124685053385188027e+01
-1.125234119327975968e+01
-1.125781399144955408e+01
-1.126326681863377743e+01
-1.126870181773868751e+01
-1.127411687123601425e+01
-1.127951412955551547e+01
-1.128489146735567772e+01
-1.129025104260373702e+01
-1.129559072213248250e+01
-1.130091267146077705e+01
-1.130621474958318728e+01
-1.131149912958427706e+01
-1.131676366260786892e+01
-1.132201052931842078e+01
-1.132723757299624090e+01
-1.133244698190000399e+01
-1.133763659143376223e+01
-1.134280859746474590e+01
-1.134796082750780144e+01
-1.135309548505316002e+01
-1.135821038971358554e+01
-1.136330775261670567e+01
-1.136838538546014732e+01
-1.137344550702352031e+01
-1.137848592107621037e+01
-1.138350885406430102e+01
-1.138851210181580065e+01
-1.139349789845804395e+01
-1.139846403186419010e+01
-1.140341274385758830e+01
-1.140834181434325245e+01
-1.141325349285527224e+01
-1.141814555131718301e+01
-1.142302024698853380e+01
-1.142787534379778336e+01
-1.143271310674503205e+01
-1.143753129174999117e+01
-1.144233217156824089e+01
-1.144711349409709022e+01
-1.145187753986262003e+01
-1.145662204872595424e+01
-1.146134930899880011e+01
-1.146605705249218410e+01
-1.147074757531865963e+01
-1.147541860122521840e+01
-1.148007243414046563e+01
-1.148470678973329839e+01
-1.148932397976375519e+01
-1.149392171180843469e+01
-1.149850230547420615e+01
-1.150306346023121939e+01
-1.150760750354854878e+01
-1.151213212677559206e+01
-1.151663966525924110e+01
-1.152112780221368915e+01
-1.152559888087919227e+01
-1.153005057632029207e+01
-1.153448523968631534e+01
-1.153890053787751491e+01
-1.154329882996809076e+01
-1.154767777467932355e+01
-1.155203973902604986e+01
-1.155638237353585573e+01
-1.156070805318016248e+01
-1.156501442027795790e+01
-1.156930385777314996e+01
-1.157357399976126366e+01
-1.157782723717473061e+01
-1.158206119587058325e+01
-1.158627827478589545e+01
-1.159047609152403346e+01
-1.159465705304291205e+01
-1.159881876867706474e+01
-1.160296365342148661e+01
-1.160708930832652541e+01
-1.161119815644068787e+01
-1.161528779051469762e+01
-1.161936064166689953e+01
-1.162341429433300277e+01
-1.162745118771774067e+01
-1.163146889792606054e+01
-1.163546987226568952e+01
-1.163945167849524509e+01
-1.164341677204202519e+01
-1.164736271230253273e+01
-1.165129196284034663e+01
-1.165520207467402969e+01
-1.165909551952024792e+01
-1.166296984000357284e+01
-1.166682751601079637e+01
-1.167066608175638898e+01
-1.167448802531407814e+01
-1.167829087247219455e+01
-1.168207711950850758e+01
-1.168584428376892426e+01
-1.168959486975235862e+01
-1.169332638634586274e+01
-1.169704134628681480e+01
-1.170073724998698061e+01
-1.170441661843940651e+01
-1.170807694356403239e+01
-1.171172075462699524e+01
-1.171534553503982146e+01
-1.171895382235907768e+01
-1.172254309147111151e+01
-1.172611588824061002e+01
-1.172966967901181690e+01
-1.173320701797515575e+01
-1.173672536291578972e+01
-1.174022727636762653e+01
-1.174371020753982187e+01
-1.174717672732743345e+01
-1.175062427634644990e+01
-1.175405543387099883e+01
-1.175746763190662136e+01
-1.176086345812459300e+01
-1.176424033590259732e+01
-1.176760086132703265e+01
-1.177094244913038956e+01
-1.177426770383236665e+01
-1.177757403150254589e+01
-1.178086404511223861e+01
-1.178413514205053403e+01
-1.178738994375859761e+01
-1.179062583892728000e+01
-1.179384545748603408e+01
-1.179704617940959821e+01
-1.180023064313422942e+01
-1.180339621990049537e+01
-1.180654555667012673e+01
-1.180967601593150995e+01
-1.181279025319046561e+01
-1.181588562216489358e+01
-1.181896478692362251e+01
-1.182202509239588295e+01
-1.182506921123221133e+01
-1.182809447955473559e+01
-1.183110357861479400e+01
-1.183409383570886142e+01
-1.183706794070811164e+01
-1.184002321206474839e+01
-1.184296234828896921e+01
-1.184588265896998749e+01
-1.184878685127626774e+01
-1.185167222591518410e+01
-1.185454149873277885e+01
-1.185739196153561714e+01
-1.186022633886691047e+01
-1.186304191361328364e+01
-1.186584141903458800e+01
-1.186862212907841752e+01
-1.187138678574087081e+01
-1.187413265401118956e+01
-1.187686248464155980e+01
-1.187957353364340385e+01
-1.188226856054478020e+01
-1.188494481235986910e+01
-1.188760505741256246e+01
-1.189024653370011286e+01
-1.189287201836226693e+01
-1.189547874035959829e+01
-1.189806948566794809e+01
-1.190064147419129448e+01
-1.190319750076178806e+01
-1.190573477620683462e+01
-1.190825610423525127e+01
-1.191075868657786607e+01
-1.191324533584054990e+01
-1.191571324463720671e+01
-1.191816523449148413e+01
-1.192059848888008311e+01
-1.192301583826492006e+01
-1.192541445696510394e+01
-1.192779718440161218e+01
-1.193016118571534001e+01
-1.193250930930725495e+01
-1.193483871111929417e+01
-1.193715224855348644e+01
-1.193944706833190850e+01
-1.194172603687869838e+01
-1.194398629167522863e+01
-1.194623070818894028e+01
-1.194845641463942698e+01
-1.195066629555867621e+01
-1.195285746988331610e+01
-1.195503283123143135e+01
-1.195718948923526170e+01
-1.195933034662053807e+01
-1.196145250369369251e+01
-1.196355887230965820e+01
-1.196564654342760825e+01
-1.196771843805342428e+01
-1.196977163777723696e+01
-1.197180907277775574e+01
-1.197382781525433160e+01
-1.197583080458051086e+01
-1.197781510354273671e+01
-1.197978366073157019e+01
-1.198173352949856074e+01
-1.198366766767339975e+01
-1.198558311915053132e+01
-1.198748285102115396e+01
-1.198936389770023681e+01
-1.199122923556287823e+01
-1.199307588952213699e+01
-1.199490684525960127e+01
-1.199671911816382952e+01
-1.199851570324553762e+01
-1.200029360634597531e+01
-1.200205583182791358e+01
-1.200379937596236779e+01
-1.200552725248700980e+01
-1.200723644807967716e+01
-1.200892998587599969e+01
-1.201060484293746633e+01
-1.201226405182083923e+01
-1.201390457994792982e+01
-1.201552946931992238e+01
-1.201713567769555091e+01
-1.201872625654382887e+01
-1.202029815393684054e+01
-1.202185443083494754e+01
-1.202339202559990206e+01
-1.202491400870707494e+01
-1.202641730878397119e+01
-1.202790500584483979e+01
-1.202937401875895951e+01
-1.203082743710324998e+01
-1.203226216996465503e+01
-1.203368131650689676e+01
-1.203508177601034035e+01
-1.203646665724954801e+01
-1.203783284967386891e+01
-1.203918347169306990e+01
-1.204051540290094024e+01
-1.204183177136684435e+01
-1.204312944680424025e+01
-1.204441156696672977e+01
-1.204567499166255828e+01
-1.204692286835421910e+01
-1.204815204691971964e+01
-1.204936568455529056e+01
-1.205056062118361737e+01
-1.205174002375947317e+01
-1.205290072222494935e+01
-1.205404589331853416e+01
-1.205517235697620038e+01
-1.205628329974535262e+01
-1.205737553153023001e+01
-1.205845224871255894e+01
-1.205951025113900243e+01
-1.206055274505113317e+01
-1.206157652021216720e+01
-1.206258479274909590e+01
-1.206357434231558301e+01
-1.206454839494978515e+01
-1.206550372016968353e+01
-1.206644355395050994e+01
-1.206736465564800298e+01
-1.206827027120065132e+01
-1.206915714977536425e+01
-1.207002854730001218e+01
-1.207088120272608300e+01
-1.207171838199707814e+01
-1.207253681382216293e+01
-1.207333977418703164e+01
-1.207412398153138255e+01
-1.207489272190975704e+01
-1.207564270346524005e+01
-1.207637722234785294e+01
-1.207709297637681978e+01
-1.207779327182454665e+01
-1.207847479615875841e+01
-1.207914086580135660e+01
-1.207978815784082194e+01
-1.208041999887582207e+01
-1.208103305558771190e+01
-1.208163066477919223e+01
-1.208220948269653583e+01
-1.208277285637399245e+01
-1.208331743159445892e+01
-1.208384656565136339e+01
-1.208435689383585654e+01
-1.208485178372846747e+01
-1.208532786009992321e+01
-1.208578850084576572e+01
-1.208623032018770971e+01
-1.208665670636431777e+01
-1.208706426301932702e+01
-1.208745638876268202e+01
-1.208782967663101360e+01
-1.208818753563408244e+01
-1.208852654817207650e+01
-1.208885013368321815e+01
-1.208915486390179339e+01
-1.208944416872312466e+01
-1.208971460918609431e+01
-1.208996962567196221e+01
-1.209020576849430029e+01
-1.209042648854947721e+01
-1.209062832539570564e+01
-1.209081474047364146e+01
-1.209098226255599151e+01
-1.209113436365707983e+01
-1.209126756173368911e+01
-1.209138533940329552e+01
-1.209148420377628952e+01
-1.209156764810303208e+01
-1.209163216861654178e+01
-1.209168126923011144e+01
-1.209171143526850756e+01
-1.209172618133773547e+01
-1.209172198182332991e+01
-1.209170236205425653e+01
-1.209166378544524179e+01
-1.209160978807877385e+01
-1.209153682236725835e+01
-1.209144843517704793e+01
-1.209134106788658336e+01
-1.209121827817684469e+01
-1.209107649636032455e+01
-1.209091929096347329e+01
-1.209074308120069752e+01
-1.209055144647502367e+01
-1.209034079487032187e+01
-1.209011471669747095e+01
-1.208986960887727413e+01
-1.208960907265981177e+01
-1.208932949377005350e+01
-1.208903448442890394e+01
-1.208872041913248374e+01
-1.208839092110426350e+01
-1.208804235357834678e+01
-1.208767835081267172e+01
-1.208729526474593463e+01
-1.208689674070271103e+01
-1.208647911929258356e+01
-1.208604605693900957e+01
-1.208559388288877834e+01
-1.208512626469660312e+01
-1.208463952021236132e+01
-1.208413732815477459e+01
-1.208361599494254612e+01
-1.208307921049117795e+01
-1.208252326975365953e+01
-1.208195187387536862e+01
-1.208136130630884608e+01
-1.208075527946247441e+01
-1.208013006525345823e+01
-1.207948938738661404e+01
-1.207882950620851936e+01
-1.207815415675405113e+01
-1.207745958776380135e+01
-1.207674954563634095e+01
-1.207602026747071555e+01
-1.207527551106318953e+01
-1.207451150183522692e+01
-1.207373200901503374e+01
-1.207293324631043419e+01
-1.207211899441576541e+01
-1.207128545528886754e+01
-1.207043642112480342e+01
-1.206956808209478105e+01
-1.206868424192937539e+01
-1.206778107897623542e+01
-1.206686240853625236e+01
-1.206592439709665854e+01
-1.206497087156372139e+01
-1.206399798652675059e+01
-1.206300958053272687e+01
-1.206200179623551172e+01
-1.206097848385834226e+01
-1.205993577408166395e+01
-1.205887752884066089e+01
-1.205779986680434668e+01
-1.205670666165567440e+01
-1.205559402001385827e+01
-1.205446582734577277e+01
-1.205331817818210105e+01
-1.205215496981000634e+01
-1.205097228463276160e+01
-1.204977403179420037e+01
-1.204855628153105940e+01
-1.204732295488059890e+01
-1.204607010987358429e+01
-1.204480167947750147e+01
-1.204351370947742694e+01
-1.204221014480828700e+01
-1.204088701896946567e+01
-1.203954828890056916e+01
-1.203818997577498884e+01
-1.203681604857462872e+01
-1.203542251610629954e+01
-1.203401335943182815e+01
-1.203258457495072875e+01
-1.203114015584262830e+01
-1.202967608605862004e+01
-1.202819637093424099e+01
-1.202669698193074943e+01
-1.202518193657800616e+01
-1.202364719380558533e+01
-1.202209678337631082e+01
-1.202052665164610623e+01
-1.201894084064940316e+01
-1.201733528412623286e+01
-1.201571403642157243e+01
-1.201407301861693000e+01
-1.201241629740712646e+01
-1.201073978117210928e+01
-1.200904754899592319e+01
-1.200733549651376997e+01
-1.200560771523848480e+01
-1.200386008801703142e+01
-1.200209671883086138e+01
-1.200031347769474621e+01
-1.199851448109887642e+01
-1.199669558618158938e+01
-1.199486092198201881e+01
-1.199300633271767857e+01
-1.199113596001705062e+01
-1.198924563513190655e+01
-1.198733951232092743e+01
-1.198541340982488279e+01
-1.198347149457340954e+01
-1.198150957175098164e+01
-1.197953182099931979e+01
-1.197753403440050768e+01
-1.197552040434989529e+01
-1.197348670978103513e+01
-1.197143715588424762e+01
-1.196936750839810415e+01
-1.196728198534983356e+01
-1.196517633923597934e+01
-1.196305480096266649e+01
-1.196091310973724475e+01
-1.195875550938697351e+01
-1.195657772578229938e+01
-1.195438401571420250e+01
-1.195217009166827538e+01
-1.194994022344169515e+01
-1.194769011008708226e+01
-1.194542403445074896e+01
-1.194313768210339077e+01
-1.194083534898383903e+01
-1.193851270713174095e+01
-1.193617406562171013e+01
-1.193381508291304804e+01
-1.193144008125973343e+01
-1.192904470549082951e+01
-1.192663329108350112e+01
-1.192420146918637514e+01
-1.192175358854403378e+01
-1.191928526657393839e+01
-1.191680086533238203e+01
-1.191429598845468973e+01
-1.191177501135342887e+01
-1.190923352383047273e+01
-1.190667591469945030e+01
-1.190409775987691887e+01
-1.190150346162268846e+01
-1.189888858191577725e+01
-1.189625753650742368e+01
-1.189360587338671493e+01
-1.189093802184174287e+01
-1.188824951581852574e+01
-1.188554479818803955e+01
-1.188281938879974753e+01
-1.188007774415349083e+01
-1.187731536994847481e+01
-1.187453673635970119e+01
-1.187173733488177874e+01
-1.186892164941156302e+01
-1.186608515718441836e+01
-1.186323235586582925e+01
-1.186035870837685557e+01
-1.185746872619874992e+01
-1.185455785788276195e+01
-1.185163062877326823e+01
-1.184868247299588262e+01
-1.184571792980569782e+01
-1.184273241884636896e+01
-1.183973049333161498e+01
-1.183670755836630306e+01
-1.183366818117120012e+01
-1.183060775225510497e+01
-1.182753085289419559e+01
-1.182443285894371421e+01
-1.182131836578411566e+01
-1.181818273455887613e+01
-1.181503057480196617e+01
-1.181185723288655964e+01
-1.180866733254949708e+01
-1.180545620533476381e+01
-1.180222848923182255e+01
-1.179897950089618774e+01
-1.179571389261983683e+01
-1.179242696611003893e+01
-1.178912338801177917e+01
-1.178579844502373497e+01
-1.178245681819462831e+01
-1.177909377915398004e+01
-1.177571402340520379e+01
-1.177231280744747188e+01
-1.176889484129042174e+01
-1.176545536624137789e+01
-1.176199910686784023e+01
-1.175852128922335815e+01
-1.175502665248538747e+01
-1.175151040739132391e+01
-1.174797730778107585e+01
-1.174442254901303251e+01
-1.174085089964246542e+01
-1.173725753958548346e+01
-1.173364725216585391e+01
-1.173001520179388990e+01
-1.172636618661552532e+01
-1.172269535547101427e+01
-1.171900752138260593e+01
-1.171529781755595323e+01
-1.171157107194419211e+01
-1.170782240205338098e+01
-1.170405665082230406e+01
-1.170026891999229512e+01
-1.169646406754312373e+01
-1.169263717938550329e+01
-1.168879312859597519e+01
-1.168492698518861239e+01
-1.168104363739300133e+01
-1.167713813925985988e+01
-1.167321539422870735e+01
-1.166927044031987570e+01
-1.166530819623996784e+01
-1.166132368391177643e+01
-1.165732183736663607e+01
-1.165329766236198239e+01
-1.164925610831220659e+01
-1.164519216474125507e+01
-1.164111079650539438e+01
-1.163700697682654983e+01
-1.163288568606221851e+01
-1.162874188106340156e+01
-1.162458055774866850e+01
-1.162039665652899600e+01
-1.161619518894443281e+01
-1.161197107889634594e+01
-1.160772935360732383e+01
-1.160346492039905542e+01
-1.159918282223853048e+01
-1.159487794979742681e+01
-1.159055536184930801e+01
-1.158620993234533181e+01
-1.158184673592852221e+01
-1.157746062975859047e+01
-1.157305670441154888e+01
-1.156862980018436993e+01
-1.156418502365039203e+01
-1.155971719817222088e+01
-1.155523144638551081e+01
-1.155072257464648899e+01
-1.154619572171876207e+01
-1.154164567688022380e+01
-1.153707759508862374e+01
-1.153248624847090298e+01
-1.152787680824632943e+01
-1.152324402931805736e+01
-1.151859309923466768e+01
-1.151391875560249822e+01
-1.150922620236814531e+01
-1.150451015976786984e+01
-1.149977584821560761e+01
-1.149501797050405472e+01
-1.149024176358478222e+01
-1.148544191273301251e+01
-1.148062367150917318e+01
-1.147578170759689620e+01
-1.147092129123739745e+01
-1.146603707244850412e+01
-1.146113433822504568e+01
-1.145620772084449790e+01
-1.145126252412897117e+01
-1.144629336254092955e+01
-1.144130555680451344e+01
-1.143629370349207797e+01
-1.143126314030537394e+01
-1.142620844585164974e+01
-1.142113497488664464e+01
-1.141603728797716322e+01
-1.141092075701055819e+01
-1.140577992443762234e+01
-1.140062017935574801e+01
-1.139543604602406468e+01
-1.139023293082950516e+01
-1.138500533976360707e+01
-1.137975869658343520e+01
-1.137448748893691786e+01
-1.136919715803273867e+01
-1.136388217309904292e+01
-1.135854799287881711e+01
-1.135318906810412187e+01
-1.134781087513584197e+01
-1.134240784613346875e+01
-1.133698547516067734e+01
-1.133153817572773292e+01
-1.132607145968703399e+01
-1.132057972182283301e+01
-1.131506849186332708e+01
-1.130953214578990362e+01
-1.130397623129473850e+01
-1.129839510547930104e+01
-1.129279433408915345e+01
-1.128716825526878331e+01
-1.128152245290763922e+01
-1.127585124611590572e+01
-1.127016023701873237e+01
-1.126444372561470786e+01
-1.125870733235757193e+01
-1.125294533805678121e+01
-1.124716338158898665e+01
-1.124135572449689491e+01
-1.123552802417545671e+01
-1.122967452282287226e+01
-1.122380089644922307e+01
-1.121790136783030611e+01
-1.121198163168930684e+01
-1.120603589130170974e+01
-1.120006986020303508e+01
-1.119407772209034491e+01
-1.118806520941211424e+01
-1.118202648620885320e+01
-1.117596730394377325e+01
-1.116988180692248456e+01
-1.116377576572617869e+01
-1.115764330484713085e+01
-1.115149021408908148e+01
-1.114531059805228175e+01
-1.113911026586891317e+01
-1.113288330216849431e+01
-1.112663553551889173e+01
-1.112036103050005131e+01
-1.111406563522401569e+01
-1.110774339414206935e+01
-1.110140017502047272e+01
-1.109503000210260382e+01
-1.108863876292030426e+01
-1.108222046142964778e+01
-1.107578100504070129e+01
-1.106931437734272627e+01
-1.106282650573811388e+01
-1.105631135336937376e+01
-1.104977486774682127e+01
-1.104321099148631014e+01
-1.103662569232277768e+01
-1.103001289226529913e+01
-1.102337857939169830e+01
-1.101671665502373010e+01
-1.101003312770187925e+01
-1.100332187797980410e+01
-1.099658893498166456e+01
-1.098982815841202232e+01
-1.098304559810129000e+01
-1.097623509282360921e+01
-1.096940271323942007e+01
-1.096254227711089690e+01
-1.095565987605372626e+01
-1.094874930673620561e+01
-1.094181668185598610e+01
-1.093485577690510979e+01
-1.092787272579123758e+01
-1.092086128274753065e+01
-1.091382760302110810e+01
-1.090676541950312028e+01
-1.089968090891100694e+01
-1.089256778271051651e+01
-1.088543223922148506e+01
-1.087826796840020727e+01
-1.087108119030273379e+01
-1.086386557329143088e+01
-1.085662735929347811e+01
-1.084936019499237503e+01
-1.084207034432272287e+01
-1.083475143220380588e+01
-1.082740974471523998e+01
-1.082003888492606336e+01
-1.081264516120000074e+01
-1.080522215466917579e+01
-1.079777619612180395e+01
-1.079030084466585038e+01
-1.078280245365577450e+01
-1.077527456008741247e+01
-1.076772354002443777e+01
-1.076014290826212338e+01
-1.075253906371760770e+01
-1.074490549889623558e+01
-1.073724863571438171e+01
-1.072956194429730914e+01
-1.072185186970747672e+01
-1.071411185959927082e+01
-1.070634838232946251e+01
-1.069855486298987302e+01
-1.069073779338101815e+01
-1.068289057593951519e+01
-1.067501972606039828e+01
-1.066711862343171724e+01
-1.065919380719483911e+01
-1.065123863419485417e+01
-1.064325966747264118e+01
-1.063525024093499027e+01
-1.062721694167665376e+01
-1.061915308056963525e+01
-1.061106526891829560e+01
-1.060294679446231925e+01
-1.059480429287225967e+01
-1.058663102865707373e+01
-1.057843366201153046e+01
-1.057020543411397995e+01
-1.056195302984249906e+01
-1.055366966694401576e+01
-1.054536205514006575e+01
-1.053702338864406229e+01
-1.052866040218232868e+01
-1.052026626633140793e+01
-1.051184774098481256e+01
-1.050339797297751687e+01
-1.049492374753379131e+01
-1.048641818764095035e+01
-1.047788810401872972e+01
-1.046932659569932511e+01
-1.046074049906351355e+01
-1.045212288907950438e+01
-1.044348062795602061e+01
-1.043480676648675498e+01
-1.042610819287618540e+01
-1.041737793363167697e+01
-1.040862290312212579e+01
-1.039983610345516851e+01
-1.039102447533402440e+01
-1.038218099635144220e+01
-1.037331263371570955e+01
-1.036441234038804105e+01
-1.035548711025364987e+01
-1.034652987152355053e+01
-1.033754764493289180e+01
-1.032853333382226957e+01
-1.031949398595048173e+01
-1.031042247966562719e+01
-1.030132588992487364e+01
-1.029219706996023120e+01
-1.028304312210278759e+01
-1.027385687434252759e+01
-1.026464545656131655e+01
-1.025540167137945424e+01
-1.024613267640710035e+01
-1.023683124876518846e+01
-1.022750457397067692e+01
-1.021814540351361700e+01
-1.020876095099714753e+01
-1.019934394214653572e+01
-1.018990161883165513e+01
-1.018042668087719882e+01
-1.017092639860081604e+01
-1.016139344578885151e+01
-1.015183512138892041e+01
-1.014224407300874553e+01
-1.013262762840909659e+01
-1.012297840887663369e+01
-1.011330377116930990e+01
-1.010359631010814851e+01
-1.009386341163304479e+01
-1.008409764395252139e+01
-1.007430642237423335e+01
-1.006448228834486613e+01
-1.005463268672653498e+01
-1.004475013205244593e+01
-1.003484209892681456e+01
-1.002490107481522941e+01
-1.001493456425256667e+01
-1.000493502748015473e+01
-9.994909999153081870e+00
-9.984851912129329321e+00
-9.974768331374454178e+00
-9.964651662201580606e+00
-9.954509500078138728e+00
-9.944334222608171459e+00
-9.934133455953114478e+00
-9.923899549841102896e+00
-9.913640161321010780e+00
-9.903347612075524609e+00
-9.893029590235045134e+00
-9.882678389264773600e+00
-9.872301728571770241e+00
-9.861891873228884720e+00
-9.851456574116042475e+00
-9.840988067736073930e+00
-9.830494136638989744e+00
-9.819966988577128575e+00
-9.809414437968859701e+00
-9.798828663632756175e+00
-9.788217512054838920e+00
-9.777573132933904176e+00
-9.766903405023795059e+00
-9.756200448714578144e+00
-9.745472175229533462e+00
-9.734710675457924012e+00
-9.723923893294976750e+00
-9.713103889934409096e+00
-9.702258642147089773e+00
-9.691380181233384405e+00
-9.680476517044539264e+00
-9.669539650786733276e+00
-9.658577625597800420e+00
-9.647582412385666828e+00
-9.636562087782142072e+00
-9.625508592189968127e+00
-9.614430035943309250e+00
-9.603318328729844922e+00
-9.592181614795915578e+00
-9.581011772900792423e+00
-9.569816981414271950e+00
-9.558589087950878138e+00
-9.547336305216360230e+00
-9.536050449460958589e+00
-9.524739767940248569e+00
-9.513396045317515259e+00
-9.502027563613522076e+00
-9.490626075678576967e+00
-9.479199898515476619e+00
-9.467740752932289894e+00
-9.456256991132194756e+00
-9.444740301648561598e+00
-9.433199072104738292e+00
-9.421624958523603155e+00
-9.410026384170233626e+00
-9.398394972317777984e+00
-9.386739182096182077e+00
-9.375050603786267089e+00
-9.363337732607794450e+00
-9.351592125603310990e+00
-9.339822314308953821e+00
-9.328019822279607354e+00
-9.316193217596120846e+00
-9.304333990073070382e+00
-9.292450744566219001e+00
-9.280534936893378273e+00
-9.268595208917451700e+00
-9.256622982199894878e+00
-9.244626935844603821e+00
-9.232598456893441607e+00
-9.220546261927498932e+00
-9.208461703202084792e+00
-9.196353535013654934e+00
-9.184213074560664936e+00
-9.172049114095109701e+00
-9.159852935484536829e+00
-9.147633369179082763e+00
-9.135381661437776302e+00
-9.123106681153421604e+00
-9.110799638695413094e+00
-9.098469441646185984e+00
-9.086107264200434130e+00
-9.073722052879730882e+00
-9.061304945415452394e+00
-9.048864927520018142e+00
-9.036393100169142656e+00
-9.023898488520320171e+00
-9.011372156497538199e+00
-8.998823168960251806e+00
-8.986242552480712575e+00
-8.973639411879879901e+00
-8.961004736074546173e+00
-8.948347670109287222e+00
-8.935659164937911569e+00
-8.922948406093638596e+00
-8.910206306255703979e+00
-8.897442091713781309e+00
-8.884646636557274491e+00
-8.871829208102909092e+00
-8.858980641531024602e+00
-8.846110245459117394e+00
-8.833208815835121186e+00
-8.820285702854175014e+00
-8.807331662904326564e+00
-8.794356088038409069e+00
-8.781349694753332713e+00
-8.768321917242678509e+00
-8.755263431776718619e+00
-8.742183714976222930e+00
-8.729073402545500571e+00
-8.715942013822223444e+00
-8.702780143600868712e+00
-8.689597354229590565e+00
-8.676384199245003259e+00
-8.663150284302469473e+00
-8.649886121328760780e+00
-8.636601359586970617e+00
-8.623286469037420687e+00
-8.609951142855269524e+00
-8.596585808673623319e+00
-8.583200203887624724e+00
-8.569784713438107104e+00
-8.556349119252123714e+00
-8.542883763208644510e+00
-8.529398472082519334e+00
-8.515883544316844578e+00
-8.502348851854199197e+00
-8.488784649323246612e+00
-8.475200854158556396e+00
-8.461587676791156198e+00
-8.447955080475951561e+00
-8.434293231058637375e+00
-8.420612137947188103e+00
-8.406901922009550887e+00
-8.393172639143973157e+00
-8.379414364843498220e+00
-8.365637201838410419e+00
-8.351831179844781516e+00
-8.338006448771327683e+00
-8.324152992150498420e+00
-8.310281007420503130e+00
-8.296380431518272758e+00
-8.282461509767633956e+00
-8.268514132093311986e+00
-8.254548592065519941e+00
-8.240554732175109365e+00
-8.226542894604680356e+00
-8.212502873984172780e+00
-8.198445061479807450e+00
-8.184359203428549279e+00
-8.170255740356543228e+00
-8.156124369870431323e+00
-8.141975582238082154e+00
-8.127799025893132523e+00
-8.113605241232349385e+00
-8.099383827068235675e+00
-8.085145374319402833e+00
-8.070879431723477992e+00
-8.056596641119426749e+00
-8.042286500710970287e+00
-8.027959703661663227e+00
-8.013605697176362952e+00
-7.999235226153667000e+00
-7.984837686328814854e+00
-7.970423874751779714e+00
-7.955983135211790902e+00
-7.941526317332728624e+00
-7.927042712475213193e+00
-7.912543223265940284e+00
-7.898017088148498566e+00
-7.883475263187557758e+00
-7.868906933415045657e+00
-7.854323108775498774e+00
-7.839712920388239858e+00
-7.825087432526057540e+00
-7.810435721888478788e+00
-7.795768907531947178e+00
-7.781076011222344491e+00
-7.766368207262152268e+00
-7.751634461963140765e+00
-7.736886005343161621e+00
-7.722111747733054088e+00
-7.707322975342472127e+00
-7.692508541987457704e+00
-7.677679790553473715e+00
-7.662825517800843755e+00
-7.647957123782488154e+00
-7.633063347655030029e+00
-7.618155647137846209e+00
-7.603222703228979640e+00
-7.588276031821099998e+00
-7.573304255191226630e+00
-7.558318947920169784e+00
-7.543308672994031738e+00
-7.528285064204871979e+00
-7.513236624670213359e+00
-7.498175047924582337e+00
-7.483088776631729999e+00
-7.467989564608383368e+00
-7.452865793471237232e+00
-7.437729277867394906e+00
-7.422568337765317104e+00
-7.407394849199612885e+00
-7.392197069880834803e+00
-7.376986937797096466e+00
-7.361752647783172954e+00
-7.346506200355809924e+00
-7.331235726847395107e+00
-7.315953290887716065e+00
-7.300646959671643010e+00
-7.285328860535788209e+00
-7.269986995893307657e+00
-7.254633557391194643e+00
-7.239256482007607296e+00
-7.223868026313373214e+00
-7.208456061188988961e+00
-7.193032908752563515e+00
-7.177586373114846374e+00
-7.162128842575010701e+00
-7.146648053792270083e+00
-7.131156461890957310e+00
-7.115641735387120193e+00
-7.100116396885059800e+00
-7.084568046055842672e+00
-7.069009273649536240e+00
-7.053427609780162477e+00
-7.037835714020240552e+00
-7.022221046203996231e+00
-7.006596335414843502e+00
-6.990948970473714219e+00
-6.975291750674409208e+00
-6.959611993080200065e+00
-6.943922567906963828e+00
-6.928210719704467557e+00
-6.912489390334125794e+00
-6.896745751065052943e+00
-6.880992816140194535e+00
-6.865217682768910201e+00
-6.849433438323999646e+00
-6.833627105164116422e+00
-6.817811844553227196e+00
-6.801974603195819036e+00
-6.786128617021332410e+00
-6.770260756264269375e+00
-6.754384332307215466e+00
-6.738486138085760579e+00
-6.722579561237149726e+00
-6.706651316556049736e+00
-6.690714868749497057e+00
-6.674756853615967600e+00
-6.658790813761758187e+00
-6.642803305119826085e+00
-6.626807949040012247e+00
-6.610791220706314419e+00
-6.594766821070961349e+00
-6.578721143671365290e+00
-6.562667969936234691e+00
-6.546593610843817856e+00
-6.530511929189020570e+00
-6.514409152463250585e+00
-6.498299225733017437e+00
-6.482168292059908410e+00
-6.466030379703826547e+00
-6.449871546337266004e+00
-6.433705904351986860e+00
-6.417519425056327442e+00
-6.401326305929019078e+00
-6.385112430922344373e+00
-6.368892083574770879e+00
-6.352651059473614303e+00
-6.336403729207358282e+00
-6.320135798972038366e+00
-6.303861727414732385e+00
-6.287567130295977691e+00
-6.271266555348608662e+00
-6.254945526834921665e+00
-6.238618682619707201e+00
-6.222271454385833955e+00
-6.205918571195521594e+00
-6.189545371051587530e+00
-6.173166675299205153e+00
-6.156767727140818103e+00
-6.140363441310516812e+00
-6.123938965069759099e+00
-6.107509307668283149e+00
-6.091059519265366262e+00
-6.074604704774446695e+00
-6.058129816070124463e+00
-6.041650054899679212e+00
-6.025150273648477217e+00
-6.008645772090130954e+00
-5.992121301894163032e+00
-5.975592262075984706e+00
-5.959043302339411596e+00
-5.942489922180774542e+00
-5.925916668064962423e+00
-5.909339141232364589e+00
-5.892741783611413986e+00
-5.876140299474584161e+00
-5.859519024891588934e+00
-5.842893768480271532e+00
-5.826248759103907382e+00
-5.809599911065133071e+00
-5.792931344646735425e+00
-5.776259081202305801e+00
-5.759567131033334952e+00
-5.742871623937865877e+00
-5.726156458807789562e+00
-5.709437875307097343e+00
-5.692699659461305295e+00
-5.675958162251014905e+00
-5.659197055349398653e+00
-5.642432802533773994e+00
-5.625648959609221400e+00
-5.608862104660176762e+00
-5.592055676077182902e+00
-5.575246367793683433e+00
-5.558417499207323864e+00
-5.541585881674389924e+00
-5.524734713989149171e+00
-5.507880926537478850e+00
-5.491007595866133961e+00
-5.474131773031190917e+00
-5.457236410653626635e+00
-5.440338682135094750e+00
-5.423421414456957024e+00
-5.406501905077803372e+00
-5.389562853589196401e+00
-5.372621683254593883e+00
-5.355660964488296649e+00
-5.338698248144400971e+00
-5.321715973633859953e+00
-5.304731821226218003e+00
-5.287728097463402221e+00
-5.270722613895091335e+00
-5.253697542287644850e+00
-5.236670827376809889e+00
-5.219624504204870341e+00
-5.202576652641979216e+00
-5.185509169014542508e+00
-5.168440270319020868e+00
-5.151351712129420335e+00
-5.134261850605536637e+00
-5.117152298486653095e+00
-5.100041553178894738e+00
-5.082911082457148844e+00
-5.065779527104826485e+00
-5.048628207753712793e+00
-5.031475910744497071e+00
-5.014303807337039842e+00
-4.997130831659915451e+00
-4.979938003320164341e+00
-4.962744406517062501e+00
-4.945530906870504673e+00
-4.928316740987173539e+00
-4.911082618110084397e+00
-4.893847929645477102e+00
-4.876593226012891691e+00
-4.859338055867566730e+00
-4.842062808299978371e+00
-4.824787191722982982e+00
-4.807491431331711418e+00
-4.790195397866189531e+00
-4.772879149997017123e+00
-4.755562723424039184e+00
-4.738226007599418033e+00
-4.720889205880462569e+00
-4.703532035739859118e+00
-4.686174870957316330e+00
-4.668797254195760971e+00
-4.651419732491769210e+00
-4.634021670796543368e+00
-4.616623792309655805e+00
-4.599205281294685754e+00
-4.581787040094623009e+00
-4.564348069232826433e+00
-4.546909453252934163e+00
-4.529450005806332058e+00
-4.511990996773815432e+00
-4.494511049720819607e+00
-4.477031623084307022e+00
-4.459531147044916821e+00
-4.442031271899590905e+00
-4.424510231057298348e+00
-4.406989870067107518e+00
-4.389448222088426554e+00
-4.371907331405642694e+00
-4.354345027356123943e+00
-4.336783556537425532e+00
-4.319200540794740917e+00
-4.301618432714515272e+00
-4.284014642877831847e+00
-4.266411833637726581e+00
-4.248787200433956635e+00
-4.231163619268895282e+00
-4.213518066454613908e+00
-4.195873635635082977e+00
-4.178207079894858289e+00
-4.160541714625167309e+00
-4.142854065465468416e+00
-4.125167673777697885e+00
-4.107458833416395727e+00
-4.089751316060137754e+00
-4.072021179311467343e+00
-4.054292429638548967e+00
-4.036540883792909540e+00
-4.018790787637422923e+00
-4.001017712336123466e+00
-3.983246147889253574e+00
-3.965451414993901302e+00
-3.947658252673035051e+00
-3.929841726128852297e+00
-3.912026828441232507e+00
-3.894188364134568925e+00
-3.876351585534570265e+00
-3.858491031143772343e+00
-3.840632217883984012e+00
-3.822749412723721818e+00
-3.804868402699061125e+00
-3.786963177557340909e+00
-3.769059800142096073e+00
-3.751131977109778859e+00
-3.733206052987112944e+00
-3.715255445279430635e+00
-3.697306786263061973e+00
-3.679333198032834762e+00
-3.661361606879790731e+00
-3.643364833021704996e+00
-3.625370103236844610e+00
-3.607349929182305903e+00
-3.589331844812968964e+00
-3.571288046314955889e+00
-3.553246381735906567e+00
-3.535178724643533332e+00
-3.517113244331324662e+00
-3.499021484353034950e+00
-3.480931942649058364e+00
-3.462815825104244905e+00
-3.444701965966365798e+00
-3.426561225524293874e+00
-3.408422782265563278e+00
-3.390257142671243340e+00
-3.372093837685808726e+00
-3.353903011471611961e+00
-3.335714555946152515e+00
-3.317498244128838092e+00
-3.299284337739281536e+00
-3.281042229500807927e+00
-3.262802560093261306e+00
-3.244534332445029978e+00
-3.226268575699686725e+00
-3.207973893128687415e+00
-3.189681712206007713e+00
-3.171360226302136542e+00
-3.153041271469708473e+00
-3.134692620532501195e+00
-3.116346528771830826e+00
-3.097970337395744789e+00
-3.079596731987199298e+00
-3.061192610623639787e+00
-3.042791100708450713e+00
-3.024358645203259588e+00
-3.005928825320738795e+00
-2.987467616425245609e+00
-2.969009066023461152e+00
-2.950518668877462947e+00
-2.932030951796095852e+00
-2.913510915380309818e+00
-2.894993579302960640e+00
-2.876443435859671993e+00
-2.857896011733966457e+00
-2.839315276152321488e+00
-2.820737277575342539e+00
-2.802125446740009185e+00
-2.783516369306246130e+00
-2.764872921405457706e+00
-2.746232242015020475e+00
-2.727556635806090313e+00
-2.708883811929319041e+00
-2.690175485957294832e+00
-2.671469954853582962e+00
-2.652728326619985033e+00
-2.633989504506096591e+00
-2.615213969583740194e+00
-2.596441250748069862e+00
-2.577631181837467977e+00
-2.558823937696106832e+00
-2.539978683618460575e+00
-2.521136261708005755e+00
-2.502255146329982249e+00
-2.483376869231645578e+00
-2.464459190315614556e+00
-2.445544354505198026e+00
-2.426589382478934631e+00
-2.407637257095959438e+00
-2.388644233734288580e+00
-2.369654059263231805e+00
-2.350622196274168907e+00
-2.331593183129973212e+00
-2.312521660636079890e+00
-2.293452987645183683e+00
-2.274340952551045181e+00
-2.255231765318117532e+00
-2.236078329552567912e+00
-2.216927738702236805e+00
-2.197731977323562624e+00
-2.178539056604920088e+00
-2.159300005755388163e+00
-2.140063789995958921e+00
-2.120780444690521627e+00
-2.101499927584194349e+00
-2.082171239316435329e+00
-2.062845371028637853e+00
-2.043470245174667799e+00
-2.024097929745414692e+00
-2.004675222743967478e+00
-1.985255315267367537e+00
-1.965783831551892291e+00
-1.946315135107257177e+00
-1.926793623761997143e+00
-1.907274886068825115e+00
-1.887702037177292347e+00
-1.868131946942924060e+00
-1.848506387592699474e+00
-1.828883570515912771e+00
-1.809203860418367782e+00
-1.789526874808111456e+00
-1.769791501485882046e+00
-1.750058833447408091e+00
-1.730266206934787387e+00
-1.710476265068775703e+00
-1.690624712061938650e+00
-1.670775821613329271e+00
-1.650863578997460612e+00
-1.630953975381032928e+00
-1.610979183048693697e+00
-1.591007004665815794e+00
-1.570967697527394291e+00
-1.550930977774795050e+00
-1.530825076843833621e+00
-1.510721735196900006e+00
-1.490547037612761638e+00
-1.470374869646064786e+00
-1.450129037470255788e+00
-1.429885703651819773e+00
-1.409566251244069646e+00
-1.389249264308885401e+00
-1.368853544050236959e+00
-1.348460254720700746e+00
-1.327985440803935546e+00
-1.307513021577239032e+00
-1.286956091525927937e+00
-1.266401518189765651e+00
-1.245759231693292390e+00
-1.225119262157595479e+00
-1.204388136716718183e+00
-1.183659286654867637e+00
-1.162835569412609793e+00
-1.142014084088003978e+00
-1.121093719068424033e+00
-1.100175540568296251e+00
-1.079154130346510643e+00
-1.058134859246383508e+00
-1.037007619814114712e+00
-1.015882470036866270e+00
-9.946441772813976456e-01
-9.734079225691182335e-01
-9.520528483220169758e-01
-9.306997582765315080e-01
-9.092215932594507333e-01
-8.877453562785971863e-01
-8.661371164062967587e-01
-8.445307459763123914e-01
-8.227846572652738333e-01
-8.010403768562918136e-01
-7.791477324577237296e-01
-7.572568325420332425e-01
-7.352078129116489391e-01
-7.131604711157195631e-01
-6.909439146136180376e-01
-6.687289662963261661e-01
-6.463320718633847051e-01
-6.239367127668774549e-01
-6.013446475171649874e-01
-5.787540413270955142e-01
-5.559494117256745804e-01
-5.331461612092023294e-01
-5.101082828912044675e-01
-4.870716996650278907e-01
-4.637755599382208938e-01
-4.404806269048917033e-01
-4.168953591916014223e-01
-3.933112048929094384e-01
-3.693977497832744428e-01
-3.454853093310923384e-01
-3.211926366358095475e-01
-2.969008735894561601e-01
-2.721594573318603105e-01
-2.474188384247429373e-01
-2.221283327057045065e-01
-1.968385032810072155e-01
-1.708413350091763372e-01
-1.448447109833863877e-01
-1.178574243374986841e-01
-9.087053506762346466e-02
-6.223206398344100637e-02
-3.359382036872413796e-02
1.224129915335314646e-15
