4.449998907916374916e-15
-6.703567219425132784e-01
-1.305390252102914816e+00
-1.876030053017655685e+00
-2.363515362883752857e+00
-2.760293869270844080e+00
-3.068288034556608590e+00
-3.295853443780076386e+00
-3.454681064504683707e+00
-3.557368318604175350e+00
-3.615858017369587785e+00
-3.640630119407644916e+00
-3.640421019182792595e+00
-3.622256802956739463e+00
-3.591641876179941129e+00
-3.552803471946173630e+00
-3.508936182167883278e+00
-3.462420941056952195e+00
-3.415008734438067517e+00
-3.367969457110116860e+00
-3.322209009287503623e+00
-3.278360486387028594e+00
-3.236853807411574913e+00
-3.197969151878052863e+00
-3.161877155199767309e+00
-3.128669867157253481e+00
-3.098384039458712103e+00
-3.071019738879252170e+00
-3.046554689573384156e+00
-3.024956001077200973e+00
-3.006187742244361250e+00
-2.990214460909636607e+00
-2.976998754649055723e+00
-2.966494774414356606e+00
-2.958638601202231655e+00
-2.953339906606319509e+00
-2.950476311477777891e+00
-2.949893376754182839e+00
-2.951408758895213591e+00
-2.954820777312226809e+00
-2.959918026950415282e+00
-2.966489803992405694e+00
-2.974334355899429738e+00
-2.983265831658940215e+00
-2.993117997266859120e+00
-3.003746629059938389e+00
-3.015029203911084199e+00
-3.026864204506431566e+00
-3.039168647186322847e+00
-3.051876146466052209e+00
-3.064933870577775998e+00
-3.078300594868086382e+00
-3.091943945803237170e+00
-3.105838980500002400e+00
-3.119966000993118271e+00
-3.134309756918727263e+00
-3.148857804649283665e+00
-3.163600234980848747e+00
-3.178528442681694433e+00
-3.193635233285454067e+00
-3.208913861306102344e+00
-3.224358387331255127e+00
-3.239962873085223904e+00
-3.255721895007489763e+00
-3.271629819528224736e+00
-3.287681411912254603e+00
-3.303871143761241580e+00
-3.320193860165316924e+00
-3.336644091418258462e+00
-3.353216757593165731e+00
-3.369906469152401218e+00
-3.386708257927367072e+00
-3.403616858855742944e+00
-3.420627462045468636e+00
-3.437734972115288112e+00
-3.454934779137317946e+00
-3.472221994305930259e+00
-3.489592239149116537e+00
-3.507040857358752817e+00
-3.524563722407220379e+00
-3.542156425855198520e+00
-3.559815103805456626e+00
-3.577535602165111239e+00
-3.595314322437188181e+00
-3.613147364420278951e+00
-3.631031391804109276e+00
-3.648962752730683157e+00
-3.666938365587018911e+00
-3.684954817772663205e+00
-3.703009272002794727e+00
-3.721098543548964521e+00
-3.739220027292835091e+00
-3.757370753639174055e+00
-3.775548336498866675e+00
-3.793750008017814590e+00
-3.811973587618863846e+00
-3.830216495646876496e+00
-3.848476743561169311e+00
-3.866751926563869901e+00
-3.885040235005966291e+00
-3.903339426041301685e+00
-3.921647856288137390e+00
-3.939963432532778143e+00
-3.958284665673352354e+00
-3.976609600484116935e+00
-3.994936890857098799e+00
-4.013264708628239141e+00
-4.031591840125477333e+00
-4.049916574051509954e+00
-4.068237819341255168e+00
-4.086553972091787834e+00
-4.104864054728371237e+00
-4.123166561969592969e+00
-4.141460621299298595e+00
-4.159744817952264029e+00
-4.178018376688554802e+00
-4.196279965784665222e+00
-4.214528900105380060e+00
-4.232763924084858687e+00
-4.250984436091806984e+00
-4.269189250384117784e+00
-4.287377842763462787e+00
-4.305549091487685054e+00
-4.323702544210688892e+00
-4.341837137837434746e+00
-4.359952486745817701e+00
-4.378047581569152413e+00
-4.396122098697296643e+00
-4.414175077972037897e+00
-4.432206253465744261e+00
-4.450214710075191427e+00
-4.468200235576512469e+00
-4.486161956103901893e+00
-4.504099709480212432e+00
-4.522012659567245407e+00
-4.539900690872121558e+00
-4.557763001756399923e+00
-4.575599520318681002e+00
-4.593409476450426077e+00
-4.611192838996053034e+00
-4.628948866643215254e+00
-4.646677566362429346e+00
-4.664378223120128730e+00
-4.682050879600232918e+00
-4.699694844728470322e+00
-4.717310194678819180e+00
-4.734896260198172335e+00
-4.752453148900809943e+00
-4.769980211382597091e+00
-4.787477584807317221e+00
-4.804944637799823504e+00
-4.822381535328310598e+00
-4.839787662365965915e+00
-4.857163210073932369e+00
-4.874507578221144222e+00
-4.891820982672607343e+00
-4.909102836557607041e+00
-4.926353379068691751e+00
-4.943572035367751027e+00
-4.960759066701654341e+00
-4.977913909036276507e+00
-4.995036844494449291e+00
-5.012127318708194501e+00
-5.029185633585218973e+00
-5.046211243369585375e+00
-5.063204468743000675e+00
-5.080164771584279038e+00
-5.097092490412141963e+00
-5.113987093833618047e+00
-5.130848937335536597e+00
-5.147677495411960180e+00
-5.164473139711374117e+00
-5.181235349833818837e+00
-5.197964512840800744e+00
-5.214660112712677709e+00
-5.231322551228863915e+00
-5.247951316075389450e+00
-5.264546823103489537e+00
-5.281108563077661522e+00
-5.297636965320281277e+00
-5.314131523090664722e+00
-5.330592678623790270e+00
-5.347019927130426176e+00
-5.363413723238338982e+00
-5.379773563603719388e+00
-5.396099914763412997e+00
-5.412392274347498144e+00
-5.428651120351191572e+00
-5.444875950938971698e+00
-5.461067255144837596e+00
-5.477224531257641971e+00
-5.493348278958920083e+00
-5.509437996279522132e+00
-5.525494193183774883e+00
-5.541516367087504946e+00
-5.557505037897700895e+00
-5.573459702081815514e+00
-5.589380889172193001e+00
-5.605268094376408605e+00
-5.621121856556090535e+00
-5.636941669367841357e+00
-5.652728080726141080e+00
-5.668480582464413331e+00
-5.684199731291927904e+00
-5.699885016964413964e+00
-5.715537004744807525e+00
-5.731155182072972032e+00
-5.746740122540275664e+00
-5.762291311047805564e+00
-5.777809329304886887e+00
-5.793293659465066803e+00
-5.808744891158955426e+00
-5.824162503597013263e+00
-5.839547094147237161e+00
-5.854898138893835480e+00
-5.870216242770218251e+00
-5.885500878562600846e+00
-5.900752658609022205e+00
-5.915971052236745464e+00
-5.931156679038081414e+00
-5.946309004730274239e+00
-5.961428656019191585e+00
-5.976515094870484823e+00
-5.991568954971979721e+00
-6.006589694404750546e+00
-6.021577953715470777e+00
-6.036533186975844067e+00
-6.051456041476194869e+00
-6.066345967161642427e+00
-6.081203617958480301e+00
-6.096028439575163382e+00
-6.110821092473006644e+00
-6.125581018020429980e+00
-6.140308883119475425e+00
-6.155004124701360269e+00
-6.169667416020538475e+00
-6.184298189479645380e+00
-6.198897124603059972e+00
-6.213463649178931902e+00
-6.227998448924287445e+00
-6.242500946932001860e+00
-6.256971835039577101e+00
-6.271410531568552216e+00
-6.285817734409410384e+00
-6.300192857040926242e+00
-6.314536603343308130e+00
-6.328848381885253893e+00
-6.343128902477760178e+00
-6.357377568716072957e+00
-6.371595096286864823e+00
-6.385780883752266490e+00
-6.399935652623078397e+00
-6.414058796372193783e+00
-6.428151042286505579e+00
-6.442211778696560920e+00
-6.456241738620597914e+00
-6.470240305197052066e+00
-6.484208217133527796e+00
-6.498144852329333254e+00
-6.512050955142473896e+00
-6.525925898188830843e+00
-6.539770431440480536e+00
-6.553583922188016331e+00
-6.567367125983806453e+00
-6.581119404753799529e+00
-6.594841519599158097e+00
-6.608532827043986480e+00
-6.622194093709006246e+00
-6.635824670681402360e+00
-6.649425330074310025e+00
-6.662995417504890661e+00
-6.676535710553570979e+00
-6.690045549336169906e+00
-6.703525716877030582e+00
-6.716975547761220078e+00
-6.730395830435426774e+00
-6.743785893926044217e+00
-6.757146532082180634e+00
-6.770477068345228666e+00
-6.783778301948380829e+00
-6.797049550723142097e+00
-6.810291619269801089e+00
-6.823503819786524538e+00
-6.836686962225247299e+00
-6.849840353128422876e+00
-6.862964807785410848e+00
-6.876059627062016233e+00
-6.889125631571964448e+00
-6.902162116484505283e+00
-6.915169907725926990e+00
-6.928148294750081426e+00
-6.941098108785044296e+00
-6.954018633551464212e+00
-6.966910705569570261e+00
-6.979773602809847155e+00
-6.992608167075847980e+00
-7.005413670571988938e+00
-7.018190960377409304e+00
-7.030939302915248490e+00
-7.043659550533212688e+00
-7.056350963858792902e+00
-7.069014400502188877e+00
-7.081649115281637208e+00
-7.094255971064458599e+00
-7.106834216846627861e+00
-7.119384720748050732e+00
-7.131906725930090118e+00
-7.144401105761314597e+00
-7.156867097556894208e+00
-7.169305579930736805e+00
-7.181715784340692466e+00
-7.194098594643331346e+00
-7.206453236428715492e+00
-7.218780598794027448e+00
-7.231079901451399117e+00
-7.243352038737182141e+00
-7.255596224475976186e+00
-7.267813358242372956e+00
-7.280002647964304074e+00
-7.292164998454045310e+00
-7.304299611734204944e+00
-7.316407397854783667e+00
-7.328487552924765502e+00
-7.340540992232220674e+00
-7.352566905964606825e+00
-7.364566214648957221e+00
-7.376538102543555020e+00
-7.388483495415694158e+00
-7.400401571587185146e+00
-7.412293262067226607e+00
-7.424157739234299669e+00
-7.435995939341394134e+00
-7.447807028816929353e+00
-7.459591949160108371e+00
-7.471349860842856572e+00
-7.483081710613290305e+00
-7.494786652980622854e+00
-7.506465639944832624e+00
-7.518117820046562372e+00
-7.529744150540781611e+00
-7.541343773993910204e+00
-7.552917652919508562e+00
-7.564464923904255400e+00
-7.575986554723971977e+00
-7.587481675980211726e+00
-7.598951260715242739e+00
-7.610394433540430548e+00
-7.621812172768584581e+00
-7.633203597015834063e+00
-7.644569689870162499e+00
-7.655909563947594698e+00
-7.667224208115917428e+00
-7.678512728986440550e+00
-7.689776120711604435e+00
-7.701013483893431655e+00
-7.712225817974119657e+00
-7.723412217541953950e+00
-7.734573687334107994e+00
-7.745709315920839444e+00
-7.756820113339708556e+00
-7.767905162138661446e+00
-7.778965477661341055e+00
-7.790000136429260813e+00
-7.801010159097734764e+00
-7.811994616157811322e+00
-7.822954533582513470e+00
-7.833888975828347867e+00
-7.844798974192032759e+00
-7.855683587091675690e+00
-7.866543851153839029e+00
-7.877378818754405820e+00
-7.888189531856085068e+00
-7.898975036788673521e+00
-7.909736380857411930e+00
-7.920472604342386092e+00
-7.931184759897837999e+00
-7.941871881750386386e+00
-7.952535027909965137e+00
-7.963173226546045314e+00
-7.973787541030961101e+00
-7.984376993473443207e+00
-7.994942652615070422e+00
-8.005483534500180909e+00
-8.016000713246567599e+00
-8.026493198830641163e+00
-8.036962070753272513e+00
-8.047406332919443628e+00
-8.057827070220364263e+00
-8.068223280485879556e+00
-8.078596054004709259e+00
-8.088944382528127974e+00
-8.099269361749568574e+00
-8.109569977338219715e+00
-8.119847330399551311e+00
-8.130100400517173753e+00
-8.140330294215990747e+00
-8.150535984990522564e+00
-8.160718584792538977e+00
-8.170877061023904986e+00
-8.181012531070937399e+00
-8.191123956239261261e+00
-8.201212459357252627e+00
-8.211276995630861109e+00
-8.221318693338169226e+00
-8.231336501581809628e+00
-8.241331554097410361e+00
-8.251302793880725517e+00
-8.261251360132549237e+00
-8.271176189738280726e+00
-8.281078427371763695e+00
-8.290957003804344083e+00
-8.300813069190811078e+00
-8.310645548184929510e+00
-8.320455596430267775e+00
-8.330242132459261484e+00
-8.340006317412425929e+00
-8.349747063697154914e+00
-8.359465537958847392e+00
-8.369160646476277776e+00
-8.378833561407736497e+00
-8.388483182899539869e+00
-8.398110688631074794e+00
-8.407714972612515325e+00
-8.417297218052430807e+00
-8.426856312821000117e+00
-8.436393445664204904e+00
-8.445907498308434569e+00
-8.455399665045293389e+00
-8.464868821453547909e+00
-8.474316167378601605e+00
-8.483740572247743472e+00
-8.493143241468569471e+00
-8.502523038312817860e+00
-8.511881173758702346e+00
-8.521216504918445622e+00
-8.530530248349130318e+00
-8.539821254999536038e+00
-8.549090747014016500e+00
-8.558337569173916748e+00
-8.567562949219235335e+00
-8.576765725759674552e+00
-8.585947132139466476e+00
-8.595106000792593903e+00
-8.604243570675931707e+00
-8.613358668043501254e+00
-8.622452537473479950e+00
-8.631523999035639605e+00
-8.640574302937963580e+00
-8.649602263061760610e+00
-8.658609135253424682e+00
-8.667593727201429843e+00
-8.676557300399217354e+00
-8.685498656338070944e+00
-8.694419062167122902e+00
-8.703317313176016867e+00
-8.712194682178269645e+00
-8.721049958257442114e+00
-8.729884419900090009e+00
-8.738696849979175951e+00
-8.747488532663107108e+00
-8.756258244609643526e+00
-8.765007275677692888e+00
-8.773734396305233219e+00
-8.782440902050579368e+00
-8.791125557127207557e+00
-8.799789662801567047e+00
-8.808431977057956885e+00
-8.817053806879833644e+00
-8.825653904017462636e+00
-8.834233581180255257e+00
-8.842791583879595407e+00
-8.851329230559684902e+00
-8.859845260488164342e+00
-8.868340997852975249e+00
-8.876815175673110403e+00
-8.885269123889113274e+00
-8.893701569266330154e+00
-8.902113847506965882e+00
-8.910504679117606130e+00
-8.918875405571094817e+00
-8.927224741110212136e+00
-8.935554032987434780e+00
-8.943861989176541627e+00
-8.952149962718772613e+00
-8.960416655313625967e+00
-8.968663425800203370e+00
-8.976888969598478596e+00
-8.985094651354408768e+00
-8.993279160203172751e+00
-9.001443866606818389e+00
-9.009587453410217606e+00
-9.017711296900653650e+00
-9.025814073627332235e+00
-9.033897165711870514e+00
-9.041959243402324375e+00
-9.050001694663901475e+00
-9.058023183437912351e+00
-9.066025103542413532e+00
-9.074006112606285868e+00
-9.081967610309717998e+00
-9.089908247963565557e+00
-9.097829431119359711e+00
-9.105729804764198576e+00
-9.113610780330271055e+00
-9.121470996475098403e+00
-9.129311870520982808e+00
-9.137132034789917867e+00
-9.144932912503669797e+00
-9.152713129642824796e+00
-9.160474115337967405e+00
-9.168214489222432206e+00
-9.175935686344971032e+00
-9.183636319985520657e+00
-9.191317831120644044e+00
-9.198978826670709097e+00
-9.206620753549422886e+00
-9.214242212311649638e+00
-9.221844655817735159e+00
-9.229426678250671756e+00
-9.236989738427084262e+00
-9.244532424151801209e+00
-9.252056200207253056e+00
-9.259559648013887312e+00
-9.267044238329440020e+00
-9.274508546183534818e+00
-9.281954048318958428e+00
-9.289379313368007374e+00
-9.296785824068134474e+00
-9.304172142647800570e+00
-9.311539757848864340e+00
-9.318887225489357107e+00
-9.326216040325169487e+00
-9.333524751757376947e+00
-9.340814860565576083e+00
-9.348084909727203851e+00
-9.355336406055400289e+00
-9.362567886097076908e+00
-9.369780862708772418e+00
-9.376973866000113844e+00
-9.384148414880824518e+00
-9.391303033016377810e+00
-9.398439245379490714e+00
-9.405555569184542719e+00
-9.412653535477225830e+00
-9.419731655013750427e+00
-9.426791464922729347e+00
-9.433831469495201461e+00
-9.440853211952493496e+00
-9.447855190113420676e+00
-9.454838953302159510e+00
-9.461802992857922590e+00
-9.468748864217776173e+00
-9.475675052234199924e+00
-9.482583118467088568e+00
-9.489471541274877353e+00
-9.496341888350494642e+00
-9.503192631550824387e+00
-9.510025344711912965e+00
-9.516838493181856151e+00
-9.523633656949892057e+00
-9.530409294847672186e+00
-9.537166993027939910e+00
-9.543905203798367154e+00
-9.550625519485379300e+00
-9.557326385865055229e+00
-9.564009401447695069e+00
-9.570673005470190731e+00
-9.577318802636991535e+00
-9.583945225637984677e+00
-9.590553885382162136e+00
-9.597143208004540682e+00
-9.603714810629048415e+00
-9.610267112827965974e+00
-9.616801737950510187e+00
-9.623317098998281693e+00
-9.629814825556250568e+00
-9.636293324047347397e+00
-9.642754230302765350e+00
-9.649195944158664773e+00
-9.655620107702937105e+00
-9.662025114176895357e+00
-9.668412611935625733e+00
-9.674780987617468853e+00
-9.681131895855310532e+00
-9.687463716676086634e+00
-9.693778111001213560e+00
-9.700073452237960581e+00
-9.706351407606831572e+00
-9.712610343887030595e+00
-9.718851934608915499e+00
-9.725074539915180338e+00
-9.731279839656709285e+00
-9.737466187331207834e+00
-9.743635269120826337e+00
-9.749785431869664620e+00
-9.755918368102056704e+00
-9.762032417999828127e+00
-9.768129280440305706e+00
-9.774207288934320559e+00
-9.780268148723129329e+00
-9.786310186637795283e+00
-9.792335114294328235e+00
-9.798341251835291033e+00
-9.804330317262493821e+00
-9.810300624020923621e+00
-9.816253896509241628e+00
-9.822188441465986131e+00
-9.828105989697657918e+00
-9.834004841227251603e+00
-9.839886733280330589e+00
-9.845749959155197573e+00
-9.851596262507554158e+00
-9.857423929901873549e+00
-9.863234711435243440e+00
-9.869026886929061604e+00
-9.874802212932896950e+00
-9.880558962515888055e+00
-9.886298898691423531e+00
-9.892020287766833064e+00
-9.897724899230720297e+00
-9.903410992619228637e+00
-9.909080343907444188e+00
-9.914731205850909390e+00
-9.920365360922575704e+00
-9.925981055087740756e+00
-9.931580077328714395e+00
-9.937160666810900267e+00
-9.942724619037555556e+00
-9.948270166364419964e+00
-9.953799110827137753e+00
-9.959309677962115970e+00
-9.964803676349019312e+00
-9.970279324695004775e+00
-9.975738438135390851e+00
-9.981179228538218595e+00
-9.986603517606125635e+00
-9.992009510358052182e+00
-9.997399035075646978e+00
-1.000277028991872008e+01
-1.000812510975979386e+01
-1.001346168588933416e+01
-1.001878185978258706e+01
-1.002408381585056141e+01
-1.002936940218299000e+01
-1.003463679630115912e+01
-1.003988785292137464e+01
-1.004512074266479260e+01
-1.005033732688614734e+01
-1.005553576929620974e+01
-1.006071793790016677e+01
-1.006588198948785617e+01
-1.007102979872707849e+01
-1.007615951547617072e+01
-1.008127302107756229e+01
-1.008636845844764807e+01
-1.009144771561567744e+01
-1.009650892854529047e+01
-1.010155399196485426e+01
-1.010658103487448045e+01
-1.011159195871397820e+01
-1.011658488550909674e+01
-1.012156172342336902e+01
-1.012652058749740114e+01
-1.013146339263074402e+01
-1.013638824686788453e+01
-1.014129707185690421e+01
-1.014618796863518035e+01
-1.015106286561168147e+01
-1.015591985680552511e+01
-1.016076087739932809e+01
-1.016558401438272163e+01
-1.017039120972445509e+01
-1.017518054337343614e+01
-1.017995396409728315e+01
-1.018470954479286839e+01
-1.018944924103926652e+01
-1.019417111867003278e+01
-1.019887714008846658e+01
-1.020356536405324555e+01
-1.020823775980474046e+01
-1.021289237901528146e+01
-1.021753119777517149e+01
-1.022215226065869587e+01
-1.022675755061907488e+01
-1.023134510512091389e+01
-1.023591691399326642e+01
-1.024047100757928241e+01
-1.024500938259698302e+01
-1.024953006225620378e+01
-1.025403505017690797e+01
-1.025852236242381466e+01
-1.026299400953208085e+01
-1.026744800040915528e+01
-1.027188635251867943e+01
-1.027630706759879331e+01
-1.028071217005482119e+01
-1.028509965444362528e+01
-1.028947155212542164e+01
-1.029382585046348453e+01
-1.029816458778652333e+01
-1.030248574425187869e+01
-1.030679136517014349e+01
-1.031107942348041107e+01
-1.031535197148865990e+01
-1.031960697490331391e+01
-1.032384649303929613e+01
-1.032806848436184843e+01
-1.033227501520849678e+01
-1.033646403678867820e+01
-1.034063762247623686e+01
-1.034479371621215904e+01
-1.034893439842035434e+01
-1.035305760576054190e+01
-1.035716542572056831e+01
-1.036125578766614197e+01
-1.036533078616287007e+01
-1.036938834326948644e+01
-1.037343056064337077e+01
-1.037745535302331845e+01
-1.038146482917245983e+01
-1.038545689649659387e+01
-1.038943367087869341e+01
-1.039339305237837330e+01
-1.039733716401266150e+01
-1.040126389848176203e+01
-1.040517538595090841e+01
-1.040906951174762973e+01
-1.041294841319967190e+01
-1.041680996824844563e+01
-1.042065632139856035e+01
-1.042448534319186315e+01
-1.042829918532421196e+01
-1.043209571092438637e+01
-1.043587707889397720e+01
-1.043964114493502571e+01
-1.044339007516937912e+01
-1.044712171785865529e+01
-1.045083824635962699e+01
-1.045453750147960648e+01
-1.045822166382503404e+01
-1.046188856673502698e+01
-1.046554039808037295e+01
-1.046917498371815824e+01
-1.047279451879828649e+01
-1.047639682168167319e+01
-1.047998409481235527e+01
-1.048355414904094474e+01
-1.048710919412054743e+01
-1.049064703337721305e+01
-1.049416988388811234e+01
-1.049767554144056803e+01
-1.050116623045088637e+01
-1.050463973915314853e+01
-1.050809829931817063e+01
-1.051153969161227231e+01
-1.051496615517582356e+01
-1.051837546309299576e+01
-1.052176986188908892e+01
-1.052514711705143924e+01
-1.052850948250564933e+01
-1.053185471612736990e+01
-1.053518507925815584e+01
-1.053849832214714866e+01
-1.054179671356730097e+01
-1.054507799612633434e+01
-1.054834444604426835e+01
-1.055159379827249566e+01
-1.055482833649364238e+01
-1.055804578798769455e+01
-1.056124844391580275e+01
-1.056443402387125374e+01
-1.056760482650957655e+01
-1.057075856372211931e+01
-1.057389754167470208e+01
-1.057701946454146302e+01
-1.058012664601439567e+01
-1.058321678253498277e+01
-1.058629219533756860e+01
-1.058935057311536099e+01
-1.059239424466127488e+01
-1.059542089090460060e+01
-1.059843284821299214e+01
-1.060142778973617261e+01
-1.060440805943290066e+01
-1.060737132265736626e+01
-1.061031993097593862e+01
-1.061325154193142062e+01
-1.061616851471410605e+01
-1.061906849903949990e+01
-1.062195386173844014e+01
-1.062482224468299563e+01
-1.062767602236117881e+01
-1.063051282878535631e+01
-1.063333504611750868e+01
-1.063614030049409287e+01
-1.063893098176781571e+01
-1.064170470818271141e+01
-1.064446387729919508e+01
-1.064720609945253926e+01
-1.064993377992771073e+01
-1.065264452113456173e+01
-1.065534073609979515e+01
-1.065802001929118603e+01
-1.066068479149426373e+01
-1.066333263921790042e+01
-1.066596599102374299e+01
-1.066858242544497060e+01
-1.067118437883656412e+01
-1.067376942173903309e+01
-1.067633999831815395e+01
-1.067889367110461407e+01
-1.068143289209259805e+01
-1.068395521578576179e+01
-1.068646310202419514e+01
-1.068895409726733803e+01
-1.069143066921884255e+01
-1.069389035627651552e+01
-1.069633563402539167e+01
-1.069876403278415644e+01
-1.070117803603699436e+01
-1.070357516600597414e+01
-1.070595791409238906e+01
-1.070832379440399862e+01
-1.071067530627719400e+01
-1.071300995568757486e+01
-1.071533024992492322e+01
-1.071763368681470396e+01
-1.071992278161826384e+01
-1.072219502399302371e+01
-1.072445293719010451e+01
-1.072669400268084416e+01
-1.072892075172458526e+01
-1.073113065758824725e+01
-1.073332625955795017e+01
-1.073550502267800333e+01
-1.073766949427973039e+01
-1.073981713116641501e+01
-1.074195048873338898e+01
-1.074406701552428167e+01
-1.074616927501720021e+01
-1.074825470747752298e+01
-1.075032588448510218e+01
-1.075238023800819853e+01
-1.075442034774733102e+01
-1.075644363735490749e+01
-1.075845269467116339e+01
-1.076044493501367150e+01
-1.076242295438153107e+01
-1.076438415973835916e+01
-1.076633115526151485e+01
-1.076826133954140730e+01
-1.077017732495296798e+01
-1.077207650169412290e+01
-1.077396149035688033e+01
-1.077582967272731196e+01
-1.077768367763395396e+01
-1.077952087843149798e+01
-1.078134391220473631e+01
-1.078315014385736959e+01
-1.078494221875022951e+01
-1.078671749331608609e+01
-1.078847862121178558e+01
-1.079022295037940893e+01
-1.079195314279167484e+01
-1.079366653787995389e+01
-1.079536580595301309e+01
-1.079704827791136346e+01
-1.079871663241995705e+01
-1.080036819182824281e+01
-1.080200564317767231e+01
-1.080362630024630555e+01
-1.080523285847246484e+01
-1.080682262304229013e+01
-1.080839829781158379e+01
-1.080995717935392619e+01
-1.081150197996318774e+01
-1.081302998757969824e+01
-1.081454392295611733e+01
-1.081604106537871779e+01
-1.081752414407978335e+01
-1.081899042967049951e+01
-1.082044265988380083e+01
-1.082187809663464151e+01
-1.082329948617761595e+01
-1.082470408171034570e+01
-1.082609463803022010e+01
-1.082746839959619223e+01
-1.082882812976971820e+01
-1.083017106424951592e+01
-1.083149997498265193e+01
-1.083281208888600489e+01
-1.083411018651367286e+01
-1.083539148597898460e+01
-1.083665877646469866e+01
-1.083790926725885306e+01
-1.083914575619453302e+01
-1.084036544371237554e+01
-1.084157113631777669e+01
-1.084276002558190477e+01
-1.084393492670432302e+01
-1.084509302236451056e+01
-1.084623713647836318e+01
-1.084736444281123369e+01
-1.084847777401755131e+01
-1.084957429492601477e+01
-1.085065684695192445e+01
-1.085172258596475459e+01
-1.085277436216304281e+01
-1.085380932243422514e+01
-1.085483032578273388e+01
-1.085583451009098965e+01
-1.085682474319201063e+01
-1.085779815394016268e+01
-1.085875761901985648e+01
-1.085970025823419149e+01
-1.086062895714191434e+01
-1.086154082647151675e+01
-1.086243876067919167e+01
-1.086331986139530770e+01
-1.086418703199654345e+01
-1.086503736499171424e+01
-1.086587377270138255e+01
-1.086669333848878161e+01
-1.086749898364191047e+01
-1.086828778235457094e+01
-1.086906266490565187e+01
-1.086982069629557834e+01
-1.087056481581777234e+01
-1.087129207925503849e+01
-1.087200543493927363e+01
-1.087270192941123526e+01
-1.087338452006522083e+01
-1.087405024417549093e+01
-1.087470206822281504e+01
-1.087533702019035431e+01
-1.087595807566949802e+01
-1.087656225332755611e+01
-1.087715253789087555e+01
-1.087772593868593951e+01
-1.087828544959859656e+01
-1.087882807058935519e+01
-1.087935680472817879e+01
-1.087986864258443376e+01
-1.088036659643689141e+01
-1.088084764743830846e+01
-1.088131481710119175e+01
-1.088176507713615848e+01
-1.088220145831447638e+01
-1.088262092287886418e+01
-1.088302651088453210e+01
-1.088341517508048284e+01
-1.088378996483106498e+01
-1.088414782336553799e+01
-1.088449180938290439e+01
-1.088481885656640280e+01
-1.088513203297535981e+01
-1.088542826272060182e+01
-1.088571062324743188e+01
-1.088597602906778938e+01
-1.088622756703879979e+01
-1.088646214204692875e+01
-1.088668285038703232e+01
-1.088688658729320125e+01
-1.088707645852428385e+01
-1.088724934963494029e+01
-1.088740837587427635e+01
-1.088755041309039129e+01
-1.088767858604902550e+01
-1.088778976086437389e+01
-1.088788707184545324e+01
-1.088796737534499748e+01
-1.088803381524199310e+01
-1.088808323810001610e+01
-1.088811879739499311e+01
-1.088813732987340899e+01
-1.088814199863510090e+01
-1.088812963058156136e+01
-1.088810339846362929e+01
-1.088806011930951101e+01
-1.088800297554851326e+01
-1.088792877430713979e+01
-1.088784070772057255e+01
-1.088773557298503114e+01
-1.088761657196925547e+01
-1.088748049191048395e+01
-1.088733054443872206e+01
-1.088716350680325817e+01
-1.088698260042338184e+01
-1.088678459253126363e+01
-1.088657271436357377e+01
-1.088634372310609422e+01
-1.088610085984109510e+01
-1.088584087167846093e+01
-1.088556700957453849e+01
-1.088527601053360883e+01
-1.088497113541462546e+01
-1.088464911108640543e+01
-1.088431320833927529e+01
-1.088396014387647881e+01
-1.088359319844864714e+01
-1.088320907856314967e+01
-1.088281107495999045e+01
-1.088239588392029589e+01
-1.088196680620252721e+01
-1.088152052783093637e+01
-1.088106035961187246e+01
-1.088058297728185231e+01
-1.088009170172467854e+01
-1.087958319835803955e+01
-1.087906079817289751e+01
-1.087852115623684846e+01
-1.087796761367790133e+01
-1.087739681518215562e+01
-1.087681211204469456e+01
-1.087621013853838292e+01
-1.087559425615565623e+01
-1.087496108872426603e+01
-1.087431400796431014e+01
-1.087364962722641692e+01
-1.087297132848892112e+01
-1.087227571459291475e+01
-1.087156617780579460e+01
-1.087083931042667828e+01
-1.087009851504270586e+01
-1.086934037337836045e+01
-1.086856829837171645e+01
-1.086777886113955915e+01
-1.086697548500222155e+01
-1.086615473043557323e+01
-1.086532003117348566e+01
-1.086446793701777480e+01
-1.086360189214741823e+01
-1.086271843565635109e+01
-1.086182102220052847e+01
-1.086090618013220244e+01
-1.085997737461625157e+01
-1.085903112322914055e+01
-1.085807090167678446e+01
-1.085709321672560890e+01
-1.085610155465475124e+01
-1.085509241138615621e+01
-1.085406928380473879e+01
-1.085302865695299879e+01
-1.085197403835440078e+01
-1.085090190213703920e+01
-1.084981576649562918e+01
-1.084871209460867725e+01
-1.084759441537519997e+01
-1.084645918098859774e+01
-1.084530993108539398e+01
-1.084414310683807159e+01
-1.084296225865410790e+01
-1.084176381664912014e+01
-1.084055134203506832e+01
-1.083932125383442369e+01
-1.083807712409746316e+01
-1.083681536071695284e+01
-1.083553954661537411e+01
-1.083424607851919852e+01
-1.083293855025713093e+01
-1.083161334735231662e+01
-1.083027407457403868e+01
-1.082891710620480019e+01
-1.082754605798902681e+01
-1.082615729293098816e+01
-1.082475443778497670e+01
-1.082333384423919931e+01
-1.082189915009265313e+01
-1.082044669567948247e+01
-1.081898012987839941e+01
-1.081749578163109682e+01
-1.081599731093141337e+01
-1.081448103528983573e+01
-1.081295062585073552e+01
-1.081140238865457803e+01
-1.080984000603184292e+01
-1.080825977251383563e+01
-1.080666538165301560e+01
-1.080505311643190147e+01
-1.080342668166107245e+01
-1.080178234873449306e+01
-1.080012383375696672e+01
-1.079844739649396068e+01
-1.079675676438093035e+01
-1.079504818551438028e+01
-1.079332539869713514e+01
-1.079158464031601916e+01
-1.078982966057797910e+01
-1.078805668411934349e+01
-1.078626947258814006e+01
-1.078446423882879479e+01
-1.078264475596778560e+01
-1.078080722501608868e+01
-1.077895543061585570e+01
-1.077708556190276568e+01
-1.077520141507242712e+01
-1.077329916734288773e+01
-1.077138262650095868e+01
-1.076944795780462982e+01
-1.076749898066993794e+01
-1.076553184835185739e+01
-1.076355039193397367e+01
-1.076155075262508554e+01
-1.075953677321457214e+01
-1.075750458282175614e+01
-1.075545803598039818e+01
-1.075339324967633914e+01
-1.075131409022676543e+01
-1.074921666243977114e+01
-1.074710484445496839e+01
-1.074497472885833105e+01
-1.074283020565106028e+01
-1.074066735515210169e+01
-1.073849007926376053e+01
-1.073629444599276006e+01
-1.073408436918225917e+01
-1.073185590448111171e+01
-1.072961297771324496e+01
-1.072735163212374410e+01
-1.072507580555733675e+01
-1.072278152880925539e+01
-1.072047275178535486e+01
-1.071814549278422568e+01
-1.071580371381346986e+01
-1.071344342062810817e+01
-1.071106858737820922e+01
-1.070867520722800492e+01
-1.070626726651091332e+01
-1.070384074575260769e+01
-1.070139964351126771e+01
-1.069893992762582968e+01
-1.069646560892065956e+01
-1.069397264249960955e+01
-1.069146505149485193e+01
-1.068893877822631922e+01
-1.068639785817598487e+01
-1.068383822083064594e+01
-1.068126391406423714e+01
-1.067867085448083131e+01
-1.067606310238870826e+01
-1.067343656145928321e+01
-1.067079530447784208e+01
-1.066813522213288401e+01
-1.066546039972950410e+01
-1.066276671492256689e+01
-1.066005826558017411e+01
-1.065733091627240370e+01
-1.065458877747384925e+01
-1.065182770061831441e+01
-1.064905180883041069e+01
-1.064625694035589731e+01
-1.064344723101341117e+01
-1.064061850580828583e+01
-1.063777491329745928e+01
-1.063491226519318467e+01
-1.063203472283509399e+01
-1.062913808458936593e+01
-1.062622652462317063e+01
-1.062329582790316174e+01
-1.062035018146892362e+01
-1.061738535683387141e+01
-1.061440555395547847e+01
-1.061140653083958263e+01
-1.060839250040711690e+01
-1.060535920710184854e+01
-1.060231087685408902e+01
-1.059924324049044486e+01
-1.059616053699700267e+01
-1.059305848352781254e+01
-1.058994133217120748e+01
-1.058680478635299771e+01
-1.058365311131060871e+01
-1.058048199668546374e+01
-1.057729572091133008e+01
-1.057408995978870969e+01
-1.057086900499528248e+01
-1.056762851843366491e+01
-1.056437280507338095e+01
-1.056109751286189535e+01
-1.055780696010885755e+01
-1.055449678074883124e+01
-1.055117130648026524e+01
-1.054782615716675132e+01
-1.054446567794463263e+01
-1.054108547454803713e+01
-1.053768990560058860e+01
-1.053427456264820705e+01
-1.053084381785153134e+01
-1.052739324850912439e+01
-1.052392724036885419e+01
-1.052044135642241507e+01
-1.051693999605554630e+01
-1.051341870789307009e+01
-1.050988190500980046e+01
-1.050632512160334464e+01
-1.050275278448902938e+01
-1.049916041337680106e+01
-1.049555244887436878e+01
-1.049192439614299133e+01
-1.048828070963528702e+01
-1.048461687990248237e+01
-1.048093737529500658e+01
-1.047723767169241960e+01
-1.047352225139634463e+01
-1.046978657555266246e+01
-1.046603514046811334e+01
-1.046226339249266069e+01
-1.045847584199248992e+01
-1.045466792045905358e+01
-1.045084415237294451e+01
-1.044699995430402595e+01
-1.044313986490300650e+01
-1.043925928575484896e+01
-1.043536276973626364e+01
-1.043144570338389698e+01
-1.042751265385712500e+01
-1.042355899258035556e+01
-1.041958930105277936e+01
-1.041559893552253513e+01
-1.041159249188645575e+01
-1.040756531115188821e+01
-1.040352200367189894e+01
-1.039945789514815644e+01
-1.039537761044902453e+01
-1.039127645990578586e+01
-1.038715908296167889e+01
-1.038302077451223226e+01
-1.037886618863616306e+01
-1.037469060472769300e+01
-1.037049869156204096e+01
-1.036628571296641432e+01
-1.036205635247437939e+01
-1.035780585828018374e+01
-1.035353892873805393e+01
-1.034925079634320788e+01
-1.034494617433384356e+01
-1.034062027943954298e+01
-1.033627783984660908e+01
-1.033191405645229821e+01
-1.032753367245571674e+01
-1.032313187285501321e+01
-1.031871341592767699e+01
-1.031427347070562561e+01
-1.030981681061102151e+01
-1.030533858864238006e+01
-1.030084359343377542e+01
-1.029632696188277130e+01
-1.029179349790338449e+01
-1.028723832222467038e+01
-1.028266625410935120e+01
-1.027807239805020778e+01
-1.027346158872849635e+01
-1.026882891433266920e+01
-1.026417922503319602e+01
-1.025950759264609502e+01
-1.025481888290246957e+01
-1.025010815117768992e+01
-1.024538027883608393e+01
-1.024063030474381186e+01
-1.023586312597179138e+01
-1.023107376480849595e+01
-1.022626713410580379e+01
-1.022143823950579922e+01
-1.021659200971657278e+01
-1.021172343366500712e+01
-1.020683745599180803e+01
-1.020192904883966101e+01
-1.019700317285920121e+01
-1.019205478333977588e+01
-1.018708885702037747e+01
-1.018210033226787914e+01
-1.017709420198893255e+01
-1.017206538755856116e+01
-1.016701889813158388e+01
-1.016194963802184681e+01
-1.015686263271374479e+01
-1.015175276939034887e+01
-1.014662508994828016e+01
-1.014147446437027078e+01
-1.013630595104874921e+01
-1.013111440269635111e+01
-1.012590489428621332e+01
-1.012067226119096830e+01
-1.011542159505032679e+01
-1.011014771382694732e+01
-1.010485572591428038e+01
-1.009954043179490490e+01
-1.009420695670410062e+01
-1.008885008357430557e+01
-1.008347495457201681e+01
-1.007807633500913980e+01
-1.007265938407390848e+01
-1.006721884938744793e+01
-1.006175990725135350e+01
-1.005627728752541294e+01
-1.005077618371748294e+01
-1.004525130785543929e+01
-1.003970787074752558e+01
-1.003414056651891961e+01
-1.002855462337348769e+01
-1.002294471746283300e+01
-1.001731609448310678e+01
-1.001166341254130820e+01
-1.000599193492341143e+01
-1.000029630162077865e+01
-9.994581793608256604e+00
-9.988843032690107648e+00
-9.983085317630331801e+00
-9.977303251974726450e+00
-9.971502152377738071e+00
-9.965676604055117238e+00
-9.959831941654499587e+00
-9.953962731989614454e+00
-9.948074327805370487e+00
-9.942161277441551093e+00
-9.936228951845263779e+00
-9.930271880810348506e+00
-9.924295453592561600e+00
-9.918294181367210527e+00
-9.912273471806541281e+00
-9.906227817394691826e+00
-9.900162644329251194e+00
-9.894072426330223990e+00
-9.887962608230978390e+00
-9.881827644914210396e+00
-9.875672999960318776e+00
-9.869493109341348713e+00
-9.863293455497535334e+00
-9.857068455416463593e+00
-9.850823610512229322e+00
-9.844553318713870738e+00
-9.838263100524548221e+00
-9.831947334740400279e+00
-9.825611561070166644e+00
-9.819250139102294384e+00
-9.812868627868811089e+00
-9.806461367675412433e+00
-9.800033936996401351e+00
-9.793580656778960503e+00
-9.787107125060119373e+00
-9.780607643352572822e+00
-9.774087829377432257e+00
-9.767541965136510740e+00
-9.760975688157660812e+00
-9.754383260854972093e+00
-9.747770340686868096e+00
-9.741131170402326234e+00
-9.734471427515504871e+00
-9.727785335032226754e+00
-9.721078590648824402e+00
-9.714345397549386973e+00
-9.707591473739936916e+00
-9.700811002503735736e+00
-9.694009722285182207e+00
-9.687181796387090316e+00
-9.680332983822015791e+00
-9.673457427831959166e+00
-9.666560908128838392e+00
-9.659637547812618408e+00
-9.652693147426800735e+00
-9.645721809847614736e+00
-9.638729356583505492e+00
-9.631709870204469226e+00
-9.624669193318371896e+00
-9.617601388105631699e+00
-9.610512318409236698e+00
-9.603396025935932556e+00
-9.596258395900470362e+00
-9.589093449451029372e+00
-9.581907093311993862e+00
-9.574693327987116476e+00
-9.567458081849308016e+00
-9.560195334671126588e+00
-9.552911036614204932e+00
-9.545599146632012477e+00
-9.538265636815856041e+00
-9.530904445211636045e+00
-9.523521565982507653e+00
-9.516110916176856449e+00
-9.508678512172870967e+00
-9.501218249930783344e+00
-9.493736168187954405e+00
-9.486226141724463545e+00
-9.478694231782036184e+00
-9.471134291867672417e+00
-9.463552405873629780e+00
-9.455942405939522288e+00
-9.448310398755399575e+00
-9.440650194998010392e+00
-9.432967924303389040e+00
-9.425257375788746117e+00
-9.417524702185101404e+00
-9.409763670952148829e+00
-9.401980458066105939e+00
-9.394168809229689998e+00
-9.386334923815308429e+00
-9.378472525668094306e+00
-9.370587837708491463e+00
-9.362674561821886954e+00
-9.354738944629719555e+00
-9.346774665954008299e+00
-9.338787996270816905e+00
-9.330772593233843892e+00
-9.322734751328487945e+00
-9.314668105933268549e+00
-9.306578975698565515e+00
-9.298460973619635084e+00
-9.290320442668171808e+00
-9.282150973346251277e+00
-9.273958933104172075e+00
-9.265737889839540387e+00
-9.257494235639255109e+00
-9.249221515683196060e+00
-9.240926146853979617e+00
-9.232601651498844930e+00
-9.224254471455900273e+00
-9.215878106123012614e+00
-9.207479022454490902e+00
-9.199050696780451730e+00
-9.190599621332836477e+00
-9.182119249253469562e+00
-9.173616098214427694e+00
-9.165083598047099045e+00
-9.156528292026564486e+00
-9.147943586549768469e+00
-9.139336050658865673e+00
-9.130699067190047202e+00
-9.122039231117337721e+00
-9.113349901588057023e+00
-9.104637699673729045e+00
-9.095895960702691241e+00
-9.087131332010226714e+00
-9.078337124973486993e+00
-9.069520013358811639e+00
-9.060673284457690713e+00
-9.051803638635597338e+00
-9.042904338961934130e+00
-9.033982112570068779e+00
-9.025030198168620288e+00
-9.016055349828608456e+00
-9.007050781756886337e+00
-8.998023275132688070e+00
-8.988966019517894424e+00
-8.979885823371230202e+00
-8.970775851464271256e+00
-8.961642939707438416e+00
-8.952480227934207946e+00
-8.943294579679681888e+00
-8.934079109689015752e+00
-8.924840709296054442e+00
-8.915572468005127149e+00
-8.906281305123519232e+00
-8.896960284759860116e+00
-8.887616354370420524e+00
-8.878242552510803520e+00
-8.868845854962929209e+00
-8.859419274569408032e+00
-8.849969815615290614e+00
-8.840490465067764703e+00
-8.830988255893482020e+00
-8.821456149019279991e+00
-8.811901206272725773e+00
-8.802316362372943459e+00
-8.792708708188564870e+00
-8.783071152060873743e+00
-8.773410814081072928e+00
-8.763720576039766286e+00
-8.754007587432971249e+00
-8.744264703325319132e+00
-8.734499102800945991e+00
-8.724703614020540954e+00
-8.714885445840593547e+00
-8.705037399337090420e+00
-8.695166713324486096e+00
-8.685266161610392999e+00
-8.675343013153868910e+00
-8.665390014307911670e+00
-8.655414464363772709e+00
-8.645409082030896641e+00
-8.635381197121553498e+00
-8.625323500509656682e+00
-8.615243352718648495e+00
-8.605133416592190443e+00
-8.595001083556125465e+00
-8.584838988226346501e+00
-8.574654553123524536e+00
-8.564440384435345166e+00
-8.554203935971237627e+00
-8.543937785287203823e+00
-8.533649417676542726e+00
-8.523331381857333966e+00
-8.512991194803207762e+00
-8.502621376185063085e+00
-8.492229474854759985e+00
-8.481807981223765225e+00
-8.471364476221536322e+00
-8.460891420784818706e+00
-8.450396428121523584e+00
-8.439871929475319945e+00
-8.429325570534997425e+00
-8.418749752629839378e+00
-8.408152154133391676e+00
-8.397525146236064941e+00
-8.386876440201683991e+00
-8.376198376854464556e+00
-8.365498700555669132e+00
-8.354769721532489868e+00
-8.344019217452606441e+00
-8.333239467712541426e+00
-8.322438283496952138e+00
-8.311607913134722025e+00
-8.300756201540025359e+00
-8.289875365733886170e+00
-8.278973284574387748e+00
-8.268042143531371124e+00
-8.257089855622963270e+00
-8.246108574521247903e+00
-8.235106247622679732e+00
-8.224074996551713923e+00
-8.213022803303282160e+00
-8.201941757201179684e+00
-8.190839875061033837e+00
-8.179709213649486443e+00
-8.168557824827365366e+00
-8.157377732544404125e+00
-8.146177023933232064e+00
-8.134947689863521347e+00
-8.123697852968488675e+00
-8.112419470771291330e+00
-8.101120701636977728e+00
-8.089793469472112974e+00
-8.078445968607200101e+00
-8.067070089058924864e+00
-8.055674061359031413e+00
-8.044249741357580419e+00
-8.032805396026150291e+00
-8.021332846767691649e+00
-8.009840397234636811e+00
-7.998319834099156367e+00
-7.986779497938006678e+00
-7.975211140405264132e+00
-7.963623139248425353e+00
-7.952007210812420013e+00
-7.940371770264635920e+00
-7.928708498346190403e+00
-7.917025847896415058e+00
-7.905315463754391203e+00
-7.893585836686220603e+00
-7.881828575327010533e+00
-7.870052208627359214e+00
-7.858248308713048580e+00
-7.846425442979946929e+00
-7.834575146735001994e+00
-7.822706026083547926e+00
-7.810809579200474140e+00
-7.798894451167643460e+00
-7.786952102711143020e+00
-7.774991218159812867e+00
-7.763003220469967935e+00
-7.750996833491309523e+00
-7.738963442085729838e+00
-7.726911809900959049e+00
-7.714833283375841511e+00
-7.702736666236858376e+00
-7.690613266167217077e+00
-7.678471927256448559e+00
-7.666303918095501935e+00
-7.654118123424934694e+00
-7.641905772402692421e+00
-7.629675790712148853e+00
-7.617419367733440971e+00
-7.605145470388261941e+00
-7.592845247929987273e+00
-7.580527708818085131e+00
-7.568183961826006723e+00
-7.555823057254483111e+00
-7.543436063039579587e+00
-7.531032071630908931e+00
-7.518602109765295971e+00
-7.506155312352952969e+00
-7.493682664565486817e+00
-7.481193344089674291e+00
-7.468678294161176012e+00
-7.456146735563873307e+00
-7.443589569222463176e+00
-7.431016059342621993e+00
-7.418417064158576935e+00
-7.405801891627142197e+00
-7.393161356907811843e+00
-7.380504812042696372e+00
-7.367823028727586987e+00
-7.355125403428560027e+00
-7.342402663984171518e+00
-7.329664251628090099e+00
-7.316900849943171359e+00
-7.304121945279115735e+00
-7.291318176559791198e+00
-7.278499075604598190e+00
-7.265655236270046835e+00
-7.252796236203872482e+00
-7.239912623782079670e+00
-7.227014022844590713e+00
-7.214090935868465948e+00
-7.201153033255174307e+00
-7.188190771159140624e+00
-7.175213866918118022e+00
-7.162212729935160560e+00
-7.149197124864531183e+00
-7.136157413923573500e+00
-7.123103409469124792e+00
-7.110025426093210754e+00
-7.096933324246881725e+00
-7.083817370451723328e+00
-7.070687473650637322e+00
-7.057533851843903250e+00
-7.044366462869902534e+00
-7.031175475751106241e+00
-7.017970897631239602e+00
-7.004742848092496033e+00
-6.991501384000017083e+00
-6.978236575027389144e+00
-6.964958528183615272e+00
-6.951657262759431077e+00
-6.938342936336505673e+00
-6.925005517342244232e+00
-6.911655214366616562e+00
-6.898281944486915229e+00
-6.884895967743797307e+00
-6.871487149371280800e+00
-6.858065801309867204e+00
-6.844621736450846150e+00
-6.831165319090735544e+00
-6.817686309271923761e+00
-6.804195124110259840e+00
-6.790681470286362043e+00
-6.777155818206202831e+00
-6.763607820668707582e+00
-6.750048001848127477e+00
-6.736465960134962572e+00
-6.722872273957468003e+00
-6.709256486763877980e+00
-6.695629231729776087e+00
-6.681979996820004430e+00
-6.668319470458926368e+00
-6.654637084579313466e+00
-6.640943583363657865e+00
-6.627228342156576524e+00
-6.613502161416390912e+00
-6.599754359335554099e+00
-6.585995793174156177e+00
-6.572215723400907983e+00
-6.558425064612049660e+00
-6.544613018972818885e+00
-6.530790558958779357e+00
-6.516946827843692169e+00
-6.503092856534636645e+00
-6.489217728817427755e+00
-6.475332534591788480e+00
-6.461426297550762143e+00
-6.447510167157055605e+00
-6.433573106397338925e+00
-6.419626324876966272e+00
-6.405658724253820324e+00
-6.391681574865247129e+00
-6.377683716408655279e+00
-6.363676480552576287e+00
-6.349648644393134589e+00
-6.335611601539096860e+00
-6.321554065834779301e+00
-6.307487493448757476e+00
-6.293400534313428274e+00
-6.279304707786723228e+00
-6.265188599219167820e+00
-6.251063791798595837e+00
-6.236918805613360206e+00
-6.222765288332349876e+00
-6.208591694091359692e+00
-6.194409735702632425e+00
-6.180207800648190641e+00
-6.165997667557209461e+00
-6.151767656546095253e+00
-6.137529612746060792e+00
-6.123271788184823983e+00
-6.109006095192537344e+00
-6.094720716973899499e+00
-6.080427633766973372e+00
-6.066114959207471458e+00
-6.051794742162581286e+00
-6.037455025941263820e+00
-6.023107928773552722e+00
-6.008741422871832327e+00
-5.994367696575506166e+00
-5.979974650218003340e+00
-5.965574543007910790e+00
-5.951155202604620165e+00
-5.936728959858932342e+00
-5.922283568948316201e+00
-5.907831433152400891e+00
-5.893360232345411731e+00
-5.878882443036602012e+00
-5.864385669962072001e+00
-5.849882463675529110e+00
-5.835360352926228344e+00
-5.820831963141958276e+00
-5.806284746221843207e+00
-5.791731403312311066e+00
-5.777159308584789876e+00
-5.762581239764030805e+00
-5.747984492400994405e+00
-5.733381921674197912e+00
-5.718760743606140728e+00
-5.704133891720454486e+00
-5.689488501587432800e+00
-5.674837585983457444e+00
-5.660168199086948349e+00
-5.645493433851427767e+00
-5.630800262106947507e+00
-5.616101857925799301e+00
-5.601385109816567898e+00
-5.586663273929234563e+00
-5.571923154460385774e+00
-5.557178090614656618e+00
-5.542414801268292557e+00
-5.527646709676035108e+00
-5.512860448367244537e+00
-5.498069525660722157e+00
-5.483260486693874114e+00
-5.468446925882877174e+00
-5.453615299908962655e+00
-5.438779290338746186e+00
-5.423925264313210093e+00
-5.409066991622673015e+00
-5.394190748763800336e+00
-5.379310394844633691e+00
-5.364412114592705727e+00
-5.349509857548880198e+00
-5.334589715525678066e+00
-5.319665729633599405e+00
-5.304723897602444005e+00
-5.289778353271577416e+00
-5.274814999097920065e+00
-5.259848062831725457e+00
-5.244863350444124883e+00
-5.229875184801727528e+00
-5.214869274153236312e+00
-5.199860037711097505e+00
-5.184833084740871456e+00
-5.169802932055050704e+00
-5.154755088650587069e+00
-5.139704170219298263e+00
-5.124635584178417247e+00
-5.109564046404741156e+00
-5.094474861398422760e+00
-5.079382846553317954e+00
-5.064273202088291015e+00
-5.049160848273620772e+00
-5.034030879655124302e+00
-5.018898320767164911e+00
-5.003748159061981227e+00
-4.988595524754543042e+00
-4.973425296754037994e+00
-4.958252712402084761e+00
-4.943062540585096976e+00
-4.927870127247919285e+00
-4.912660129743780857e+00
-4.897448004128555077e+00
-4.882218294679840476e+00
-4.866986569104711613e+00
-4.851737257030035444e+00
-4.836486039387272839e+00
-4.821217229543717231e+00
-4.805946623262460804e+00
-4.790658416007785192e+00
-4.775368520016705531e+00
-4.760061011171369927e+00
-4.744751919860976663e+00
-4.729425200669624019e+00
-4.714097003854010204e+00
-4.698751160946619265e+00
-4.683403943825033444e+00
-4.668039059177535144e+00
-4.652672902295394763e+00
-4.637289053189693533e+00
-4.621904032398769679e+00
-4.606501291382461893e+00
-4.591097477800775373e+00
-4.575675912645649213e+00
-4.560253372616665857e+00
-4.544813046276940938e+00
-4.529371841327664683e+00
-4.513912811897202282e+00
-4.498452998695846361e+00
-4.482975319364464362e+00
-4.467496949676992735e+00
-4.452000668685873741e+00
-4.436503789331706749e+00
-4.420988949927775913e+00
-4.405473602734295113e+00
-4.389940243123406916e+00
-4.374406464879451839e+00
-4.358854618178445328e+00
-4.343302440586581881e+00
-4.327732134774050721e+00
-4.312161584401539294e+00
-4.296572842267199377e+00
-4.280983940495530327e+00
-4.265376779588072154e+00
-4.249769542561111280e+00
-4.234143975134664117e+00
-4.218518413705152348e+00
-4.202874446663867225e+00
-4.187230566338373983e+00
-4.171568201179441715e+00
-4.155906002061366067e+00
-4.140225234816048427e+00
-4.124544711546857201e+00
-4.108845532719541005e+00
-4.093146674418052022e+00
-4.077429068923315469e+00
-4.061711859122833168e+00
-4.045975806220151405e+00
-4.030240222803288752e+00
-4.014485696029523432e+00
-3.998731711160865121e+00
-3.982958678260109409e+00
-3.967186258316182990e+00
-3.951394681167243128e+00
-3.935603786664058301e+00
-3.919793621205008183e+00
-3.903984206722649564e+00
-3.888155402872417010e+00
-3.872327416976889758e+00
-3.856479918553847419e+00
-3.840633303715785818e+00
-3.824767048353277410e+00
-3.808901740863273044e+00
-3.793016659921415012e+00
-3.777132589802118634e+00
-3.761228608276251606e+00
-3.745325699190774849e+00
-3.729402735615988451e+00
-3.713480904772504143e+00
-3.697538871124215643e+00
-3.681598029176664788e+00
-3.665636830767001531e+00
-3.649676881711414023e+00
-3.633696417081120789e+00
-3.617717258147567616e+00
-3.601717418953276795e+00
-3.585718940493293427e+00
-3.569699611389857363e+00
-3.553681696758567377e+00
-3.537642755276238837e+00
-3.521605280709663166e+00
-3.505546597125670072e+00
-3.489489431612311954e+00
-3.473410868816762420e+00
-3.457333873963518656e+00
-3.441235287319213576e+00
-3.425138317211163574e+00
-3.409019554406931718e+00
-3.392902455460590883e+00
-3.376763356357927126e+00
-3.360625967167859329e+00
-3.344466363640130613e+00
-3.328308514818405950e+00
-3.312128230582967792e+00
-3.295949744590662700e+00
-3.279748595032478065e+00
-3.263549286003771588e+00
-3.247327077990923794e+00
-3.231106751548271205e+00
-3.214863283238305947e+00
-3.198621736298866036e+00
-3.182356796935856380e+00
-3.166093817508409458e+00
-3.149807187209888948e+00
-3.133522554181646047e+00
-3.117214003715005344e+00
-3.100907486627979104e+00
-3.084576777175545903e+00
-3.068248135991491932e+00
-3.051895018903788337e+00
-3.035544003757484344e+00
-3.019168220293671823e+00
-3.002794571233163179e+00
-2.986395852288436625e+00
-2.969999299002142656e+00
-2.953577364820338058e+00
-2.937157626349904849e+00
-2.920712186221416040e+00
-2.904268970659127369e+00
-2.887799722602430119e+00
-2.871332726772918065e+00
-2.854839357199081551e+00
-2.838348266323347246e+00
-2.821830449682203756e+00
-2.805314937023849708e+00
-2.788772335430643068e+00
-2.772232061922272450e+00
-2.755664324763540840e+00
-2.739098938612543943e+00
-2.722505702129857319e+00
-2.705914838401936695e+00
-2.689295725251800384e+00
-2.672679005430557808e+00
-2.656033624219169553e+00
-2.639390655740669445e+00
-2.622718600531062982e+00
-2.606048976290974206e+00
-2.589349826081578598e+00
-2.572653123913184903e+00
-2.555926442084698547e+00
-2.539202224205787672e+00
-2.522447557934850426e+00
-2.505695370360981666e+00
-2.488912249997513815e+00
-2.472131621919228639e+00
-2.455319560325304629e+00
-2.438510003446455521e+00
-2.421668495293147316e+00
-2.404829503127746015e+00
-2.387958024146970448e+00
-2.371089071270640947e+00
-2.354187077458550270e+00
-2.337287618711436643e+00
-2.320354545479052621e+00
-2.303424015116291468e+00
-2.286459276383325356e+00
-2.269497087168457217e+00
-2.252500074395554108e+00
-2.235505616632319281e+00
-2.218475697786301382e+00
-2.201448338283610084e+00
-2.184384856730130942e+00
-2.167323937694260128e+00
-2.150226211011396327e+00
-2.133131048859064016e+00
-2.115998367564746463e+00
-2.098868251650182870e+00
-2.081699877835454959e+00
-2.064534069083189927e+00
-2.047329234942979692e+00
-2.030126964377985566e+00
-2.012884870629000122e+00
-1.995645337794264451e+00
-1.978365151969746716e+00
-1.961087523220264250e+00
-1.943768377829134142e+00
-1.926451784490498698e+00
-1.909092775027029010e+00
-1.891736311404588644e+00
-1.874336494193890701e+00
-1.856939215417412026e+00
-1.839497605278824777e+00
-1.822058524965204596e+00
-1.804574092674518182e+00
-1.787092180389358465e+00
-1.769563849917590304e+00
-1.752038028413182236e+00
-1.734464673917055499e+00
-1.716893816121908722e+00
-1.699274258657540226e+00
-1.681657184389201865e+00
-1.663990188316391228e+00
-1.646325660684723191e+00
-1.628609929724650129e+00
-1.610896651188691298e+00
-1.593130824092747977e+00
-1.575367432128230938e+00
-1.557550077908276265e+00
-1.539735140236811795e+00
-1.521864752900412343e+00
-1.503996762223504424e+00
-1.486071754948367962e+00
-1.468149123120325195e+00
-1.450167821790802281e+00
-1.432188873353919645e+00
-1.414149509370407065e+00
-1.396112474362818379e+00
-1.378013176618621216e+00
-1.359916182549214980e+00
-1.341754968450805219e+00
-1.323596031317822774e+00
-1.305370796701655900e+00
-1.287147810907423695e+00
-1.268856318678365680e+00
-1.250567045665470944e+00
-1.232206912947583444e+00
-1.213848968347330137e+00
-1.195417651895247291e+00
-1.176988490936205833e+00
-1.158483270502287610e+00
-1.139980171374554985e+00
-1.121398130660408832e+00
-1.102818175464058692e+00
-1.084156180201498731e+00
-1.065496233023789818e+00
-1.046750905622694905e+00
-1.028007587181821947e+00
-1.009175277245083269e+00
-9.903449354007308747e-01
-9.714216852271041480e-01
-9.525003604784590960e-01
-9.334818644416786881e-01
-9.144652493005258620e-01
-8.953468056803907116e-01
-8.762301964958084666e-01
-8.570066499219042289e-01
-8.377848893167814115e-01
-8.184505614197914447e-01
-7.991179689333937075e-01
-7.796665740179087312e-01
-7.602168617690623353e-01
-7.406414032310909557e-01
-7.210675723241589674e-01
-7.013602139810529712e-01
-6.816544258223182773e-01
-6.618063300654716263e-01
-6.419597445000336799e-01
-6.219608658347545171e-01
-6.019634346668550906e-01
-5.818022521212238285e-01
-5.616424515000356665e-01
-5.413056154579505286e-01
-5.209700926818614519e-01
-5.004419489431513046e-01
-4.799150464838295438e-01
-4.591769791013804447e-01
-4.384400773951335761e-01
-4.174695749272345768e-01
-3.965001585676619089e-01
-3.752694410756300392e-01
-3.540397257316209578e-01
-3.325136397279065958e-01
-3.109884669813787195e-01
-2.891210852768947848e-01
-2.672545223125531999e-01
-2.449832715095727198e-01
-2.227127383687674544e-01
-1.999473071393348123e-01
-1.771824846122343755e-01
-1.537810571554455719e-01
-1.303801195481627817e-01
-1.060875856061796463e-01
-8.179540932133208542e-02
-5.601680941760709548e-02
-3.023841424575916467e-02
-4.217516567463437258e-15
