-1.508041430154140941e-15
-6.561580041327457202e-01
-1.276990380765616440e+00
-1.833424145070981615e+00
-2.306696073789475943e+00
-2.689251357576756263e+00
-2.983009932658275076e+00
-3.196324797029651776e+00
-3.340884284582974928e+00
-3.429283094254922393e+00
-3.473461246641385891e+00
-3.483895787336426242e+00
-3.469320103108779918e+00
-3.436757110003795024e+00
-3.391707912823783921e+00
-3.338396230371545315e+00
-3.280012960503185582e+00
-3.218935061574792922e+00
-3.156909292879363615e+00
-3.095200945046424401e+00
-3.034710956457432829e+00
-2.976066939267708378e+00
-2.919692799208438050e+00
-2.865861945125869781e+00
-2.814737402714752257e+00
-2.766402401308590164e+00
-2.720883356824059351e+00
-2.678167728244600365e+00
-2.638217592737146955e+00
-2.600980330993430734e+00
-2.566395923657883049e+00
-2.534401182980104750e+00
-2.504930069484340827e+00
-2.477911291438125385e+00
-2.453263824112484226e+00
-2.430892885674478254e+00
-2.410687220453579638e+00
-2.392519368661627066e+00
-2.376248144223471748e+00
-2.361723486040067321e+00
-2.348791833225309045e+00
-2.337301911242600561e+00
-2.327109280404651592e+00
-2.318080142266870425e+00
-2.310093335607708021e+00
-2.303041589537352163e+00
-2.296831270197425834e+00
-2.291381911653146641e+00
-2.286624759310155408e+00
-2.282501612874333397e+00
-2.278963055567583940e+00
-2.275967296274804763e+00
-2.273478565450574251e+00
-2.271466256647662885e+00
-2.269903646665004882e+00
-2.268767390819025120e+00
-2.268036553297418489e+00
-2.267692401439696415e+00
-2.267717671197697626e+00
-2.268096578835006483e+00
-2.268814242123874614e+00
-2.269856837232452129e+00
-2.271211112839965907e+00
-2.272864639390028696e+00
-2.274805372855049690e+00
-2.277021961669080774e+00
-2.279503332832040208e+00
-2.282239035368819557e+00
-2.285218832620322438e+00
-2.288433070070318376e+00
-2.291872264790446145e+00
-2.295527491022613553e+00
-2.299389962005021548e+00
-2.303451429928053518e+00
-2.307703757786754739e+00
-2.312139332116290635e+00
-2.316750623820199806e+00
-2.321530613029482826e+00
-2.326472338520180649e+00
-2.331569334499633772e+00
-2.336815168537210941e+00
-2.342203890284584311e+00
-2.347729557968996961e+00
-2.353386699126352344e+00
-2.359169825740553783e+00
-2.365073907077855697e+00
-2.371093873549988462e+00
-2.377225101721974543e+00
-2.383462906955370553e+00
-2.389803040638242670e+00
-2.396241171640839163e+00
-2.402773395793789124e+00
-2.409395706167121176e+00
-2.416104514803538716e+00
-2.422896111815100006e+00
-2.429767199364153196e+00
-2.436714339559518105e+00
-2.443734500667618548e+00
-2.450824493781855740e+00
-2.457981531239778139e+00
-2.465202652034367059e+00
-2.472485292409338786e+00
-2.479826699978038729e+00
-2.487224516467517521e+00
-2.494676180509916463e+00
-2.502179522505472153e+00
-2.509732156051243557e+00
-2.517332084894440047e+00
-2.524977082964314334e+00
-2.532665313388354100e+00
-2.540394697094821908e+00
-2.548163543865997305e+00
-2.555969909481001778e+00
-2.563812238782261499e+00
-2.571688711329623178e+00
-2.579597896458812212e+00
-2.587538087420205191e+00
-2.595507968409163535e+00
-2.603505937165129680e+00
-2.611530783956498070e+00
-2.619581002616543586e+00
-2.627655481467650489e+00
-2.635752802772866055e+00
-2.643871945585392513e+00
-2.652011573596495086e+00
-2.660170749898079556e+00
-2.668348213208765252e+00
-2.676543104539018891e+00
-2.684754231778624600e+00
-2.692980808255272862e+00
-2.701221705667850248e+00
-2.709476204530639976e+00
-2.717743235437966476e+00
-2.726022141387305808e+00
-2.734311907362024563e+00
-2.742611934527604323e+00
-2.750921258120035517e+00
-2.759239333510314029e+00
-2.767565242387006297e+00
-2.775898490685217546e+00
-2.784238203052115335e+00
-2.792583932637497490e+00
-2.800934843831926813e+00
-2.809290533916637855e+00
-2.817650204064439556e+00
-2.826013492847276876e+00
-2.834379635490729576e+00
-2.842748309238112281e+00
-2.851118780849823953e+00
-2.859490763823298920e+00
-2.867863554128959880e+00
-2.876236899285949722e+00
-2.884610122326521253e+00
-2.892983002728080510e+00
-2.901354888598211890e+00
-2.909725589463751483e+00
-2.918094476669151671e+00
-2.926461388023767984e+00
-2.934825716406012308e+00
-2.943187326270687798e+00
-2.951545630451958502e+00
-2.959900518532280422e+00
-2.968251421837445392e+00
-2.976598253669391347e+00
-2.984940462486549873e+00
-2.993277984002811198e+00
-3.001610282546759656e+00
-3.009937315029412641e+00
-3.018258560475849173e+00
-3.026573995864731081e+00
-3.034883113825853407e+00
-3.043185910354527568e+00
-3.051481890669035746e+00
-3.059771068802756844e+00
-3.068052961615712615e+00
-3.076327600267946494e+00
-3.084594512378608488e+00
-3.092853745384561925e+00
-3.101104836841036327e+00
-3.109347849668901098e+00
-3.117582330591193163e+00
-3.125808357272986004e+00
-3.134025484887492219e+00
-3.142233805152945258e+00
-3.150432881022219522e+00
-3.158622817620950762e+00
-3.166803185054735348e+00
-3.174974101252628689e+00
-3.183135142886364122e+00
-3.191286440123625390e+00
-3.199427575652983524e+00
-3.207558691351906965e+00
-3.215679375411504726e+00
-3.223789780923675963e+00
-3.231889501099914686e+00
-3.239978699782429583e+00
-3.248056974751071024e+00
-3.256124500163189772e+00
-3.264180877942771453e+00
-3.272226292154158500e+00
-3.280260348467291642e+00
-3.288283240470406099e+00
-3.296294577205344467e+00
-3.304294561424585552e+00
-3.312282805190479795e+00
-3.320259520081826121e+00
-3.328224320851039142e+00
-3.336177427585666155e+00
-3.344118457417408319e+00
-3.352047638643989469e+00
-3.359964590483868641e+00
-3.367869549164084209e+00
-3.375762135714456047e+00
-3.383642594027038264e+00
-3.391510546683584870e+00
-3.399366244992340302e+00
-3.407209312842468751e+00
-3.415040008724038678e+00
-3.422857957603145707e+00
-3.430663424930915362e+00
-3.438456036532897997e+00
-3.446236064613072969e+00
-3.454003135651318335e+00
-3.461757528408266449e+00
-3.469498869824337639e+00
-3.477227445031710662e+00
-3.484942881248410007e+00
-3.492645469803477454e+00
-3.500334838019605765e+00
-3.508011283257943980e+00
-3.515674432782403436e+00
-3.523324589830463704e+00
-3.530961381452783154e+00
-3.538585116616127735e+00
-3.546195422011681142e+00
-3.553792612196586820e+00
-3.561376313364167157e+00
-3.568946845530687195e+00
-3.576503834260555070e+00
-3.584047604905014950e+00
-3.591577782275491071e+00
-3.599094696940843274e+00
-3.606597972841867783e+00
-3.614087945654073319e+00
-3.621564238336259400e+00
-3.629027191565384225e+00
-3.636476427212542273e+00
-3.643912290856834435e+00
-3.651334403181418775e+00
-3.658743114573368427e+00
-3.666138044432774024e+00
-3.673519547865531365e+00
-3.680887242898477574e+00
-3.688241489271943507e+00
-3.695581903553551761e+00
-3.702908850038279187e+00
-3.710221943753196694e+00
-3.717521553471994533e+00
-3.724807292603808051e+00
-3.732079534329356907e+00
-3.739337890366242423e+00
-3.746582738234161880e+00
-3.753813687889146600e+00
-3.761031121125445686e+00
-3.768234646071027871e+00
-3.775424648733504362e+00
-3.782600735349410215e+00
-3.789763296081757549e+00
-3.796911935215361300e+00
-3.804047047013675353e+00
-3.811168233752374235e+00
-3.818275893743224181e+00
-3.825369627198064393e+00
-3.832449836427441081e+00
-3.839516119527319304e+00
-3.846568882760129870e+00
-3.853607722056269225e+00
-3.860633047585492417e+00
-3.867644453065237187e+00
-3.874642352530462297e+00
-3.881626337440448715e+00
-3.888596825655160849e+00
-3.895553406332723956e+00
-3.902496501120126471e+00
-3.909425696833088271e+00
-3.916341418869564439e+00
-3.923243251663641740e+00
-3.930131624329940454e+00
-3.937006118883410011e+00
-3.943867168122868083e+00
-3.950714351608272779e+00
-3.957548105791798942e+00
-3.964368007744154543e+00
-3.971174497541687387e+00
-3.977967149733030894e+00
-3.984746407990876538e+00
-3.991511844310581925e+00
-3.998263905934863693e+00
-4.005002162275783206e+00
-4.011727064121087594e+00
-4.018438178270844929e+00
-4.025135959034182420e+00
-4.031819970571747902e+00
-4.038490670691565754e+00
-4.045147620888497109e+00
-4.051791282448231613e+00
-4.058421214174600777e+00
-4.065037880810765891e+00
-4.071640838445464539e+00
-4.078230555260117463e+00
-4.084806584605202850e+00
-4.091369398082269626e+00
-4.097918546281385410e+00
-4.104454504207039278e+00
-4.110976819667487625e+00
-4.117485971053989502e+00
-4.123981503372527335e+00
-4.130463898385713151e+00
-4.136932698277616893e+00
-4.143388388167612568e+00
-4.149830507399007828e+00
-4.156259544434174558e+00
-4.162675035757568587e+00
-4.169077473161483915e+00
-4.175466390254055860e+00
-4.181842282145249001e+00
-4.188204679550092457e+00
-4.194554080884619118e+00
-4.200890013954606594e+00
-4.207212980471142671e+00
-4.213522505315369315e+00
-4.219819093483014427e+00
-4.226102266915530592e+00
-4.232372533883652643e+00
-4.238629413374694899e+00
-4.244873416925276643e+00
-4.251104060554663278e+00
-4.257321859056691693e+00
-4.263526325469264577e+00
-4.269717977835211897e+00
-4.275896326198203035e+00
-4.282061891842541712e+00
-4.288214181805176217e+00
-4.294353720604672020e+00
-4.300480012259163765e+00
-4.306593584514897266e+00
-4.312693938359657864e+00
-4.318781604760983939e+00
-4.324856081665051200e+00
-4.330917903254958290e+00
-4.336966564424331594e+00
-4.343002602566410353e+00
-4.349025509511829313e+00
-4.355035825858854182e+00
-4.361033040364928226e+00
-4.367017696828693119e+00
-4.372989280924596933e+00
-4.378948339647222632e+00
-4.384894355578484948e+00
-4.390827878904971726e+00
-4.396748389106749144e+00
-4.402656439558755075e+00
-4.408551506630274730e+00
-4.414434146881124121e+00
-4.420303833561100681e+00
-4.426161126411919611e+00
-4.432005495555358721e+00
-4.437837503912222203e+00
-4.443656618468056152e+00
-4.449463405320219778e+00
-4.455257328310104903e+00
-4.461038956709351133e+00
-4.466807751207323207e+00
-4.472564284247920519e+00
-4.478308013361042228e+00
-4.484039514161042739e+00
-4.489758241010929574e+00
-4.495464772693972932e+00
-4.501158560399106889e+00
-4.506840186077210930e+00
-4.512509097736172592e+00
-4.518165880493357989e+00
-4.523809979168723849e+00
-4.529441982045266712e+00
-4.535061330748418662e+00
-4.540668616725939799e+00
-4.546263278402225438e+00
-4.551845910389480387e+00
-4.557415947904532416e+00
-4.562973988723675767e+00
-4.568519464850069767e+00
-4.574052977223836081e+00
-4.579573954628418875e+00
-4.585083001167768124e+00
-4.590579542399604307e+00
-4.596064185591906437e+00
-4.601536353070881269e+00
-4.606996655268777552e+00
-4.612444511274520487e+00
-4.617880534685230742e+00
-4.623304141346884499e+00
-4.628715948022044557e+00
-4.634115367308265121e+00
-4.639503019134300743e+00
-4.644878312843852441e+00
-4.650241871532789339e+00
-4.655593101285603552e+00
-4.660932628366275310e+00
-4.666259855594902639e+00
-4.671575412404742167e+00
-4.676878698346280672e+00
-4.682170346023317720e+00
-4.687449751711774582e+00
-4.692717551187268299e+00
-4.697973137446072478e+00
-4.703217149437307398e+00
-4.708448976872591452e+00
-4.713669261876090033e+00
-4.718877390870056310e+00
-4.724074009155363463e+00
-4.729258499859937181e+00
-4.734431511463288444e+00
-4.739592423794378284e+00
-4.744741888513170025e+00
-4.749879282144963355e+00
-4.755005259532213202e+00
-4.760119193891898526e+00
-4.765221743251087716e+00
-4.770312277513943933e+00
-4.775391457894224700e+00
-4.780458650978700597e+00
-4.785514521170247448e+00
-4.790558431733681566e+00
-4.795591050263364075e+00
-4.800611736697747212e+00
-4.805621161825013310e+00
-4.810618682252891354e+00
-4.815604971965969483e+00
-4.820579384236872933e+00
-4.825542596249130511e+00
-4.830493957935898308e+00
-4.835434149682403593e+00
-4.840362518078070053e+00
-4.845279746712435553e+00
-4.850185178826952104e+00
-4.855079501218372506e+00
-4.859962053775811697e+00
-4.864833526506156858e+00
-4.869693255941992760e+00
-4.874541935303279949e+00
-4.879378897761830203e+00
-4.884204839753691907e+00
-4.889019091085790691e+00
-4.893822351413335880e+00
-4.898613947174093930e+00
-4.903394581245632544e+00
-4.908163576692502694e+00
-4.912921639617696457e+00
-4.917668089708429058e+00
-4.922403636296469820e+00
-4.927127595687558426e+00
-4.931840680445457537e+00
-4.936542203490343006e+00
-4.941232880621436507e+00
-4.945912021369231582e+00
-4.950580344771761787e+00
-4.955237156965770495e+00
-4.959883180231629218e+00
-4.964517717308204681e+00
-4.969141493721750180e+00
-4.973753808809179056e+00
-4.978355391346187098e+00
-4.982945537263679725e+00
-4.987524978590429647e+00
-4.992093007847311803e+00
-4.996650360319751627e+00
-5.001196325114579899e+00
-5.005731640777629110e+00
-5.010255592997573615e+00
-5.014768923584443705e+00
-5.019270914804694783e+00
-5.023762311736354569e+00
-5.028242393219600537e+00
-5.032711907604361379e+00
-5.037170130300431481e+00
-5.041617812933529841e+00
-5.046054227479007004e+00
-5.050480128842322003e+00
-5.054894785560352766e+00
-5.059298955822238320e+00
-5.063691904722290360e+00
-5.068074393737362904e+00
-5.072445684515191289e+00
-5.076806541824346652e+00
-5.081156223861840182e+00
-5.085495498692179872e+00
-5.089823621057536052e+00
-5.094141362322464950e+00
-5.098447973770203312e+00
-5.102744230069498066e+00
-5.107029379040629813e+00
-5.111304198660723053e+00
-5.115567933282918922e+00
-5.119821364197012947e+00
-5.124063732284906969e+00
-5.128295822153390304e+00
-5.132516871208895992e+00
-5.136727667379558326e+00
-5.140927444592199080e+00
-5.145116994100634500e+00
-5.149295546348023223e+00
-5.153463895918164006e+00
-5.157621269766326400e+00
-5.161768465810883555e+00
-5.165904707514897609e+00
-5.170030796135702822e+00
-5.174145951640148233e+00
-5.178250978629000301e+00
-5.182345093568506478e+00
-5.186429104407560331e+00
-5.190502224107556906e+00
-5.194565263969948887e+00
-5.198617433447187963e+00
-5.202659547197835188e+00
-5.206690811161041488e+00
-5.210712043357261791e+00
-5.214722446207997741e+00
-5.218722841100155385e+00
-5.222712426933387775e+00
-5.226692028465796724e+00
-5.230660841070784883e+00
-5.234619692882374054e+00
-5.238567775743418586e+00
-5.242505921168561400e+00
-5.246433317465786672e+00
-5.250350799535210555e+00
-5.254257552145468857e+00
-5.258154413586964004e+00
-5.262040565084662447e+00
-5.265916848324105892e+00
-5.269782440982133664e+00
-5.273638188144279759e+00
-5.277483263934803936e+00
-5.281318516844221378e+00
-5.285143117439741189e+00
-5.288957917621800675e+00
-5.292762084396062328e+00
-5.296556473077747462e+00
-5.300340247106569258e+00
-5.304114265217671154e+00
-5.307877687280086576e+00
-5.311631375453905513e+00
-5.315374486033097590e+00
-5.319107884607641168e+00
-5.322830723891835980e+00
-5.326543872910800559e+00
-5.330246480794418318e+00
-5.333939420008005250e+00
-5.337621836092639072e+00
-5.341294604958933157e+00
-5.344956868554304741e+00
-5.348609506239972333e+00
-5.352251656365096366e+00
-5.355884201746660800e+00
-5.359506277130821061e+00
-5.363118768795529512e+00
-5.366720807879360677e+00
-5.370313284126447151e+00
-5.373895325062962414e+00
-5.377467823904611421e+00
-5.381029904560311827e+00
-5.384582463722680679e+00
-5.388124621678665349e+00
-5.391657278603092962e+00
-5.395179551156047637e+00
-5.398692343000018212e+00
-5.402194767163393863e+00
-5.405687730801724378e+00
-5.409170343306811013e+00
-5.412643515332689503e+00
-5.416106352629666887e+00
-5.419559769355727141e+00
-5.423002867614821199e+00
-5.426436565074355123e+00
-5.429859960186873558e+00
-5.433273974134790407e+00
-5.436677701714311972e+00
-5.440072067628340058e+00
-5.443456163011697768e+00
-5.446830916093470698e+00
-5.450195414341988176e+00
-5.453550589518097347e+00
-5.456895525418635096e+00
-5.460231157341792319e+00
-5.463556565407782450e+00
-5.466872688457905305e+00
-5.470178602930601208e+00
-5.473475251215926818e+00
-5.476761706065373936e+00
-5.480038913423542546e+00
-5.483305942349798734e+00
-5.486563742348925743e+00
-5.489811378783028495e+00
-5.493049804722930141e+00
-5.496278081828094741e+00
-5.499497166741224241e+00
-5.502706117413917575e+00
-5.505905894066564166e+00
-5.509095550937541219e+00
-5.512276051830898638e+00
-5.515446447266404206e+00
-5.518607704637623179e+00
-5.521758870740379521e+00
-5.524900916563700193e+00
-5.528032885174044786e+00
-5.531155751161841216e+00
-5.534268553858786355e+00
-5.537372271462696283e+00
-5.540465939564973574e+00
-5.543550539976886959e+00
-5.546625104544090412e+00
-5.549690618697300515e+00
-5.552746110530868862e+00
-5.555792569101106082e+00
-5.558829018745480965e+00
-5.561856452151948460e+00
-5.564873889895489256e+00
-5.567882328301969608e+00
-5.570880784178197764e+00
-5.573870257494000668e+00
-5.576849761282458573e+00
-5.579820299163567476e+00
-5.582780880390955325e+00
-5.585732512241043501e+00
-5.588674200182236262e+00
-5.591606955153663350e+00
-5.594529778832756151e+00
-5.597443685827585114e+00
-5.600347674018818722e+00
-5.603242761689902096e+00
-5.606127942918798901e+00
-5.609004239670695391e+00
-5.611870642215058602e+00
-5.614728176205089127e+00
-5.617575828095866086e+00
-5.620414627235159166e+00
-5.623243556257613740e+00
-5.626063648211939494e+00
-5.628873881906536703e+00
-5.631675294097508555e+00
-5.634466859760888013e+00
-5.637249619366752285e+00
-5.640022544052747833e+00
-5.642786678009403367e+00
-5.645540988529976545e+00
-5.648286523532033421e+00
-5.651022246458233589e+00
-5.653749208959837347e+00
-5.656466370622753814e+00
-5.659174786838605975e+00
-5.661873413330320126e+00
-5.664563309236546829e+00
-5.667243426411071816e+00
-5.669914827746224795e+00
-5.672576461220392829e+00
-5.675229393486351803e+00
-5.677872568640811579e+00
-5.680507057103651114e+00
-5.683131799083601443e+00
-5.685747868774592817e+00
-5.688354202490910616e+00
-5.690951878207314962e+00
-5.693539828337283559e+00
-5.696119134643319981e+00
-5.698688725631597229e+00
-5.701249686859235055e+00
-5.703800942918713091e+00
-5.706343583168662192e+00
-5.708876528281262352e+00
-5.711400871423682801e+00
-5.713915529341345056e+00
-5.716421599016880961e+00
-5.718917993262269128e+00
-5.721405812882728981e+00
-5.723883966750206831e+00
-5.726353559499520962e+00
-5.728813496055862764e+00
-5.731264884890834743e+00
-5.733706626976191600e+00
-5.736139834627313583e+00
-5.738563404855841377e+00
-5.740978453828233796e+00
-5.743383874589023996e+00
-5.745780787163036862e+00
-5.748168080620922993e+00
-5.750546878853020516e+00
-5.752916066949367746e+00
-5.755276772672975660e+00
-5.757627877126291871e+00
-5.759970511952501759e+00
-5.762303554259431415e+00
-5.764628139577732568e+00
-5.766943141013691765e+00
-5.769249697992805181e+00
-5.771546679612764130e+00
-5.773835229201319308e+00
-5.776114211840520873e+00
-5.778384774767834742e+00
-5.780645779042555610e+00
-5.782898375819358172e+00
-5.785141422127594524e+00
-5.787376073046732294e+00
-5.789601181568942323e+00
-5.791817906706045349e+00
-5.794025097405882008e+00
-5.796223916620145467e+00
-5.798413209245036448e+00
-5.800594142179880564e+00
-5.802765556261854307e+00
-5.804928622345534528e+00
-5.807082177201800199e+00
-5.809227395648176362e+00
-5.811363110381792652e+00
-5.813490500190936494e+00
-5.815608393691526601e+00
-5.817717973650379903e+00
-5.819818064594719509e+00
-5.821909853277730029e+00
-5.823992160130409879e+00
-5.826066175900193045e+00
-5.828130716914236231e+00
-5.830186977922111602e+00
-5.832233771139589074e+00
-5.834272295326329960e+00
-5.836301358578982246e+00
-5.838322163675272236e+00
-5.840333514585064556e+00
-5.842336618112216939e+00
-5.844330274091972477e+00
-5.846315693362416077e+00
-5.848291671616395071e+00
-5.850259423734270214e+00
-5.852217741258700201e+00
-5.854167843120485770e+00
-5.856108516704120248e+00
-5.858040984999074219e+00
-5.859964031223793945e+00
-5.861878882434619520e+00
-5.863784317675936997e+00
-5.865681568079170738e+00
-5.867569408506716933e+00
-5.869449074173419767e+00
-5.871319335751475244e+00
-5.873181432547649017e+00
-5.875034131035810070e+00
-5.876878674622822096e+00
-5.878713825576215690e+00
-5.880540831411476432e+00
-5.882358450181486731e+00
-5.884167933518826388e+00
-5.885968035253416275e+00
-5.887760011143543082e+00
-5.889542610787854571e+00
-5.891317094078862837e+00
-5.893082206375583887e+00
-5.894839211713344795e+00
-5.896586851203214685e+00
-5.898326393031893211e+00
-5.900056574054039160e+00
-5.901778666616545266e+00
-5.903491403309023333e+00
-5.905196060647305067e+00
-5.906891366947463418e+00
-5.908578602903013177e+00
-5.910256492547955709e+00
-5.911926320762221465e+00
-5.913586807289108016e+00
-5.915239241203862797e+00
-5.916882337950315041e+00
-5.918517390808042400e+00
-5.920143110912617246e+00
-5.921760795756846996e+00
-5.923369152159311035e+00
-5.924969481835038465e+00
-5.926560487276726796e+00
-5.928143474430720872e+00
-5.929717141454941221e+00
-5.931282798536085643e+00
-5.932839139488383928e+00
-5.934387478748059941e+00
-5.935926505776613737e+00
-5.937457539268959472e+00
-5.938979264324802720e+00
-5.940493003907039160e+00
-5.941997438744463622e+00
-5.943493896077211680e+00
-5.944981052253957898e+00
-5.946460238801459575e+00
-5.947930127679150303e+00
-5.949392054709657707e+00
-5.950844687453874293e+00
-5.952289366039822838e+00
-5.953724753620534216e+00
-5.955152194638861474e+00
-5.956570347830546730e+00
-5.957980561962849642e+00
-5.959381491344858617e+00
-5.960774489077736327e+00
-5.962158205034447711e+00
-5.963533996659656999e+00
-5.964900509380622218e+00
-5.966259104995327966e+00
-5.967608424475677076e+00
-5.968949833982581055e+00
-5.970281970023048501e+00
-5.971606203130691348e+00
-5.972921165337848670e+00
-5.974228231560703151e+00
-5.975526029347185464e+00
-5.976815938005821671e+00
-5.978096580590397835e+00
-5.979369340811729217e+00
-5.980632837219530984e+00
-5.981888457936893388e+00
-5.983134816999492678e+00
-5.984373306952788241e+00
-5.985602537308411186e+00
-5.986823905044219352e+00
-5.988036015137789825e+00
-5.989240269009500572e+00
-5.990435267092796501e+00
-5.991622415260740020e+00
-5.992800309392412927e+00
-5.993970359823856953e+00
-5.995131157869658445e+00
-5.996284118339003655e+00
-5.997427827971703707e+00
-5.998563706060503264e+00
-5.999690334760024335e+00
-6.000809137856971454e+00
-6.001918692910440889e+00
-6.003020428211550019e+00
-6.004112916713358672e+00
-6.005197591221857145e+00
-6.006273020073594537e+00
-6.007340640600064674e+00
-6.008399016510664659e+00
-6.009449589672944292e+00
-6.010490919158560708e+00
-6.011524451381829337e+00
-6.012548740765922162e+00
-6.013565238282647663e+00
-6.014572493695893307e+00
-6.015571962545763540e+00
-6.016562189926109028e+00
-6.017544635956062926e+00
-6.018517841048562467e+00
-6.019483269912679901e+00
-6.020439458269530419e+00
-6.021387875429084602e+00
-6.022327052409459647e+00
-6.023258463132646234e+00
-6.024180633902757265e+00
-6.025095043264760974e+00
-6.026000212797634425e+00
-6.026897625680478932e+00
-6.027785798755909141e+00
-6.028666219848314967e+00
-6.029537401052699863e+00
-6.030400834849985792e+00
-6.031255028576234523e+00
-6.032101479380193254e+00
-6.032938689827542333e+00
-6.033768161746284164e+00
-6.034588392920173128e+00
-6.035400889867881702e+00
-6.036204145579752378e+00
-6.036999671276585211e+00
-6.037785955143699645e+00
-6.038564513115601606e+00
-6.039333828560852879e+00
-6.040095422139298620e+00
-6.040847772391001236e+00
-6.041592404712760711e+00
-6.042327792804387698e+00
-6.043055466811358301e+00
-6.043773895581340483e+00
-6.044484614020274371e+00
-6.045186086111665524e+00
-6.045879851533896954e+00
-6.046564369394248573e+00
-6.047241184155375926e+00
-6.047908750036293135e+00
-6.048568616295928457e+00
-6.049219232252927902e+00
-6.049862151974442881e+00
-6.050495819866450908e+00
-6.051121794816560318e+00
-6.051738516305756654e+00
-6.052347548054224369e+00
-6.052947324605582047e+00
-6.053539414524911066e+00
-6.054122247405923751e+00
-6.054697396670899678e+00
-6.055263286951150015e+00
-6.055821496538495552e+00
-6.056370445089325649e+00
-6.056911715777353322e+00
-6.057443723271323854e+00
-6.057968055639504357e+00
-6.058483122550151201e+00
-6.058990516978608909e+00
-6.059488643579899581e+00
-6.059979100249064388e+00
-6.060460286614932635e+00
-6.060933805505031025e+00
-6.061398051508976259e+00
-6.061854632399588105e+00
-6.062301937714170030e+00
-6.062741580183582002e+00
-6.063171944279852177e+00
-6.063594647704857010e+00
-6.064008069851910321e+00
-6.064413833406979037e+00
-6.064810312671392367e+00
-6.065199135328223079e+00
-6.065578670573513520e+00
-6.065950551100534049e+00
-6.066313140986542507e+00
-6.066668077948286886e+00
-6.067013720930639842e+00
-6.067351712687099941e+00
-6.067680407016561084e+00
-6.068001451722612849e+00
-6.068313195444487107e+00
-6.068617291049276830e+00
-6.068912082002751340e+00
-6.069199226248978007e+00
-6.069477062066400030e+00
-6.069747252489698042e+00
-6.070008130595970108e+00
-6.070261364524160541e+00
-6.070505282136026359e+00
-6.070741556688465046e+00
-6.070968510813735008e+00
-6.071187822900508735e+00
-6.071397810337319179e+00
-6.071600156658532477e+00
-6.071793173994636916e+00
-6.071978551039617145e+00
-6.072154594651561155e+00
-6.072322998698063579e+00
-6.072482064750341024e+00
-6.072633491863755673e+00
-6.072775576308003131e+00
-6.072910022340474612e+00
-6.073035120914684448e+00
-6.073152581504255743e+00
-6.073260689731799111e+00
-6.073361160301490536e+00
-6.073452273490280717e+00
-6.073535749247310989e+00
-6.073609862488823730e+00
-6.073676338423515730e+00
-6.073733446591905505e+00
-6.073782917476805210e+00
-6.073823015227922895e+00
-6.073855475616796618e+00
-6.073878557387168087e+00
-6.073894001614029037e+00
-6.073900061619826651e+00
-6.073898483797911751e+00
-6.073887516033888545e+00
-6.073868910054496695e+00
-6.073840908293052898e+00
-6.073805267824534226e+00
-6.073760225614483588e+00
-6.073707544101154099e+00
-6.073645454766563034e+00
-6.073575725427520666e+00
-6.073496582066700178e+00
-6.073409797894671946e+00
-6.073313593378851571e+00
-6.073209747138918146e+00
-6.073096474111162379e+00
-6.072975558339700264e+00
-6.072845209213520334e+00
-6.072707216216817194e+00
-6.072559783175039527e+00
-6.072404705027995675e+00
-6.072240180021351463e+00
-6.072068008566232855e+00
-6.071886383312083524e+00
-6.071697110157125543e+00
-6.071498376138082520e+00
-6.071291992656130176e+00
-6.071076141118630254e+00
-6.070852638445684235e+00
-6.070619660398565820e+00
-6.070379029432371176e+00
-6.070128915645438106e+00
-6.069871147043922832e+00
-6.069603888046399831e+00
-6.069328972226259111e+00
-6.069044558305232151e+00
-6.068752485440266575e+00
-6.068450906639109910e+00
-6.068141666658718236e+00
-6.067822912775520550e+00
-6.067496495362979303e+00
-6.067160555948843736e+00
-6.066816950539608122e+00
-6.066463814896946083e+00
-6.066103010677080576e+00
-6.065732667857871796e+00
-6.065354653762099701e+00
-6.064967092566157625e+00
-6.064571857276170874e+00
-6.064167066249239291e+00
-6.063754598191829714e+00
-6.063332565623719361e+00
-6.062902852968838019e+00
-6.062463566891616473e+00
-6.062016597550475616e+00
-6.061560045736316127e+00
-6.061095807359379251e+00
-6.060621977318661813e+00
-6.060140457293616834e+00
-6.059649336272875608e+00
-6.059150521722448168e+00
-6.058642096702181234e+00
-6.058125974482204690e+00
-6.057600232174750410e+00
-6.057066788871695806e+00
-6.056523715718961753e+00
-6.055972937647906562e+00
-6.055412519819111772e+00
-6.054844393021299176e+00
-6.054266616410657775e+00
-6.053681126651106581e+00
-6.053085976875365759e+00
-6.052483109640594883e+00
-6.051870572036564866e+00
-6.051250312531966102e+00
-6.050620372154121185e+00
-6.049982705301375496e+00
-6.049335346919106904e+00
-6.048680257353636236e+00
-6.048015465448682626e+00
-6.047342937516979156e+00
-6.046660696280628855e+00
-6.045970714037366633e+00
-6.045271007367746918e+00
-6.044563554573074704e+00
-6.043846366072171961e+00
-6.043121426188770684e+00
-6.042386739159598008e+00
-6.041644295349601457e+00
-6.040892092793102464e+00
-6.040132127915150306e+00
-6.039362392527123369e+00
-6.038584889133180589e+00
-6.037797603300993465e+00
-6.037002543633126272e+00
-6.036197689432590607e+00
-6.035385055419610900e+00
-6.034562614611570730e+00
-6.033732387865648583e+00
-6.032892341892491572e+00
-6.032044503705699334e+00
-6.031186833687811166e+00
-6.030321365028544989e+00
-6.029446051760769087e+00
-6.028562933269985713e+00
-6.027669957217837826e+00
-6.026769169205294929e+00
-6.025858510501072907e+00
-6.024940032941598744e+00
-6.024011671380535837e+00
-6.023075483909845040e+00
-6.022129398946082901e+00
-6.021175480856753026e+00
-6.020211651599110425e+00
-6.019239981836447484e+00
-6.018258387044229885e+00
-6.017268944201927816e+00
-6.016269562280580629e+00
-6.015262324596197807e+00
-6.014245133592774017e+00
-6.013220078943408708e+00
-6.012185056541938799e+00
-6.011142162439366388e+00
-6.010089285956314420e+00
-6.009028529542274732e+00
-6.007957775921428656e+00
-6.006879133962780060e+00
-6.005790479770515056e+00
-6.004693928654112334e+00
-6.003587350074184315e+00
-6.002472865801801838e+00
-6.001348338630097423e+00
-6.000215896813050342e+00
-5.999073396452353713e+00
-5.997922972306058753e+00
-5.996762473760417045e+00
-5.995594042098994159e+00
-5.994415519968067763e+00
-5.993229055198461275e+00
-5.992032483671880350e+00
-5.990827959788039614e+00
-5.989613312639418652e+00
-5.988390703216346367e+00
-5.987157953797185073e+00
-5.985917231984801745e+00
-5.984666353218291768e+00
-5.983407491735154515e+00
-5.982138456109847624e+00
-5.980861427236680683e+00
-5.979574206799950886e+00
-5.978278982373032235e+00
-5.976973548724432206e+00
-5.975660100128991736e+00
-5.974336424413442259e+00
-5.973004722576635395e+00
-5.971662775477447838e+00
-5.970312790861354912e+00
-5.968952542593152444e+00
-5.967584245187604886e+00
-5.966205665488923060e+00
-5.964819024804181247e+00
-5.963422082930178725e+00
-5.962017067989312302e+00
-5.960601732704135181e+00
-5.959178312035473546e+00
-5.957744551604444716e+00
-5.956302693233708645e+00
-5.954850475415580213e+00
-5.953390146857899801e+00
-5.951919438896697834e+00
-5.950440607148524741e+00
-5.948951375765346938e+00
-5.947454007296123280e+00
-5.945946218680853157e+00
-5.944430279424668839e+00
-5.942903899227417241e+00
-5.941369354574392858e+00
-5.939824347896859535e+00
-5.938271162684432447e+00
-5.936707494071185032e+00
-5.935135632575228470e+00
-5.933553266004667925e+00
-5.931962691930575460e+00
-5.930361590805947714e+00
-5.928752267279442378e+00
-5.927132394419680317e+00
-5.925504283977526043e+00
-5.923865601607812614e+00
-5.922218666188515002e+00
-5.920561135930989316e+00
-5.918895336865218404e+00
-5.917218919729230642e+00
-5.915534217730331612e+00
-5.913838874102970600e+00
-5.912135229257058811e+00
-5.910420918893271924e+00
-5.908698290649619267e+00
-5.906964972662326119e+00
-5.905223319823289962e+00
-5.903470952673559147e+00
-5.901710233384674709e+00
-5.899938774871584357e+00
-5.898158946611511411e+00
-5.896368353862039058e+00
-5.894569373432402060e+00
-5.892759602891375792e+00
-5.890941426406593351e+00
-5.889112433826440451e+00
-5.887275016703483743e+00
-5.885426757133950026e+00
-5.883570054082184697e+00
-5.881702481860092036e+00
-5.879826446870898060e+00
-5.877939515609892140e+00
-5.876044101946447995e+00
-5.874137764526739858e+00
-5.872222924713694781e+00
-5.870297133271809464e+00
-5.868362819085163551e+00
-5.866417525003635447e+00
-5.864463687460367503e+00
-5.862498841357617785e+00
-5.860525430705713745e+00
-5.858540982425899379e+00
-5.856547948134180004e+00
-5.854543846737233714e+00
-5.852531137485264878e+00
-5.850507331236888042e+00
-5.848474894905293375e+00
-5.846431331267054610e+00
-5.844379114927609642e+00
-5.842315740547411984e+00
-5.840243690453446490e+00
-5.838160451155852471e+00
-5.836068512732832225e+00
-5.833965353509714902e+00
-5.831853471345891826e+00
-5.829730336347296316e+00
-5.827598454184694354e+00
-5.825455286709865454e+00
-5.823303347435431654e+00
-5.821140089923958705e+00
-5.818968035560945218e+00
-5.816784629584539346e+00
-5.814592401284106593e+00
-5.812388787538172785e+00
-5.810176325571480227e+00
-5.807952443867384851e+00
-5.805719687617743929e+00
-5.803475476875182615e+00
-5.801222364830771028e+00
-5.798957763070581528e+00
-5.796684232817447047e+00
-5.794399177154778258e+00
-5.792105165370024622e+00
-5.789799592008058049e+00
-5.787485034453913713e+00
-5.785158878677581384e+00
-5.782823710195478029e+00
-5.780476906366238232e+00
-5.778121060871535875e+00
-5.775753542422134679e+00
-5.773376952899330838e+00
-5.770988652329418045e+00
-5.768591250827863171e+00
-5.766182099699832087e+00
-5.763763817330115558e+00
-5.761333746265693279e+00
-5.758894513196391785e+00
-5.756443451873905381e+00
-5.753983197329001875e+00
-5.751511074481059360e+00
-5.749029726738210222e+00
-5.746536470150168441e+00
-5.744033956539222885e+00
-5.741519493048176770e+00
-5.738995739950879305e+00
-5.736459995445563287e+00
-5.733914928295450686e+00
-5.731357827716762721e+00
-5.728791371000211186e+00
-5.726212838342365608e+00
-5.723624915600233010e+00
-5.721024873912901043e+00
-5.718415407742969414e+00
-5.715793779134162200e+00
-5.713162691194358267e+00
-5.710519396834046191e+00
-5.707866607846677987e+00
-5.705201567971404764e+00
-5.702526997728031510e+00
-5.699840131646323194e+00
-5.697143699013730966e+00
-5.694434925112500601e+00
-5.691716548039496892e+00
-5.688985783791197015e+00
-5.686245379316384074e+00
-5.683492541287393784e+00
-5.680730025547843454e+00
-5.677955029407578458e+00
-5.675170317648609242e+00
-5.672373078179803407e+00
-5.669566084765685687e+00
-5.666746515875612289e+00
-5.663917154301310042e+00
-5.661075169034123888e+00
-5.658223351938161727e+00
-5.655358862488133020e+00
-5.652484501666465100e+00
-5.649597419392520692e+00
-5.646700425813481417e+00
-5.643790661254653784e+00
-5.640870945075115550e+00
-5.637938407967268084e+00
-5.634995878549787562e+00
-5.632040477843283988e+00
-5.629075043774490972e+00
-5.626096687653237005e+00
-5.623108256763257984e+00
-5.620106852664688901e+00
-5.617095332047917111e+00
-5.614070786684270509e+00
-5.611036082721070350e+00
-5.607988302101832190e+00
-5.604930320481682493e+00
-5.601859209937122941e+00
-5.598777855682696369e+00
-5.595683319888693497e+00
-5.592578497381359703e+00
-5.589460440385442652e+00
-5.586332053391806163e+00
-5.583190378640239260e+00
-5.580038330339938568e+00
-5.576872940706305570e+00
-5.573697133721029928e+00
-5.570507931535643387e+00
-5.567308267959359291e+00
-5.564095155040154950e+00
-5.560871536470462395e+00
-5.557634414155048219e+00
-5.554386741725865662e+00
-5.551125510904675764e+00
-5.547853685320018435e+00
-5.544568246470643835e+00
-5.541272168039533597e+00
-5.537962421262513146e+00
-5.534641989935223272e+00
-5.531307834990562000e+00
-5.527962950395983732e+00
-5.524604286741130466e+00
-5.521234848225218705e+00
-5.517851575054215196e+00
-5.514457481719569287e+00
-5.511049498003079528e+00
-5.507630648749744395e+00
-5.504197853276569852e+00
-5.500754146843911840e+00
-5.497296438263178153e+00
-5.493827773272750292e+00
-5.490345050137494631e+00
-5.486851325137171997e+00
-5.483343485948885210e+00
-5.479824599457766787e+00
-5.476291542711874349e+00
-5.472747393266446103e+00
-5.469189017498923278e+00
-5.465619503700062332e+00
-5.462035707535004114e+00
-5.458440728096074501e+00
-5.454831410294007199e+00
-5.451210864089637731e+00
-5.447575923597136160e+00
-5.443929709713245302e+00
-5.440269045713047369e+00
-5.436597063497388582e+00
-5.432910575459607649e+00
-5.429212724573386772e+00
-5.425500312307331541e+00
-5.421776492777532930e+00
-5.418038056484478560e+00
-5.414288168756911546e+00
-5.410523609083526253e+00
-5.406747554076583029e+00
-5.402956772169061672e+00
-5.399154451328153748e+00
-5.395337348886958040e+00
-5.391508664239685444e+00
-5.387665143574857929e+00
-5.383809997786658030e+00
-5.379939961873864362e+00
-5.376058258304088788e+00
-5.372161610840976209e+00
-5.368253253599646335e+00
-5.364329899062838969e+00
-5.360394793067837504e+00
-5.356444636770119061e+00
-5.352482687804590356e+00
-5.348505635952768067e+00
-5.344516750723014020e+00
-5.340512710475747937e+00
-5.336496796669414344e+00
-5.332465676195604409e+00
-5.328422642539982768e+00
-5.324364351077121249e+00
-5.320294107397835148e+00
-5.316208555310804051e+00
-5.312111012590282400e+00
-5.307998111429908406e+00
-5.303873181866391562e+00
-5.299732844428333145e+00
-5.295580441494428747e+00
-5.291412581877914967e+00
-5.287232620379524128e+00
-5.283037154046036576e+00
-5.278829550180865304e+00
-5.274606394012711696e+00
-5.270371065428888002e+00
-5.266120137787583033e+00
-5.261857003641821962e+00
-5.257578224426280755e+00
-5.253287205442013885e+00
-5.248980496146438135e+00
-5.244661514671418168e+00
-5.240326798442698220e+00
-5.235979778506429483e+00
-5.231616980201366118e+00
-5.227241847571844069e+00
-5.222850893813775208e+00
-5.218447576053969250e+00
-5.214028395288774043e+00
-5.209596821812490397e+00
-5.205149344364288666e+00
-5.200689446491250756e+00
-5.196213604617147652e+00
-5.191725315627814474e+00
-5.187221043572128210e+00
-5.182704298761236394e+00
-5.178171532809082045e+00
-5.173626269538939226e+00
-5.169064948068780474e+00
-5.164491105821301886e+00
-5.159901169356796657e+00
-5.155298689785156263e+00
-5.150680081045913461e+00
-5.146048908024665636e+00
-5.141401571976381035e+00
-5.136741651651083096e+00
-5.132065535554300340e+00
-5.127376816389736192e+00
-5.122671869847806647e+00
-5.117954302675538081e+00
-5.113220477681188925e+00
-5.108474015745489538e+00
-5.103711266726661755e+00
-5.098935865729554706e+00
-5.094144149593526016e+00
-5.089339767738652931e+00
-5.084519043915260106e+00
-5.079685641950288932e+00
-5.074835872433730799e+00
-5.069973413691442943e+00
-5.065094563080838164e+00
-5.060203013518984605e+00
-5.055295049057332513e+00
-5.050374377297098150e+00
-5.045437268909049422e+00
-5.040487446271878724e+00
-5.035521166599898457e+00
-5.030542167143075005e+00
-5.025546691582198022e+00
-5.020538492132796904e+00
-5.015513798863792339e+00
-5.010476379051080009e+00
-5.005422449072127300e+00
-5.000355791358329860e+00
-4.995272608514977897e+00
-4.990176698224662921e+00
-4.985064249238376988e+00
-4.979939074585928438e+00
-4.974797349080612108e+00
-4.969642901196227314e+00
-4.964471891723551522e+00
-4.959288164677425392e+00
-4.954087866740131574e+00
-4.948874857565010110e+00
-4.943645269638459183e+00
-4.938402978350490358e+00
-4.933144101902731116e+00
-4.927872531520471000e+00
-4.922584371030310102e+00
-4.917283527591954417e+00
-4.911966090565347720e+00
-4.906635983144301605e+00
-4.901289280129074832e+00
-4.895929920847597039e+00
-4.890553965446003737e+00
-4.885165369487208586e+00
-4.879760178367146928e+00
-4.874342363984935922e+00
-4.868907956888957500e+00
-4.863460945416374415e+00
-4.857997345169152936e+00
-4.852521161024815122e+00
-4.847028393538490576e+00
-4.841523064231243012e+00
-4.836001158509247944e+00
-4.830466714640801129e+00
-4.824915702779698279e+00
-4.819352178045625656e+00
-4.813772095235100856e+00
-4.808179526424086525e+00
-4.802570410945114610e+00
-4.796948837936116483e+00
-4.791310731157446767e+00
-4.785660196915214826e+00
-4.779993143287867063e+00
-4.774313693856631957e+00
-4.768617740906695879e+00
-4.762909425402098051e+00
-4.757184623721737005e+00
-4.751447494320862219e+00
-4.745693897557490715e+00
-4.739928009487279326e+00
-4.734145674331078801e+00
-4.728351085854837876e+00
-4.722540072024380642e+00
-4.716716844426705357e+00
-4.710877214652994915e+00
-4.705025412222892278e+00
-4.699157232231589987e+00
-4.693276922243875937e+00
-4.687380260735998228e+00
-4.681471513431130660e+00
-4.675546442061872199e+00
-4.669609330623945453e+00
-4.663655923980054574e+00
-4.657690524513537156e+00
-4.651708860088886510e+00
-4.645715251593241391e+00
-4.639705409763120514e+00
-4.633683674106326755e+00
-4.627645738099784190e+00
-4.621595959990102642e+00
-4.615530015861101454e+00
-4.609452282817291469e+00
-4.603358419414237623e+00
-4.597252821734406858e+00
-4.591131130668100191e+00
-4.584997761397068494e+00
-4.578848337007509706e+00
-4.572687291902714612e+00
-4.566510231224262917e+00
-4.560321608720441233e+00
-4.554117011445654839e+00
-4.547900912617905078e+00
-4.541668881060196838e+00
-4.535425409586122392e+00
-4.529166048641021902e+00
-4.522895310761188448e+00
-4.516608727866300299e+00
-4.510310832343845888e+00
-4.503997137437760756e+00
-4.497672195516490667e+00
-4.491331500996433412e+00
-4.484979626357991300e+00
-4.478612047036253152e+00
-4.472233355756174866e+00
-4.465839008815661870e+00
-4.459433619318084574e+00
-4.453012624266674990e+00
-4.446580657278413895e+00
-4.440133135902235573e+00
-4.433674714405664297e+00
-4.427200790721589563e+00
-4.420716039906547046e+00
-4.414215840113647538e+00
-4.407704887328446119e+00
-4.401178539758639374e+00
-4.394641514460384535e+00
-4.388089149528168420e+00
-4.381526183231891025e+00
-4.374947933383283249e+00
-4.368359159610844422e+00
-4.361755159271565319e+00
-4.355140713499333849e+00
-4.348511099022365656e+00
-4.341871118628334081e+00
-4.335216028240702180e+00
-4.328550652451178316e+00
-4.321870226200137388e+00
-4.315179596035507714e+00
-4.308473975734203876e+00
-4.301758233954301680e+00
-4.295027563126753378e+00
-4.288286854175750840e+00
-4.281531278001469154e+00
-4.274765747952145922e+00
-4.267985413210184653e+00
-4.261195209707854481e+00
-4.254390264720487203e+00
-4.247575536926515127e+00
-4.240746131502613814e+00
-4.233907030037514119e+00
-4.227053315415393087e+00
-4.220189992301679460e+00
-4.213312121091814078e+00
-4.206424729696509601e+00
-4.199522855823915712e+00
-4.192611550800942943e+00
-4.185685829447383099e+00
-4.178750766679486084e+00
-4.171801354225435965e+00
-4.164842690766342947e+00
-4.157869744732769490e+00
-4.150887638748825381e+00
-4.143891317739088365e+00
-4.136885928451008887e+00
-4.129866392092411687e+00
-4.122837879717026865e+00
-4.115795288602386748e+00
-4.108743814294229857e+00
-4.101678329923699629e+00
-4.094604055716620117e+00
-4.087515840439151837e+00
-4.080418929188117438e+00
-4.073308146143327590e+00
-4.066188761466171364e+00
-4.059055574526032828e+00
-4.051913880745394714e+00
-4.044758454456321317e+00
-4.037594616541616332e+00
-4.030417116066540295e+00
-4.023231299576312203e+00
-4.016031890636885926e+00
-4.008824261661199984e+00
-4.001603110480489889e+00
-3.994373835583506782e+00
-3.987131108828656512e+00
-3.979880354991756519e+00
-3.972616219717040043e+00
-3.965344154281865041e+00
-3.958058777872096812e+00
-3.950765568484232659e+00
-3.943459118598404700e+00
-3.936144933151185299e+00
-3.928817577666544825e+00
-3.921482584245299385e+00
-3.914134491201660015e+00
-3.906778858028397750e+00
-3.899410195573064453e+00
-3.892034090951539405e+00
-3.884645027284425289e+00
-3.877248619545484054e+00
-3.869839322864963460e+00
-3.862422780312599890e+00
-3.854993418761428536e+00
-3.847556909619193721e+00
-3.840107651231191799e+00
-3.832651343589053017e+00
-3.825182356236298986e+00
-3.817706417997936086e+00
-3.810217869338347718e+00
-3.802722468169286163e+00
-3.795214525594741595e+00
-3.787699828870645824e+00
-3.780172659455697470e+00
-3.772638834211556880e+00
-3.765092604662733322e+00
-3.757539817542252525e+00
-3.749974694147862664e+00
-3.742403111353822531e+00
-3.734819259934457847e+00
-3.727229047179321686e+00
-3.719626633038752406e+00
-3.712017955496203836e+00
-3.704397143373159285e+00
-3.696770165629899907e+00
-3.689131119650174817e+00
-3.681486005658731742e+00
-3.673828889288178523e+00
-3.666165802319925948e+00
-3.658490778317954106e+00
-3.650809880917177619e+00
-3.643117111290854027e+00
-3.635418565229185273e+00
-3.627708211188050758e+00
-3.619992177419690815e+00
-3.612264399331227338e+00
-3.604531037948712768e+00
-3.596785995294469185e+00
-3.589035465485196141e+00
-3.581273316817570329e+00
-3.573505776820972368e+00
-3.565726679720619519e+00
-3.557942286785959141e+00
-3.550146397819861743e+00
-3.542345308164729367e+00
-3.534532782845042576e+00
-3.526715151614545185e+00
-3.518886144357901369e+00
-3.511052125584433803e+00
-3.503206789672256960e+00
-3.495356536235969980e+00
-3.487495023774985548e+00
-3.479628687365074580e+00
-3.471751149248953450e+00
-3.463868880325279509e+00
-3.455975466196568480e+00
-3.448077413952327142e+00
-3.440168272165301300e+00
-3.432254584490022520e+00
-3.424329862073997255e+00
-3.416400685517430258e+00
-3.408460528140878409e+00
-3.400516007877346869e+00
-3.392560559812498155e+00
-3.384600839606054290e+00
-3.376630243694270561e+00
-3.368655465864332843e+00
-3.360669863482123709e+00
-3.352680168869814459e+00
-3.344679699895319658e+00
-3.336675227830506962e+00
-3.328660030610640419e+00
-3.320640918879473436e+00
-3.312611130197853360e+00
-3.304577515010836297e+00
-3.296533270056106524e+00
-3.288485286017027942e+00
-3.280426718351766802e+00
-3.272364498426946433e+00
-3.264291739957378535e+00
-3.256215415445550487e+00
-3.248128596391499645e+00
-3.240038296894505621e+00
-3.231937545760115160e+00
-3.223833399153635870e+00
-3.215718842698689350e+00
-3.207600975104087482e+00
-3.199472738315540798e+00
-3.191341274071854084e+00
-3.183199480136285509e+00
-3.175054541772789563e+00
-3.166899312049037629e+00
-3.158741020258359899e+00
-3.150572474250851407e+00
-3.142400947862729055e+00
-3.134219203195060199e+00
-3.126034559150166370e+00
-3.117839731539481019e+00
-3.109642084864097988e+00
-3.101434288095529457e+00
-3.093223751876457595e+00
-3.085003097778252101e+00
-3.076779783138174018e+00
-3.068546381557181402e+00
-3.060310397630426671e+00
-3.052064356407869550e+00
-3.043815810316589765e+00
-3.035557235264288334e+00
-3.027296232095084250e+00
-3.019025226972146481e+00
-3.010751869752799514e+00
-3.002468536242386410e+00
-2.994182925919250504e+00
-2.985887363605915557e+00
-2.977589599021283284e+00
-2.969281905368517105e+00
-2.960972083238610164e+00
-2.952652353566596055e+00
-2.944330568459548214e+00
-2.935998895923247698e+00
-2.927665240237542488e+00
-2.919321715805062389e+00
-2.910976279748155093e+00
-2.902620992179246961e+00
-2.894263863746243892e+00
-2.885896899571025909e+00
-2.877528164523806442e+00
-2.869149608021737574e+00
-2.860769349868053979e+00
-2.852379283046831304e+00
-2.843987583019661258e+00
-2.835586085594537842e+00
-2.827183022631515552e+00
-2.818770172004592567e+00
-2.810355822727413244e+00
-2.801931693966843273e+00
-2.793506132661102814e+00
-2.785070798480622667e+00
-2.776634097075181717e+00
-2.768187627813577301e+00
-2.759739855860456448e+00
-2.751282319460933046e+00
-2.742823544114819434e+00
-2.734355006104411068e+00
-2.725885292102396829e+00
-2.717405815571312999e+00
-2.708925225212402310e+00
-2.700434870793385844e+00
-2.691943463918005541e+00
-2.683442289765407995e+00
-2.674940123734717456e+00
-2.666428185503495030e+00
-2.657915315178637439e+00
-2.649392666003282493e+00
-2.640869143724471346e+00
-2.632335834197601532e+00
-2.623801709762825674e+00
-2.615257787913594090e+00
-2.606713108557281444e+00
-2.598158619829514127e+00
-2.589603430200877909e+00
-2.581038417430810750e+00
-2.572472759571704515e+00
-2.563897262965691759e+00
-2.555321176288329443e+00
-2.546735233399683995e+00
-2.538148754664034890e+00
-2.529552400369909471e+00
-2.520955563660293830e+00
-2.512348830137841826e+00
-2.503741666839557123e+00
-2.495124583541693308e+00
-2.486507122316714558e+00
-2.477879715947371775e+00
-2.469251982709856463e+00
-2.460614277198565514e+00
-2.451976295089547175e+00
-2.443328311565477140e+00
-2.434680100926994051e+00
-2.426021857692310046e+00
-2.417363436040921965e+00
-2.408694948543425696e+00
-2.400026330542957442e+00
-2.391347611347943936e+00
-2.382668808781456260e+00
-2.373979867542748590e+00
-2.365290889283726550e+00
-2.356591732713943621e+00
-2.347892584696528839e+00
-2.339183216536288690e+00
-2.330473901724805064e+00
-2.321754322711057750e+00
-2.313034841068226211e+00
-2.304305048901514219e+00
-2.295575397355851699e+00
-2.286835386666401515e+00
-2.278095559078480825e+00
-2.269345321391334824e+00
-2.260595308518894342e+00
-2.251834832217480820e+00
-2.243074621679192582e+00
-2.234303891967967193e+00
-2.225533468205967758e+00
-2.216752467071351429e+00
-2.207971811312399169e+00
-2.199180517482545394e+00
-2.190389607697774466e+00
-2.181587996600562906e+00
-2.172786807463534586e+00
-2.163974851183116943e+00
-2.155163354026407685e+00
-2.146341021257887505e+00
-2.137519184028002339e+00
-2.128686440030568061e+00
-2.119854227240768552e+00
-2.111011033788647850e+00
-2.102168406470237727e+00
-2.093314721801854184e+00
-2.084461637453219218e+00
-2.075597416218139202e+00
-2.066733828751747826e+00
-2.057859021955467771e+00
-2.048984881642754718e+00
-2.040099436589120074e+00
-2.031214690002845380e+00
-2.022318550233979995e+00
-2.013423140188206339e+00
-2.004516245421865239e+00
-1.995610110909422641e+00
-1.986692396973739561e+00
-1.977775473100707559e+00
-1.968846871865788772e+00
-1.959919089783395574e+00
-1.950979529090114184e+00
-1.942040815923289143e+00
-1.933090219508673213e+00
-1.924140498281688982e+00
-1.915178785701124653e+00
-1.906217975259585362e+00
-1.897245061805295174e+00
-1.888273076734649836e+00
-1.879288873350505540e+00
-1.870305623890822666e+00
-1.861310037082974045e+00
-1.852315429039812056e+00
-1.843308360783455058e+00
-1.834302295434145025e+00
-1.825283643075507944e+00
-1.816266017071496819e+00
-1.807235673225406014e+00
-1.798206378489524582e+00
-1.789164230931723942e+00
-1.780123154550696807e+00
-1.771069086105168999e+00
-1.762016110216790166e+00
-1.752949998637333362e+00
-1.743885000311974798e+00
-1.734806718158045546e+00
-1.725729569274442765e+00
-1.716638983780579109e+00
-1.707549550895224089e+00
-1.698446523833997857e+00
-1.689344668044153064e+00
-1.680229055581943909e+00
-1.671114632381223597e+00
-1.661986284926810997e+00
-1.652859144053606677e+00
-1.643717906098467685e+00
-1.634577891376443937e+00
-1.625423601326950518e+00
-1.616270550496945457e+00
-1.607103040497392721e+00
-1.597936785040543262e+00
-1.588755880786857144e+00
-1.579576245737949636e+00
-1.570381766280998459e+00
-1.561188570031980527e+00
-1.551980327570241069e+00
-1.542773381662593257e+00
-1.533551181323144386e+00
-1.524330290228932183e+00
-1.515093929836218489e+00
-1.505858890726710086e+00
-1.496608160558014156e+00
-1.487358763058936217e+00
-1.478093445585976218e+00
-1.468829471519029317e+00
-1.459549341134064537e+00
-1.450270564243026916e+00
-1.440975386969252092e+00
-1.431681572630045585e+00
-1.422371105814180803e+00
-1.413062010727580198e+00
-1.403736002714303988e+00
-1.394411374579895169e+00
-1.385069564365699168e+00
-1.375729141536053746e+00
-1.366371258402153455e+00
-1.357014769514999886e+00
-1.347640532636576793e+00
-1.338267696224345382e+00
-1.328876814254944527e+00
-1.319487338328851234e+00
-1.310079508957763483e+00
-1.300673090564959500e+00
-1.291248000045424282e+00
-1.281824324797030235e+00
-1.272381647442780706e+00
-1.262940389010248854e+00
-1.253479786657855310e+00
-1.244020606235061166e+00
-1.234541727669034916e+00
-1.225064273397281411e+00
-1.215566753734942163e+00
-1.206070660087503299e+00
-1.196554120119805775e+00
-1.187039007242461253e+00
-1.177503052727087995e+00
-1.167968525731034157e+00
-1.158412746632988544e+00
-1.148858394835237329e+00
-1.139282364510666223e+00
-1.129707760617443491e+00
-1.120111034934688110e+00
-1.110515734162313306e+00
-1.100897850554558355e+00
-1.091281389681630465e+00
-1.081641866124146034e+00
-1.072003762468621169e+00
-1.062342096373088740e+00
-1.052681846686172928e+00
-1.042997513703695533e+00
-1.033314592972469415e+00
-1.023607045695485995e+00
-1.013900905844367317e+00
-1.004169572396743648e+00
-9.944396408773074070e-01
-9.846839233803471592e-01
-9.749296016368691475e-01
-9.651488745373132394e-01
-9.553695363342220581e-01
-9.455631445785490641e-01
-9.357581341742928771e-01
-9.259253912111143903e-01
-9.160940213599159110e-01
-9.062342069497729691e-01
-8.963757567110146596e-01
-8.864881145202105905e-01
-8.766018268515063383e-01
-8.666855618022084595e-01
-8.567706409089594910e-01
-8.468249162543486364e-01
-8.368805246641628504e-01
-8.269044587519805978e-01
-8.169297140774561816e-01
-8.069223767592357266e-01
-7.969163481063040733e-01
-7.868767567425231091e-01
-7.768384607149223520e-01
-7.667655757177150866e-01
-7.566939719584917512e-01
-7.465866918029705479e-01
-7.364806780048727131e-01
-7.263378336272675595e-01
-7.161962399298116289e-01
-7.060165884155439331e-01
-6.958381710918125629e-01
-6.856203885369832607e-01
-6.754038228537944111e-01
-6.651464962604478615e-01
-6.548903683720703750e-01
-6.445919864077157557e-01
-6.342947841137184239e-01
-6.239537265288082057e-01
-6.136138286899428529e-01
-6.032283541406343597e-01
-5.928440184994415718e-01
-5.824122504630908637e-01
-5.719815995571113643e-01
-5.615015099517001174e-01
-5.510225147304953497e-01
-5.404919047494551876e-01
-5.299623654067581180e-01
-5.193788429519556882e-01
-5.087963663551936522e-01
-4.981573192763244506e-01
-4.875192922025765596e-01
-4.768218563214448036e-01
-4.661254134777257918e-01
-4.553664340612775807e-01
-4.446084195526033289e-01
-4.337844044643657804e-01
-4.229613249400069885e-01
-4.120683870943751548e-01
-4.011763541955884471e-01
-3.902101400743662185e-01
-3.792447989434847289e-01
-3.682003986807469431e-01
-3.571568380373064677e-01
-3.460286707193581668e-01
-3.349013081490024302e-01
-3.236829731525781018e-01
-3.124654064327107572e-01
-3.011494872211439300e-01
-2.898342981008886210e-01
-2.784120978130308899e-01
-2.669905875823221919e-01
-2.554517639420921804e-01
-2.439135883156235418e-01
-2.322456348832809825e-01
-2.205782852187178900e-01
-2.087657686117822264e-01
-1.969538090864215718e-01
-1.849771995063959895e-01
-1.730010975825402308e-01
-1.608348798411798342e-01
-1.486691172049456888e-01
-1.362785282203367587e-01
-1.238883381448391413e-01
-1.112232048738735490e-01
-9.855840993713278764e-02
-8.553994574054250843e-02
-7.252175380728177745e-02
-5.900823068091874679e-02
-4.549490633609842155e-02
-3.115579115427244764e-02
-1.681678975393998896e-02
1.150892316410417654e-15
