1.000000000000049294e+00
9.905334360032687080e-01
9.631836766808427042e-01
9.208212269962268159e-01
8.674302886982647731e-01
8.072752259383242368e-01
7.442225840959071359e-01
6.813545541873360367e-01
6.208605247387823933e-01
5.641151337629802809e-01
5.118434449175472967e-01
4.643018551896341273e-01
4.214366988086689636e-01
3.830071332333736533e-01
3.486726762882220165e-01
3.180515503121414955e-01
2.907572268998960818e-01
2.664197487642517292e-01
2.446969511246205042e-01
2.252792767675948493e-01
2.078907148204614252e-01
1.922875297230729197e-01
1.782558419252772697e-01
1.656087142763293663e-01
1.541831314297228417e-01
1.438370889144966747e-01
1.344468996294340968e-01
1.259047525563265491e-01
1.181165059623185826e-01
1.109996663975403169e-01
1.044815100238448285e-01
9.849734991764626246e-02
9.298901705339801538e-02
8.790365778593715873e-02
8.319292593902954946e-02
7.881257224512226711e-02
7.472234787075936191e-02
7.088608291478525059e-02
6.727179339755660903e-02
6.385170405446749520e-02
6.060212782649749413e-02
5.750319480944291600e-02
5.453846023982612118e-02
5.169443904258858025e-02
4.896011643271947628e-02
4.632647583061068330e-02
4.378607266822374944e-02
4.133266977398264430e-02
3.896093933935389220e-02
3.666622888865122415e-02
3.444438411580474230e-02
3.229161934379015664e-02
3.020442598799030764e-02
2.817951009906349141e-02
2.621375130467480316e-02
2.430417689778671328e-02
2.244794620776133232e-02
2.064234161821105334e-02
1.888476361413772564e-02
1.717272804564397293e-02
1.550386440666111365e-02
1.387591437438873143e-02
1.228673017157384459e-02
1.073427252956253054e-02
9.216608170639947750e-03
7.731906815510624503e-03
6.278437771113972582e-03
4.854566178376852614e-03
3.458749007513119145e-03
2.089530886451022862e-03
7.455398402780241685e-04
-5.745169907052372071e-04
-1.871857598145603568e-03
-3.147629272733109412e-03
-4.402912656258185092e-03
-5.638725652499280983e-03
-6.856027178542552919e-03
-8.055720744403836037e-03
-9.238657854282898707e-03
-1.040564122653158535e-02
-1.155742783312274299e-02
-1.269473176145605176e-02
-1.381822690350080485e-02
-1.492854947842645746e-02
-1.602630039579752697e-02
-1.711204746701280865e-02
-1.818632747293804502e-02
-1.924964809581014569e-02
-2.030248972342013972e-02
-2.134530713343990929e-02
-2.237853106547231519e-02
-2.340256968819054081e-02
-2.441780996848365304e-02
-2.542461894926503416e-02
-2.642334494214203938e-02
-2.741431864087878756e-02
-2.839785416109513391e-02
-2.937425001139589223e-02
-3.034379000073109470e-02
-3.130674408641756501e-02
-3.226336916709647562e-02
-3.321390982436200900e-02
-3.415859901678536259e-02
-3.509765872956369798e-02
-3.603130058298981142e-02
-3.695972640254053393e-02
-3.788312875324960360e-02
-3.880169144088804756e-02
-3.971558998214947539e-02
-4.062499204604951009e-02
-4.153005786842553504e-02
-4.243094064138536181e-02
-4.332778687939802670e-02
-4.422073676359322691e-02
-4.510992446567318320e-02
-4.599547845282953018e-02
-4.687752177493499650e-02
-4.775617233506158910e-02
-4.863154314452344806e-02
-4.950374256338489765e-02
-5.037287452734429127e-02
-5.123903876190670503e-02
-5.210233098462867946e-02
-5.296284309614340824e-02
-5.382066336074359247e-02
-5.467587657707873028e-02
-5.552856423966059940e-02
-5.637880469165781200e-02
-5.722667326956262096e-02
-5.807224244019496689e-02
-5.891558193050523695e-02
-5.975675885060473952e-02
-6.059583781041787132e-02
-6.143288103033234943e-02
-6.226794844620433395e-02
-6.310109780901509979e-02
-6.393238477955286159e-02
-6.476186301829175984e-02
-6.558958427086535037e-02
-6.641559844928285328e-02
-6.723995370918742220e-02
-6.806269652334377696e-02
-6.888387175156285291e-02
-6.970352270729102129e-02
-7.052169122100533649e-02
-7.133841770060146692e-02
-7.215374118895684363e-02
-7.296769941877134791e-02
-7.378032886490278053e-02
-7.459166479422622842e-02
-7.540174131327179174e-02
-7.621059141363348277e-02
-7.701824701536615081e-02
-7.782473900838422776e-02
-7.863009729206858756e-02
-7.943435081303965029e-02
-8.023752760132117634e-02
-8.103965480490198103e-02
-8.184075872275918540e-02
-8.264086483649234205e-02
-8.343999784056664593e-02
-8.423818167127655743e-02
-8.503543953445272252e-02
-8.583179393202325369e-02
-8.662726668743966907e-02
-8.742187897005111730e-02
-8.821565131844462393e-02
-8.900860366285323622e-02
-8.980075534659869019e-02
-9.059212514670603178e-02
-9.138273129364873903e-02
-9.217259149029050080e-02
-9.296172293011523147e-02
-9.375014231464609549e-02
-9.453786587025818366e-02
-9.532490936426850359e-02
-9.611128812042984970e-02
-9.689701703377799624e-02
-9.768211058496589771e-02
-9.846658285396252264e-02
-9.925044753330052039e-02
-1.000337179407727040e-01
-1.008164070316581729e-01
-1.015985274104937441e-01
-1.023800913423801168e-01
-1.031611107638976260e-01
-1.039415972935925636e-01
-1.047215622420769460e-01
-1.055010166217533324e-01
-1.062799711562160132e-01
-1.070584362892578467e-01
-1.078364221935846634e-01
-1.086139387792179334e-01
-1.093909957015663514e-01
-1.101676023692493289e-01
-1.109437679515910269e-01
-1.117195013859166586e-01
-1.124948113845213316e-01
-1.132697064414520255e-01
-1.140441948390147897e-01
-1.148182846540812818e-01
-1.155919837641667947e-01
-1.163652998532919564e-01
-1.171382404176604802e-01
-1.179108127711379905e-01
-1.186830240505367950e-01
-1.194548812207425065e-01
-1.202263910796389640e-01
-1.209975602628998309e-01
-1.217683952486054849e-01
-1.225389023617014239e-01
-1.233090877783303146e-01
-1.240789575299981046e-01
-1.248485175076261694e-01
-1.256177734654543299e-01
-1.263867310248347475e-01
-1.271553956778864736e-01
-1.279237727910450262e-01
-1.286918676084913837e-01
-1.294596852554862065e-01
-1.302272307415849872e-01
-1.309945089637467863e-01
-1.317615247093665287e-01
-1.325282826591993868e-01
-1.332947873901921265e-01
-1.340610433782362110e-01
-1.348270550008301705e-01
-1.355928265396627863e-01
-1.363583621831078729e-01
-1.371236660286691278e-01
-1.378887420853246448e-01
-1.386535942758078122e-01
-1.394182264388286463e-01
-1.401826423312164671e-01
-1.409468456300173034e-01
-1.417108399345000380e-01
-1.424746287681347978e-01
-1.432382155804946544e-01
-1.440016037491070322e-01
-1.447647965812513815e-01
-1.455277973156970384e-01
-1.462906091244141615e-01
-1.470532351141977390e-01
-1.478156783282826847e-01
-1.485779417478981790e-01
-1.493400282937670798e-01
-1.501019408275760525e-01
-1.508636821534012074e-01
-1.516252550190953785e-01
-1.523866621176313552e-01
-1.531479060884217702e-01
-1.539089895185656032e-01
-1.546699149441200793e-01
-1.554306848512874428e-01
-1.561913016775752228e-01
-1.569517678129502825e-01
-1.577120856009507632e-01
-1.584722573397457646e-01
-1.592322852832011304e-01
-1.599921716418871709e-01
-1.607519185840844411e-01
-1.615115282367476368e-01
-1.622710026864301325e-01
-1.630303439802264220e-01
-1.637895541266433663e-01
-1.645486350964862343e-01
-1.653075888236878177e-01
-1.660664172061481481e-01
-1.668251221065193968e-01
-1.675837053530088994e-01
-1.683421687401156774e-01
-1.691005140294030984e-01
-1.698587429501945967e-01
-1.706168572002906281e-01
-1.713748584466545932e-01
-1.721327483260818025e-01
-1.728905284458524261e-01
-1.736482003843698996e-01
-1.744057656917675780e-01
-1.751632258905332640e-01
-1.759205824760914361e-01
-1.766778369173675201e-01
-1.774349906573607083e-01
-1.781920451136949635e-01
-1.789490016791374372e-01
-1.797058617221304055e-01
-1.804626265872981694e-01
-1.812192975959366625e-01
-1.819758760465049197e-01
-1.827323632150891497e-01
-1.834887603558737479e-01
-1.842450687015763089e-01
-1.850012894638967120e-01
-1.857574238339493311e-01
-1.865134729826768423e-01
-1.872694380612456022e-01
-1.880253202014658120e-01
-1.887811205161675221e-01
-1.895368400995915137e-01
-1.902924800277460415e-01
-1.910480413587848370e-01
-1.918035251333461699e-01
-1.925589323749149206e-01
-1.933142640901544529e-01
-1.940695212692285787e-01
-1.948247048861425079e-01
-1.955798158990413593e-01
-1.963348552505249645e-01
-1.970898238679557879e-01
-1.978447226637424228e-01
-1.985995525356421543e-01
-1.993543143670193640e-01
-2.001090090271480104e-01
-2.008636373714661194e-01
-2.016182002418323016e-01
-2.023726984668049178e-01
-2.031271328618677319e-01
-2.038815042297019708e-01
-2.046358133604056773e-01
-2.053900610317425379e-01
-2.061442480093636509e-01
-2.068983750470386185e-01
-2.076524428868773420e-01
-2.084064522595401592e-01
-2.091604038844536162e-01
-2.099142984700170522e-01
-2.106681367137966665e-01
-2.114219193027382371e-01
-2.121756469133478651e-01
-2.129293202118789086e-01
-2.136829398545390113e-01
-2.144365064876526950e-01
-2.151900207478360250e-01
-2.159434832621923706e-01
-2.166968946484518210e-01
-2.174502555151771876e-01
-2.182035664618832138e-01
-2.189568280792377475e-01
-2.197100409491940520e-01
-2.204632056451474031e-01
-2.212163227320873005e-01
-2.219693927667494571e-01
-2.227224162977588240e-01
-2.234753938657722816e-01
-2.242283260036015413e-01
-2.249812132363657458e-01
-2.257340560816266384e-01
-2.264868550495094390e-01
-2.272396106428268281e-01
-2.279923233572231367e-01
-2.287449936812707696e-01
-2.294976220966110925e-01
-2.302502090780660648e-01
-2.310027550937502616e-01
-2.317552606051902497e-01
-2.325077260674247859e-01
-2.332601519291341019e-01
-2.340125386327225887e-01
-2.347648866144388391e-01
-2.355171963044752348e-01
-2.362694681270627317e-01
-2.370217025005749989e-01
-2.377738998376326129e-01
-2.385260605451796911e-01
-2.392781850245885022e-01
-2.400302736717556951e-01
-2.407823268771792924e-01
-2.415343450260573621e-01
-2.422863284983625409e-01
-2.430382776689410107e-01
-2.437901929075798890e-01
-2.445420745791088701e-01
-2.452939230434625639e-01
-2.460457386557553250e-01
-2.467975217663816723e-01
-2.475492727210679700e-01
-2.483009918609637157e-01
-2.490526795226987167e-01
-2.498043360384702150e-01
-2.505559617360967883e-01
-2.513075569391011732e-01
-2.520591219667718819e-01
-2.528106571342273456e-01
-2.535621627524806132e-01
-2.543136391285211739e-01
-2.550650865653451560e-01
-2.558165053620365392e-01
-2.565678958138387644e-01
-2.573192582121869854e-01
-2.580705928447875053e-01
-2.588218999956659050e-01
-2.595731799452207222e-01
-2.603244329702952276e-01
-2.610756593442061790e-01
-2.618268593368245911e-01
-2.625780332145973284e-01
-2.633291812406354793e-01
-2.640803036747317312e-01
-2.648314007734240416e-01
-2.655824727900498727e-01
-2.663335199747844384e-01
-2.670845425746906643e-01
-2.678355408337679266e-01
-2.685865149929981266e-01
-2.693374652903819388e-01
-2.700883919609951000e-01
-2.708392952370271001e-01
-2.715901753478132674e-01
-2.723410325198918902e-01
-2.730918669770395768e-01
-2.738426789403083927e-01
-2.745934686280627757e-01
-2.753442362560333256e-01
-2.760949820373473362e-01
-2.768457061825446153e-01
-2.775964088996602519e-01
-2.783470903942131258e-01
-2.790977508692771281e-01
-2.798483905254925963e-01
-2.805990095611304302e-01
-2.813496081720837649e-01
-2.821001865519380258e-01
-2.828507448919836409e-01
-2.836012833812651679e-01
-2.843518022065901207e-01
-2.851023015525870341e-01
-2.858527816017099044e-01
-2.866032425342854295e-01
-2.873536845285445396e-01
-2.881041077606415479e-01
-2.888545124046790757e-01
-2.896048986327620645e-01
-2.903552666149881167e-01
-2.911056165195095025e-01
-2.918559485125442055e-01
-2.926062627583977949e-01
-2.933565594195009507e-01
-2.941068386564223980e-01
-2.948571006279139817e-01
-2.956073454909151632e-01
-2.963575734005896578e-01
-2.971077845103364812e-01
-2.978579789718407422e-01
-2.986081569350616527e-01
-2.993583185482827647e-01
-3.001084639581255153e-01
-3.008585933095667686e-01
-3.016087067459708448e-01
-3.023588044090964044e-01
-3.031088864391396354e-01
-3.038589529747297568e-01
-3.046090041529700976e-01
-3.053590401094447571e-01
-3.061090609782551319e-01
-3.068590668920138653e-01
-3.076090579818912540e-01
-3.083590343776190790e-01
-3.091089962075100894e-01
-3.098589435984808182e-01
-3.106088766760651820e-01
-3.113587955644473992e-01
-3.121087003864522202e-01
-3.128585912635855615e-01
-3.136084683160398900e-01
-3.143583316627239221e-01
-3.151081814212577936e-01
-3.158580177080122509e-01
-3.166078406381106491e-01
-3.173576503254479375e-01
-3.181074468827098101e-01
-3.188572304213846409e-01
-3.196070010517789162e-01
-3.203567588830342205e-01
-3.211065040231332879e-01
-3.218562365789385260e-01
-3.226059566561707559e-01
-3.233556643594576729e-01
-3.241053597923215235e-01
-3.248550430572129666e-01
-3.256047142555066332e-01
-3.263543734875296032e-01
-3.271040208525662352e-01
-3.278536564488690463e-01
-3.286032803736818608e-01
-3.293528927232405867e-01
-3.301024935927949766e-01
-3.308520830766139564e-01
-3.316016612680000586e-01
-3.323512282593030220e-01
-3.331007841419301174e-01
-3.338503290063606910e-01
-3.345998629421428339e-01
-3.353493860379337943e-01
-3.360988983814789943e-01
-3.368484000596437822e-01
-3.375978911584150421e-01
-3.383473717629168487e-01
-3.390968419574161286e-01
-3.398463018253402024e-01
-3.405957514492723992e-01
-3.413451909109814220e-01
-3.420946202914152967e-01
-3.428440396707237436e-01
-3.435934491282536252e-01
-3.443428487425654883e-01
-3.450922385914544366e-01
-3.458416187519360308e-01
-3.465909893002764863e-01
-3.473403503119891766e-01
-3.480897018618396288e-01
-3.488390440238742229e-01
-3.495883768714120876e-01
-3.503377004770474867e-01
-3.510870149126862905e-01
-3.518363202495260467e-01
-3.525856165580693036e-01
-3.533349039081427057e-01
-3.540841823689080958e-01
-3.548334520088349264e-01
-3.555827128957638750e-01
-3.563319650968647667e-01
-3.570812086786689932e-01
-3.578304437070756183e-01
-3.585796702473528219e-01
-3.593288883641384546e-01
-3.600780981214705689e-01
-3.608272995827701002e-01
-3.615764928108622933e-01
-3.623256778679687096e-01
-3.630748548157340383e-01
-3.638240237152231549e-01
-3.645731846269141818e-01
-3.653223376107357367e-01
-3.660714827260382331e-01
-3.668206200316259658e-01
-3.675697495857557784e-01
-3.683188714461387847e-01
-3.690679856699479733e-01
-3.698170923138301980e-01
-3.705661914339012930e-01
-3.713152830857689435e-01
-3.720643673245194183e-01
-3.728134442047323360e-01
-3.735625137804873819e-01
-3.743115761053651958e-01
-3.750606312324564207e-01
-3.758096792143773568e-01
-3.765587201032467024e-01
-3.773077539507108669e-01
-3.780567808079629000e-01
-3.788058007257140147e-01
-3.795548137542197886e-01
-3.803038199432872690e-01
-3.810528193422714760e-01
-3.818018120000728488e-01
-3.825507979651714408e-01
-3.832997772855974983e-01
-3.840487500089460604e-01
-3.847977161823990522e-01
-3.855466758527182347e-01
-3.862956290662349912e-01
-3.870445758688784155e-01
-3.877935163061660973e-01
-3.885424504232146137e-01
-3.892913782647419718e-01
-3.900402998750604477e-01
-3.907892152981067846e-01
-3.915381245774202101e-01
-3.922870277561602004e-01
-3.930359248771119751e-01
-3.937848159826772831e-01
-3.945337011148931095e-01
-3.952825803154280671e-01
-3.960314536255905571e-01
-3.967803210863241614e-01
-3.975291827382195220e-01
-3.982780386215148405e-01
-3.990268887761005412e-01
-3.997757332415262099e-01
-4.005245720569923229e-01
-4.012734052613731173e-01
-4.020222328931923883e-01
-4.027710549906593496e-01
-4.035198715916492040e-01
-4.042686827337138022e-01
-4.050174884540808651e-01
-4.057662887896710813e-01
-4.065150837770798442e-01
-4.072638734525972359e-01
-4.080126578522034198e-01
-4.087614370115793538e-01
-4.095102109660957446e-01
-4.102589797508355840e-01
-4.110077434005774966e-01
-4.117565019498123369e-01
-4.125052554327368060e-01
-4.132540038832669960e-01
-4.140027473350338938e-01
-4.147514858213837141e-01
-4.155002193753860595e-01
-4.162489480298465216e-01
-4.169976718172760943e-01
-4.177463907699344725e-01
-4.184951049198060713e-01
-4.192438142986164573e-01
-4.199925189378218571e-01
-4.207412188686230903e-01
-4.214899141219709544e-01
-4.222386047285441313e-01
-4.229872907187898767e-01
-4.237359721228931564e-01
-4.244846489707995718e-01
-4.252333212922025374e-01
-4.259819891165620986e-01
-4.267306524730949957e-01
-4.274793113907770503e-01
-4.282279658983547677e-01
-4.289766160243408954e-01
-4.297252617970173660e-01
-4.304739032444320768e-01
-4.312225403944195401e-01
-4.319711732745766253e-01
-4.327198019122882044e-01
-4.334684263347154953e-01
-4.342170465688056091e-01
-4.349656626412876093e-01
-4.357142745786730109e-01
-4.364628824072703805e-01
-4.372114861531805063e-01
-4.379600858422836862e-01
-4.387086815002702034e-01
-4.394572731526133480e-01
-4.402058608245981719e-01
-4.409544445412990066e-01
-4.417030243276018897e-01
-4.424516002081876342e-01
-4.432001722075561978e-01
-4.439487403500029794e-01
-4.446973046596367496e-01
-4.454458651603844799e-01
-4.461944218759745784e-01
-4.469429748299582061e-01
-4.476915240457052247e-01
-4.484400695464021980e-01
-4.491886113550449533e-01
-4.499371494944709449e-01
-4.506856839873267795e-01
-4.514342148560876455e-01
-4.521827421230548705e-01
-4.529312658103638589e-01
-4.536797859399712696e-01
-4.544283025336731119e-01
-4.551768156130959198e-01
-4.559253251996944201e-01
-4.566738313147654105e-01
-4.574223339794474819e-01
-4.581708332147058083e-01
-4.589193290413643989e-01
-4.596678214800662965e-01
-4.604163105513214282e-01
-4.611647962754661934e-01
-4.619132786726939943e-01
-4.626617577630405820e-01
-4.634102335663929928e-01
-4.641587061024894934e-01
-4.649071753909125304e-01
-4.656556414511154318e-01
-4.664041043023887112e-01
-4.671525639638813288e-01
-4.679010204546043550e-01
-4.686494737934249755e-01
-4.693979239990711538e-01
-4.701463710901279680e-01
-4.708948150850457148e-01
-4.716432560021416864e-01
-4.723916938595826287e-01
-4.731401286754218782e-01
-4.738885604675652785e-01
-4.746369892537946611e-01
-4.753854150517478061e-01
-4.761338378789496950e-01
-4.768822577527878637e-01
-4.776306746905247258e-01
-4.783790887092894684e-01
-4.791274998260996454e-01
-4.798759080578376413e-01
-4.806243134212680457e-01
-4.813727159330267735e-01
-4.821211156096451567e-01
-4.828695124675156380e-01
-4.836179065229170293e-01
-4.843662977920241697e-01
-4.851146862908747304e-01
-4.858630720354064625e-01
-4.866114550414348816e-01
-4.873598353246565429e-01
-4.881082129006715786e-01
-4.888565877849564423e-01
-4.896049599928758433e-01
-4.903533295396903524e-01
-4.911016964405485741e-01
-4.918500607104914213e-01
-4.925984223644552795e-01
-4.933467814172653454e-01
-4.940951378836472285e-01
-4.948434917782180142e-01
-4.955918431154935355e-01
-4.963401919098842097e-01
-4.970885381757032540e-01
-4.978368819271602463e-01
-4.985852231783630684e-01
-4.993335619433262318e-01
-5.000818982359598319e-01
-5.008302320700768195e-01
-5.015785634594005504e-01
-5.023268924175501304e-01
-5.030752189580528499e-01
-5.038235430943406312e-01
-5.045718648397574668e-01
-5.053201842075465411e-01
-5.060685012108645520e-01
-5.068168158627753828e-01
-5.075651281762505462e-01
-5.083134381641746247e-01
-5.090617458393432715e-01
-5.098100512144624341e-01
-5.105583543021502413e-01
-5.113066551149404448e-01
-5.120549536652780898e-01
-5.128032499655269527e-01
-5.135515440279641020e-01
-5.142998358647764556e-01
-5.150481254880768800e-01
-5.157964129098920880e-01
-5.165446981421695227e-01
-5.172929811967678093e-01
-5.180412620854718542e-01
-5.187895408199870717e-01
-5.195378174119339443e-01
-5.202860918728594575e-01
-5.210343642142319931e-01
-5.217826344474405520e-01
-5.225309025837957533e-01
-5.232791686345430460e-01
-5.240274326108347314e-01
-5.247756945237628257e-01
-5.255239543843370775e-01
-5.262722122034960703e-01
-5.270204679921133284e-01
-5.277687217609734471e-01
-5.285169735208005148e-01
-5.292652232822485647e-01
-5.300134710558876971e-01
-5.307617168522305029e-01
-5.315099606817245137e-01
-5.322582025547328843e-01
-5.330064424815569302e-01
-5.337546804724311311e-01
-5.345029165375190239e-01
-5.352511506869298552e-01
-5.359993829306831659e-01
-5.367476132787568632e-01
-5.374958417410425904e-01
-5.382440683273875814e-01
-5.389922930475562479e-01
-5.397405159112591555e-01
-5.404887369281443643e-01
-5.412369561077936542e-01
-5.419851734597198600e-01
-5.427333889933908528e-01
-5.434816027181965659e-01
-5.442298146434770834e-01
-5.449780247785069864e-01
-5.457262331324950200e-01
-5.464744397146058530e-01
-5.472226445339289924e-01
-5.479708475995089811e-01
-5.487190489203235266e-01
-5.494672485052922717e-01
-5.502154463632829007e-01
-5.509636425031029239e-01
-5.517118369335042294e-01
-5.524600296631808627e-01
-5.532082207007785746e-01
-5.539564100548777237e-01
-5.547045977340082645e-01
-5.554527837466516349e-01
-5.562009681012248796e-01
-5.569491508060994134e-01
-5.576973318695891413e-01
-5.584455112999605619e-01
-5.591936891054248848e-01
-5.599418652941384744e-01
-5.606900398742125091e-01
-5.614382128536991035e-01
-5.621863842406134015e-01
-5.629345540429044892e-01
-5.636827222684744898e-01
-5.644308889251876682e-01
-5.651790540208488922e-01
-5.659272175632149571e-01
-5.666753795599963617e-01
-5.674235400188553102e-01
-5.681716989474098201e-01
-5.689198563532213981e-01
-5.696680122438118055e-01
-5.704161666266540642e-01
-5.711643195091755665e-01
-5.719124708987564087e-01
-5.726606208027390510e-01
-5.734087692284000060e-01
-5.741569161829942480e-01
-5.749050616737192421e-01
-5.756532057077323739e-01
-5.764013482921436227e-01
-5.771494894340259973e-01
-5.778976291404006593e-01
-5.786457674182490241e-01
-5.793939042745184231e-01
-5.801420397160975684e-01
-5.808901737498459728e-01
-5.816383063825738553e-01
-5.823864376210560190e-01
-5.831345674720255223e-01
-5.838826959421645757e-01
-5.846308230381306315e-01
-5.853789487665270741e-01
-5.861270731339272011e-01
-5.868751961468600120e-01
-5.876233178118122069e-01
-5.883714381352365130e-01
-5.891195571235492423e-01
-5.898676747831206324e-01
-5.906157911202801758e-01
-5.913639061413363818e-01
-5.921120198525395839e-01
-5.928601322601154688e-01
-5.936082433702526417e-01
-5.943563531890956320e-01
-5.951044617227581046e-01
-5.958525689773072065e-01
-5.966006749587915436e-01
-5.973487796732099842e-01
-5.980968831265323082e-01
-5.988449853246846644e-01
-5.995930862735684430e-01
-6.003411859790465099e-01
-6.010892844469476470e-01
-6.018373816830568934e-01
-6.025854776931428569e-01
-6.033335724829219648e-01
-6.040816660580932140e-01
-6.048297584243109704e-01
-6.055778495871969591e-01
-6.063259395523503681e-01
-6.070740283253232006e-01
-6.078221159116488082e-01
-6.085702023168138020e-01
-6.093182875462838100e-01
-6.100663716054935959e-01
-6.108144544998376224e-01
-6.115625362346830407e-01
-6.123106168153679141e-01
-6.130586962471961110e-01
-6.138067745354441884e-01
-6.145548516853520660e-01
-6.153029277021423438e-01
-6.160510025909894383e-01
-6.167990763570562196e-01
-6.175471490054573742e-01
-6.182952205412939328e-01
-6.190432909696303998e-01
-6.197913602954999712e-01
-6.205394285239138608e-01
-6.212874956598510856e-01
-6.220355617082606869e-01
-6.227836266740645055e-01
-6.235316905621587358e-01
-6.242797533774038232e-01
-6.250278151246444480e-01
-6.257758758086864326e-01
-6.265239354343185019e-01
-6.272719940062948529e-01
-6.280200515293439256e-01
-6.287681080081701790e-01
-6.295161634474479850e-01
-6.302642178518251814e-01
-6.310122712259346178e-01
-6.317603235743604051e-01
-6.325083749016831014e-01
-6.332564252124460724e-01
-6.340044745111703683e-01
-6.347525228023511712e-01
-6.355005700904513555e-01
-6.362486163799240257e-01
-6.369966616751859823e-01
-6.377447059806340413e-01
-6.384927493006344879e-01
-6.392407916395383971e-01
-6.399888330016659799e-01
-6.407368733913118009e-01
-6.414849128127556588e-01
-6.422329512702442678e-01
-6.429809887680052460e-01
-6.437290253102444515e-01
-6.444770609011338802e-01
-6.452250955448428638e-01
-6.459731292454965468e-01
-6.467211620072073064e-01
-6.474691938340647601e-01
-6.482172247301372092e-01
-6.489652546994645332e-01
-6.497132837460717347e-01
-6.504613118739569488e-01
-6.512093390870968834e-01
-6.519573653894490395e-01
-6.527053907849438286e-01
-6.534534152774981175e-01
-6.542014388710076789e-01
-6.549494615693338684e-01
-6.556974833763239419e-01
-6.564455042958177167e-01
-6.571935243316107123e-01
-6.579415434874985591e-01
-6.586895617672435810e-01
-6.594375791745912263e-01
-6.601855957132677366e-01
-6.609336113869799245e-01
-6.616816261994071802e-01
-6.624296401542233426e-01
-6.631776532550682779e-01
-6.639256655055709722e-01
-6.646736769093385400e-01
-6.654216874699533379e-01
-6.661696971909900622e-01
-6.669177060759906572e-01
-6.676657141284926267e-01
-6.684137213520038312e-01
-6.691617277500152561e-01
-6.699097333260016773e-01
-6.706577380834199964e-01
-6.714057420257001363e-01
-6.721537451562676901e-01
-6.729017474785187192e-01
-6.736497489958398477e-01
-6.743977497115926090e-01
-6.751457496291228821e-01
-6.758937487517613363e-01
-6.766417470828173242e-01
-6.773897446255826571e-01
-6.781377413833380441e-01
-6.788857373593408795e-01
-6.796337325568304610e-01
-6.803817269790373157e-01
-6.811297206291607731e-01
-6.818777135103983866e-01
-6.826257056259202871e-01
-6.833736969788872795e-01
-6.841216875724409618e-01
-6.848696774096992845e-01
-6.856176664937768672e-01
-6.863656548277644598e-01
-6.871136424147361588e-01
-6.878616292577522939e-01
-6.886096153598594283e-01
-6.893576007240791448e-01
-6.901055853534309170e-01
-6.908535692509039094e-01
-6.916015524194860653e-01
-6.923495348621376833e-01
-6.930975165818084038e-01
-6.938454975814405401e-01
-6.945934778639450968e-01
-6.953414574322276387e-01
-6.960894362891837384e-01
-6.968374144376762169e-01
-6.975853918805771103e-01
-6.983333686207222613e-01
-6.990813446609466242e-01
-6.998293200040607287e-01
-7.005772946528706635e-01
-7.013252686101594247e-01
-7.020732418787039020e-01
-7.028212144612498991e-01
-7.035691863605527674e-01
-7.043171575793326644e-01
-7.050651281203104137e-01
-7.058130979861845233e-01
-7.065610671796433984e-01
-7.073090357033587905e-01
-7.080570035599894618e-01
-7.088049707521830722e-01
-7.095529372825655212e-01
-7.103009031537602658e-01
-7.110488683683671152e-01
-7.117968329289802165e-01
-7.125447968381729558e-01
-7.132927600985152772e-01
-7.140407227125477041e-01
-7.147886846828148677e-01
-7.155366460118370853e-01
-7.162846067021213514e-01
-7.170325667561684435e-01
-7.177805261764595990e-01
-7.185284849654669515e-01
-7.192764431256428725e-01
-7.200244006594325175e-01
-7.207723575692646101e-01
-7.215203138575599917e-01
-7.222682695267179653e-01
-7.230162245791350584e-01
-7.237641790171798206e-01
-7.245121328432209129e-01
-7.252600860596083443e-01
-7.260080386686784681e-01
-7.267559906727529828e-01
-7.275039420741479246e-01
-7.282518928751539056e-01
-7.289998430780557648e-01
-7.297477926851265728e-01
-7.304957416986191943e-01
-7.312436901207710616e-01
-7.319916379538187190e-01
-7.327395851999726206e-01
-7.334875318614325623e-01
-7.342354779403866827e-01
-7.349834234390019150e-01
-7.357313683594364218e-01
-7.364793127038411491e-01
-7.372272564743279633e-01
-7.379751996730180563e-01
-7.387231423020065302e-01
-7.394710843633801600e-01
-7.402190258591965222e-01
-7.409669667915103064e-01
-7.417149071623531098e-01
-7.424628469737435399e-01
-7.432107862276768895e-01
-7.439587249261471191e-01
-7.447066630711061119e-01
-7.454546006645073053e-01
-7.462025377082803779e-01
-7.469504742043311385e-01
-7.476984101545514072e-01
-7.484463455608162397e-01
-7.491942804249706045e-01
-7.499422147488500334e-01
-7.506901485342573066e-01
-7.514380817829814374e-01
-7.521860144967883466e-01
-7.529339466774180867e-01
-7.536818783265833988e-01
-7.544298094459793713e-01
-7.551777400372714499e-01
-7.559256701020962144e-01
-7.566735996420684840e-01
-7.574215286587765439e-01
-7.581694571537629379e-01
-7.589173851285685446e-01
-7.596653125846681842e-01
-7.604132395235394526e-01
-7.611611659465983282e-01
-7.619090918552415825e-01
-7.626570172508219114e-01
-7.634049421346621456e-01
-7.641528665080328242e-01
-7.649007903721828372e-01
-7.656487137282960154e-01
-7.663966365775365386e-01
-7.671445589210030835e-01
-7.678924807597540259e-01
-7.686404020948019999e-01
-7.693883229271049062e-01
-7.701362432575615813e-01
-7.708841630870312267e-01
-7.716320824162949954e-01
-7.723800012460824149e-01
-7.731279195770671686e-01
-7.738758374098441140e-01
-7.746237547449500438e-01
-7.753716715828484762e-01
-7.761195879239232154e-01
-7.768675037684853457e-01
-7.776154191167670149e-01
-7.783633339689070008e-01
-7.791112483249704734e-01
-7.798591621849275679e-01
-7.806070755486400614e-01
-7.813549884158855763e-01
-7.821029007863397053e-01
-7.828508126595573602e-01
-7.835987240349888694e-01
-7.843466349119756487e-01
-7.850945452897273302e-01
-7.858424551673252045e-01
-7.865903645437277714e-01
-7.873382734177485354e-01
-7.880861817880645548e-01
-7.888340896531953472e-01
-7.895819970115197650e-01
-7.903299038612365823e-01
-7.910778102003868106e-01
-7.918257160268458161e-01
-7.925736213382827966e-01
-7.933215261322011935e-01
-7.940694304058950603e-01
-7.948173341564546135e-01
-7.955652373807607924e-01
-7.963131400754702716e-01
-7.970610422370041359e-01
-7.978089438615543205e-01
-7.985568449450536344e-01
-7.993047454831835319e-01
-8.000526454713500213e-01
-8.008005449046798896e-01
-8.015484437780159288e-01
-8.022963420858900685e-01
-8.030442398225293710e-01
-8.037921369818282757e-01
-8.045400335573437145e-01
-8.052879295422817885e-01
-8.060358249294903299e-01
-8.067837197114322567e-01
-8.075316138801800214e-01
-8.082795074274050640e-01
-8.090274003443403972e-01
-8.097752926218061420e-01
-8.105231842501472439e-01
-8.112710752192473507e-01
-8.120189655185036104e-01
-8.127668551368060212e-01
-8.135147440625184467e-01
-8.142626322834672914e-01
-8.150105197869189633e-01
-8.157584065595461231e-01
-8.165062925874355670e-01
-8.172541778560390435e-01
-8.180020623501691457e-01
-8.187499460539710006e-01
-8.194978289508960678e-01
-8.202457110236842652e-01
-8.209935922543292186e-01
-8.217414726240741540e-01
-8.224893521133562757e-01
-8.232372307018126500e-01
-8.239851083682234734e-01
-8.247329850905014137e-01
-8.254808608456569718e-01
-8.262287356097769431e-01
-8.269766093579772326e-01
-8.277244820643806511e-01
-8.284723537020988182e-01
-8.292202242431648829e-01
-8.299680936585412949e-01
-8.307159619180494170e-01
-8.314638289903562018e-01
-8.322116948429232330e-01
-8.329595594419794136e-01
-8.337074227524836623e-01
-8.344552847380721783e-01
-8.352031453610242462e-01
-8.359510045822350355e-01
-8.366988623611513187e-01
-8.374467186557383869e-01
-8.381945734224356404e-01
-8.389424266161151778e-01
-8.396902781900189572e-01
-8.404381280957275990e-01
-8.411859762831096488e-01
-8.419338227002554076e-01
-8.426816672934540620e-01
-8.434295100071101947e-01
-8.441773507837124768e-01
-8.449251895637654997e-01
-8.456730262857486968e-01
-8.464208608860368521e-01
-8.471686932988718999e-01
-8.479165234562641151e-01
-8.486643512879727957e-01
-8.494121767214131147e-01
-8.501599996816042726e-01
-8.509078200911102119e-01
-8.516556378699510210e-01
-8.524034529355688505e-01
-8.531512652027313237e-01
-8.538990745834663665e-01
-8.546468809870062522e-01
-8.553946843196936767e-01
-8.561424844849228055e-01
-8.568902813830473475e-01
-8.576380749113180491e-01
-8.583858649638005378e-01
-8.591336514312784001e-01
-8.598814342012033318e-01
-8.606292131575817850e-01
-8.613769881808965856e-01
-8.621247591480381001e-01
-8.628725259321926577e-01
-8.636202884027663895e-01
-8.643680464252889717e-01
-8.651157998613261402e-01
-8.658635485683774391e-01
-8.666112923997874029e-01
-8.673590312046449702e-01
-8.681067648276858950e-01
-8.688544931091818357e-01
-8.696022158848617511e-01
-8.703499329857752320e-01
-8.710976442382223350e-01
-8.718453494636204670e-01
-8.725930484783934737e-01
-8.733407410938891502e-01
-8.740884271162391306e-01
-8.748361063462551934e-01
-8.755837785793151307e-01
-8.763314436052431766e-01
-8.770791012081972093e-01
-8.778267511665288625e-01
-8.785743932526928202e-01
-8.793220272330943832e-01
-8.800696528679740060e-01
-8.808172699112971626e-01
-8.815648781105946963e-01
-8.823124772068432486e-01
-8.830600669343550146e-01
-8.838076470206213120e-01
-8.845552171861662538e-01
-8.853027771444518246e-01
-8.860503266016918067e-01
-8.867978652567506392e-01
-8.875453928009693350e-01
-8.882929089180419124e-01
-8.890404132838790607e-01
-8.897879055664231762e-01
-8.905353854255481094e-01
-8.912828525128746460e-01
-8.920303064716287311e-01
-8.927777469365052454e-01
-8.935251735334833745e-01
-8.942725858796984895e-01
-8.950199835832647333e-01
-8.957673662431353545e-01
-8.965147334489311781e-01
-8.972620847807720734e-01
-8.980094198091260749e-01
-8.987567380946495099e-01
-8.995040391880020358e-01
-9.002513226296950943e-01
-9.009985879499268213e-01
-9.017458346683933090e-01
-9.024930622941381708e-01
-9.032402703253661347e-01
-9.039874582492793964e-01
-9.047346255418996508e-01
-9.054817716678906780e-01
-9.062288960803860371e-01
-9.069759982207984406e-01
-9.077230775186673206e-01
-9.084701333914491084e-01
-9.092171652443561403e-01
-9.099641724701645895e-01
-9.107111544490368304e-01
-9.114581105483433587e-01
-9.122050401224616190e-01
-9.129519425126060295e-01
-9.136988170466379122e-01
-9.144456630388729801e-01
-9.151924797899071429e-01
-9.159392665864061200e-01
-9.166860227009442363e-01
-9.174327473917898157e-01
-9.181794399027393139e-01
-9.189260994629044887e-01
-9.196727252865327662e-01
-9.204193165728233872e-01
-9.211658725057202401e-01
-9.219123922537361127e-01
-9.226588749697398617e-01
-9.234053197907957644e-01
-9.241517258379350341e-01
-9.248980922159921736e-01
-9.256444180133969191e-01
-9.263907023019913867e-01
-9.271369441368360054e-01
-9.278831425559990187e-01
-9.286292965804038291e-01
-9.293754052135949628e-01
-9.301214674415785311e-01
-9.308674822326061804e-01
-9.316134485370116680e-01
-9.323593652869942572e-01
-9.331052313964443012e-01
-9.338510457607530624e-01
-9.345968072566197549e-01
-9.353425147418701346e-01
-9.360881670552568812e-01
-9.368337630162911767e-01
-9.375793014250425328e-01
-9.383247810619643747e-01
-9.390702006877087449e-01
-9.398155590429314588e-01
-9.405608548481316777e-01
-9.413060868034638373e-01
-9.420512535885514627e-01
-9.427963538623151951e-01
-9.435413862628079240e-01
-9.442863494070128372e-01
-9.450312418907017564e-01
-9.457760622882410706e-01
-9.465208091524357492e-01
-9.472654810143495974e-01
-9.480100763831611488e-01
-9.487545937459606060e-01
-9.494990315676202774e-01
-9.502433882906358154e-01
-9.509876623349288183e-01
-9.517318520977431362e-01
-9.524759559534512476e-01
-9.532199722534134834e-01
-9.539638993258391375e-01
-9.547077354756212664e-01
-9.554514789842118994e-01
-9.561951281094477340e-01
-9.569386810854461078e-01
-9.576821361224483464e-01
-9.584254914066876463e-01
-9.591687451002555154e-01
-9.599118953409748745e-01
-9.606549402422703832e-01
-9.613978778930534208e-01
-9.621407063575928564e-01
-9.628834236753991416e-01
-9.636260278611105123e-01
-9.643685169043844096e-01
-9.651108887697863459e-01
-9.658531413966796597e-01
-9.665952726991386967e-01
-9.673372805658475571e-01
-9.680791628599776377e-01
-9.688209174191414474e-01
-9.695625420552643758e-01
-9.703040345545359546e-01
-9.710453926772976141e-01
-9.717866141579848405e-01
-9.725276967050555665e-01
-9.732686380009061278e-01
-9.740094357018187488e-01
-9.747500874378991487e-01
-9.754905908130082626e-01
-9.762309434047315992e-01
-9.769711427642986390e-01
-9.777111864165668464e-01
-9.784510718599651602e-01
-9.791907965664498059e-01
-9.799303579815019649e-01
-9.806697535240591623e-01
-9.814089805865203742e-01
-9.821480365347192709e-01
-9.828869187079031233e-01
-9.836256244187275843e-01
-9.843641509532460310e-01
-9.851024955709053454e-01
-9.858406555045609032e-01
-9.865786279604744635e-01
-9.873164101183216079e-01
-9.880539991312119463e-01
-9.887913921257255323e-01
-9.895285862019034262e-01
-9.902655784333179723e-01
-9.910023658670727986e-01
-9.917389455238730944e-01
-9.924753143980453718e-01
-9.932114694575931990e-01
-9.939474076442712525e-01
-9.946831258736184012e-01
-9.954186210350287611e-01
-9.961538899918204182e-01
-9.968889295813266882e-01
-9.976237366149418584e-01
-9.983583078782288789e-01
-9.990926401309996319e-01
-9.998267301074100777e-01
-1.000560574516057732e+00
-1.001294170040074372e+00
-1.002027513337255149e+00
-1.002760601040152633e+00
-1.003493429756200372e+00
-1.004225996067838800e+00
-1.004958296532634021e+00
-1.005690327683420371e+00
-1.006422086028436746e+00
-1.007153568051459391e+00
-1.007884770211948000e+00
-1.008615688945221578e+00
-1.009346320662581231e+00
-1.010076661751492244e+00
-1.010806708575753055e+00
-1.011536457475650241e+00
-1.012265904768146374e+00
-1.012995046747058314e+00
-1.013723879683251727e+00
-1.014452399824800288e+00
-1.015180603397219272e+00
-1.015908486603651184e+00
-1.016636045625048945e+00
-1.017363276620416368e+00
-1.018090175726998670e+00
-1.018816739060519616e+00
-1.019542962715389800e+00
-1.020268842764922690e+00
-1.020994375261604192e+00
-1.021719556237291604e+00
-1.022444381703469185e+00
-1.023168847651488411e+00
-1.023892950052821549e+00
-1.024616684859316562e+00
-1.025340048003441806e+00
-1.026063035398555368e+00
-1.026785642939171961e+00
-1.027507866501245815e+00
-1.028229701942401153e+00
-1.028951145102260378e+00
-1.029672191802700087e+00
-1.030392837848130405e+00
-1.031113079025799628e+00
-1.031832911106082662e+00
-1.032552329842766570e+00
-1.033271330973378754e+00
-1.033989910219447861e+00
-1.034708063286850388e+00
-1.035425785866106452e+00
-1.036143073632684652e+00
-1.036859922247334032e+00
-1.037576327356401373e+00
-1.038292284592154724e+00
-1.039007789573096474e+00
-1.039722837904323072e+00
-1.040437425177825670e+00
-1.041151546972852726e+00
-1.041865198856235519e+00
-1.042578376382726546e+00
-1.043291075095361675e+00
-1.044003290525787886e+00
-1.044715018194620759e+00
-1.045426253611794642e+00
-1.046136992276925692e+00
-1.046847229679662705e+00
-1.047556961300048828e+00
-1.048266182608868835e+00
-1.048974889068039928e+00
-1.049683076130956350e+00
-1.050390739242859972e+00
-1.051097873841227548e+00
-1.051804475356114432e+00
-1.052510539210549823e+00
-1.053216060820901800e+00
-1.053921035597258582e+00
-1.054625458943806882e+00
-1.055329326259202949e+00
-1.056032632936969584e+00
-1.056735374365855851e+00
-1.057437545930244305e+00
-1.058139143010523808e+00
-1.058840160983476997e+00
-1.059540595222657089e+00
-1.060240441098800446e+00
-1.060939693980188503e+00
-1.061638349233051226e+00
-1.062336402221957465e+00
-1.063033848310186436e+00
-1.063730682860158705e+00
-1.064426901233778811e+00
-1.065122498792861361e+00
-1.065817470899516284e+00
-1.066511812916524082e+00
-1.067205520207749059e+00
-1.067898588138526117e+00
-1.068591012076033131e+00
-1.069282787389718159e+00
-1.069973909451662264e+00
-1.070664373636980971e+00
-1.071354175324218838e+00
-1.072043309895734264e+00
-1.072731772738090728e+00
-1.073419559242452026e+00
-1.074106664804957534e+00
-1.074793084827125877e+00
-1.075478814716231080e+00
-1.076163849885698909e+00
-1.076848185755476361e+00
-1.077531817752434007e+00
-1.078214741310733915e+00
-1.078896951872227117e+00
-1.079578444886815758e+00
-1.080259215812845897e+00
-1.080939260117483425e+00
-1.081618573277080664e+00
-1.082297150777576267e+00
-1.082974988114825399e+00
-1.083652080795020956e+00
-1.084328424335019303e+00
-1.085004014262749283e+00
-1.085678846117541063e+00
-1.086352915450507606e+00
-1.087026217824907048e+00
-1.087698748816512628e+00
-1.088370504013941531e+00
-1.089041479019033254e+00
-1.089711669447206877e+00
-1.090381070927792795e+00
-1.091049679104388881e+00
-1.091717489635225302e+00
-1.092384498193473163e+00
-1.093050700467620429e+00
-1.093716092161783893e+00
-1.094380668996069783e+00
-1.095044426706873297e+00
-1.095707361047249639e+00
-1.096369467787208007e+00
-1.097030742714051765e+00
-1.097691181632707291e+00
-1.098350780366025292e+00
-1.099009534755108985e+00
-1.099667440659617412e+00
-1.100324493958087402e+00
-1.100980690548232666e+00
-1.101636026347249109e+00
-1.102290497292114591e+00
-1.102944099339880024e+00
-1.103596828467980684e+00
-1.104248680674503102e+00
-1.104899651978487274e+00
-1.105549738420211314e+00
-1.106198936061463023e+00
-1.106847240985814995e+00
-1.107494649298914169e+00
-1.108141157128736509e+00
-1.108786760625841694e+00
-1.109431455963682867e+00
-1.110075239338795150e+00
-1.110718106971118502e+00
-1.111360055104200883e+00
-1.112001080005470266e+00
-1.112641177966479988e+00
-1.113280345303124363e+00
-1.113918578355908240e+00
-1.114555873490147064e+00
-1.115192227096231337e+00
-1.115827635589822675e+00
-1.116462095412071198e+00
-1.117095603029866657e+00
-1.117728154936019624e+00
-1.118359747649478653e+00
-1.118990377715551654e+00
-1.119620041706082869e+00
-1.120248736219664920e+00
-1.120876457881826882e+00
-1.121503203345240340e+00
-1.122128969289867495e+00
-1.122753752423189422e+00
-1.123377549480346627e+00
-1.124000357224334001e+00
-1.124622172446158475e+00
-1.125242991965012651e+00
-1.125862812628431797e+00
-1.126481631312455267e+00
-1.127099444921774607e+00
-1.127716250389889430e+00
-1.128332044679244861e+00
-1.128946824781384084e+00
-1.129560587717078679e+00
-1.130173330536461851e+00
-1.130785050319162321e+00
-1.131395744174426010e+00
-1.132005409241239713e+00
-1.132614042688445677e+00
-1.133221641714859063e+00
-1.133828203549381186e+00
-1.134433725451097885e+00
-1.135038204709374998e+00
-1.135641638643979157e+00
-1.136244024605154390e+00
-1.136845359973709613e+00
-1.137445642161110548e+00
-1.138044868609579430e+00
-1.138643036792129193e+00
-1.139240144212692485e+00
-1.139836188406148754e+00
-1.140431166938410845e+00
-1.141025077406490507e+00
-1.141617917438550789e+00
-1.142209684693962002e+00
-1.142800376863355227e+00
-1.143389991668671168e+00
-1.143978526863208334e+00
-1.144565980231657010e+00
-1.145152349590133012e+00
-1.145737632786230531e+00
-1.146321827699031459e+00
-1.146904932239135366e+00
-1.147486944348699245e+00
-1.148067862001434181e+00
-1.148647683202632663e+00
-1.149226405989186128e+00
-1.149804028429584513e+00
-1.150380548623916255e+00
-1.150955964703890499e+00
-1.151530274832822220e+00
-1.152103477205624227e+00
-1.152675570048807163e+00
-1.153246551620469296e+00
-1.153816420210272975e+00
-1.154385174139438863e+00
-1.154952811760710629e+00
-1.155519331458354060e+00
-1.156084731648097330e+00
-1.156649010777131004e+00
-1.157212167324054963e+00
-1.157774199798852433e+00
-1.158335106742853338e+00
-1.158894886728676132e+00
-1.159453538360193159e+00
-1.160011060272497341e+00
-1.160567451131814476e+00
-1.161122709635484362e+00
-1.161676834511893519e+00
-1.162229824520394139e+00
-1.162781678451283884e+00
-1.163332395125703966e+00
-1.163881973395582525e+00
-1.164430412143580229e+00
-1.164977710282988577e+00
-1.165523866757690596e+00
-1.166068880542041830e+00
-1.166612750640821705e+00
-1.167155476089142496e+00
-1.167697055952356289e+00
-1.168237489325975709e+00
-1.168776775335572893e+00
-1.169314913136706435e+00
-1.169851901914813697e+00
-1.170387740885107997e+00
-1.170922429292490685e+00
-1.171455966411450555e+00
-1.171988351545955487e+00
-1.172519584029346529e+00
-1.173049663224223105e+00
-1.173578588522359745e+00
-1.174106359344566419e+00
-1.174632975140580182e+00
-1.175158435388967026e+00
-1.175682739596983106e+00
-1.176205887300470598e+00
-1.176727878063730470e+00
-1.177248711479391030e+00
-1.177768387168310005e+00
-1.178286904779411781e+00
-1.178804263989594370e+00
-1.179320464503568422e+00
-1.179835506053751981e+00
-1.180349388400125932e+00
-1.180862111330094777e+00
-1.181373674658366069e+00
-1.181884078226792090e+00
-1.182393321904255279e+00
-1.182901405586501697e+00
-1.183408329196024455e+00
-1.183914092681910279e+00
-1.184418696019678974e+00
-1.184922139211169734e+00
-1.185424422284375723e+00
-1.185925545293293304e+00
-1.186425508317778155e+00
-1.186924311463399384e+00
-1.187421954861286766e+00
-1.187918438667967980e+00
-1.188413763065224060e+00
-1.188907928259936408e+00
-1.189400934483931804e+00
-1.189892781993811877e+00
-1.190383471070818766e+00
-1.190873002020654159e+00
-1.191361375173341619e+00
-1.191848590883044956e+00
-1.192334649527925894e+00
-1.192819551509973319e+00
-1.193303297254836748e+00
-1.193785887211679109e+00
-1.194267321853000441e+00
-1.194747601674470028e+00
-1.195226727194776961e+00
-1.195704698955456724e+00
-1.196181517520709559e+00
-1.196657183477269681e+00
-1.197131697434201225e+00
-1.197605060022751244e+00
-1.198077271896179852e+00
-1.198548333729589244e+00
-1.199018246219746731e+00
-1.199487010084928196e+00
-1.199954626064753338e+00
-1.200421094919984277e+00
-1.200886417432393438e+00
-1.201350594404577921e+00
-1.201813626659778089e+00
-1.202275515041712817e+00
-1.202736260414426051e+00
-1.203195863662090526e+00
-1.203654325688845228e+00
-1.204111647418631081e+00
-1.204567829795011757e+00
-1.205022873780996040e+00
-1.205476780358888167e+00
-1.205929550530074224e+00
-1.206381185314901794e+00
-1.206831685752476124e+00
-1.207281052900487595e+00
-1.207729287835049403e+00
-1.208176391650524373e+00
-1.208622365459354642e+00
-1.209067210391880476e+00
-1.209510927596184171e+00
-1.209953518237895764e+00
-1.210394983500050259e+00
-1.210835324582895112e+00
-1.211274542703726587e+00
-1.211712639096724109e+00
-1.212149615012759529e+00
-1.212585471719253016e+00
-1.213020210499990981e+00
-1.213453832654959319e+00
-1.213886339500163558e+00
-1.214317732367472535e+00
-1.214748012604449645e+00
-1.215177181574173426e+00
-1.215605240655073471e+00
-1.216032191240778992e+00
-1.216458034739923422e+00
-1.216882772576003191e+00
-1.217306406187192547e+00
-1.217728937026191671e+00
-1.218150366560045050e+00
-1.218570696269995146e+00
-1.218989927651308758e+00
-1.219408062213112709e+00
-1.219825101478225093e+00
-1.220241046983006283e+00
-1.220655900277172412e+00
-1.221069662923677246e+00
-1.221482336498496135e+00
-1.221893922590499004e+00
-1.222304422801289370e+00
-1.222713838745025372e+00
-1.223122172048288103e+00
-1.223529424349902639e+00
-1.223935597300781497e+00
-1.224340692563769428e+00
-1.224744711813506859e+00
-1.225147656736230495e+00
-1.225549529029663853e+00
-1.225950330402829858e+00
-1.226350062575923383e+00
-1.226748727280133622e+00
-1.227146326257499753e+00
-1.227542861260774165e+00
-1.227938334053246816e+00
-1.228332746408610898e+00
-1.228726100110808961e+00
-1.229118396953885917e+00
-1.229509638741833610e+00
-1.229899827288458924e+00
-1.230288964417214803e+00
-1.230677051961073687e+00
-1.231064091762369417e+00
-1.231450085672660233e+00
-1.231835035552585778e+00
-1.232218943271724321e+00
-1.232601810708435774e+00
-1.232983639749748228e+00
-1.233364432291186086e+00
-1.233744190236658378e+00
-1.234122915498309991e+00
-1.234500609996364018e+00
-1.234877275659017171e+00
-1.235252914422289017e+00
-1.235627528229874761e+00
-1.236001119033022899e+00
-1.236373688790415093e+00
-1.236745239467995638e+00
-1.237115773038879540e+00
-1.237485291483185534e+00
-1.237853796787943716e+00
-1.238221290946923903e+00
-1.238587775960543258e+00
-1.238953253835709534e+00
-1.239317726585722257e+00
-1.239681196230118410e+00
-1.240043664794572065e+00
-1.240405134310745616e+00
-1.240765606816184974e+00
-1.241125084354192776e+00
-1.241483568973693608e+00
-1.241841062729134748e+00
-1.242197567680344283e+00
-1.242553085892433185e+00
-1.242907619435652755e+00
-1.243261170385298708e+00
-1.243613740821576608e+00
-1.243965332829510606e+00
-1.244315948498790902e+00
-1.244665589923694693e+00
-1.245014259202959828e+00
-1.245361958439667571e+00
-1.245708689741140462e+00
-1.246054455218822410e+00
-1.246399256988176552e+00
-1.246743097168568237e+00
-1.247085977883165109e+00
-1.247427901258828964e+00
-1.247768869426008287e+00
-1.248108884518623451e+00
-1.248447948673980346e+00
-1.248786064032651577e+00
-1.249123232738384548e+00
-1.249459456937985991e+00
-1.249794738781231596e+00
-1.250129080420766314e+00
-1.250462484011999331e+00
-1.250794951713013914e+00
-1.251126485684450840e+00
-1.251457088089442893e+00
-1.251786761093482303e+00
-1.252115506864352801e+00
-1.252443327572028142e+00
-1.252770225388575742e+00
-1.253096202488067412e+00
-1.253421261046477220e+00
-1.253745403241611545e+00
-1.254068631252999166e+00
-1.254390947261810441e+00
-1.254712353450772255e+00
-1.255032852004066557e+00
-1.255352445107264847e+00
-1.255671134947224710e+00
-1.255988923712011429e+00
-1.256305813590817611e+00
-1.256621806773867478e+00
-1.256936905452351816e+00
-1.257251111818319833e+00
-1.257564428064638529e+00
-1.257876856384867237e+00
-1.258188398973215216e+00
-1.258499058024436401e+00
-1.258808835733767229e+00
-1.259117734296851143e+00
-1.259425755909640454e+00
-1.259732902768354812e+00
-1.260039177069373073e+00
-1.260344581009183340e+00
-1.260649116784299473e+00
-1.260952786591194252e+00
-1.261255592626208344e+00
-1.261557537085521874e+00
-1.261858622165030974e+00
-1.262158850060312698e+00
-1.262458222966562404e+00
-1.262756743078497834e+00
-1.263054412590309150e+00
-1.263351233695588549e+00
-1.263647208587267201e+00
-1.263942339457554853e+00
-1.264236628497859671e+00
-1.264530077898739835e+00
-1.264822689849834925e+00
-1.265114466539804416e+00
-1.265405410156270838e+00
-1.265695522885748048e+00
-1.265984806913592386e+00
-1.266273264423940947e+00
-1.266560897599643631e+00
-1.266847708622230728e+00
-1.267133699671805669e+00
-1.267418872927057238e+00
-1.267703230565149219e+00
-1.267986774761681978e+00
-1.268269507690642950e+00
-1.268551431524355122e+00
-1.268832548433409313e+00
-1.269112860586625979e+00
-1.269392370150994820e+00
-1.269671079291631921e+00
-1.269948990171720915e+00
-1.270226104952459689e+00
-1.270502425793031742e+00
-1.270777954850534908e+00
-1.271052694279939388e+00
-1.271326646234051339e+00
-1.271599812863447143e+00
-1.271872196316454096e+00
-1.272143798739066245e+00
-1.272414622274942619e+00
-1.272684669065328400e+00
-1.272953941249024945e+00
-1.273222440962364699e+00
-1.273490170339123928e+00
-1.273757131510522722e+00
-1.274023326605166151e+00
-1.274288757749006518e+00
-1.274553427065293176e+00
-1.274817336674550550e+00
-1.275080488694528391e+00
-1.275342885240161594e+00
-1.275604528423535111e+00
-1.275865420353844870e+00
-1.276125563137375352e+00
-1.276384958877435638e+00
-1.276643609674336766e+00
-1.276901517625371074e+00
-1.277158684824763357e+00
-1.277415113363615129e+00
-1.277670805329922166e+00
-1.277925762808493904e+00
-1.278179987880940782e+00
-1.278433482625649820e+00
-1.278686249117732432e+00
-1.278938289429010000e+00
-1.279189605627970572e+00
-1.279440199779755760e+00
-1.279690073946105899e+00
-1.279939230185356713e+00
-1.280187670552394685e+00
-1.280435397098634631e+00
-1.280682411871982840e+00
-1.280928716916827081e+00
-1.281174314273989090e+00
-1.281419205980717235e+00
-1.281663394070650552e+00
-1.281906880573778773e+00
-1.282149667516459202e+00
-1.282391756921341663e+00
-1.282633150807383160e+00
-1.282873851189794800e+00
-1.283113860080047131e+00
-1.283353179485819950e+00
-1.283591811410997430e+00
-1.283829757855643683e+00
-1.284067020815970572e+00
-1.284303602284328383e+00
-1.284539504249174069e+00
-1.284774728695075252e+00
-1.285009277602638500e+00
-1.285243152948562395e+00
-1.285476356705538947e+00
-1.285708890842308216e+00
-1.285940757323585037e+00
-1.286171958110066571e+00
-1.286402495158410764e+00
-1.286632370421217697e+00
-1.286861585847005385e+00
-1.287090143380217988e+00
-1.287318044961166974e+00
-1.287545292526061536e+00
-1.287771888006952858e+00
-1.287997833331748998e+00
-1.288223130424186236e+00
-1.288447781203812426e+00
-1.288671787585977224e+00
-1.288895151481816104e+00
-1.289117874798244134e+00
-1.289339959437927341e+00
-1.289561407299288476e+00
-1.289782220276479485e+00
-1.290002400259374626e+00
-1.290221949133557811e+00
-1.290440868780315053e+00
-1.290659161076615380e+00
-1.290876827895112156e+00
-1.291093871104114443e+00
-1.291310292567583451e+00
-1.291526094145150072e+00
-1.291741277692046719e+00
-1.291955845059154839e+00
-1.292169798092963839e+00
-1.292383138635566642e+00
-1.292595868524666791e+00
-1.292807989593540929e+00
-1.293019503671063664e+00
-1.293230412581675148e+00
-1.293440718145382196e+00
-1.293650422177756054e+00
-1.293859526489913758e+00
-1.294068032888517017e+00
-1.294275943175778876e+00
-1.294483259149427301e+00
-1.294689982602724498e+00
-1.294896115324459585e+00
-1.295101659098921720e+00
-1.295306615705926756e+00
-1.295510986920782592e+00
-1.295714774514292955e+00
-1.295917980252776713e+00
-1.296120605898029687e+00
-1.296322653207327535e+00
-1.296524123933446404e+00
-1.296725019824625402e+00
-1.296925342624590138e+00
-1.297125094072531182e+00
-1.297324275903115387e+00
-1.297522889846468575e+00
-1.297720937628180415e+00
-1.297918420969316200e+00
-1.298115341586380200e+00
-1.298311701191347645e+00
-1.298507501491645399e+00
-1.298702744190154634e+00
-1.298897430985206380e+00
-1.299091563570587748e+00
-1.299285143635534157e+00
-1.299478172864722447e+00
-1.299670652938293536e+00
-1.299862585531831982e+00
-1.300053972316359108e+00
-1.300244814958360529e+00
-1.300435115119755736e+00
-1.300624874457928515e+00
-1.300814094625695860e+00
-1.301002777271335065e+00
-1.301190924038567287e+00
-1.301378536566570432e+00
-1.301565616489969601e+00
-1.301752165438847975e+00
-1.301938185038745477e+00
-1.302123676910649674e+00
-1.302308642671013983e+00
-1.302493083931757667e+00
-1.302677002300242970e+00
-1.302860399379321077e+00
-1.303043276767291925e+00
-1.303225636057943726e+00
-1.303407478840505895e+00
-1.303588806699720992e+00
-1.303769621215782548e+00
-1.303949923964368596e+00
-1.304129716516654991e+00
-1.304309000439289878e+00
-1.304487777294424333e+00
-1.304666048639700149e+00
-1.304843816028249837e+00
-1.305021081008717720e+00
