1.000000000000049294e+00
9.905334360032687080e-01
9.631836766808427042e-01
9.208212269962268159e-01
8.674302886982647731e-01
8.072752259383242368e-01
7.442225840959071359e-01
6.813545541873360367e-01
6.208605247387823933e-01
5.641151337629802809e-01
5.118434449175472967e-01
4.643018551896341273e-01
4.214366988086689636e-01
3.830071332333736533e-01
3.486726762882220165e-01
3.180515503121414955e-01
2.907572268998960818e-01
2.664197487642517292e-01
2.446969511246205042e-01
2.252792767675948493e-01
2.078907148204614808e-01
1.922875297230789149e-01
1.782558419255974025e-01
1.656087142853239214e-01
1.541831315795746671e-01
1.438370905400599975e-01
1.344469119992921791e-01
1.259048226603049492e-01
1.181168165504335038e-01
1.110007854498950425e-01
1.044848970590889770e-01
9.850619528025142402e-02
9.300939615328254750e-02
8.794585410139284243e-02
8.327267523238607305e-02
7.895195692629795869e-02
7.495013548533145664e-02
7.123742604645069698e-02
6.778734117165796658e-02
6.457627650087599536e-02
6.158315357409005486e-02
5.878911141679288299e-02
5.617723975620449173e-02
5.373234782085796468e-02
5.144076359580622426e-02
4.929015918474551061e-02
4.726939858759428292e-02
4.536840475721655441e-02
4.357804326750398111e-02
4.189002032011694687e-02
4.029679315128276151e-02
3.879149118182192990e-02
3.736784649283587945e-02
3.602013241120304715e-02
3.474310916100117191e-02
3.353197568248655197e-02
3.238232684443010517e-02
3.129011538120650415e-02
3.025161797636755079e-02
2.926340499146725185e-02
2.832231340517334106e-02
2.742542258425254356e-02
2.657003255680247256e-02
2.575364450022223778e-02
2.497394319234674115e-02
2.422878120573588451e-02
2.351616465196518235e-02
2.283424030632371163e-02
2.218128396371581851e-02
2.155568989426064758e-02
2.095596128248506523e-02
2.038070154758050284e-02
1.982860645384089057e-02
1.929845693084964245e-02
1.878911253186800467e-02
1.829950546692539828e-02
1.782863515401298532e-02
1.737556323803730526e-02
1.693940903234885179e-02
1.651934534284323422e-02
1.611459463840017245e-02
1.572442553559716405e-02
1.534814956862967650e-02
1.498511821848444794e-02
1.463472017800495836e-02
1.429637883178184153e-02
1.396954993191344870e-02
1.365371945250949161e-02
1.334840160748815632e-02
1.305313701767637016e-02
1.276749101459058976e-02
1.249105206937590681e-02
1.222343033655901891e-02
1.196425630312837954e-02
1.171317953440488557e-02
1.146986750883646072e-02
1.123400453467153157e-02
1.100529074198844035e-02
1.078344114417710900e-02
1.056818476352593822e-02
1.035926381587548573e-02
1.015643294996830016e-02
9.959458537239453471e-03
9.768118008374397643e-03
9.582199233067226554e-03
9.401499939870085198e-03
9.225827173206704868e-03
9.054996784807724935e-03
8.888832957185567943e-03
8.727167756784049574e-03
8.569840714785038893e-03
8.416698433612699801e-03
8.267594217347962182e-03
8.122387724407237330e-03
7.980944641013726706e-03
7.843136374011761350e-03
7.708839761704860960e-03
7.577936801624728796e-03
7.450314393997081036e-03
7.325864099933569740e-03
7.204481913413145894e-03
7.086068046117647949e-03
6.970526724318902058e-03
6.857765997093204918e-03
6.747697555071212501e-03
6.640236559154491687e-03
6.535301478494755408e-03
6.432813937245434807e-03
6.332698569494773708e-03
6.234882881908881611e-03
6.139297123616825266e-03
6.045874162904316465e-03
5.954549370317099855e-03
5.865260507794215275e-03
5.777947623470470855e-03
5.692552951848969464e-03
5.609020818967355021e-03
5.527297552383648831e-03
5.447331395581995681e-03
5.369072426649076218e-03
5.292472480919584860e-03
5.217485077402840218e-03
5.144065348781272709e-03
5.072169974752265519e-03
5.001757118571402601e-03
4.932786366608966043e-03
4.865218670737164741e-03
4.799016293444617262e-03
4.734142755460816511e-03
4.670562785860243697e-03
4.608242274392155072e-03
4.547148226042269960e-03
4.487248717608938522e-03
4.428512856280678207e-03
4.370910740007239934e-03
4.314413419706944995e-03
4.258992863085056188e-03
4.204621920055750736e-03
4.151274289704360264e-03
4.098924488639739232e-03
4.047547820738944119e-03
3.997120348172607772e-03
3.947618863688091492e-03
3.899020864038784534e-03
3.851304524550078559e-03
3.804448674737377720e-03
3.758432774958928111e-03
3.713236894001444022e-03
3.668841687631433507e-03
3.625228377975479345e-03
3.582378733770064886e-03
3.540275051415523160e-03
3.498900136741658895e-03
3.458237287585399795e-03
3.418270276974280045e-03
3.378983337033444022e-03
3.340361143489007159e-03
3.302388800817968213e-03
3.265051827911735847e-03
3.228336144374768270e-03
3.192228057275257967e-03
3.156714248446226400e-03
3.121781762258054541e-03
3.087417993845131478e-03
3.053610677798252859e-03
3.020347877247615744e-03
2.987617973375010505e-03
2.955409655312844341e-03
2.923711910418454012e-03
2.892514014871699034e-03
2.861805524667199261e-03
2.831576266899061591e-03
2.801816331357418009e-03
2.772516062456067271e-03
2.743666051408356378e-03
2.715257128732295223e-03
2.687280356953826964e-03
2.659727023637453724e-03
2.632588634603486889e-03
2.605856907420645279e-03
2.579523765098813096e-03
2.553581330010899330e-03
2.528021918030327192e-03
2.502838032853310201e-03
2.478022360519435349e-03
2.453567764126702699e-03
2.429467278704411804e-03
2.405714106288244034e-03
2.382301611128150552e-03
2.359223315071468183e-03
2.336472893103928514e-03
2.314044169017712496e-03
2.291931111245131252e-03
2.270127828805878784e-03
2.248628567404499165e-03
2.227427705635662020e-03
2.206519751330026941e-03
2.185899338004075945e-03
2.165561221431270330e-03
2.145500276307545258e-03
2.125711493036216201e-03
2.106189974618806731e-03
2.086930933622878521e-03
2.067929689257722546e-03
2.049181664542488492e-03
2.030682383553265771e-03
2.012427468760683708e-03
1.994412638446470265e-03
1.976633704208612639e-03
1.959086568516564195e-03
1.941767222366627341e-03
1.924671743000889957e-03
1.907796291685852786e-03
1.891137111570042034e-03
1.874690525585895155e-03
1.858452934444135589e-03
1.842420814655073213e-03
1.826590716626972939e-03
1.810959262814494566e-03
1.795523145921065203e-03
1.780279127160972787e-03
1.765224034548399431e-03
1.750354761273174029e-03
1.735668264086120049e-03
1.721161561744127258e-03
1.706831733511101051e-03
1.692675917687789947e-03
1.678691310185922905e-03
1.664875163140869425e-03
1.651224783568614688e-03
1.637737532045833175e-03
1.624410821463203843e-03
1.611242115753621891e-03
1.598228928705223983e-03
1.585368822801374537e-03
1.572659408066410863e-03
1.560098340953777361e-03
1.547683323286198377e-03
1.535412101190038658e-03
1.523282464087485823e-03
1.511292243690636481e-03
1.499439313037982452e-03
1.487721585569438867e-03
1.476137014183994452e-03
1.464683590368688875e-03
1.453359343312145193e-03
1.442162339075927146e-03
1.431090679754311529e-03
1.420142502689962678e-03
1.409315979670303608e-03
1.398609316191365935e-03
1.388020750684980332e-03
1.377548553823088658e-03
1.367191027800826117e-03
1.356946505650443325e-03
1.346813350572570196e-03
1.336789955282890671e-03
1.326874741374233294e-03
1.317066158709500820e-03
1.307362684797234607e-03
1.297762824209587563e-03
1.288265108017644335e-03
1.278868093219015902e-03
1.269570362186633796e-03
1.260370522150319316e-03
1.251267204664840982e-03
1.242259065103034190e-03
1.233344782166265717e-03
1.224523057392958806e-03
1.215792614694112062e-03
1.207152199883018955e-03
1.198600580239694586e-03
1.190136544061794373e-03
1.181758900232878894e-03
1.173466477808031384e-03
1.165258125618747571e-03
1.157132711852752044e-03
1.149089123678160651e-03
1.141126266852209720e-03
1.133243065364688629e-03
1.125438461060157590e-03
1.117711413298723335e-03
1.110060898593671647e-03
1.102485910279947827e-03
1.094985458192273978e-03
1.087558568323977477e-03
1.080204282528239709e-03
1.072921658203911414e-03
1.065709767987111809e-03
1.058567699467888833e-03
1.051494554887594463e-03
1.044489450880606730e-03
1.037551518171696578e-03
1.030679901321598577e-03
1.023873758470652618e-03
1.017132261059298546e-03
1.010454593602563627e-03
1.003839953418265638e-03
9.972875504072782615e-04
9.907966068048686733e-04
9.843663569590287155e-04
9.779960470991623175e-04
9.716849351144101702e-04
9.654322903435440294e-04
9.592373933590724652e-04
9.530995357609854928e-04
9.470180199820686174e-04
9.409921590758564157e-04
9.350212765354407778e-04
9.291047061064908099e-04
9.232417915809854308e-04
9.174318866333700407e-04
9.116743546470689949e-04
9.059685685178545892e-04
9.003139105150670136e-04
8.947097720753375161e-04
8.891555536830882903e-04
8.836506646700385565e-04
8.781945230822007110e-04
8.727865555237371070e-04
8.674261970046694397e-04
8.621128907885882396e-04
8.568460882500015738e-04
8.516252487316830965e-04
8.464498394213035033e-04
8.413193351991327595e-04
8.362332185030978051e-04
8.311909792073373824e-04
8.261921144988279607e-04
8.212361287327948596e-04
8.163225333363330729e-04
8.114508466676739230e-04
8.066205939043756285e-04
8.018313069315134364e-04
7.970825242221555489e-04
7.923737907371214764e-04
7.877046577958127932e-04
7.830746829933267483e-04
7.784834300809262289e-04
7.739304688657961621e-04
7.694153751165810993e-04
7.649377304592828346e-04
7.604971222731544446e-04
7.560931436135939982e-04
7.517253931080374041e-04
7.473934748595655736e-04
7.430969983697943357e-04
7.388355784405513946e-04
7.346088350986936313e-04
7.304163934977823264e-04
7.262578838506128249e-04
7.221329413270314093e-04
7.180412059922491831e-04
7.139823227316566615e-04
7.099559411505660788e-04
7.059617155221668654e-04
7.019993046969093308e-04
6.980683720446731032e-04
6.941685853680071034e-04
6.902996168481530812e-04
6.864611429621425304e-04
6.826528444211040674e-04
6.788744061066449408e-04
6.751255170053009277e-04
6.714058701275584656e-04
6.677151624770184249e-04
6.640530949694170484e-04
6.604193723612890267e-04
6.568137032172012817e-04
6.532357998307014016e-04
6.496853781761213840e-04
6.461621578545958611e-04
6.426658620227246321e-04
6.391962173636590513e-04
6.357529540061214500e-04
6.323358055032054061e-04
6.289445087436799833e-04
6.255788039346469416e-04
6.222384345379133571e-04
6.189231472160081115e-04
6.156326917936243018e-04
6.123668212074909363e-04
6.091252914581732087e-04
6.059078615638003760e-04
6.027142935234363133e-04
5.995443522611644972e-04
5.963978055875293312e-04
5.932744241667627745e-04
5.901739814608685658e-04
5.870962536929910441e-04
5.840410198107844021e-04
5.810080614497807475e-04
5.779971628794023644e-04
5.750081109721146434e-04
5.720406951880082930e-04
5.690947074918823768e-04
5.661699423648244595e-04
5.632661967328644664e-04
5.603832699554130766e-04
5.575209637616281629e-04
5.546790822581386480e-04
5.518574318596250992e-04
5.490558212753283507e-04
5.462740614608446819e-04
5.435119656084912718e-04
5.407693490894570744e-04
5.380460294499544429e-04
5.353418263630122485e-04
5.326565615976278350e-04
5.299900589994873019e-04
5.273421444659029790e-04
5.247126458918203746e-04
5.221013931794675749e-04
5.195082181766493955e-04
5.169329546651814378e-04
5.143754383396834193e-04
5.118355067690142117e-04
5.093129993847063299e-04
5.068077574346877391e-04
5.043196239794293587e-04
5.018484438553097622e-04
4.993940636630483671e-04
4.969563317175696490e-04
4.945350980595790598e-04
4.921302144054264839e-04
4.897415341336117155e-04
4.873689122674321281e-04
4.850122054422026895e-04
4.826712718994751578e-04
4.803459714426857566e-04
4.780361654429461692e-04
4.757417167966196295e-04
4.734624899195396305e-04
4.711983507103721311e-04
4.689491665564055750e-04
4.667148062872693900e-04
4.644951401710814922e-04
4.622900398951665640e-04
4.600993785429177154e-04
4.579230305802999565e-04
4.557608718230690735e-04
4.536127794464179380e-04
4.514786319444806344e-04
4.493583091245501927e-04
4.472516920781541348e-04
4.451586631849146678e-04
4.430791060739812273e-04
4.410129056221049888e-04
4.389599479343568741e-04
4.369201203248449612e-04
4.348933113051463187e-04
4.328794105688816272e-04
4.308783089743612230e-04
4.288898985388022887e-04
4.269140723997606377e-04
4.249507248363476835e-04
4.229997512210192760e-04
4.210610480311497762e-04
4.191345128162491979e-04
4.172200442018229676e-04
4.153175418604461693e-04
4.134269065079089348e-04
4.115480398916474642e-04
4.096808447676037910e-04
4.078252249002282210e-04
4.059810850393389347e-04
4.041483309162669977e-04
4.023268692284303867e-04
4.005166076258360520e-04
3.987174547014394623e-04
3.969293199757178720e-04
3.951521139005301350e-04
3.933857478186183923e-04
3.916301339848244994e-04
3.898851855333064628e-04
3.881508164775402292e-04
3.864269416929647528e-04
3.847134769131264095e-04
3.830103387103954860e-04
3.813174445017535963e-04
3.796347125179382097e-04
3.779620618111589718e-04
3.762994122319562222e-04
3.746466844330603209e-04
3.730037998539641013e-04
3.713706806997111058e-04
3.697472499543961251e-04
3.681334313522391724e-04
3.665291493795149835e-04
3.649343292706975941e-04
3.633488969795332837e-04
3.617727791867562459e-04
3.602059032981616365e-04
3.586481974079638218e-04
3.570995903180837396e-04
3.555600115265786731e-04
3.540293912064293468e-04
3.525076601958983887e-04
3.509947500255315711e-04
3.494905928545162283e-04
3.479951215131112368e-04
3.465082694698620432e-04
3.450299708258167705e-04
3.435601603125982358e-04
3.420987732924055222e-04
3.406457457271577479e-04
3.392010141958523052e-04
3.377645158733516865e-04
3.363361885380991546e-04
3.349159705451190726e-04
3.335038008298757970e-04
3.320996189140601180e-04
3.307033648689471301e-04
3.293149793443263230e-04
3.279344035357163387e-04
3.265615791862947967e-04
3.251964485849704201e-04
3.238389545586698587e-04
3.224890404607668663e-04
3.211466501749408141e-04
3.198117280939626484e-04
3.184842191312676108e-04
3.171640687074558365e-04
3.158512227425790153e-04
3.145456276561412043e-04
3.132472303574565303e-04
3.119559782302216977e-04
3.106718191556592052e-04
3.093947014874473935e-04
3.081245740324344397e-04
3.068613860795685040e-04
3.056050873728979509e-04
3.043556281057866429e-04
3.031129589228428447e-04
3.018770309237775191e-04
3.006477956286900707e-04
2.994252050069981671e-04
2.982092114639380660e-04
2.969997678174223204e-04
2.957968273057547982e-04
2.946003435972742272e-04
2.934102707633546876e-04
2.922265632861203066e-04
2.910491760488033409e-04
2.898780643338158135e-04
2.887131838285361728e-04
2.875544905963806639e-04
2.864019410980188883e-04
2.852554921740166490e-04
2.841151010390508100e-04
2.829807252915530038e-04
2.818523228944238971e-04
2.807298521788913247e-04
2.796132718367960821e-04
2.785025409244499509e-04
2.773976188510643339e-04
2.762984653787509603e-04
2.752050406167364199e-04
2.741173050155771315e-04
2.730352193748739834e-04
2.719587448201297129e-04
2.708878428278211356e-04
2.698224751887562563e-04
2.687626040273606532e-04
2.677081917920351266e-04
2.666592012551557522e-04
2.656155954957173772e-04
2.645773379186197333e-04
2.635443922334533410e-04
2.625167224602857879e-04
2.614942929180903101e-04
2.604770682363182410e-04
2.594650133317556858e-04
2.584580934258817069e-04
2.574562740275110600e-04
2.564595209405090516e-04
2.554678002483632337e-04
2.544810783199693031e-04
2.534993218096316973e-04
2.525224976474208633e-04
2.515505730276019472e-04
2.505835154394928685e-04
2.496212926231066278e-04
2.486638725942237529e-04
2.477112236270349811e-04
2.467633142657132744e-04
2.458201133089851884e-04
2.448815898062743114e-04
2.439477130789158754e-04
2.430184526796565464e-04
2.420937784235122547e-04
2.411736603646254934e-04
2.402580688097656137e-04
2.393469742990431181e-04
2.384403476155530152e-04
2.375381597834464310e-04
2.366403820563594065e-04
2.357469859212700828e-04
2.348579430965707184e-04
2.339732255339963224e-04
2.330928053993389201e-04
2.322166550955909875e-04
2.313447472378740884e-04
2.304770546650105104e-04
2.296135504298805335e-04
2.287542078032799399e-04
2.278990002739202038e-04
2.270479015329998607e-04
2.262008854799906778e-04
2.253579262342093707e-04
2.245189981058887856e-04
2.236840756212500202e-04
2.228531334955021306e-04
2.220261466540570403e-04
2.212030902113150106e-04
2.203839394860937864e-04
2.195686699784855683e-04
2.187572573930002577e-04
2.179496776212084359e-04
2.171459067359556559e-04
2.163459210087200846e-04
2.155496968883980008e-04
2.147572110051612778e-04
2.139684401723860978e-04
2.131833613943675111e-04
2.124019518335334880e-04
2.116241888432311919e-04
2.108500499484412187e-04
2.100795128477064193e-04
2.093125554054174218e-04
2.085491556653133066e-04
2.077892918311954927e-04
2.070329422765711204e-04
2.062800855465816291e-04
2.055307003445027607e-04
2.047847655317448301e-04
2.040422601432814373e-04
2.033031633548636002e-04
2.025674545235204519e-04
2.018351131393443640e-04
2.011061188659916705e-04
2.003804515098252443e-04
1.996580910353433990e-04
1.989390175555369943e-04
1.982232113318896263e-04
1.975106527820922676e-04
1.968013224530425946e-04
1.960952010536318039e-04
1.953922694354584435e-04
1.946925085870427859e-04
1.939958996415413052e-04
1.933024238709611848e-04
1.926120626900174482e-04
1.919247976484186164e-04
1.912406104289384812e-04
1.905594828647734777e-04
1.898813969028991986e-04
1.892063346368570741e-04
1.885342782855395447e-04
1.878652102105478664e-04
1.871991128872629948e-04
1.865359689279888565e-04
1.858757610703810925e-04
1.852184721851613198e-04
1.845640852549027097e-04
1.839125833971734221e-04
1.832639498471790159e-04
1.826181679693343835e-04
1.819752212321918729e-04
1.813350932431564120e-04
1.806977677234135500e-04
1.800632284982866171e-04
1.794314595300231614e-04
1.788024448811513815e-04
1.781761687356950090e-04
1.775526153972448379e-04
1.769317692658152366e-04
1.763136148648451187e-04
1.756981368296260909e-04
1.750853198995882458e-04
1.744751489260146671e-04
1.738676088681842178e-04
1.732626847895144906e-04
1.726603618652762864e-04
1.720606253690933995e-04
1.714634606845143617e-04
1.708688532953696023e-04
1.702767887915571034e-04
1.696872528593995600e-04
1.691002312893590204e-04
1.685157099741081449e-04
1.679336748988872032e-04
1.673541121530760622e-04
1.667770079244082059e-04
1.662023484893277326e-04
1.656301202284185547e-04
1.650603096148324923e-04
1.644929032162181228e-04
1.639278876889350446e-04
1.633652497896254043e-04
1.628049763617139530e-04
1.622470543411938374e-04
1.616914707566264372e-04
1.611382127233559804e-04
1.605872674454380145e-04
1.600386222175679846e-04
1.594922644212242119e-04
1.589481815227393685e-04
1.584063610771575814e-04
1.578667907205202523e-04
1.573294581756517672e-04
1.567943512560168707e-04
1.562614578483632671e-04
1.557307659262218346e-04
1.552022635421922018e-04
1.546759388375861292e-04
1.541517800269983100e-04
1.536297754060211190e-04
1.531099133531731908e-04
1.525921823221849699e-04
1.520765708439275057e-04
1.515630675302695289e-04
1.510516610702205382e-04
1.505423402183588932e-04
1.500350938218325959e-04
1.495299107895015956e-04
1.490267801112237942e-04
1.485256908482120706e-04
1.480266321272485984e-04
1.475295931638281443e-04
1.470345632332289250e-04
1.465415316820842966e-04
1.460504879399546620e-04
1.455614214942552945e-04
1.450743218979709255e-04
1.445891787870133322e-04
1.441059818609352790e-04
1.436247208848590961e-04
1.431453856952625788e-04
1.426679661826214254e-04
1.421924523280532107e-04
1.417188341531730629e-04
1.412471017663808291e-04
1.407772453204312571e-04
1.403092550510066016e-04
1.398431212477872375e-04
1.393788342621663000e-04
1.389163845130354487e-04
1.384557624867850298e-04
1.379969587160891130e-04
1.375399638107637282e-04
1.370847684307659219e-04
1.366313633016229571e-04
1.361797392144322588e-04
1.357298870046466134e-04
1.352817975829322431e-04
1.348354619043106773e-04
1.343908709913024845e-04
1.339480159242841071e-04
1.335068878357019353e-04
1.330674779177870018e-04
1.326297774186976073e-04
1.321937776444480079e-04
1.317594699492654936e-04
1.313268457529477606e-04
1.308958965254341448e-04
1.304666137848770166e-04
1.300389891149993148e-04
1.296130141438798004e-04
1.291886805574534065e-04
1.287659800898682632e-04
1.283449045292713519e-04
1.279254457197374917e-04
1.275075955496972964e-04
1.270913459673663750e-04
1.266766889576018975e-04
1.262636165708318464e-04
1.258521209056975365e-04
1.254421940974817897e-04
1.250338283412526393e-04
1.246270158802913696e-04
1.242217490041641538e-04
1.238180200506504161e-04
1.234158214018859449e-04
1.230151454959344198e-04
1.226159848113585107e-04
1.222183318749343818e-04
1.218221792597231273e-04
1.214275195850708384e-04
1.210343455088939632e-04
1.206426497546802775e-04
1.202524250671303520e-04
1.198636642488015800e-04
1.194763601427505074e-04
1.190905056383187449e-04
1.187060936634185449e-04
1.183231171961044093e-04
1.179415692549302231e-04
1.175614428931631922e-04
1.171827312219274266e-04
1.168054273812746884e-04
1.164295245613991390e-04
1.160550159872084368e-04
1.156818949260381884e-04
1.153101546953666024e-04
1.149397886377422469e-04
1.145707901497135310e-04
1.142031526586851357e-04
1.138368696344898526e-04
1.134719345913172715e-04
1.131083410761418733e-04
1.127460826725804998e-04
1.123851530105353424e-04
1.120255457604082326e-04
1.116672546138142174e-04
1.113102733202256270e-04
1.109545956541853676e-04
1.106002154268787062e-04
1.102471264938478297e-04
1.098953227414914272e-04
1.095447981024937816e-04
1.091955465288239066e-04
1.088475620206650566e-04
1.085008386090570556e-04
1.081553703674681367e-04
1.078111513944372037e-04
1.074681758270743442e-04
1.071264378372035222e-04
1.067859316390771379e-04
1.064466514643038657e-04
1.061085915965639812e-04
1.057717463368940342e-04
1.054361100306877249e-04
1.051016770561240921e-04
1.047684418145243752e-04
1.044363987534956779e-04
1.041055423399300252e-04
1.037758670870052931e-04
1.034473675291129792e-04
1.031200382315014221e-04
1.027938737999188856e-04
1.024688688671132624e-04
1.021450180947606535e-04
1.018223161792512261e-04
1.015007578439748039e-04
1.011803378489640050e-04
1.008610509716078842e-04
1.005428920375101026e-04
1.002258558838449540e-04
9.990993739600128416e-05
9.959513147286729929e-05
9.928143304997397297e-05
9.896883709370928245e-05
9.865733859360367654e-05
9.834693257004455352e-05
9.803761407427632893e-05
9.772937818454318303e-05
9.742222000416045488e-05
9.711613467308635923e-05
9.681111734670711801e-05
9.650716321898054320e-05
9.620426750122111409e-05
9.590242543945764748e-05
9.560163230479013256e-05
9.530188339338975794e-05
9.500317403035623198e-05
9.470549956778909553e-05
9.440885537321592373e-05
9.411323686237920956e-05
9.381863945487766852e-05
9.352505860695309509e-05
9.323248979798995860e-05
9.294092853244395494e-05
9.265037034755663355e-05
9.236081079021178750e-05
9.207224544393628881e-05
9.178466991154248607e-05
9.149807982669989415e-05
9.121247083850621132e-05
9.092783862691641058e-05
9.064417889695679990e-05
9.036148736908187064e-05
9.007975979653206255e-05
8.979899195183326487e-05
8.951917962872544925e-05
8.924031865566323660e-05
8.896240486302899996e-05
8.868543412556285899e-05
8.840940233150457856e-05
8.813430539030806020e-05
8.786013923457004294e-05
8.758689982388728800e-05
8.731458313328487552e-05
8.704318516478801626e-05
8.677270194163607124e-05
8.650312950635397286e-05
8.623446392846681127e-05
8.596670129099933538e-05
8.569983769819051209e-05
8.543386928899399818e-05
8.516879221586320405e-05
8.490460263896527264e-05
8.464129676282526973e-05
8.437887079196750213e-05
8.411732096370244194e-05
8.385664353269747253e-05
8.359683477290568419e-05
8.333789097756580638e-05
8.307980846691680763e-05
8.282258356698282372e-05
8.256621263850277522e-05
8.231069205185809732e-05
8.205601820057322534e-05
8.180218750131545914e-05
8.154919638039470815e-05
8.129704129497840044e-05
8.104571870801917204e-05
8.079522511139861237e-05
8.054555701435539832e-05
8.029671094155663407e-05
8.004868343695518496e-05
7.980147106957559010e-05
7.955507041422763719e-05
7.930947807465008092e-05
7.906469066422427191e-05
7.882070482140322105e-05
7.857751720006842075e-05
7.833512446952988558e-05
7.809352332031206493e-05
7.785271046029656344e-05
7.761268260893618761e-05
7.737343650882689313e-05
7.713496891992170960e-05
7.689727661181641164e-05
7.666035638496429257e-05
7.642420504174680441e-05
7.618881941154580088e-05
7.595419633338569099e-05
7.572033266557679399e-05
7.548722528957252408e-05
7.525487109068304656e-05
7.502326697736163522e-05
7.479240987541882751e-05
7.456229672416504999e-05
7.433292447641075393e-05
7.410429011003809145e-05
7.387639060485744116e-05
7.364922297153682232e-05
7.342278422074377986e-05
7.319707139207494765e-05
7.297208153476967749e-05
7.274781170578135188e-05
7.252425899292112951e-05
7.230142048978556674e-05
7.207929329961399205e-05
7.185787455843206184e-05
7.163716139262183368e-05
7.141715096520901329e-05
7.119784043921881852e-05
7.097922700274839850e-05
7.076130784775165345e-05
7.054408018932574118e-05
7.032754124835327136e-05
7.011168827657468408e-05
6.989651851608675280e-05
6.968202924370132034e-05
6.946821773622982295e-05
6.925508129169829434e-05
6.904261721777554036e-05
6.883082283948772538e-05
6.861969549343239182e-05
6.840923252777854151e-05
6.819943131190980086e-05
6.799028921713802271e-05
6.778180363791833107e-05
6.757397197449139668e-05
6.736679164638384118e-05
6.716026007697924053e-05
6.695437471859032742e-05
6.674913301774354241e-05
6.654453244603727091e-05
6.634057048664137126e-05
6.613724462851119435e-05
6.593455237988819100e-05
6.573249125672792406e-05
6.553105879427206988e-05
6.533025253354778376e-05
6.513007003101106847e-05
6.493050885083202523e-05
6.473156657646689585e-05
6.453324079330014862e-05
6.433552911371691102e-05
6.413842914817328446e-05
6.394193852448282374e-05
6.374605488203055658e-05
6.355077587370167090e-05
6.335609915623829544e-05
6.316202240952591140e-05
6.296854331730696789e-05
6.277565957296675394e-05
6.258336888724803904e-05
6.239166898439372578e-05
6.220055758671778554e-05
6.201003243967751508e-05
6.182009129644449935e-05
6.163073191790457083e-05
6.144195208422964841e-05
6.125374957944860533e-05
6.106612219144735051e-05
6.087906774282697065e-05
6.069258404268780273e-05
6.050666892134491670e-05
6.032132021297037755e-05
6.013653577487964338e-05
5.995231346245924789e-05
5.976865114845319847e-05
5.958554671139116443e-05
5.940299804716026169e-05
5.922100304586144277e-05
5.903955963231088543e-05
5.885866572168132441e-05
5.867831924457432157e-05
5.849851814702029297e-05
5.831926037890669036e-05
5.814054389783525367e-05
5.796236668069386345e-05
5.778472670244150293e-05
5.760762195925194933e-05
5.743105044922734861e-05
5.725501018011282896e-05
5.707949917122506604e-05
5.690451545538102447e-05
5.673005706732601051e-05
5.655612205530559903e-05
5.638270847913697339e-05
5.620981440249433905e-05
5.603743789676622356e-05
5.586557705841327549e-05
5.569422996460944716e-05
5.552339473688726421e-05
5.535306946977799002e-05
5.518325229445686820e-05
5.501394133631297894e-05
5.484513473616431769e-05
5.467683063675725537e-05
5.450902720205305857e-05
5.434172258636951020e-05
5.417491497488246074e-05
5.400860253733838468e-05
5.384278347241320460e-05
5.367745597878257203e-05
5.351261826090790885e-05
5.334826853482222509e-05
5.318440503005884005e-05
5.302102596843628337e-05
5.285812960070249215e-05
5.269571417567658748e-05
5.253377794410609986e-05
5.237231917795343511e-05
5.221133614725213557e-05
5.205082713167876650e-05
5.189079042441017530e-05
5.173122432248033315e-05
5.157212712870888670e-05
5.141349716327310538e-05
5.125533274056412914e-05
5.109763218654475380e-05
5.094039384839265050e-05
5.078361606557075495e-05
5.062729718525634524e-05
5.047143557391296884e-05
5.031602959993260974e-05
5.016107762977844271e-05
5.000657804919987799e-05
4.985252925166071568e-05
4.969892963062456611e-05
4.954577759305538957e-05
4.939307154784556252e-05
4.924080991931649182e-05
4.908899112407478116e-05
4.893761360572788314e-05
4.878667580402579456e-05
4.863617615678970978e-05
4.848611313269891106e-05
4.833648518500339953e-05
4.818729078431077201e-05
4.803852840894304223e-05
4.789019653915069436e-05
4.774229366482728962e-05
4.759481828743806548e-05
4.744776890459080361e-05
4.730114403125092876e-05
4.715494218045507003e-05
4.700916187874018613e-05
4.686380165842900610e-05
4.671886005184413702e-05
4.657433560673713505e-05
4.643022686893078779e-05
4.628653239774823276e-05
4.614325075829835750e-05
4.600038052147589448e-05
4.585792026010400587e-05
4.571586855857759786e-05
4.557422400707734699e-05
4.543298519578380784e-05
4.529215073802109073e-05
4.515171922782674525e-05
4.501168928816782328e-05
4.487205953815393445e-05
4.473282860268050617e-05
4.459399511435738959e-05
4.445555771543751970e-05
4.431751504817368242e-05
4.417986576060446788e-05
4.404260851812614324e-05
4.390574197649159361e-05
4.376926480881137432e-05
4.363317568819593227e-05
4.349747329354146440e-05
4.336215631338730570e-05
4.322722343820128868e-05
4.309267337195162289e-05
4.295850481089181632e-05
4.282471647249034034e-05
4.269130706457230465e-05
4.255827531232051625e-05
4.242561994284627287e-05
4.229333968904671714e-05
4.216143328381883584e-05
4.202989947356001988e-05
4.189873701238212454e-05
4.176794464475365020e-05
4.163752114214400716e-05
4.150746526059332460e-05
4.137777577542806203e-05
4.124845146004594432e-05
4.111949109941639285e-05
4.099089348043742143e-05
4.086265739000686766e-05
4.073478162852302070e-05
4.060726500409861378e-05
4.048010631713167858e-05
4.035330438344931781e-05
4.022685802273581220e-05
4.010076605853259331e-05
3.997502731438100463e-05
3.984964062925146070e-05
3.972460484211422699e-05
3.959991879193948763e-05
3.947558133505513087e-05
3.935159131621705699e-05
3.922794759946751018e-05
3.910464904691999318e-05
3.898169453033115356e-05
3.885908291760018987e-05
3.873681309398405897e-05
3.861488393316772296e-05
3.849329433390844799e-05
3.837204318146285206e-05
3.825112937458799802e-05
3.813055181782678003e-05
3.801030941186470422e-05
3.789040107860228753e-05
3.777082572643940560e-05
3.765158227727639917e-05
3.753266966265669964e-05
3.741408680640909108e-05
3.729583264586276844e-05
3.717790611641819880e-05
3.706030616697626691e-05
3.694303174450911607e-05
3.682608179791745486e-05
3.670945529345972304e-05
3.659315118389372585e-05
3.647716843740635314e-05
3.636150602989900654e-05
3.624616292955839972e-05
3.613113811807167080e-05
3.601643057905453674e-05
3.590203930190856614e-05
3.578796327603523276e-05
3.567420150047914164e-05
3.556075297428485716e-05
3.544761670228273440e-05
3.533479169123176144e-05
3.522227696139130343e-05
3.511007152144880533e-05
3.499817440323538302e-05
3.488658462315287809e-05
3.477530121110359044e-05
3.466432321049026479e-05
3.455364965121503841e-05
3.444327957668049338e-05
3.433321203414643042e-05
3.422344607280121550e-05
3.411398074761907306e-05
3.400481511164550640e-05
3.389594823528376357e-05
3.378737917736513178e-05
3.367910701022135660e-05
3.357113081197004201e-05
3.346344964915684474e-05
3.335606260761379252e-05
3.324896878088745198e-05
3.314216724902378233e-05
3.303565710171190117e-05
3.292943744792731746e-05
3.282350737543035990e-05
3.271786599705368831e-05
3.261251241212936863e-05
3.250744573927587169e-05
3.240266509518293362e-05
3.229816958689701021e-05
3.219395835039416117e-05
3.209003050236394647e-05
3.198638517492499711e-05
3.188302150598184323e-05
3.177993862379570068e-05
3.167713567591419021e-05
3.157461180217028526e-05
3.147236615589741758e-05
3.137039788271435805e-05
3.126870613402576987e-05
3.116729007280812124e-05
3.106614886203781258e-05
3.096528166083391048e-05
3.086468764181591955e-05
3.076436597760331054e-05
3.066431583695816612e-05
3.056453640407170779e-05
3.046502685734914277e-05
3.036578638483886376e-05
3.026681417458918893e-05
3.016810941657703898e-05
3.006967130656519984e-05
2.997149904031641001e-05
2.987359182709388666e-05
2.977594886266022938e-05
2.967856936013583670e-05
2.958145252878373606e-05
2.948459758558149042e-05
2.938800374943526528e-05
2.929167023539384828e-05
2.919559627200652942e-05
2.909978108589388778e-05
2.900422390560507784e-05
2.890892396740380994e-05
2.881388050176778693e-05
2.871909275653249024e-05
2.862455996796145404e-05
2.853028138774735132e-05
2.843625625793954757e-05
2.834248383408789716e-05
2.824896337367085357e-05
2.815569413030951615e-05
2.806267536726817652e-05
2.796990634395376196e-05
2.787738633520235552e-05
2.778511460042079302e-05
2.769309042023097530e-05
2.760131306754018974e-05
2.750978182297023213e-05
2.741849596521423138e-05
2.732745477489388164e-05
2.723665754998869635e-05
2.714610356919162484e-05
2.705579213241072209e-05
2.696572252991073565e-05
2.687589406738556539e-05
2.678630603895716393e-05
2.669695775224797610e-05
2.660784851488039930e-05
2.651897763447679028e-05
2.643034442444538795e-05
2.634194819626575412e-05
2.625378827298928950e-05
2.616586397188138725e-05
2.607817461792202011e-05
2.599071953609108628e-05
2.590349805136844669e-05
2.581650950223447145e-05
2.572975322138352312e-05
2.564322853958128043e-05
2.555693479916526097e-05
2.547087134440159840e-05
2.538503751184177569e-05
2.529943265732373489e-05
2.521405612511346399e-05
2.512890727104882371e-05
2.504398544711030708e-05
2.495929001492163668e-05
2.487482032260592425e-05
2.479057574335870412e-05
2.470655564266084636e-05
2.462275937634994741e-05
2.453918632919330255e-05
2.445583586281436668e-05
2.437270735426575385e-05
2.428980018445733402e-05
2.420711372851298994e-05
2.412464737119980683e-05
2.404240048957023609e-05
2.396037248189183483e-05
2.387856273293157306e-05
2.379697063324232327e-05
2.371559557530557744e-05
2.363443695738873005e-05
2.355349417775914845e-05
2.347276664047009913e-05
2.339225374571751471e-05
2.331195489948323710e-05
2.323186950967772092e-05
2.315199698806868684e-05
2.307233674642381489e-05
2.299288819843939779e-05
2.291365076745494089e-05
2.283462386909531234e-05
2.275580691705669645e-05
2.267719934817904337e-05
2.259880058001574924e-05
2.252061004940670322e-05
2.244262717776253704e-05
2.236485140385170175e-05
2.228728216258531452e-05
2.220991888694581547e-05
2.213276101955884378e-05
2.205580800305002168e-05
2.197905927811627058e-05
2.190251429702639145e-05
2.182617249854859476e-05
2.175003334073755685e-05
2.167409627200467368e-05
2.159836074461860391e-05
2.152282622434853229e-05
2.144749215767709981e-05
2.137235801423072000e-05
2.129742325592117266e-05
2.122268734466021384e-05
2.114814974814550549e-05
2.107380993407468583e-05
2.099966737400265238e-05
2.092572154527023564e-05
2.085197191943227553e-05
2.077841797190088142e-05
2.070505918387408891e-05
2.063189504040718948e-05
2.055892501498356460e-05
2.048614860230169127e-05
2.041356528163083990e-05
2.034117454959808325e-05
2.026897588932992730e-05
2.019696879745338722e-05
2.012515277445276794e-05
2.005352730924042374e-05
1.998209190037194183e-05
1.991084605026018225e-05
1.983978926710392110e-05
1.976892104560135416e-05
1.969824089780851004e-05
1.962774833192408014e-05
1.955744285807538548e-05
1.948732398638971323e-05
1.941739122892297342e-05
1.934764410737430224e-05
1.927808213379956565e-05
1.920870482796918212e-05
1.913951171351087005e-05
1.907050231019500044e-05
1.900167614743518063e-05
1.893303275078768753e-05
1.886457164388011755e-05
1.879629235805464670e-05
1.872819443236803055e-05
1.866027739044779098e-05
1.859254077327927255e-05
1.852498411991915629e-05
1.845760696363813944e-05
1.839040884927879534e-05
1.832338931975502705e-05
1.825654791990936050e-05
1.818988418686969460e-05
1.812339768090770765e-05
1.805708794686585781e-05
1.799095452765791939e-05
1.792499698548414951e-05
1.785921487097288170e-05
1.779360774439568246e-05
1.772817515830948110e-05
1.766291666912848994e-05
1.759783185062475754e-05
1.753292025535514205e-05
1.746818144937704808e-05
1.740361499874784295e-05
1.733922047338218040e-05
1.727499744319468706e-05
1.721094547231401928e-05
1.714706413836936295e-05
1.708335301706123701e-05
1.701981168601877651e-05
1.695643970937054634e-05
1.689323668210351099e-05
1.683020217798943441e-05
1.676733577465737711e-05
1.670463706130827911e-05
1.664210562328575339e-05
1.657974104400473922e-05
1.651754291845206898e-05
1.645551082425668796e-05
1.639364436411998776e-05
1.633194312724277629e-05
1.627040670475449785e-05
1.620903469742782630e-05
1.614782670217811863e-05
1.608678231592070468e-05
1.602590113557089739e-05
1.596518277154455274e-05
1.590462681882828284e-05
1.584423288976655300e-05
1.578400058706055492e-05
1.572392951726874974e-05
1.566401929466419176e-05
1.560426952387666165e-05
1.554467981725051969e-05
1.548524979098741592e-05
1.542597906321762665e-05
1.536686724821411128e-05
1.530791396217845887e-05
1.524911882131223987e-05
1.519048145338890928e-05
1.513200147653865873e-05
1.507367851467760092e-05
1.501551219750779683e-05
1.495750214315937199e-05
1.489964798519164834e-05
1.484194935137797757e-05
1.478440587334898931e-05
1.472701718273530470e-05
1.466978290923886782e-05
1.461270269220486244e-05
1.455577616133520383e-05
1.449900296176099521e-05
1.444238272897006958e-05
1.438591510230754128e-05
1.432959972111851106e-05
1.427343623439131772e-05
1.421742427954237310e-05
1.416156350555998548e-05
1.410585355757513611e-05
1.405029408071879945e-05
1.399488473555113622e-05
1.393962515755982695e-05
1.388451500923365015e-05
1.382955394148946922e-05
1.377474160331546879e-05
1.372007765720038840e-05
1.366556175791833549e-05
1.361119355831475908e-05
1.355697272859294946e-05
1.350289892159831669e-05
1.344897180174817234e-05
1.339519103345980598e-05
1.334155627922184025e-05
1.328806720538018929e-05
1.323472348020939855e-05
1.318152476812670001e-05
1.312847074319256534e-05
1.307556107368149597e-05
1.302279543365393645e-05
1.297017349138435773e-05
1.291769492671913057e-05
1.286535941178999876e-05
1.281316662644329919e-05
1.276111624281075192e-05
1.270920794459597008e-05
1.265744141164524822e-05
1.260581632380486733e-05
1.255433236863569983e-05
1.250298921826938955e-05
1.245178657183869522e-05
1.240072410533253688e-05
1.234980151595499280e-05
1.229901847969495254e-05
1.224837469182781049e-05
1.219786984570030431e-05
1.214750363465914961e-05
1.209727574240779012e-05
1.204718587000752443e-05
1.199723371466233254e-05
1.194741896586157929e-05
1.189774132466651753e-05
1.184820049406704838e-05
1.179879616548114094e-05
1.174952804768462423e-05
1.170039583595275034e-05
1.165139923906131443e-05
1.160253795228554318e-05
1.155381169211582486e-05
1.150522015575600394e-05
1.145676305583913655e-05
1.140844010306961193e-05
1.136025100043720073e-05
1.131219546057491676e-05
1.126427319418711534e-05
1.121648391776408819e-05
1.116882734393882367e-05
1.112130318727293133e-05
1.107391116232802581e-05
1.102665098559435137e-05
1.097952237934810052e-05
1.093252505622219388e-05
1.088565874042144851e-05
1.083892315422202812e-05
1.079231801604276766e-05
1.074584305008845203e-05
1.069949798442116268e-05
1.065328253938835572e-05
1.060719643919478048e-05
1.056123942347439961e-05
1.051541120100271688e-05
1.046971151912827792e-05
1.042414009626983636e-05
1.037869667013264391e-05
1.033338097263600066e-05
1.028819272991322287e-05
1.024313168545550200e-05
1.019819756732478737e-05
1.015339012094089839e-05
1.010870907243711238e-05
1.006415415951861326e-05
1.001972513339113819e-05
9.975421724045247500e-06
9.931243674972042856e-06
9.887190731591280997e-06
9.843262629679433204e-06
9.799459116584887552e-06
9.755779937727361811e-06
9.712224842383870315e-06
9.668793566330850464e-06
9.625485870417209666e-06
9.582301494276666639e-06
9.539240191043505171e-06
9.496301708066032024e-06
9.453485800407160632e-06
9.410792217343834178e-06
9.368220713938944075e-06
9.325771041398063152e-06
9.283442956712719245e-06
9.241236214945771580e-06
9.199150575017381028e-06
9.157185793919039849e-06
9.115341628642233528e-06
9.073617840035744112e-06
9.032014187019688425e-06
8.990530430442831574e-06
8.949166333082576782e-06
8.907921659644973858e-06
8.866796174836064141e-06
8.825789639504568693e-06
8.784901818356510218e-06
8.744132485741164685e-06
8.703481402507229437e-06
8.662948335289350049e-06
8.622533056508122022e-06
8.582235340512784055e-06
8.542054946223346247e-06
8.501991659560947148e-06
8.462045241374226503e-06
8.422215469869697552e-06
8.382502121325206617e-06
8.342904968161288213e-06
8.303423784727120052e-06
8.264058349229176409e-06
8.224808439873926478e-06
8.185673836796475875e-06
8.146654314345971819e-06
8.107749652657508067e-06
8.068959639580779972e-06
8.030284049464907648e-06
7.991722666302262780e-06
7.953275277942522086e-06
7.914941662592078525e-06
7.876721608100595263e-06
7.838614902317713441e-06
7.800621327307119193e-06
7.762740668989785052e-06
7.724972722929952061e-06
7.687317273119925835e-06
7.649774107409317023e-06
7.612343019433681117e-06
7.575023800899918552e-06
7.537816241586264542e-06
7.500720137056908459e-06
7.463735277090069423e-06
7.426861463035883346e-06
7.390098478886594009e-06
7.353446129849624570e-06
7.316904207631819558e-06
7.280472513583280156e-06
7.244150845196795739e-06
7.207938996107838788e-06
7.171836771523796039e-06
7.135843974723392390e-06
7.099960397413424938e-06
7.064185850587219331e-06
7.028520133666170873e-06
6.992963044143015574e-06
6.957514398797015454e-06
6.922173991263586247e-06
6.886941630607359578e-06
6.851817127821617050e-06
6.816800284256364976e-06
6.781890914762178982e-06
6.747088816831739173e-06
6.712393809172915193e-06
6.677805700850297166e-06
6.643324298999816766e-06
6.608949416543358985e-06
6.574680864474146980e-06
6.540518461500013125e-06
6.506462016685515355e-06
6.472511341023855652e-06
6.438666255151497729e-06
6.404926575847595189e-06
6.371292116033983892e-06
6.337762692489801347e-06
6.304338121994176590e-06
6.271018230969503779e-06
6.237802830408938309e-06
6.204691740948899850e-06
6.171684789011757996e-06
6.138781791376613832e-06
6.105982572537171731e-06
6.073286953129822564e-06
6.040694755719608870e-06
6.008205810586175631e-06
5.975819932579937534e-06
5.943536955837834429e-06
5.911356699067574176e-06
5.879278996406087307e-06
5.847303672347028222e-06
5.815430553312699600e-06
5.783659471511360821e-06
5.751990251436646803e-06
5.720422729154111795e-06
5.688956729157380549e-06
5.657592089440647126e-06
5.626328638354831146e-06
5.595166204250847995e-06
5.564104630908834881e-06
5.533143746679693638e-06
5.502283383771629436e-06
5.471523380178799914e-06
5.440863573895359321e-06
5.410303800986800921e-06
5.379843893661305321e-06
5.349483693770316556e-06
5.319223041236619370e-06
5.289061774054336671e-06
5.258999728288935466e-06
5.229036751577797010e-06
5.199172678057721393e-06
5.169407355366078857e-06
5.139740619568315234e-06
5.110172318301788909e-06
5.080702293417893094e-06
5.051330386768015076e-06
5.022056449846807261e-06
4.992880322576991712e-06
4.963801850667249734e-06
4.934820885612214253e-06
4.905937271191900505e-06
4.877150851186318645e-06
4.848461484804702346e-06
4.819869010041089815e-06
4.791373282247397833e-06
4.762974152918228832e-06
4.734671469690875131e-06
4.706465082131274785e-06
4.678354847519979306e-06
4.650340619280225007e-06
4.622422241191973762e-06
4.594599578250377830e-06
4.566872481950003220e-06
4.539240799928105826e-06
4.511704393322513394e-06
4.484263123271048585e-06
4.456916839339605410e-06
4.429665400737342157e-06
4.402508668602067934e-06
4.375446498285622445e-06
4.348478747068496212e-06
4.321605279945791520e-06
4.294825946483373582e-06
4.268140623248256389e-06
4.241549163663603411e-06
4.215051425009880608e-06
4.188647274210821604e-06
4.162336576261496496e-06
4.136119194228321168e-06
4.109994989249050521e-06
4.083963830176052059e-06
4.058025576218418001e-06
4.032180102014467473e-06
4.006427268701937585e-06
3.980766943204523846e-06
3.955198992445915833e-06
3.929723281421144679e-06
3.904339686697162543e-06
3.879048075197645452e-06
3.853848315774920253e-06
3.828740275352653654e-06
3.803723828569125817e-06
3.778798848133958882e-06
3.753965200970805580e-06
3.729222761717933791e-06
3.704571408870913887e-06
3.680011007424733378e-06
3.655541437803607527e-06
3.631162568859823796e-06
3.606874279088935615e-06
3.582676441200529549e-06
3.558568937547458977e-06
3.534551642767956627e-06
3.510624431500250993e-06
3.486787180311219272e-06
3.463039771553699173e-06
3.439382079865906061e-06
3.415813995315285593e-06
3.392335380968119825e-06
3.368946126891846368e-06
3.345646115439280909e-06
3.322435223177272693e-06
3.299313340173248321e-06
3.276280341065394357e-06
3.253336108206510395e-06
3.230480527806701909e-06
3.207713488004723924e-06
3.185034861510093548e-06
3.162444546104828811e-06
3.139942420284403099e-06
3.117528376044862917e-06
3.095202291881673181e-06
3.072964057862219833e-06
3.050813565982539215e-06
3.028750696666739439e-06
3.006775343839502165e-06
2.984887395639544301e-06
2.963086742134233579e-06
2.941373271462278436e-06
2.919746877548347825e-06
2.898207444673834140e-06
2.876754868692051651e-06
2.855389039670350724e-06
2.834109853462038004e-06
2.812917202063109175e-06
2.791810979398209896e-06
2.770791073606020653e-06
2.749857388254451380e-06
2.729009809553520730e-06
2.708248241071131438e-06
2.687572574803258011e-06
2.666982700817216087e-06
2.646478526538207505e-06
2.626059945890849548e-06
2.605726850871101900e-06
2.585479145046847814e-06
2.565316731985965883e-06
2.545239497898442151e-06
2.525247354066765699e-06
2.505340192486879271e-06
2.485517922512612234e-06
2.465780434211244651e-06
2.446127638865253323e-06
2.426559432327875015e-06
2.407075723952925117e-06
2.387676409593634889e-06
2.368361398603812097e-06
2.349130586836681226e-06
2.329983885574698323e-06
2.310921198385698359e-06
2.291942426908859133e-06
2.273047482426626951e-06
2.254236266578172833e-06
2.235508690645936735e-06
2.216864654340428690e-06
2.198304070872736511e-06
2.179826845739327780e-06
2.161432892151283110e-06
2.143122107890445618e-06
2.124894413882508948e-06
2.106749717552581340e-06
2.088687926325768069e-06
2.070708953413136196e-06
2.052812706239783373e-06
2.034999098016771155e-06
2.017268040026500532e-06
1.999619447408679646e-06
1.982053233374359464e-06
1.964569309205932083e-06
1.947167586185788329e-06
1.929847985239587116e-06
1.912610415721057861e-06
1.895454794698544493e-06
1.878381033454425557e-06
1.861389052914348319e-06
1.844478770146647815e-06
1.827650100291002328e-06
1.810902962344395808e-06
1.794237267589191344e-06
1.777652942736985703e-06
1.761149897141480563e-06
1.744728057514267186e-06
1.728387342852314489e-06
1.712127670223935273e-06
1.695948960554747158e-06
1.679851132841711861e-06
1.663834113796404763e-06
1.647897818558472597e-06
1.632042171910831239e-06
1.616267096707739180e-06
1.600572511946143102e-06
1.584958348194914737e-06
1.569424524450995261e-06
1.553970965497286788e-06
1.538597596116688041e-06
1.523304339163441630e-06
1.508091123277750677e-06
1.492957869385196592e-06
1.477904513840595528e-06
1.462930971783560335e-06
1.448037177640246812e-06
1.433223054264880629e-06
1.418488532226303447e-06
1.403833540164698696e-06
1.389258000934284632e-06
1.374761852818512982e-06
1.360345016742940805e-06
1.346007429062360959e-06
1.331749018416943745e-06
1.317569715375512400e-06
1.303469446649577510e-06
1.289448154379884611e-06
1.275505755634666459e-06
1.261642194483318142e-06
1.247857405351958192e-06
1.234151311094776066e-06
1.220523849995194480e-06
1.206974954550670557e-06
1.193504563044622988e-06
1.180112609903157388e-06
1.166799023766413988e-06
1.153563746775113124e-06
1.140406713355353211e-06
1.127327859861885603e-06
1.114327124578113112e-06
1.101404440001473164e-06
1.088559748272672545e-06
1.075792985746452657e-06
1.063104088777552360e-06
1.050493001435326296e-06
1.037959650431235074e-06
1.025503995263865749e-06
1.013125960716019638e-06
1.000825488928386796e-06
9.886025239703102202e-07
9.764570079824757312e-07
9.643888773196022842e-07
9.523980779796803094e-07
9.404845501747336882e-07
9.286482399027480864e-07
9.168890854470874578e-07
9.052070308770783873e-07
8.936020260480087143e-07
8.820740092432355104e-07
8.706229245320780550e-07
8.592487217698171994e-07
8.479513411684579788e-07
8.367307345119314316e-07
8.255868381549283488e-07
8.145196096673393296e-07
8.035289873325055635e-07
7.926149229343485599e-07
7.817773682567881341e-07
7.710162577258489024e-07
7.603315527687195084e-07
7.497231974546936084e-07
7.391911416390271723e-07
7.287353313196640436e-07
7.183557221378197527e-07
7.080522620200885415e-07
6.978248988930624289e-07
6.876735864692953233e-07
6.775982765326846994e-07
6.675989247244345468e-07
6.576754731851638770e-07
6.478278794847273959e-07
6.380561031216323257e-07
6.283600900938005927e-07
6.187397883278062163e-07
6.091951669654242940e-07
5.997261681472598611e-07
5.903327513718098697e-07
5.810148742089134614e-07
5.717724865137891248e-07
5.626055477849266122e-07
5.535140117348494447e-07
5.444978397906981968e-07
5.355569818076822514e-07
5.266914030702476391e-07
5.179010572909090931e-07
5.091859020394892379e-07
5.005458948858080512e-07
4.919809991856483533e-07
4.834911686515163012e-07
4.750763685678452200e-07
4.667365545757920889e-07
4.584716842451666152e-07
4.502817305750151007e-07
4.421666395632140496e-07
4.341263822801507360e-07
4.261609143669717628e-07
4.182702049654052703e-07
4.104542097165938383e-07
4.027128958336066848e-07
3.950462266722014841e-07
3.874541617308241014e-07
3.799366682225377727e-07
3.724937095030938195e-07
3.651252547142063528e-07
3.578312556396935970e-07
3.506116968505043518e-07
3.434665243444880695e-07
3.363957226925896853e-07
3.293992436786191649e-07
3.224770603015880287e-07
3.156291397745413545e-07
3.088554493105220496e-07
3.021559561225710095e-07
2.955306332096918668e-07
2.889794381416471067e-07
2.825023516320558265e-07
2.760993331793315457e-07
2.697703615684343866e-07
2.635154020837384878e-07
2.573344238669257203e-07
2.512273979883309480e-07
2.451942974469417625e-07
2.392350952417439029e-07
2.333497585857565066e-07
2.275382643352710861e-07
2.218005816319578129e-07
2.161366834747944850e-07
2.105465428627570739e-07
2.050301366521293101e-07
1.995874359132283757e-07
1.942184175023340835e-07
1.889230505611049319e-07
1.837013138744716619e-07
1.785531900846731706e-07
1.734786367614325562e-07
1.684776461902592647e-07
1.635501875128019209e-07
1.586962375853269707e-07
1.539157771214086453e-07
1.492087771913447507e-07
1.445752242946704286e-07
1.400150895016796999e-07
1.355283535259391726e-07
1.311149970810135486e-07
1.267749950945009020e-07
1.225083302086170219e-07
1.183149850655758708e-07
1.141949307356599685e-07
1.101481556470442013e-07
1.061746405132818892e-07
1.022743602619597112e-07
9.844730524990178742e-08
9.469344847603613958e-08
9.101277643987327921e-08
8.740527949823166213e-08
8.387092872137877328e-08
8.040970868016456113e-08
7.702161166005679492e-08
7.370661258862711868e-08
7.046470182268464437e-08
6.729586007576203239e-08
6.420007577600972422e-08
6.117732963695666125e-08
5.822761201540449760e-08
5.535091133949808962e-08
5.254720446545095013e-08
4.981648753602389675e-08
4.715874319339149178e-08
4.457395986569116019e-08
4.206212405240357548e-08
3.962322611031742158e-08
3.725725253890963977e-08
3.496419176631027654e-08
3.274403993526723889e-08
3.059677968794208584e-08
2.852239752380439676e-08
2.652089344290637667e-08
2.459225008740406894e-08
2.273646552869107096e-08
2.095352240891972696e-08
1.924341879947996825e-08
1.760614312848524478e-08
1.604169153866687694e-08
1.455005245813463205e-08
1.313122202961616939e-08
1.178519253852744197e-08
1.051195434162764471e-08
9.311507438948784555e-09
8.183844115901320365e-09
7.128952800584008888e-09
6.146841207643091178e-09
5.237493907863799575e-09
4.400912829923921560e-09
3.637082544605021755e-09
2.946020409820686779e-09
2.327701353074160656e-09
1.782133089000709613e-09
1.309317546268974786e-09
9.092431529612402391e-10
5.819156950523558233e-10
3.273274579308139044e-10
1.454765129480775318e-10
3.636864607351453295e-11
0.000000000000000000e+00
