1.609769906927332285e-16
-6.455089657754208288e-01
-1.255690477262641158e+00
-1.801469714110970788e+00
-2.264081606968768590e+00
-2.635969473806185626e+00
-2.919051356234534378e+00
-3.121678311966839203e+00
-3.255536699641693232e+00
-3.333219175992978123e+00
-3.366663668595232917e+00
-3.366345038283017566e+00
-3.340994416053275629e+00
-3.297632340289079700e+00
-3.241757440306658467e+00
-3.177590799190576742e+00
-3.108320544254665752e+00
-3.036320651963176243e+00
-2.963334711710343239e+00
-2.890624560998663384e+00
-2.819087416834888504e+00
-2.749346778928222435e+00
-2.681822043056087068e+00
-2.616781540061726030e+00
-2.554382588350990524e+00
-2.494701801922089235e+00
-2.437757844848065680e+00
-2.383528720268617729e+00
-2.331964770109962615e+00
-2.282998578430607495e+00
-2.236552059718018626e+00
-2.192541224532948085e+00
-2.150878555610816534e+00
-2.111473679205944531e+00
-2.074232741295169546e+00
-2.039057619975577662e+00
-2.005845402185420401e+00
-1.974488862592195693e+00
-1.944877683219666586e+00
-1.916900517585958585e+00
-1.890447187931475703e+00
-1.865410991680258368e+00
-1.841690473783550885e+00
-1.819190875222817194e+00
-1.797824839363327820e+00
-1.777512809895389179e+00
-1.758182819912174288e+00
-1.739770192013180505e+00
-1.722216843403035602e+00
-1.705470712680541956e+00
-1.689484944309942227e+00
-1.674217322329841995e+00
-1.659629530186083946e+00
-1.645686713758404363e+00
-1.632356880918936826e+00
-1.619610616244247847e+00
-1.607420614783522383e+00
-1.595761526283836496e+00
-1.584609592584696358e+00
-1.573942587997178677e+00
-1.563739527737205037e+00
-1.553980674658346217e+00
-1.544647292656017301e+00
-1.535721697676944331e+00
-1.527187037850160189e+00
-1.519027373986691076e+00
-1.511227474635142620e+00
-1.503772916771441981e+00
-1.496649888521863536e+00
-1.489845304428180084e+00
-1.483346611518979508e+00
-1.477141915844059961e+00
-1.471219789366982278e+00
-1.465569405840000616e+00
-1.460180347040360704e+00
-1.455042746850522928e+00
-1.450147095955898191e+00
-1.445484393439753434e+00
-1.441045949391246417e+00
-1.436823543568948258e+00
-1.432809225548706600e+00
-1.428995480143933072e+00
-1.425375024821910142e+00
-1.421940981643221802e+00
-1.418686671730758908e+00
-1.415605793533166734e+00
-1.412692214164473992e+00
-1.409940153823191045e+00
-1.407343973842401397e+00
-1.404898367114826074e+00
-1.402598142709754026e+00
-1.400438422169513641e+00
-1.398414420563085958e+00
-1.396521648532048854e+00
-1.394755689663064846e+00
-1.393112408173112771e+00
-1.391587722493996981e+00
-1.390177818497454032e+00
-1.388878919195343675e+00
-1.387687503415122814e+00
-1.386600071529163536e+00
-1.385613369500236836e+00
-1.384724150561998934e+00
-1.383929404563144949e+00
-1.383226115529266664e+00
-1.382611496241748839e+00
-1.382082741618491317e+00
-1.381637268471166857e+00
-1.381272464648914511e+00
-1.380985933923668973e+00
-1.380775240847092800e+00
-1.380638160719215524e+00
-1.380572420114559051e+00
-1.380575951894484010e+00
-1.380646631362652421e+00
-1.380782536286507378e+00
-1.380981678646851174e+00
-1.381242269637004805e+00
-1.381562446975331815e+00
-1.381940544855022823e+00
-1.382374816790855165e+00
-1.382863710495792597e+00
-1.383405586236738927e+00
-1.383998996616424781e+00
-1.384642400415788677e+00
-1.385334447262268842e+00
-1.386073686938475769e+00
-1.386858858920314352e+00
-1.387688597133563295e+00
-1.388561724347415538e+00
-1.389476952362352469e+00
-1.390433181246227390e+00
-1.391429194938507585e+00
-1.392463965317627173e+00
-1.393536343208110706e+00
-1.394645367269218506e+00
-1.395789950392758882e+00
-1.396969193404037579e+00
-1.398182066839440241e+00
-1.399427729452090485e+00
-1.400705205358797167e+00
-1.402013707343800153e+00
-1.403352309365769601e+00
-1.404720274653945555e+00
-1.406116723566421145e+00
-1.407540966473619815e+00
-1.408992166960149950e+00
-1.410469679491100026e+00
-1.411972707950240435e+00
-1.413500648085286526e+00
-1.415052741375804946e+00
-1.416628422254191610e+00
-1.418226967296937868e+00
-1.419847847218683512e+00
-1.421490371381010975e+00
-1.423154044557106479e+00
-1.424838206752818692e+00
-1.426542394740078379e+00
-1.428265977184704605e+00
-1.430008520947463113e+00
-1.431769421513719109e+00
-1.433548274060658878e+00
-1.435344499184395550e+00
-1.437157718732519740e+00
-1.438987376824271580e+00
-1.440833120447663207e+00
-1.442694415768618565e+00
-1.444570933492371978e+00
-1.446462160457517854e+00
-1.448367789761620950e+00
-1.450287327636271328e+00
-1.452220488336896098e+00
-1.454166796295444763e+00
-1.456125985774224141e+00
-1.458097598292984687e+00
-1.460081387047251544e+00
-1.462076909606023101e+00
-1.464083937095369325e+00
-1.466102042163565322e+00
-1.468131012930375734e+00
-1.470170436216593934e+00
-1.472220116259880918e+00
-1.474279653205304630e+00
-1.476348866588892195e+00
-1.478427369086098286e+00
-1.480514994764104086e+00
-1.482611368085160697e+00
-1.484716336928714853e+00
-1.486829536846903999e+00
-1.488950828857712683e+00
-1.491079858949484471e+00
-1.493216500646652678e+00
-1.495360409760492004e+00
-1.497511471728603327e+00
-1.499669351609218992e+00
-1.501833946195973324e+00
-1.504004929253009770e+00
-1.506182208406433798e+00
-1.508365465617541812e+00
-1.510554618852712805e+00
-1.512749357791879579e+00
-1.514949610278608416e+00
-1.517155073261033715e+00
-1.519365684024083230e+00
-1.521581146360031500e+00
-1.523801406584588403e+00
-1.526026174934592028e+00
-1.528255406369707359e+00
-1.530488817194616491e+00
-1.532726370648318959e+00
-1.534967788747962913e+00
-1.537213042667932905e+00
-1.539461859802536914e+00
-1.541714218936889091e+00
-1.543969852525896691e+00
-1.546228746658925957e+00
-1.548490638552373566e+00
-1.550755521310294593e+00
-1.553023136627945000e+00
-1.555293484350545485e+00
-1.557566310384865815e+00
-1.559841621058487782e+00
-1.562119166236948908e+00
-1.564398958485478719e+00
-1.566680751389021964e+00
-1.568964563518893574e+00
-1.571250151952832796e+00
-1.573537541048937616e+00
-1.575826491163079046e+00
-1.578117032232541073e+00
-1.580408927687840137e+00
-1.582702212848569046e+00
-1.584996654027036822e+00
-1.587292291738612970e+00
-1.589588894994412360e+00
-1.591886509328626298e+00
-1.594184906277556601e+00
-1.596484136226405059e+00
-1.598783973071773667e+00
-1.601084471890568128e+00
-1.603385408783106314e+00
-1.605686843366795902e+00
-1.607988553796865672e+00
-1.610290604087577293e+00
-1.612592774307761267e+00
-1.614895132731936078e+00
-1.617197461208021103e+00
-1.619499832141144680e+00
-1.621802029030427139e+00
-1.624104128288240023e+00
-1.626405914943145570e+00
-1.628707469297377530e+00
-1.631008577793185754e+00
-1.633309324511022176e+00
-1.635609497196302886e+00
-1.637909183601543139e+00
-1.640208172670295728e+00
-1.642506555725840478e+00
-1.644804122809664371e+00
-1.647100968719524161e+00
-1.649396884499307880e+00
-1.651691968329420668e+00
-1.653986012164997188e+00
-1.656279117481678442e+00
-1.658571077058955234e+00
-1.660861995584263617e+00
-1.663151666578482013e+00
-1.665440197861319804e+00
-1.667727383615839498e+00
-1.670013334718188691e+00
-1.672297845937990912e+00
-1.674581031135461640e+00
-1.676862685594481261e+00
-1.679142926090245291e+00
-1.681421548351900608e+00
-1.683698672003669738e+00
-1.685974093153937758e+00
-1.688247934212977475e+00
-1.690519991605247352e+00
-1.692790390467023620e+00
-1.695058927478437560e+00
-1.697325730444177783e+00
-1.699590596242367857e+00
-1.701853655291288181e+00
-1.704114704611589204e+00
-1.706373877182684629e+00
-1.708630970114861203e+00
-1.710886118898422348e+00
-1.713139120682582339e+00
-1.715390113420577345e+00
-1.717638894251924730e+00
-1.719885603546860819e+00
-1.722130038388672624e+00
-1.724372341520766350e+00
-1.726612309925422917e+00
-1.728850088677152508e+00
-1.731085474614522335e+00
-1.733318615102960258e+00
-1.735549306796178692e+00
-1.737777699311992441e+00
-1.740003589079875290e+00
-1.742227127933172248e+00
-1.744448112039328480e+00
-1.746666695411898118e+00
-1.748882673919899933e+00
-1.751096203723365941e+00
-1.753307080357989101e+00
-1.755515462097850810e+00
-1.757721144111884071e+00
-1.759924286757149625e+00
-1.762124684803590968e+00
-1.764322500661476223e+00
-1.766517528670884296e+00
-1.768709933266791934e+00
-1.770899508329555117e+00
-1.773086420291593690e+00
-1.775270462544940031e+00
-1.777451803493220961e+00
-1.779630236012605726e+00
-1.781805930452788900e+00
-1.783978679147612212e+00
-1.786148654368728161e+00
-1.788315647882171566e+00
-1.790479833858428016e+00
-1.792641003471151517e+00
-1.794799332767467392e+00
-1.796954612305005972e+00
-1.799107019986312617e+00
-1.801256345730166908e+00
-1.803402769274081496e+00
-1.805546079876170440e+00
-1.807686459089238085e+00
-1.809823695489481521e+00
-1.811957972426304631e+00
-1.814089077773579195e+00
-1.816217196659270172e+00
-1.818342116235198702e+00
-1.820464023390596209e+00
-1.822582704536288567e+00
-1.824698348306030171e+00
-1.826810740351412221e+00
-1.828920071034808137e+00
-1.831026125230871271e+00
-1.833129095015197496e+00
-1.835228764468377571e+00
-1.837325327364630612e+00
-1.839418566974075908e+00
-1.841508678755290118e+00
-1.843595445151957612e+00
-1.845679063293558242e+00
-1.847759314781881601e+00
-1.849836398404279603e+00
-1.851910094905865112e+00
-1.853980604719284386e+00
-1.856047707718551321e+00
-1.858111605969623881e+00
-1.860172078461569178e+00
-1.862229328882057722e+00
-1.864283135321724627e+00
-1.866333703078928652e+00
-1.868380809332811587e+00
-1.870424660981813592e+00
-1.872465034281028062e+00
-1.874502137718667027e+00
-1.876535746613559930e+00
-1.878566071033972662e+00
-1.880592885350621524e+00
-1.882616401202353629e+00
-1.884636392000342164e+00
-1.886653070945015331e+00
-1.888666210476881879e+00
-1.890676025349297795e+00
-1.892682287021309584e+00
-1.894685211790795520e+00
-1.896684570125040770e+00
-1.898680579858449180e+00
-1.900673010456330525e+00
-1.902662081281967010e+00
-1.904647560788902405e+00
-1.906629669861896081e+00
-1.908608175933212747e+00
-1.910583301402070333e+00
-1.912554812670130833e+00
-1.914522933644303704e+00
-1.916487429686752009e+00
-1.918448526205438709e+00
-1.920405987514305357e+00
-1.922360040516299495e+00
-1.924310448468525614e+00
-1.926257439762899093e+00
-1.928200776591523669e+00
-1.930140688829540929e+00
-1.932076937596069799e+00
-1.934009754243925627e+00
-1.935938898811429665e+00
-1.937864604123835433e+00
-1.939786629131148299e+00
-1.941705208125953375e+00
-1.943620098962471232e+00
-1.945531537395947197e+00
-1.947439280177603038e+00
-1.949343564520637173e+00
-1.951244146066326346e+00
-1.953141263481412482e+00
-1.955034671290376336e+00
-1.956924609609322019e+00
-1.958810831839272515e+00
-1.960693579541561649e+00
-1.962572604987376179e+00
-1.964448151179465807e+00
-1.966319969252734445e+00
-1.968188303647687043e+00
-1.970052904356905055e+00
-1.971914017255025131e+00
-1.973771391186184054e+00
-1.975625273455966724e+00
-1.977475411754168189e+00
-1.979322054814034448e+00
-1.981164949165390432e+00
-1.983004344966087684e+00
-1.984839987580238940e+00
-1.986672128587440023e+00
-1.988500512180773061e+00
-1.990325391358726659e+00
-1.992146509137929788e+00
-1.993964119933214763e+00
-1.995777965579491831e+00
-1.997588301905442121e+00
-1.999394869559241616e+00
-2.001197925780929143e+00
-2.002997210026913333e+00
-2.004792980946505931e+00
-2.006584976799326903e+00
-2.008373457641863702e+00
-2.010158160532220073e+00
-2.011939346931931993e+00
-2.013716752692915612e+00
-2.015490640679925338e+00
-2.017260745534089850e+00
-2.019027331521545232e+00
-2.020790132068083444e+00
-2.022549412839608429e+00
-2.024304906042184715e+00
-2.026056878739824096e+00
-2.027805061914531581e+00
-2.029549724027039037e+00
-2.031290594830943874e+00
-2.033027944182306257e+00
-2.034761500602161988e+00
-2.036491535340663628e+00
-2.038217775682117594e+00
-2.039940494269546711e+00
-2.041659417146585387e+00
-2.043374818347980071e+00
-2.045086422672658166e+00
-2.046794505546162490e+00
-2.048498790518797463e+00
-2.050199554405897739e+00
-2.051896519505358452e+00
-2.053589964021493408e+00
-2.055279608996002150e+00
-2.056965734021283687e+00
-2.058648058879173348e+00
-2.060326864549585579e+00
-2.062001869550750044e+00
-2.063673356249403401e+00
-2.065341041896644025e+00
-2.067005210245479674e+00
-2.068665577276267431e+00
-2.070322428127866932e+00
-2.071975477506376340e+00
-2.073625011936059526e+00
-2.075270744845329585e+00
-2.076912964143513562e+00
-2.078551381977963519e+00
-2.080186287642731724e+00
-2.081817392000763434e+00
-2.083444985730634080e+00
-2.085068778407551893e+00
-2.086689062094452929e+00
-2.088305545075550551e+00
-2.089918520798046853e+00
-2.091527696251894053e+00
-2.093133366268554951e+00
-2.094735236540520518e+00
-2.096333603283511149e+00
-2.097928170889417299e+00
-2.099519236958262258e+00
-2.101106504578232226e+00
-2.102690272733801713e+00
-2.104270243206336488e+00
-2.105846716364902171e+00
-2.107419392681078474e+00
-2.108988573908693986e+00
-2.110553959206480812e+00
-2.112115851713379122e+00
-2.113673949272263819e+00
-2.115228556407501959e+00
-2.116779369643144282e+00
-2.118326694889341333e+00
-2.119870227348424230e+00
-2.121410274316736011e+00
-2.122946529671961180e+00
-2.124479302097073141e+00
-2.126008284142257843e+00
-2.127533785877694594e+00
-2.129055498523121148e+00
-2.130573733536475167e+00
-2.132088180804234678e+00
-2.133599153172633045e+00
-2.135106339192213820e+00
-2.136610053098071837e+00
-2.138109982101932260e+00
-2.139606441828565853e+00
-2.141099118148037661e+00
-2.142588328075402782e+00
-2.144073756136519737e+00
-2.145555720737435390e+00
-2.147033905056898728e+00
-2.148508628892913830e+00
-2.149979574074369459e+00
-2.151447061791964988e+00
-2.152910772522168781e+00
-2.154371028849124237e+00
-2.155827509894185923e+00
-2.157280539635976879e+00
-2.158729795837988963e+00
-2.160175603874176620e+00
-2.161617640147565300e+00
-2.163056231428507115e+00
-2.164491052756866374e+00
-2.165922432300273925e+00
-2.167350043732951814e+00
-2.168774216620797279e+00
-2.170194623269734890e+00
-2.171611594645067367e+00
-2.173024801681759044e+00
-2.174434576745613246e+00
-2.175840589398075675e+00
-2.177243173406563592e+00
-2.178641996956445670e+00
-2.180037395217860663e+00
-2.181429034997496519e+00
-2.182817252869476921e+00
-2.184201714259235594e+00
-2.185582757146097066e+00
-2.186960045571705979e+00
-2.188333918921684162e+00
-2.189704039851438910e+00
-2.191070749154305108e+00
-2.192433708096712230e+00
-2.193793258881004515e+00
-2.195149061382263955e+00
-2.196501459213065832e+00
-2.197850110854560057e+00
-2.199195361331039322e+00
-2.200536867727101775e+00
-2.201874976480076018e+00
-2.203209343275723153e+00
-2.204540315965712871e+00
-2.205867548834271386e+00
-2.207191391149002868e+00
-2.208511495790149048e+00
-2.209828213442615485e+00
-2.211141195580140550e+00
-2.212450794306401569e+00
-2.213756659686236361e+00
-2.215059145243540417e+00
-2.216357899631700601e+00
-2.217653277796437727e+00
-2.218944926977129750e+00
-2.220233203542913536e+00
-2.221517753316686772e+00
-2.222798934092536705e+00
-2.224076390274368542e+00
-2.225350481082843501e+00
-2.226620849500420274e+00
-2.227887856175950532e+00
-2.229151142667928465e+00
-2.230411071055001582e+00
-2.231667281469254860e+00
-2.232920137420797424e+00
-2.234169277612837679e+00
-2.235415066988636124e+00
-2.236657142819955979e+00
-2.237895871484980148e+00
-2.239130888821571297e+00
-2.240362562644482303e+00
-2.241590527355199036e+00
-2.242815152206879326e+00
-2.244036070162094276e+00
-2.245253651914127513e+00
-2.246467528984205320e+00
-2.247678073507515695e+00
-2.248884915561379483e+00
-2.250088428724791978e+00
-2.251288241628683462e+00
-2.252484729297637323e+00
-2.253677518913662414e+00
-2.254866986948857122e+00
-2.256052759133804209e+00
-2.257235213389871209e+00
-2.258413973993825596e+00
-2.259589420318260711e+00
-2.260761175183470417e+00
-2.261929619415206538e+00
-2.263094374374862383e+00
-2.264255822343248514e+00
-2.265413583220249105e+00
-2.266568040743825563e+00
-2.267718813349807405e+00
-2.268866286235187157e+00
-2.270010076369251451e+00
-2.271150570410053415e+00
-2.272287383857793941e+00
-2.273420904833553191e+00
-2.274550747365954528e+00
-2.275677301041150624e+00
-2.276800178413571185e+00
-2.277919770536518396e+00
-2.279035688487730749e+00
-2.280148324789674330e+00
-2.281257289040842018e+00
-2.282362975235002978e+00
-2.283464991488790119e+00
-2.284563733269366903e+00
-2.285658807208940324e+00
-2.286750610250278370e+00
-2.287838747538539330e+00
-2.288923617494143414e+00
-2.290004823772706199e+00
-2.291082766274483706e+00
-2.292157047162917571e+00
-2.293228067820285432e+00
-2.294295428915251289e+00
-2.295359533314320633e+00
-2.296419980188777465e+00
-2.297477173891536495e+00
-2.298530712093901140e+00
-2.299581000637489936e+00
-2.300627635690905226e+00
-2.301671024586775083e+00
-2.302710761988444599e+00
-2.303747256721661696e+00
-2.304780101941898529e+00
-2.305809707970486677e+00
-2.306835666452225819e+00
-2.307858389206285832e+00
-2.308877466364286590e+00
-2.309893311245507785e+00
-2.310905512465649458e+00
-2.311914484846505857e+00
-2.312919815485187325e+00
-2.313921920708286173e+00
-2.314920386091727789e+00
-2.315915629469299741e+00
-2.316907234892939815e+00
-2.317895621706081322e+00
-2.318880372433957504e+00
-2.319861907932078804e+00
-2.320839809196233894e+00
-2.321814498596423970e+00
-2.322785555596328599e+00
-2.323753404082840479e+00
-2.324717621984780269e+00
-2.325678634708420844e+00
-2.326636018645031001e+00
-2.327590200722627234e+00
-2.328540755792156691e+00
-2.329488112306032921e+00
-2.330431843572043693e+00
-2.331372379569466524e+00
-2.332309292060165351e+00
-2.333243012552851159e+00
-2.334173111260646749e+00
-2.335100021224203903e+00
-2.336023311105221101e+00
-2.336943415478794250e+00
-2.337859901452281619e+00
-2.338773205137887778e+00
-2.339682892085891197e+00
-2.340589399948164839e+00
-2.341492292714942192e+00
-2.342392009580468670e+00
-2.343288112972179871e+00
-2.344181043629206318e+00
-2.345070362413297804e+00
-2.345956511611225093e+00
-2.346839050516185132e+00
-2.347718422965126006e+00
-2.348594186679862084e+00
-2.349466787050347172e+00
-2.350335780223924420e+00
-2.351201613146305824e+00
-2.352063840387523364e+00
-2.352922910451669125e+00
-2.353778376328672373e+00
-2.354630688083645840e+00
-2.355479397123397600e+00
-2.356324955076980032e+00
-2.357166911765090855e+00
-2.358005720383424375e+00
-2.358840929163660061e+00
-2.359672992870911923e+00
-2.360501458144849796e+00
-2.361326781322833135e+00
-2.362148507449517432e+00
-2.362967094437337323e+00
-2.363782085732959004e+00
-2.364593940826685614e+00
-2.365402201564168028e+00
-2.366207329016511984e+00
-2.367008863425241749e+00
-2.367807267445154462e+00
-2.368602079710679931e+00
-2.369393764463109786e+00
-2.370181858726711166e+00
-2.370966828332251808e+00
-2.371748208690764415e+00
-2.372526467225341662e+00
-2.373301137730705168e+00
-2.374072689225290578e+00
-2.374840653884365604e+00
-2.375605502324646956e+00
-2.376366765098856249e+00
-2.377124914424979973e+00
-2.377879479230031734e+00
-2.378630933336272513e+00
-2.379378804041886397e+00
-2.380123566776423782e+00
-2.380864747206014709e+00
-2.381602822370536998e+00
-2.382337316300991770e+00
-2.383068707650594753e+00
-2.383796518811942988e+00
-2.384521230054687635e+00
-2.385242362129872618e+00
-2.385960396926654514e+00
-2.386674853551241426e+00
-2.387386215515452381e+00
-2.388094000277421802e+00
-2.388798692974690940e+00
-2.389499809414119547e+00
-2.390197836362136119e+00
-2.390892287970955543e+00
-2.391583652639113655e+00
-2.392271442860927522e+00
-2.392956148670171146e+00
-2.393637280899969522e+00
-2.394315331222458987e+00
-2.394989808806330167e+00
-2.395661206965323586e+00
-2.396329033200225389e+00
-2.396993782469760692e+00
-2.397654960603465391e+00
-2.398313064208076550e+00
-2.398967597438632193e+00
-2.399619058553255080e+00
-2.400266950029021462e+00
-2.400911771778709625e+00
-2.401553024597946617e+00
-2.402191210057581738e+00
-2.402825827268385783e+00
-2.403457379462538679e+00
-2.404085364062508390e+00
-2.404710285965150796e+00
-2.405331640901249735e+00
-2.405949935435593989e+00
-2.406564663603800724e+00
-2.407176333642105259e+00
-2.407784437887352524e+00
-2.408389486250604339e+00
-2.408990969366478829e+00
-2.409589398824247830e+00
-2.410184263552835660e+00
-2.410776076823093028e+00
-2.411364325854706170e+00
-2.411949525603583222e+00
-2.412531161576540573e+00
-2.413109750418114707e+00
-2.413684775918639502e+00
-2.414256756414723259e+00
-2.414825173976660189e+00
-2.415390548636650259e+00
-2.415952360741230986e+00
-2.416511132021808894e+00
-2.417066341097583226e+00
-2.417618511402576331e+00
-2.418167119825049838e+00
-2.418712691505277235e+00
-2.419254701596825985e+00
-2.419793676949804073e+00
-2.420329090979390418e+00
-2.420861472249184576e+00
-2.421390292432237246e+00
-2.421916081809269983e+00
-2.422438310307398979e+00
-2.422957509928160835e+00
-2.423473148849115688e+00
-2.423985760796121269e+00
-2.424494812193356275e+00
-2.425000838494840494e+00
-2.425503304367538249e+00
-2.426002746997300896e+00
-2.426498629290025910e+00
-2.426991490167173193e+00
-2.427480790769783070e+00
-2.427967071758614814e+00
-2.428449792506006233e+00
-2.428929495415784512e+00
-2.429405638087624997e+00
-2.429878764672370295e+00
-2.430348330993106210e+00
-2.430814882951372269e+00
-2.431277874589832688e+00
-2.431737853564579055e+00
-2.432194272133848312e+00
-2.432647679712188982e+00
-2.433097526769453012e+00
-2.433544364482445932e+00
-2.433987641528709833e+00
-2.434427910851232557e+00
-2.434864619331189139e+00
-2.435298321681668821e+00
-2.435728462983428599e+00
-2.436155599723696330e+00
-2.436579175178673839e+00
-2.436999747613689316e+00
-2.437416758496370850e+00
-2.437830767874046067e+00
-2.438241215401754314e+00
-2.438648662912856313e+00
-2.439052548245530083e+00
-2.439453435023284822e+00
-2.439850759263403113e+00
-2.440245086383444839e+00
-2.440635850575669341e+00
-2.441023619055825655e+00
-2.441407824186842657e+00
-2.441789034986803220e+00
-2.442166681985129983e+00
-2.442541336006398556e+00
-2.442912425742221227e+00
-2.443280523827754624e+00
-2.443645057112613372e+00
-2.444006600046732203e+00
-2.444364577633416413e+00
-2.444719566141500433e+00
-2.445070988723707650e+00
-2.445419423472073639e+00
-2.445764291684314529e+00
-2.446106173279907647e+00
-2.446444487697226666e+00
-2.446779816687419729e+00
-2.447111577825214379e+00
-2.447440354697638210e+00
-2.447765563011362389e+00
-2.448087788193637593e+00
-2.448406444078647048e+00
-2.448722117938224141e+00
-2.449034221729496696e+00
-2.449343344573285730e+00
-2.449648896545277843e+00
-2.449951468619578687e+00
-2.450250468985893271e+00
-2.450546490476074979e+00
-2.450838939389313964e+00
-2.451128410419586068e+00
-2.451414307971038653e+00
-2.451697228604217571e+00
-2.451976574823679922e+00
-2.452252945060998002e+00
-2.452525739916483261e+00
-2.452795559697310779e+00
-2.453061803094852777e+00
-2.453325072296401732e+00
-2.453584764079791647e+00
-2.453841482516934125e+00
-2.454094622467433595e+00
-2.454344789892450862e+00
-2.454591377728612578e+00
-2.454834993830918854e+00
-2.455075029208268145e+00
-2.455312093614117064e+00
-2.455545576124916529e+00
-2.455776088397197743e+00
-2.456003017570200786e+00
-2.456226977208199269e+00
-2.456447352508280169e+00
-2.456664758947331162e+00
-2.456878579775428673e+00
-2.457089432386655670e+00
-2.457296698079279640e+00
-2.457500996169356355e+00
-2.457701705998479813e+00
-2.457899448809383269e+00
-2.458093601982000109e+00
-2.458284788690651812e+00
-2.458472384348643125e+00
-2.458657014066655044e+00
-2.458838051286397874e+00
-2.459016123059821535e+00
-2.459190600851947739e+00
-2.459362113660907845e+00
-2.459530030969996339e+00
-2.459694983728422102e+00
-2.459856339432744399e+00
-2.460014730988078213e+00
-2.460169523899152111e+00
-2.460321353032077329e+00
-2.460469581894519475e+00
-2.460614847318566500e+00
-2.460756510809697595e+00
-2.460895211170970764e+00
-2.461030307900494929e+00
-2.461162441777376308e+00
-2.461290970287075552e+00
-2.461416536189883431e+00
-2.461538494953327216e+00
-2.461657491323859581e+00
-2.461772878745962512e+00
-2.461885303957468185e+00
-2.461994118374251084e+00
-2.462099970730771581e+00
-2.462202210409002667e+00
-2.462301488145148376e+00
-2.462397151281976893e+00
-2.462489852562608661e+00
-2.462578937285178071e+00
-2.462665060205051049e+00
-2.462747564570194836e+00
-2.462827107153507722e+00
-2.462903029147358147e+00
-2.462975989347464534e+00
-2.463045326885098252e+00
-2.463111702584104723e+00
-2.463174453509152428e+00
-2.463234242517556627e+00
-2.463290404601746530e+00
-2.463343604658029928e+00
-2.463393175600938179e+00
-2.463439784371143748e+00
-2.463482761799727694e+00
-2.463522776877144604e+00
-2.463559158345315137e+00
-2.463592577249988480e+00
-2.463622360238205911e+00
-2.463649180416583651e+00
-2.463672362331470023e+00
-2.463692581155918937e+00
-2.463709159329870779e+00
-2.463722774098307866e+00
-2.463732745788948186e+00
-2.463739753724391690e+00
-2.463743116114206266e+00
-2.463743514364314269e+00
-2.463740264560245308e+00
-2.463734050196880077e+00
-2.463724185229789310e+00
-2.463711355248513701e+00
-2.463694872072800024e+00
-2.463675423392525321e+00
-2.463652318885536818e+00
-2.463626248347940084e+00
-2.463596519309630750e+00
-2.463563823678700082e+00
-2.463527466831078705e+00
-2.463488142792633617e+00
-2.463445154779255297e+00
-2.463399198940473322e+00
-2.463349576325947865e+00
-2.463296985214842749e+00
-2.463240724484291544e+00
-2.463181494549124384e+00
-2.463118592107793603e+00
-2.463052719716607442e+00
-2.462983171889173928e+00
-2.462910653329293709e+00
-2.462834456359357826e+00
-2.462755287836777551e+00
-2.462672437886379129e+00
-2.462586615525240497e+00
-2.462497108674212232e+00
-2.462404628516168703e+00
-2.462308460761667206e+00
-2.462209318765431032e+00
-2.462106486021225837e+00
-2.462000678061896153e+00
-2.461891176157861238e+00
-2.461778698026312995e+00
-2.461662522707805056e+00
-2.461543370110091722e+00
-2.461420517037296030e+00
-2.461294685594068721e+00
-2.461165150341437347e+00
-2.461032635587251161e+00
-2.460896413642800429e+00
-2.460757211025488722e+00
-2.460614297790145955e+00
-2.460468402670167087e+00
-2.460318793457151543e+00
-2.460166201106873896e+00
-2.460009891140984895e+00
-2.459850596744065587e+00
-2.459687581160947101e+00
-2.459521579811558833e+00
-2.459351853657046227e+00
-2.459179140359240456e+00
-2.459002698588643288e+00
-2.458823268255540206e+00
-2.458640105732836645e+00
-2.458453953185890661e+00
-2.458264064683038264e+00
-2.458071184651356322e+00
-2.457874564847474907e+00
-2.457674951966935417e+00
-2.457471595447574764e+00
-2.457265244260070425e+00
-2.457055145516351402e+00
-2.456842050469022265e+00
-2.456625203896817045e+00
-2.456405359341122363e+00
-2.456181759240327001e+00
-2.455955159431299162e+00
-2.455724800004784214e+00
-2.455491439100124573e+00
-2.455254314452985032e+00
-2.455014186512165075e+00
-2.454770290650862385e+00
-2.454523389634159170e+00
-2.454272716465507820e+00
-2.454019036233288542e+00
-2.453761579563558115e+00
-2.453501113875073969e+00
-2.453236867409033461e+00
-2.452969609921642036e+00
-2.452698567261588636e+00
-2.452424511529676554e+00
-2.452146666174448875e+00
-2.451865805648369534e+00
-2.451581150992268920e+00
-2.451293479017492949e+00
-2.451002008349255412e+00
-2.450707518165138321e+00
-2.450409224666941999e+00
-2.450107909405675244e+00
-2.449802786151933365e+00
-2.449494638837465210e+00
-2.449182678793750068e+00
-2.448867692340667812e+00
-2.448548888362549913e+00
-2.448227055574812017e+00
-2.447901400406712114e+00
-2.447572713976575720e+00
-2.447240200250483166e+00
-2.446904652757257104e+00
-2.446565272991570339e+00
-2.446222856900263309e+00
-2.445876603498527757e+00
-2.445527311158662620e+00
-2.445174176408216660e+00
-2.444818000052535023e+00
-2.444457976123141307e+00
-2.444094907866209532e+00
-2.443727986808795549e+00
-2.443358018645595209e+00
-2.442984192390840636e+00
-2.442607316195401168e+00
-2.442226576552239070e+00
-2.441842784076174055e+00
-2.441455122730340488e+00
-2.441064405601403031e+00
-2.440669814113969327e+00
-2.440272163834424912e+00
-2.439870633640274455e+00
-2.439466041585381273e+00
-2.439057563991499755e+00
-2.438646021408034770e+00
-2.438230587592010501e+00
-2.437812085596425149e+00
-2.437389686604778838e+00
-2.436964216181584764e+00
-2.436534842927979394e+00
-2.436102394928087556e+00
-2.435666038191616423e+00
-2.435226603330530537e+00
-2.434783253754001731e+00
-2.434336822609870943e+00
-2.433886470697848470e+00
-2.433433033709872184e+00
-2.432975669826799248e+00
-2.432515217293051535e+00
-2.432050831661482171e+00
-2.431583353737090558e+00
-2.431111936435420784e+00
-2.430637423130542540e+00
-2.430158964091239326e+00
-2.429677405268988899e+00
-2.429191894276356845e+00
-2.428703279650707092e+00
-2.428210706338774560e+00
-2.427715025472354959e+00
-2.427215379322801514e+00
-2.426712621624674160e+00
-2.426205891964408945e+00
-2.425696046687941809e+00
-2.425182222686875999e+00
-2.424665278927243151e+00
-2.424144349595974024e+00
-2.423620296287828602e+00
-2.423092250475234355e+00
-2.422561076390310042e+00
-2.422025902781005602e+00
-2.421487596525587538e+00
-2.420945283637437662e+00
-2.420399833649826693e+00
-2.419850369831394232e+00
-2.419297764379262361e+00
-2.418741137807105090e+00
-2.418181364984794968e+00
-2.417617563660809488e+00
-2.417050611386723613e+00
-2.416479623135357802e+00
-2.415905479149014656e+00
-2.415327291614465910e+00
-2.414745943473704415e+00
-2.414160544117016638e+00
-2.413571979195131778e+00
-2.412979355291163586e+00
-2.412383560773875057e+00
-2.411783699408442505e+00
-2.411180662290808296e+00
-2.410573550357526962e+00
-2.409963257440937312e+00
-2.409348881638042172e+00
-2.408731319526993264e+00
-2.408109666354269596e+00
-2.407484821453147017e+00
-2.406855877208604166e+00
-2.406223735718388657e+00
-2.405587486494888960e+00
-2.404948034409831958e+00
-2.404304466091828907e+00
-2.403657689196045499e+00
-2.403006787456057669e+00
-2.402352671320060029e+00
-2.401694421615191199e+00
-2.401032951592373177e+00
-2.400367339160839109e+00
-2.399698500383850686e+00
-2.399025510241244774e+00
-2.398349287618455783e+00
-2.397668904554200786e+00
-2.396985282765935921e+00
-2.396297491339552277e+00
-2.395606454834351418e+00
-2.394911239371644740e+00
-2.394212772362528163e+00
-2.393510116951865108e+00
-2.392804203412439712e+00
-2.392094091900754727e+00
-2.391380715561461479e+00
-2.390663131550505138e+00
-2.389942275894516577e+00
-2.389217202736847678e+00
-2.388488850996276280e+00
-2.387756271791243723e+00
-2.387020406943013651e+00
-2.386280304532860441e+00
-2.385536909294784902e+00
-2.384789266260520790e+00
-2.384038323087184885e+00
-2.383283121744473654e+00
-2.382524612823192278e+00
-2.381761835218390910e+00
-2.380995742465075615e+00
-2.380225370371014559e+00
-2.379451675426062174e+00
-2.378673690337989921e+00
-2.377892374562180500e+00
-2.377106757693544736e+00
-2.376317802163880444e+00
-2.375524534442244207e+00
-2.374727919947802413e+00
-2.373926982010766906e+00
-2.373122689048535072e+00
-2.372314061239519933e+00
-2.371502070010383711e+00
-2.370685732374507193e+00
-2.369866022778998715e+00
-2.369041955059023152e+00
-2.368214506693343768e+00
-2.367382688325528672e+00
-2.366547480477470877e+00
-2.365707890587644524e+00
-2.364864902232448163e+00
-2.364017519631950393e+00
-2.363166729428481716e+00
-2.362311532610110731e+00
-2.361452918896856268e+00
-2.360589886031106754e+00
-2.359723426822283088e+00
-2.358852535753421353e+00
-2.357978208735208803e+00
-2.357099436977498019e+00
-2.356217219504224136e+00
-2.355330544238277035e+00
-2.354440413328846571e+00
-2.353545811397975918e+00
-2.352647743732299901e+00
-2.351745191638903609e+00
-2.350839163554401701e+00
-2.349928637456797809e+00
-2.349014624944987695e+00
-2.348096100653876306e+00
-2.347174079357253085e+00
-2.346247532332669916e+00
-2.345317477541462470e+00
-2.344382882889670228e+00
-2.343444769538995942e+00
-2.342502102009592857e+00
-2.341555904676603017e+00
-2.340605138659761053e+00
-2.339650831560781796e+00
-2.338691941084761083e+00
-2.337729498073087608e+00
-2.336762456801586119e+00
-2.335791851364966476e+00
-2.334816632595145602e+00
-2.333837837853653507e+00
-2.332854414513921171e+00
-2.331867403218041090e+00
-2.330875747866342440e+00
-2.329880492395223435e+00
-2.328880577217300019e+00
-2.327877049577315116e+00
-2.326868846385309109e+00
-2.325857018208721261e+00
-2.324840498440101211e+00
-2.323820340983966837e+00
-2.322795475700591972e+00
-2.321766959846109479e+00
-2.320733719733563127e+00
-2.319696815985384575e+00
-2.318655171352532740e+00
-2.317609849838702996e+00
-2.316559770617652614e+00
-2.315506001089502330e+00
-2.314447456835832195e+00
-2.313385208668368609e+00
-2.312318168561477094e+00
-2.311247410754035059e+00
-2.310171843598068264e+00
-2.309092544775294797e+00
-2.308008419000216804e+00
-2.306920547413278122e+00
-2.305827831076306289e+00
-2.304731354604625526e+00
-2.303630015392104990e+00
-2.302524901545210945e+00
-2.301414906774690294e+00
-2.300301122694680345e+00
-2.299182439317521087e+00
-2.298059951781692423e+00
-2.296932546385844542e+00
-2.295801321809810780e+00
-2.294665160623188260e+00
-2.293525165064340676e+00
-2.292380213958419954e+00
-2.291231413119770632e+00
-2.290077637613737949e+00
-2.288919996848251426e+00
-2.287757362113405080e+00
-2.286590846428599999e+00
-2.285419317293321484e+00
-2.284243891356485978e+00
-2.283063432311473129e+00
-2.281879060455096475e+00
-2.280689635659212122e+00
-2.279496281887028797e+00
-2.278297855173373243e+00
-2.277095483166789780e+00
-2.275888018049491368e+00
-2.274676591174391582e+00
-2.273460050855530934e+00
-2.272239532169651799e+00
-2.271013879546988523e+00
-2.269784231807629116e+00
-2.268549429482479951e+00
-2.267310615154844999e+00
-2.266066625440622317e+00
-2.264818606706445525e+00
-2.263565391637622604e+00
-2.262308130404429463e+00
-2.261045651745905882e+00
-2.259779109656603779e+00
-2.258507328913635259e+00
-2.257231467356737742e+00
-2.255950345785345590e+00
-2.254665125905548351e+00
-2.253374624523289071e+00
-2.252080007232555303e+00
-2.250780086830059368e+00
-2.249476032819237581e+00
-2.248166653971794826e+00
-2.246853123722689194e+00
-2.245534246802681544e+00
-2.244211200600567224e+00
-2.242882785790293543e+00
-2.241550183736961799e+00
-2.240212191041837553e+00
-2.238869993069150244e+00
-2.237522382331406323e+00
-2.236170548215166143e+00
-2.234813279128244012e+00
-2.233451768502682899e+00
-2.232084800625723453e+00
-2.230713572998554994e+00
-2.229336865771581522e+00
-2.227955880539217670e+00
-2.226569393298868160e+00
-2.225178609762310522e+00
-2.223782301757715185e+00
-2.222381679138820676e+00
-2.220975509548344107e+00
-2.219565007006596868e+00
-2.218148934954542462e+00
-2.216728511604165508e+00
-2.215302496178272573e+00
-2.213872111105888774e+00
-2.212436111375148950e+00
-2.210995723657677825e+00
-2.209549698690475239e+00
-2.208099267413652811e+00
-2.206643176296402942e+00
-2.205182660573492992e+00
-2.203716462429703871e+00
-2.202245821420822480e+00
-2.200769475430282451e+00
-2.199288668361788712e+00
-2.197802133780554446e+00
-2.196311119965109970e+00
-2.194814356145454504e+00
-2.193313095002195290e+00
-2.191806061413085871e+00
-2.190294512488278222e+00
-2.188777168736086409e+00
-2.187255291724048867e+00
-2.185727597573664749e+00
-2.184195352337967133e+00
-2.182657267734137818e+00
-2.181114614329071610e+00
-2.179566099418055014e+00
-2.178012998110387510e+00
-2.176454013261863274e+00
-2.174890424552941237e+00
-2.173320930382036220e+00
-2.171746815030020983e+00
-2.170166772419806822e+00
-2.168582091462046613e+00
-2.166991461586005308e+00
-2.165396176361754410e+00
-2.163794920706616498e+00
-2.162188992879932936e+00
-2.160577073268489467e+00
-2.158960464851103822e+00
-2.157337843465394478e+00
-2.155710516839929980e+00
-2.154077156244292635e+00
-2.152439074187479928e+00
-2.150794937351966141e+00
-2.149146063057986389e+00
-2.147491113381602368e+00
-2.145831410485566693e+00
-2.144165611819897954e+00
-2.142495044421096839e+00
-2.140818361093617117e+00
-2.139136893779308046e+00
-2.137449290616944442e+00
-2.135756888485584870e+00
-2.134058330838261686e+00
-2.132354959523203863e+00
-2.130645413287219014e+00
-2.128931038979991364e+00
-2.127210470621504701e+00
-2.125485060095333445e+00
-2.123753436673628148e+00
-2.122016957306643636e+00
-2.120274246497473758e+00
-2.118526666295982075e+00
-2.116772836414707815e+00
-2.115014124036163512e+00
-2.113249144060611595e+00
-2.111479268836678802e+00
-2.109703108430133423e+00
-2.107922040389241580e+00
-2.106134669923031666e+00
-2.104342379813076036e+00
-2.102543770388939581e+00
-2.100740229699569639e+00
-2.098930353171990504e+00
-2.097115534156584360e+00
-2.095294363154616590e+00
-2.093468238852314034e+00
-2.091635746801275619e+00
-2.089798291058228674e+00
-2.087954452201175481e+00
-2.086105639692017899e+00
-2.084250429110673597e+00
-2.082390235359168784e+00
-2.080523628994737084e+00
-2.078652030394574801e+00
-2.076774005067949069e+00
-2.074890978902669936e+00
-2.073001512334541552e+00
-2.071107036797465994e+00
-2.069206107627767022e+00
-2.067300161841173267e+00
-2.065387749648313509e+00
-2.063470313682572499e+00
-2.061546399001978891e+00
-2.059617453893789030e+00
-2.057682018236333565e+00
-2.055741546006797815e+00
-2.053794571876317754e+00
-2.051842555548490488e+00
-2.049884026459167785e+00
-2.047920450075012333e+00
-2.045950350567995457e+00
-2.043975199204723037e+00
-2.041993514864461456e+00
-2.040006774650547694e+00
-2.038013492120226200e+00
-2.036015150250829908e+00
-2.034010257247571118e+00
-2.032000301999091985e+00
-2.029983787328370592e+00
-2.027962208072829675e+00
-2.025934061642376438e+00
-2.023900848860936019e+00
-2.021861061693969397e+00
-2.019816206989881291e+00
-2.017764771237810617e+00
-2.015708267348659710e+00
-2.013645176303020978e+00
-2.011577017112577526e+00
-2.009502265216496664e+00
-2.007422445765616459e+00
-2.005336028624315148e+00
-2.003244545121353415e+00
-2.001146459512380016e+00
-1.999043309342856345e+00
-1.996933553225340274e+00
-1.994818734960951190e+00
-1.992697307484197378e+00
-1.990570820891162551e+00
-1.988437722402726093e+00
-1.986299568449362507e+00
-1.984154800502213600e+00
-1.982004981365812490e+00
-1.979848546724911618e+00
-1.977687065797974597e+00
-1.975518968446169366e+00
-1.973345830341870277e+00
-1.971166075484862557e+00
-1.968981286041813883e+00
-1.966789880112683520e+00
-1.964593446398914978e+00
-1.962390397061689162e+00
-1.960182327377938627e+00
-1.957967643530607038e+00
-1.955747947412975307e+00
-1.953521639189558456e+00
-1.951290327411313585e+00
-1.949052406183390929e+00
-1.946809490755988525e+00
-1.944559969133538457e+00
-1.942305463307007152e+00
-1.940044355138253351e+00
-1.937778273400985185e+00
-1.935505593771715604e+00
-1.933227951849226134e+00
-1.930943717081382571e+00
-1.928654531934526517e+00
-1.926358759584009483e+00
-1.924058049406460968e+00
-1.921750758260204917e+00
-1.919438542475240039e+00
-1.917119752547625788e+00
-1.914796051804095622e+00
-1.912465784332620711e+00
-1.910130620500333221e+00
-1.907788897940599471e+00
-1.905442294104894074e+00
-1.903089140124846868e+00
-1.900731120580579248e+00
-1.898366560054123298e+00
-1.895997150298917688e+00
-1.893621209298788521e+00
-1.891240436025524607e+00
-1.888853141815608483e+00
-1.886461032904439339e+00
-1.884062413931234969e+00
-1.881658998440645325e+00
-1.879249084324241093e+00
-1.876834392481929736e+00
-1.874413214006184880e+00
-1.871987277198717825e+00
-1.869554866301060381e+00
-1.867117717063355053e+00
-1.864674106823588584e+00
-1.862225778827664824e+00
-1.859771003456517358e+00
-1.857311531499467483e+00
-1.854845626326384167e+00
-1.852375046317988216e+00
-1.849898047778246957e+00
-1.847416396727858734e+00
-1.844928342349350325e+00
-1.842435658352282291e+00
-1.839936586741586222e+00
-1.837432908964987899e+00
-1.834922859792776029e+00
-1.832408228460812083e+00
-1.829887242447039153e+00
-1.827361698825784364e+00
-1.824829817724138215e+00
-1.822293404105712389e+00
-1.819750670687561245e+00
-1.817203430374008333e+00
-1.814649888411995482e+00
-1.812091865698457038e+00
-1.809527559949566600e+00
-1.806958800107213881e+00
-1.804383776295270136e+00
-1.801804325553690189e+00
-1.799218630351636872e+00
-1.796628535880665956e+00
-1.794032216892315068e+00
-1.791431526783723083e+00
-1.788824632524967484e+00
-1.786213395773582402e+00
-1.783595975653469390e+00
-1.780974242137975949e+00
-1.778346346439237058e+00
-1.775714166902472524e+00
-1.773075846761831054e+00
-1.770433272791013035e+00
-1.767784580179039500e+00
-1.765131664185283000e+00
-1.762472651885961472e+00
-1.759809447084018430e+00
-1.757140168673978264e+00
-1.754466729061175068e+00
-1.751787238888784959e+00
-1.749103619223848494e+00
-1.746413972387880209e+00
-1.743720228169711506e+00
-1.741020480497779577e+00
-1.738316667943650140e+00
-1.735606875970558072e+00
-1.732893051994313982e+00
-1.730173272939945051e+00
-1.727449495129926627e+00
-1.724719786877163985e+00
-1.721986113473919389e+00
-1.719246534546193805e+00
-1.716503024420043655e+00
-1.713753633958835954e+00
-1.711000346587294496e+00
-1.708241204329489005e+00
-1.705478199774446368e+00
-1.702709366029452775e+00
-1.699936704914374763e+00
-1.697158240541167151e+00
-1.694375984028025250e+00
-1.691587950412176022e+00
-1.688796160178471339e+00
-1.685998619208942229e+00
-1.683197357424385476e+00
-1.680390371470398048e+00
-1.677579700773858873e+00
-1.674763332661467263e+00
-1.671943316137541879e+00
-1.669117629126560365e+00
-1.666288330282303498e+00
-1.663453388042790193e+00
-1.660614870784434371e+00
-1.657770737373322145e+00
-1.654923065982885078e+00
-1.652069805820788106e+00
-1.649213044932665184e+00
-1.646350722780375087e+00
-1.643484937358138831e+00
-1.640613618293439435e+00
-1.637738873606465528e+00
-1.634858623000704947e+00
-1.631974984600999656e+00
-1.629085868096031842e+00
-1.626193401794937543e+00
-1.623295485279880213e+00
-1.620394257125094439e+00
-1.617487606713205128e+00
-1.614577682965721461e+00
-1.611662364971504502e+00
-1.608743812082541247e+00
-1.605819892998780141e+00
-1.602892777587171080e+00
-1.599960324062131622e+00
-1.597024712891425446e+00
-1.594083791706270459e+00
-1.591139751662242974e+00
-1.588190429708424833e+00
-1.585238027776588066e+00
-1.582280372033531002e+00
-1.579319675276838586e+00
-1.576353752789575902e+00
-1.573384828326271023e+00
-1.570410706183487326e+00
-1.567433621165166269e+00
-1.564451366477203287e+00
-1.561466188066873428e+00
-1.558475867944105087e+00
-1.555482663294675216e+00
-1.552484344825814544e+00
-1.549483181058634695e+00
-1.546476931289398893e+00
-1.543467875472995132e+00
-1.540453761385057740e+00
-1.537436880513996407e+00
-1.534414969003965012e+00
-1.531390329978191911e+00
-1.528360687836854526e+00
-1.525328357440939309e+00
-1.522291051332693934e+00
-1.519251096215568753e+00
-1.516206192658242413e+00
-1.513158679312859967e+00
-1.510106244657536623e+00
-1.507051239401086651e+00
-1.503991339812385641e+00
-1.500928908766475445e+00
-1.497861610202813054e+00
-1.494791819274158717e+00
-1.491717187468544648e+00
-1.488640102329588988e+00
-1.485558202770372649e+00
-1.482473888840485587e+00
-1.479384786752656611e+00
-1.476293309179254720e+00
-1.473197069505742807e+00
-1.470098493146014373e+00
-1.466995180529390153e+00
-1.463889569931979606e+00
-1.460779248696316923e+00
-1.457666668083473338e+00
-1.454549402216580356e+00
-1.451429915466394771e+00
-1.448305768602239585e+00
-1.445179439231303986e+00
-1.442048474632754873e+00
-1.438915365778983046e+00
-1.435777646320721468e+00
-1.432637820726501809e+00
-1.429493408878268923e+00
-1.426346928873843511e+00
-1.423195886683980227e+00
-1.420042814171133649e+00
-1.416885203250243030e+00
-1.413725599686191048e+00
-1.410561481191378252e+00
-1.407395407572910928e+00
-1.404224842191854172e+00
-1.401052359039931750e+00
-1.397875406975651602e+00
-1.394696574319974625e+00
-1.391513295275474738e+00
-1.388328172639604841e+00
-1.385138625803127965e+00
-1.381947272189632425e+00
-1.378751516219920870e+00
-1.375553990095967682e+00
-1.372352083107912790e+00
-1.369148442390959897e+00
-1.365940441941451589e+00
-1.362730743985351101e+00
-1.359516707059381435e+00
-1.356301008640636185e+00
-1.353080991637774178e+00
-1.349859348941996551e+00
-1.346633407662935600e+00
-1.343405876271761779e+00
-1.340174065905123335e+00
-1.336940700783148195e+00
-1.333703075892771484e+00
-1.330463931374769482e+00
-1.327220545886953706e+00
-1.323975675665502560e+00
-1.320726582856541542e+00
-1.317476039969695423e+00
-1.314221292453861212e+00
-1.310965129273063301e+00
-1.307704778990460115e+00
-1.304443047208911688e+00
-1.301177145413821234e+00
-1.297909896034629362e+00
-1.294638493284099967e+00
-1.291365776609141758e+00
-1.288088922751462917e+00
-1.284810788370107870e+00
-1.281528532533894316e+00
-1.278245029312042869e+00
-1.274957419895246247e+00
-1.271668595964533743e+00
-1.268375680623764934e+00
-1.265081583371205465e+00
-1.261783409011143942e+00
-1.258484085068442893e+00
-1.255180697831657310e+00
-1.251876193065242227e+00
-1.248567638321890438e+00
-1.245257997822806662e+00
-1.241944320160707660e+00
-1.238629588234768875e+00
-1.235310831449632385e+00
-1.231991051607722376e+00
-1.228667258693370012e+00
-1.225342473641868768e+00
-1.222013686780788699e+00
-1.218683938412334689e+00
-1.215350198966350881e+00
-1.212015528350406601e+00
-1.208676876851324522e+00
-1.205337324225209450e+00
-1.201993800365821041e+00
-1.198649405125590706e+00
-1.195301047750657153e+00
-1.191951848442363682e+00
-1.188598695539703209e+00
-1.185244729850536416e+00
-1.181886818542249751e+00
-1.178528123291902929e+00
-1.175165489825757525e+00
-1.171802100957965553e+00
-1.168434780698749620e+00
-1.165066733272613231e+00
-1.161694760693644302e+00
-1.158322088875365363e+00
-1.154945497550123878e+00
-1.151568234604632313e+00
-1.148187057198149841e+00
-1.144805235480856664e+00
-1.141419503741625707e+00
-1.138033154690173188e+00
-1.134642899441808739e+00
-1.131252053567765703e+00
-1.127857304700635721e+00
-1.124461991581556575e+00
-1.121062778044601194e+00
-1.117663026315659280e+00
-1.114259376108231558e+00
-1.110855213454259083e+00
-1.107447153617806768e+00
-1.104038606764993213e+00
-1.100626163374884614e+00
-1.097213258082770038e+00
-1.093796456239930714e+00
-1.090379217293165226e+00
-1.086958081115910968e+00
-1.083536532316049517e+00
-1.080111084931679288e+00
-1.076685249088907170e+00
-1.073255512625271635e+00
-1.069825411550087146e+00
-1.066391407127207369e+00
-1.062957061622101351e+00
-1.059518809343585666e+00
-1.056080239194442161e+00
-1.052637758138831314e+00
-1.049194982106464780e+00
-1.045748290318503582e+00
-1.042301326129985384e+00
-1.038850440611642778e+00
-1.035399304951394983e+00
-1.031944241653105721e+00
-1.028488950153989112e+00
-1.025029723965209305e+00
-1.021570291199561886e+00
-1.018106915939622992e+00
-1.014643355409774905e+00
-1.011175843818322040e+00
-1.007708167947337863e+00
-1.004236531674614241e+00
-1.000764751796503260e+00
-9.972890013934814224e-01
-9.938131277434596456e-01
-9.903332726516540507e-01
-9.868533143559868881e-01
-9.833693628970252565e-01
-9.798853279626548174e-01
-9.763972873277200204e-01
-9.729091826316843550e-01
-9.694170588704493774e-01
-9.659248901490213868e-01
-9.624286881584971365e-01
-9.589324599959071493e-01
-9.554321835087435932e-01
-9.519318993256772332e-01
-9.484275508983981418e-01
-9.449232129400607638e-01
-9.414147939406041221e-01
-9.379064032646196036e-01
-9.343939138597727734e-01
-9.308814703233710963e-01
-9.273649094656128966e-01
-9.238484117125901340e-01
-9.203277771265429008e-01
-9.168072225738177483e-01
-9.132825107423385713e-01
-9.097578955659524347e-01
-9.062291017154823214e-01
-9.027004208361203430e-01
-8.991675389218000136e-01
-8.956347859898000641e-01
-8.920978086797880513e-01
-8.885609760595714057e-01
-8.850198947190082155e-01
-8.814789734730514859e-01
-8.779337781472342783e-01
-8.743887580191921360e-01
-8.708394374161403384e-01
-8.672903068135532356e-01
-8.637368482859285601e-01
-8.601835942621579578e-01
-8.566259837885403794e-01
-8.530685920238973985e-01
-8.495068141890662616e-01
-8.459452689713309326e-01
-8.423793069460542293e-01
-8.388135911500442798e-01
-8.352434266697432719e-01
-8.316735217361791443e-01
-8.280991350789139727e-01
-8.245250209923342677e-01
-8.209463909557160877e-01
-8.173680462214366615e-01
-8.137851500986178488e-01
-8.102025517186781656e-01
-8.066153652733120127e-01
-8.030284887215233258e-01
-7.994369861616459350e-01
-7.958458053573199686e-01
-7.922499593079588287e-01
-7.886544465886914379e-01
-7.850542280634372760e-01
-7.814543541565206475e-01
-7.778497325276183538e-01
-7.742454665203081232e-01
-7.706364094875628457e-01
-7.670277187958959297e-01
-7.634141923540755936e-01
-7.598010426901879999e-01
-7.561830110949411266e-01
-7.525653664330435033e-01
-7.489427921651005127e-01
-7.453206147058666353e-01
-7.416934584338235048e-01
-7.380667085667512728e-01
-7.344349291077898467e-01
-7.308035653722811942e-01
-7.271671196512776714e-01
-7.235310986954575085e-01
-7.198899417017855518e-01
-7.162492182395701068e-01
-7.126033029821516873e-01
-7.089578297480721991e-01
-7.053071072079183379e-01
-7.016568349097235258e-01
-6.980012539903167612e-01
-6.943461312592849044e-01
-6.906856387343408565e-01
-6.870256120730221516e-01
-6.833601525316618241e-01
-6.796951662591687038e-01
-6.760246820481529140e-01
-6.723546782422660240e-01
-6.686791094055859475e-01
-6.650040278422043594e-01
-6.613233120570530810e-01
-6.576430901463538037e-01
-6.539571626561014872e-01
-6.502717353752999196e-01
-6.465805289186279392e-01
-6.428898287412587731e-01
-6.391932734776911706e-01
-6.354972302988929345e-01
-6.317952537301001481e-01
-6.280937947880715910e-01
-6.243863216749415690e-01
-6.206793714678284779e-01
-6.169663237428495428e-01
-6.132538039412255282e-01
-6.095351006159905882e-01
-6.058169299702921284e-01
-6.020924870376691551e-01
-5.983685812802214121e-01
-5.946383116110890432e-01
-5.909085833527907283e-01
-5.871723965863123729e-01
-5.834367552070716112e-01
-5.796945576349987750e-01
-5.759529091676905965e-01
-5.722046036113038747e-01
-5.684568506189215942e-01
-5.647023362988840001e-01
-5.609483777440893437e-01
-5.571875501418370735e-01
-5.534272812486686899e-01
-5.496600319597908513e-01
-5.458933440664041070e-01
-5.421195606441571169e-01
-5.383463410468034560e-01
-5.345659068359149835e-01
-5.307860386225121685e-01
-5.269988325821752806e-01
-5.232121944550957027e-01
-5.194180909702136306e-01
-5.156245570575884729e-01
-5.118234257373744933e-01
-5.080228653915911385e-01
-5.042145708545782146e-01
-5.004068484371142489e-01
-4.965912500810845676e-01
-4.927762247325370715e-01
-4.889531764885521881e-01
-4.851307018824215223e-01
-4.813000519511111408e-01
-4.774699760300016305e-01
-4.736315665988434787e-01
-4.697937312916792285e-01
-4.659473982311397866e-01
-4.621016391492739905e-01
-4.582472116864396705e-01
-4.543933577970423743e-01
-4.505306581639648700e-01
-4.466685314383507244e-01
-4.427973744931557043e-01
-4.389267895276525722e-01
-4.350469823453981810e-01
-4.311677459522205713e-01
-4.272790873826236568e-01
-4.233909981473641393e-01
-4.194932783360451611e-01
-4.155961261387533523e-01
-4.116891260079747483e-01
-4.077826915037277011e-01
-4.038661821884144132e-01
-3.999502362432736935e-01
-3.960239784774206573e-01
-3.920982815546370515e-01
-3.881620250024945817e-01
-3.842263264934622224e-01
-3.802798090193091340e-01
-3.763338465131117472e-01
-3.723767933821665044e-01
-3.684202918663077031e-01
-3.644524148686226761e-01
-3.604850858527546276e-01
-3.565060823408123247e-01
-3.525276228939632217e-01
-3.485371747226548300e-01
-3.445472664130824758e-01
-3.405450387697896986e-01
-3.365433464946629982e-01
-3.325289866046935439e-01
-3.285151572953092791e-01
-3.244882929855660847e-01
-3.204619541705986951e-01
-3.164221922716082269e-01
-3.123829504790017197e-01
-3.083298750420421230e-01
-3.042773140154448330e-01
-3.002104843170955717e-01
-2.961441630201558373e-01
-2.920631113214790520e-01
-2.879825616966099622e-01
-2.838867907184326467e-01
-2.797915151615597562e-01
-2.756804952290374811e-01
-2.715699637336453920e-01
-2.674431295343594472e-01
-2.633167764489606766e-01
-2.591735233367974400e-01
-2.550307436680915307e-01
-2.508704234301082914e-01
-2.467105686093592487e-01
-2.425324845949739794e-01
-2.383548576061886859e-01
-2.341582590933773411e-01
-2.299621088385816470e-01
-2.257461844816599505e-01
-2.215306992278049669e-01
-2.172945693912250731e-01
-2.130588691029707549e-01
-2.088015768346677403e-01
-2.045447041461917470e-01
-2.002652044732739223e-01
-1.959861139826517828e-01
-1.916832611211053694e-01
-1.873808065984322868e-01
-1.830533385423902537e-01
-1.787262575170065482e-01
-1.743727772992100522e-01
-1.700196723182298142e-01
-1.656386249918415099e-01
-1.612579405991645676e-01
-1.568475846443495858e-01
-1.524375787843706698e-01
-1.479959501422067891e-01
-1.435546581902491514e-01
-1.390795243827976369e-01
-1.346047132606135455e-01
-1.300935139260944728e-01
-1.255826226322047934e-01
-1.210323910435287253e-01
-1.164824521651651457e-01
-1.118897094654473789e-01
-1.072972434061832681e-01
-1.026578525726256491e-01
-9.801872150597910893e-02
-9.332767985032140723e-02
-8.863688020700855041e-02
-8.388801426390289639e-02
-7.913937160252340619e-02
-7.432486934026173719e-02
-6.951057053340679859e-02
-6.462022576440432098e-02
-5.973006337424103390e-02
-5.474997075343048664e-02
-4.977003797689144582e-02
-4.468012817477488158e-02
-3.959035393081043741e-02
-3.435911217937560186e-02
-2.912797950163652574e-02
-2.369871448696570654e-02
-1.826952909718951995e-02
-1.251002745676853441e-02
-6.750571385068434085e-03
-9.407585020617921059e-16
