1.000000000000049294e+00
9.905334360032687080e-01
9.631836766808427042e-01
9.208212269962268159e-01
8.674302886982647731e-01
8.072752259383242368e-01
7.442225840959071359e-01
6.813545541873360367e-01
6.208605247387823933e-01
5.641151337629802809e-01
5.118434449175472967e-01
4.643018551896341273e-01
4.214366988086689636e-01
3.830071332333736533e-01
3.486726762882220165e-01
3.180515503121414955e-01
2.907572268998960818e-01
2.664197487642517292e-01
2.446969511246205042e-01
2.252792767675948493e-01
2.078907148204613975e-01
1.922875297230689229e-01
1.782558419250638293e-01
1.656087142703329962e-01
1.541831313298216155e-01
1.438370878307878020e-01
1.344468913828620604e-01
1.259047058203409397e-01
1.181162989035753064e-01
1.109989203626371573e-01
1.044792520003487296e-01
9.849145300924282143e-02
9.297543098680831342e-02
8.787552690896670293e-02
8.313975974345853837e-02
7.871964912433847272e-02
7.457048946104463671e-02
7.065185416034161503e-02
6.692809488148902808e-02
6.336865575686184693e-02
5.994811066143578698e-02
5.664591707120960468e-02
5.344594056224054313e-02
5.033583319040898368e-02
4.730635165732831326e-02
4.435068692785412714e-02
4.146385538864339609e-02
3.864217978516003293e-02
3.588287005392050422e-02
3.318370126767407335e-02
3.054277809215272949e-02
2.795837145176897215e-02
2.542881231809325862e-02
2.295242855763712439e-02
2.052751273379055733e-02
1.815231104132015300e-02
1.582502578331548490e-02
1.354382577621408151e-02
1.130686070598450887e-02
9.112276748428453643e-03
6.958231740986298847e-03
4.842908901146192324e-03
2.764528581421427100e-03
7.213578824560619440e-04
-1.288281843831246692e-03
-3.266009444639554615e-03
-5.213380149453494816e-03
-7.131883240254391354e-03
-9.022940963288678118e-03
-1.088790845208872232e-02
-1.272807445452667219e-02
-1.454466268289573289e-02
-1.633883363280326170e-02
-1.811168674178828195e-02
-1.986426278167563453e-02
-2.159754639878240165e-02
-2.331246873357957494e-02
-2.500991006603126357e-02
-2.669070244537072659e-02
-2.835563227278145929e-02
-3.000544281413801764e-02
-3.164083662615820025e-02
-3.326247788492112112e-02
-3.487099460970038978e-02
-3.646698077833251950e-02
-3.805099833287591687e-02
-3.962357907617237995e-02
-4.118522646135656939e-02
-4.273641727735899565e-02
-4.427760323418410138e-02
-4.580921245218091270e-02
-4.733165085990148624e-02
-4.884530350517875263e-02
-5.035053578419398934e-02
-5.184769459317331575e-02
-5.333710940735562206e-02
-5.481909329160622457e-02
-5.629394384698545306e-02
-5.776194409733657886e-02
-5.922336331971323614e-02
-6.067845782241113040e-02
-6.212747167391554498e-02
-6.357063738613520643e-02
-6.500817655485574553e-02
-6.644030046036114578e-02
-6.786721063081427308e-02
-6.928909937088713333e-02
-7.070615025801854636e-02
-7.211853860837283414e-02
-7.352643191460521421e-02
-7.492999025723259821e-02
-7.632936669138408459e-02
-7.772470761056202160e-02
-7.911615308892686049e-02
-8.050383720346446226e-02
-8.188788833739037154e-02
-8.326842946602823481e-02
-8.464557842618579409e-02
-8.601944817020379386e-02
-8.739014700559719073e-02
-8.875777882118258966e-02
-9.012244330058959141e-02
-9.148423612392705961e-02
-9.284324915830115266e-02
-9.419957063795346419e-02
-9.555328533456752815e-02
-9.690447471843083305e-02
-9.825321711092661892e-02
-9.959958782893424400e-02
-1.009436593215975592e-01
-1.022855012999199231e-01
-1.036251808596107549e-01
-1.049627625975744910e-01
-1.062983087224167178e-01
-1.076318791593208757e-01
-1.089635316495911194e-01
-1.102933218452330083e-01
-1.116213033987420028e-01
-1.129475280484969202e-01
-1.142720456999041512e-01
-1.155949045025921051e-01
-1.169161509238415136e-01
-1.182358298184589263e-01
-1.195539844953198566e-01
-1.208706567807231735e-01
-1.221858870787417839e-01
-1.234997144287527937e-01
-1.248121765602486777e-01
-1.261233099451451733e-01
-1.274331498476171942e-01
-1.287417303717144079e-01
-1.300490845067506507e-01
-1.313552441706828944e-01
-1.326602402514941992e-01
-1.339641026467858209e-01
-1.352668603015373394e-01
-1.365685412442586844e-01
-1.378691726215404978e-01
-1.391687807310682257e-01
-1.404673910532470427e-01
-1.417650282814370277e-01
-1.430617163509093348e-01
-1.443574784665466182e-01
-1.456523371293979296e-01
-1.469463141620995228e-01
-1.482394307332434435e-01
-1.495317073807136410e-01
-1.508231640340896851e-01
-1.521138200360854231e-01
-1.534036941631603534e-01
-1.546928046452612782e-01
-1.559811691847611537e-01
-1.572688049746865380e-01
-1.585557287161337425e-01
-1.598419566350798293e-01
-1.611275044984697979e-01
-1.624123876297090541e-01
-1.636966209235086178e-01
-1.649802188602176312e-01
-1.662631955195207345e-01
-1.675455645936843596e-01
-1.688273394002519912e-01
-1.701085328942689989e-01
-1.713891576800530003e-01
-1.726692260224990672e-01
-1.739487498579944391e-01
-1.752277408049042751e-01
-1.765062101736701583e-01
-1.777841689765345401e-01
-1.790616279369411923e-01
-1.803385974985411699e-01
-1.816150878339071462e-01
-1.828911088529348306e-01
-1.841666702109146514e-01
-1.854417813163544426e-01
-1.867164513384732272e-01
-1.879906892144970199e-01
-1.892645036566271699e-01
-1.905379031588223804e-01
-1.918108960033050592e-01
-1.930834902668679964e-01
-1.943556938269518919e-01
-1.956275143675067774e-01
-1.968989593846696418e-01
-1.981700361922429099e-01
-1.994407519269791318e-01
-2.007111135537071323e-01
-2.019811278702571267e-01
-2.032508015122518608e-01
-2.045201409577234453e-01
-2.057891525315716785e-01
-2.070578424098957482e-01
-2.083262166241602598e-01
-2.095942810652475785e-01
-2.108620414873601523e-01
-2.121295035118150596e-01
-2.133966726306975037e-01
-2.146635542104110839e-01
-2.159301534951064694e-01
-2.171964756100154270e-01
-2.184625255646657771e-01
-2.197283082559904899e-01
-2.209938284713594825e-01
-2.222590908915041130e-01
-2.235241000933485267e-01
-2.247888605527625372e-01
-2.260533766472240524e-01
-2.273176526584022583e-01
-2.285816927746521787e-01
-2.298455010934596088e-01
-2.311090816237854617e-01
-2.323724382883469441e-01
-2.336355749258383907e-01
-2.348984952930740777e-01
-2.361612030670861284e-01
-2.374237018471294647e-01
-2.386859951566613902e-01
-2.399480864452423479e-01
-2.412099790903880769e-01
-2.424716763993663982e-01
-2.437331816109356841e-01
-2.449944978970558518e-01
-2.462556283645116473e-01
-2.475165760565284923e-01
-2.487773439543263798e-01
-2.500379349786192029e-01
-2.512983519910853003e-01
-2.525585977957925943e-01
-2.538186751405862585e-01
-2.550785867184314215e-01
-2.563383351687334999e-01
-2.575979230785847562e-01
-2.588573529840357823e-01
-2.601166273712825494e-01
-2.613757486778263139e-01
-2.626347192936281383e-01
-2.638935415622204461e-01
-2.651522177817670078e-01
-2.664107502061285881e-01
-2.676691410458701958e-01
-2.689273924692678341e-01
-2.701855066032713970e-01
-2.714434855344299291e-01
-2.727013313098334835e-01
-2.739590459379847576e-01
-2.752166313896852179e-01
-2.764740895988636038e-01
-2.777314224634164219e-01
-2.789886318459922632e-01
-2.802457195747950491e-01
-2.815026874443204430e-01
-2.827595372161283982e-01
-2.840162706195397124e-01
-2.852728893523516218e-01
-2.865293950815246404e-01
-2.877857894438513586e-01
-2.890420740466092542e-01
-2.902982504681993481e-01
-2.915543202587522753e-01
-2.928102849407536179e-01
-2.940661460096253843e-01
-2.953219049342909464e-01
-2.965775631577471927e-01
-2.978331220976160321e-01
-2.990885831466625344e-01
-3.003439476733271718e-01
-3.015992170222323021e-01
-3.028543925146719440e-01
-3.041094754491034391e-01
-3.053644671016114143e-01
-3.066193687263782941e-01
-3.078741815561203410e-01
-3.091289068025357412e-01
-3.103835456567374806e-01
-3.116380992896667368e-01
-3.128925688524884507e-01
-3.141469554770116024e-01
-3.154012602760646322e-01
-3.166554843438872946e-01
-3.179096287564864842e-01
-3.191636945720149332e-01
-3.204176828311093850e-01
-3.216715945572538593e-01
-3.229254307571106652e-01
-3.241791924208424769e-01
-3.254328805224535048e-01
-3.266864960200877577e-01
-3.279400398563443453e-01
-3.291935129585845110e-01
-3.304469162392159043e-01
-3.317002505959952829e-01
-3.329535169122860849e-01
-3.342067160573611306e-01
-3.354598488866580297e-01
-3.367129162420342547e-01
-3.379659189520476947e-01
-3.392188578321811976e-01
-3.404717336851155740e-01
-3.417245473009476453e-01
-3.429772994574408762e-01
-3.442299909202454766e-01
-3.454826224431305493e-01
-3.467351947682051905e-01
-3.479877086261292107e-01
-3.492401647363288508e-01
-3.504925638072024507e-01
-3.517449065363157934e-01
-3.529971936106143238e-01
-3.542494257066033381e-01
-3.555016034905358890e-01
-3.567537276186190098e-01
-3.580057987371767503e-01
-3.592578174828246484e-01
-3.605097844826658515e-01
-3.617617003544297272e-01
-3.630135657066788646e-01
-3.642653811389274798e-01
-3.655171472418429768e-01
-3.667688645973782857e-01
-3.680205337789281272e-01
-3.692721553514818900e-01
-3.705237298717747874e-01
-3.717752578884314651e-01
-3.730267399421082763e-01
-3.742781765656167381e-01
-3.755295682840756322e-01
-3.767809156150464522e-01
-3.780322190686539185e-01
-3.792834791477105449e-01
-3.805346963478604128e-01
-3.817858711576754827e-01
-3.830370040587969815e-01
-3.842880955260463693e-01
-3.855391460275381377e-01
-3.867901560247984372e-01
-3.880411259728660522e-01
-3.892920563204207429e-01
-3.905429475098665670e-01
-3.917937999774520064e-01
-3.930446141533692206e-01
-3.942953904618489158e-01
-3.955461293212644835e-01
-3.967968311442364726e-01
-3.980474963377085840e-01
-3.992981253030529198e-01
-4.005487184361657960e-01
-4.017992761275453462e-01
-4.030497987623892220e-01
-4.043002867206700324e-01
-4.055507403772334873e-01
-4.068011601018668433e-01
-4.080515462593994336e-01
-4.093018992097657849e-01
-4.105522193080800020e-01
-4.118025069047364650e-01
-4.130527623454613995e-01
-4.143029859714041363e-01
-4.155531781191942886e-01
-4.168033391210290151e-01
-4.180534693047266992e-01
-4.193035689938099941e-01
-4.205536385075672734e-01
-4.218036781611166908e-01
-4.230536882654712949e-01
-4.243036691276202976e-01
-4.255536210505599382e-01
-4.268035443333738077e-01
-4.280534392713054026e-01
-4.293033061557898766e-01
-4.305531452745330334e-01
-4.318029569115605648e-01
-4.330527413472709530e-01
-4.343024988585071910e-01
-4.355522297185861480e-01
-4.368019341973785052e-01
-4.380516125613310163e-01
-4.393012650735548807e-01
-4.405508919938426193e-01
-4.418004935787320786e-01
-4.430500700815604986e-01
-4.442996217525030933e-01
-4.455491488386227883e-01
-4.467986515839187933e-01
-4.480481302293728429e-01
-4.492975850129855009e-01
-4.505470161698325593e-01
-4.517964239321034525e-01
-4.530458085291333981e-01
-4.542951701874605175e-01
-4.555445091308611416e-01
-4.567938255803878356e-01
-4.580431197544045929e-01
-4.592923918686419027e-01
-4.605416421362270030e-01
-4.617908707676997015e-01
-4.630400779710949211e-01
-4.642892639519317632e-01
-4.655384289132837861e-01
-4.667875730557912717e-01
-4.680366965777251198e-01
-4.692857996749782989e-01
-4.705348825411364011e-01
-4.717839453674896322e-01
-4.730329883430825499e-01
-4.742820116547224463e-01
-4.755310154870379669e-01
-4.767800000224831081e-01
-4.780289654413843459e-01
-4.792779119219726658e-01
-4.805268396404022702e-01
-4.817757487707757802e-01
-4.830246394851979153e-01
-4.842735119537664445e-01
-4.855223663446336935e-01
-4.867712028240172017e-01
-4.880200215562227606e-01
-4.892688227036809390e-01
-4.905176064269605174e-01
-4.917663728848130078e-01
-4.930151222341782047e-01
-4.942638546302197122e-01
-4.955125702263360465e-01
-4.967612691742129272e-01
-4.980099516238091217e-01
-4.992586177234081268e-01
-5.005072676196316017e-01
-5.017559014574561882e-01
-5.030045193802462622e-01
-5.042531215297603175e-01
-5.055017080461946533e-01
-5.067502790681781555e-01
-5.079988347328144860e-01
-5.092473751756876332e-01
-5.104959005308988829e-01
-5.117444109310608225e-01
-5.129929065073436378e-01
-5.142413873894792209e-01
-5.154898537057803765e-01
-5.167383055831632488e-01
-5.179867431471621986e-01
-5.192351665219610002e-01
-5.204835758303845150e-01
-5.217319711939388815e-01
-5.229803527328162893e-01
-5.242287205659251770e-01
-5.254770748108860134e-01
-5.267254155840698226e-01
-5.279737430005991827e-01
-5.292220571743694313e-01
-5.304703582180663179e-01
-5.317186462431777727e-01
-5.329669213600107813e-01
-5.342151836777067064e-01
-5.354634333042479488e-01
-5.367116703464972494e-01
-5.379598949101754846e-01
-5.392081070999100723e-01
-5.404563070192230922e-01
-5.417044947705658142e-01
-5.429526704553122585e-01
-5.442008341737897270e-01
-5.454489860252823563e-01
-5.466971261080426636e-01
-5.479452545193148616e-01
-5.491933713553344143e-01
-5.504414767113513518e-01
-5.516895706816341560e-01
-5.529376533594856369e-01
-5.541857248372556999e-01
-5.554337852063511161e-01
-5.566818345572516202e-01
-5.579298729795051370e-01
-5.591779005617687481e-01
-5.604259173917881531e-01
-5.616739235564285337e-01
-5.629219191416764412e-01
-5.641699042326567826e-01
-5.654178789136355965e-01
-5.666658432680409252e-01
-5.679137973784549320e-01
-5.691617413266477632e-01
-5.704096751935663345e-01
-5.716575990593608658e-01
-5.729055130033781085e-01
-5.741534171041784429e-01
-5.754013114395570838e-01
-5.766491960865296473e-01
-5.778970711213622380e-01
-5.791449366195682291e-01
-5.803927926559132588e-01
-5.816406393044434298e-01
-5.828884766384779814e-01
-5.841363047306111778e-01
-5.853841236527490555e-01
-5.866319334760887738e-01
-5.878797342711332696e-01
-5.891275261077087988e-01
-5.903753090549774818e-01
-5.916230831814085489e-01
-5.928708485548427332e-01
-5.941186052424500819e-01
-5.953663533107615979e-01
-5.966140928256764564e-01
-5.978618238524632256e-01
-5.991095464557589789e-01
-6.003572606996022687e-01
-6.016049666474141411e-01
-6.028526643620194525e-01
-6.041003539056398752e-01
-6.053480353399202096e-01
-6.065957087259251646e-01
-6.078433741241330290e-01
-6.090910315944721987e-01
-6.103386811962931979e-01
-6.115863229884004326e-01
-6.128339570290504135e-01
-6.140815833759545317e-01
-6.153292020862857203e-01
-6.165768132166908888e-01
-6.178244168232854827e-01
-6.190720129616776868e-01
-6.203196016869532148e-01
-6.215671830536922959e-01
-6.228147571159740048e-01
-6.240623239273794809e-01
-6.253098835409989231e-01
-6.265574360094492423e-01
-6.278049813848484151e-01
-6.290525197188429063e-01
-6.303000510626266539e-01
-6.315475754669095387e-01
-6.327950929819482484e-01
-6.340426036575492752e-01
-6.352901075430676947e-01
-6.365376046874039462e-01
-6.377850951390382495e-01
-6.390325789460002959e-01
-6.402800561558859016e-01
-6.415275268158766586e-01
-6.427749909727341615e-01
-6.440224486727899045e-01
-6.452698999619730369e-01
-6.465173448858010374e-01
-6.477647834893902612e-01
-6.490122158174593814e-01
-6.502596419143198414e-01
-6.515070618239088285e-01
-6.527544755897658479e-01
-6.540018832550497097e-01
-6.552492848625459665e-01
-6.564966804546564783e-01
-6.577440700734180634e-01
-6.589914537604995015e-01
-6.602388315572088606e-01
-6.614862035044897226e-01
-6.627335696429333955e-01
-6.639809300127771374e-01
-6.652282846539119276e-01
-6.664756336058874631e-01
-6.677229769079038313e-01
-6.689703145988354915e-01
-6.702176467172059615e-01
-6.714649733012247879e-01
-6.727122943887670070e-01
-6.739596100173844695e-01
-6.752069202243049517e-01
-6.764542250464486983e-01
-6.777015245204121019e-01
-6.789488186824844673e-01
-6.801961075686461244e-01
-6.814433912145777539e-01
-6.826906696556506171e-01
-6.839379429269470956e-01
-6.851852110632464798e-01
-6.864324740990390694e-01
-6.876797320685216208e-01
-6.889269850056105593e-01
-6.901742329439366497e-01
-6.914214759168459956e-01
-6.926687139574083663e-01
-6.939159470984292977e-01
-6.951631753724196727e-01
-6.964103988116395749e-01
-6.976576174480727532e-01
-6.989048313134456070e-01
-7.001520404392135299e-01
-7.013992448565778970e-01
-7.026464445964890615e-01
-7.038936396896262604e-01
-7.051408301664361389e-01
-7.063880160571041067e-01
-7.076351973915757654e-01
-7.088823741995440297e-01
-7.101295465104696669e-01
-7.113767143535686399e-01
-7.126238777578174366e-01
-7.138710367519620625e-01
-7.151181913645158206e-01
-7.163653416237599769e-01
-7.176124875577429840e-01
-7.188596291942989103e-01
-7.201067665610247914e-01
-7.213538996853056107e-01
-7.226010285943024192e-01
-7.238481533149625502e-01
-7.250952738740148451e-01
-7.263423902979708746e-01
-7.275895026131392607e-01
-7.288366108456207915e-01
-7.300837150212956539e-01
-7.313308151658541867e-01
-7.325779113047696800e-01
-7.338250034633273522e-01
-7.350720916666011462e-01
-7.363191759394772662e-01
-7.375662563066368582e-01
-7.388133327925792138e-01
-7.400604054216004535e-01
-7.413074742178088483e-01
-7.425545392051314808e-01
-7.438016004072968146e-01
-7.450486578478558997e-01
-7.462957115501787086e-01
-7.475427615374520274e-01
-7.487898078326711282e-01
-7.500368504586738538e-01
-7.512838894381067556e-01
-7.525309247934449663e-01
-7.537779565469897580e-01
-7.550249847208765352e-01
-7.562720093370625118e-01
-7.575190304173426981e-01
-7.587660479833442384e-01
-7.600130620565217487e-01
-7.612600726581720822e-01
-7.625070798094337743e-01
-7.637540835312718324e-01
-7.650010838445105987e-01
-7.662480807697927832e-01
-7.674950743276288678e-01
-7.687420645383542528e-01
-7.699890514221633397e-01
-7.712360349990911024e-01
-7.724830152890251878e-01
-7.737299923117036959e-01
-7.749769660867090737e-01
-7.762239366334943158e-01
-7.774709039713502134e-01
-7.787178681194256713e-01
-7.799648290967320374e-01
-7.812117869221361088e-01
-7.824587416143657936e-01
-7.837056931920064473e-01
-7.849526416735084222e-01
-7.861995870771886219e-01
-7.874465294212144029e-01
-7.886934687236384356e-01
-7.899404050023667301e-01
-7.911873382751812844e-01
-7.924342685597199898e-01
-7.936811958735077166e-01
-7.949281202339318897e-01
-7.961750416582547007e-01
-7.974219601636061139e-01
-7.986688757670026284e-01
-7.999157884853276279e-01
-8.011626983353449249e-01
-8.024096053336909895e-01
-8.036565094968967093e-01
-8.049034108413548605e-01
-8.061503093833438660e-01
-8.073972051390391202e-01
-8.086440981244781279e-01
-8.098909883555982514e-01
-8.111378758482152840e-01
-8.123847606180256697e-01
-8.136316426806300406e-01
-8.148785220515039063e-01
-8.161253987460127535e-01
-8.173722727794168197e-01
-8.186191441668650981e-01
-8.198660129233977800e-01
-8.211128790639520281e-01
-8.223597426033523172e-01
-8.236066035563249788e-01
-8.248534619374860988e-01
-8.261003177613527315e-01
-8.273471710423344616e-01
-8.285940217947449504e-01
-8.298408700327934984e-01
-8.310877157705878204e-01
-8.323345590221428170e-01
-8.335813998013686943e-01
-8.348282381220778481e-01
-8.360750739979937451e-01
-8.373219074427359354e-01
-8.385687384698312652e-01
-8.398155670927119898e-01
-8.410623933247217687e-01
-8.423092171791041194e-01
-8.435560386690152956e-01
-8.448028578075196249e-01
-8.460496746075886199e-01
-8.472964890821065298e-01
-8.485433012438688971e-01
-8.497901111055825574e-01
-8.510369186798644181e-01
-8.522837239792491193e-01
-8.535305270161815949e-01
-8.547773278030249555e-01
-8.560241263520572685e-01
-8.572709226754647860e-01
-8.585177167853604852e-01
-8.597645086937709680e-01
-8.610112984126438995e-01
-8.622580859538376830e-01
-8.635048713291377798e-01
-8.647516545502489382e-01
-8.659984356287918628e-01
-8.672452145763137610e-01
-8.684919914042826816e-01
-8.697387661240878476e-01
-8.709855387470397670e-01
-8.722323092843837777e-01
-8.734790777472724033e-01
-8.747258441467977708e-01
-8.759726084939692958e-01
-8.772193707997256729e-01
-8.784661310749402041e-01
-8.797128893303981512e-01
-8.809596455768229362e-01
-8.822063998248690364e-01
-8.834531520851061082e-01
-8.846999023680470753e-01
-8.859466506841394695e-01
-8.871933970437462236e-01
-8.884401414571687638e-01
-8.896868839346417923e-01
-8.909336244863284016e-01
-8.921803631223383935e-01
-8.934270998526907537e-01
-8.946738346873633896e-01
-8.959205676362484994e-01
-8.971672987091929841e-01
-8.984140279159614773e-01
-8.996607552662637675e-01
-9.009074807697488030e-01
-9.021542044359980306e-01
-9.034009262745240632e-01
-9.046476462947955488e-01
-9.058943645062014216e-01
-9.071410809180823209e-01
-9.083877955397127169e-01
-9.096345083803014653e-01
-9.108812194490130132e-01
-9.121279287549368675e-01
-9.133746363071179042e-01
-9.146213421145334976e-01
-9.158680461861032907e-01
-9.171147485306951896e-01
-9.183614491571168159e-01
-9.196081480741196135e-01
-9.208548452903976278e-01
-9.221015408145971648e-01
-9.233482346552980280e-01
-9.245949268210306160e-01
-9.258416173202759225e-01
-9.270883061614513254e-01
-9.283349933529282394e-01
-9.295816789030204585e-01
-9.308283628199940374e-01
-9.320750451120611846e-01
-9.333217257873772654e-01
-9.345684048540539024e-01
-9.358150823201435431e-01
-9.370617581936607765e-01
-9.383084324825549105e-01
-9.395551051947281795e-01
-9.408017763380445153e-01
-9.420484459203086747e-01
-9.432951139492784520e-01
-9.445417804326634581e-01
-9.457884453781260081e-01
-9.470351087932842304e-01
-9.482817706856996320e-01
-9.495284310628938629e-01
-9.507750899323402782e-01
-9.520217473014657150e-01
-9.532684031776507139e-01
-9.545150575682378458e-01
-9.557617104805029573e-01
-9.570083619217016890e-01
-9.582550118990313948e-01
-9.595016604196489052e-01
-9.607483074906651987e-01
-9.619949531191521741e-01
-9.632415973121316588e-01
-9.644882400765850683e-01
-9.657348814194594011e-01
-9.669815213476439242e-01
-9.682281598679973733e-01
-9.694747969873307447e-01
-9.707214327124182862e-01
-9.719680670499932784e-01
-9.732147000067377096e-01
-9.744613315893095873e-01
-9.757079618043117408e-01
-9.769545906583176897e-01
-9.782012181578563226e-01
-9.794478443094144504e-01
-9.806944691194450225e-01
-9.819410925943637958e-01
-9.831877147405414519e-01
-9.844343355643073723e-01
-9.856809550719697333e-01
-9.869275732697794234e-01
-9.881741901639620185e-01
-9.894208057607057905e-01
-9.906674200661552687e-01
-9.919140330864246735e-01
-9.931606448275807075e-01
-9.944072552956718658e-01
-9.956538644966973495e-01
-9.969004724366264947e-01
-9.981470791213860050e-01
-9.993936845568772709e-01
-1.000640288748962492e+00
-1.001886891703470894e+00
-1.003133493426187517e+00
-1.004380093922880857e+00
-1.005626693199267674e+00
-1.006873291261046299e+00
-1.008119888113871765e+00
-1.009366483763365796e+00
-1.010613078215127025e+00
-1.011859671474707678e+00
-1.013106263547641328e+00
-1.014352854439414475e+00
-1.015599444155492526e+00
-1.016846032701310465e+00
-1.018092620082262867e+00
-1.019339206303716328e+00
-1.020585791371009909e+00
-1.021832375289446482e+00
-1.023078958064302713e+00
-1.024325539700819299e+00
-1.025572120204218285e+00
-1.026818699579674199e+00
-1.028065277832349578e+00
-1.029311854967359663e+00
-1.030558430989805263e+00
-1.031805005904750550e+00
-1.033051579717229052e+00
-1.034298152432252094e+00
-1.035544724054798582e+00
-1.036791294589817225e+00
-1.038037864042230529e+00
-1.039284432416933912e+00
-1.040530999718788374e+00
-1.041777565952638485e+00
-1.043024131123289955e+00
-1.044270695235531621e+00
-1.045517258294117680e+00
-1.046763820303776571e+00
-1.048010381269212310e+00
-1.049256941195100046e+00
-1.050503500086087394e+00
-1.051750057946806649e+00
-1.052996614781842588e+00
-1.054243170595775103e+00
-1.055489725393148115e+00
-1.056736279178482674e+00
-1.057982831956273628e+00
-1.059229383730983853e+00
-1.060475934507067119e+00
-1.061722484288939450e+00
-1.062969033080997772e+00
-1.064215580887608370e+00
-1.065462127713123097e+00
-1.066708673561861387e+00
-1.067955218438117582e+00
-1.069201762346172258e+00
-1.070448305290271351e+00
-1.071694847274643259e+00
-1.072941388303493504e+00
-1.074187928380993640e+00
-1.075434467511313441e+00
-1.076681005698578053e+00
-1.077927542946899742e+00
-1.079174079260368346e+00
-1.080420614643051724e+00
-1.081667149098990421e+00
-1.082913682632208330e+00
-1.084160215246704917e+00
-1.085406746946456336e+00
-1.086653277735419421e+00
-1.087899807617525250e+00
-1.089146336596690912e+00
-1.090392864676811735e+00
-1.091639391861749075e+00
-1.092885918155350522e+00
-1.094132443561455448e+00
-1.095378968083859705e+00
-1.096625491726358703e+00
-1.097872014492714987e+00
-1.099118536386674005e+00
-1.100365057411961445e+00
-1.101611577572284784e+00
-1.102858096871322857e+00
-1.104104615312750504e+00
-1.105351132900206146e+00
-1.106597649637319547e+00
-1.107844165527697822e+00
-1.109090680574923216e+00
-1.110337194782570203e+00
-1.111583708154181060e+00
-1.112830220693293182e+00
-1.114076732403414205e+00
-1.115323243288035115e+00
-1.116569753350630689e+00
-1.117816262594657717e+00
-1.119062771023546565e+00
-1.120309278640722050e+00
-1.121555785449580789e+00
-1.122802291453509183e+00
-1.124048796655868543e+00
-1.125295301060004860e+00
-1.126541804669248359e+00
-1.127788307486909281e+00
-1.129034809516278104e+00
-1.130281310760636204e+00
-1.131527811223240310e+00
-1.132774310907330717e+00
-1.134020809816136621e+00
-1.135267307952857907e+00
-1.136513805320691795e+00
-1.137760301922807971e+00
-1.139006797762367906e+00
-1.140253292842511978e+00
-1.141499787166358582e+00
-1.142746280737021669e+00
-1.143992773557592324e+00
-1.145239265631144088e+00
-1.146485756960736735e+00
-1.147732247549416718e+00
-1.148978737400205175e+00
-1.150225226516121246e+00
-1.151471714900154097e+00
-1.152718202555290672e+00
-1.153964689484490824e+00
-1.155211175690703751e+00
-1.156457661176871543e+00
-1.157704145945903873e+00
-1.158950630000705972e+00
-1.160197113344172859e+00
-1.161443595979166021e+00
-1.162690077908556496e+00
-1.163936559135180460e+00
-1.165183039661870534e+00
-1.166429519491436251e+00
-1.167675998626683143e+00
-1.168922477070392096e+00
-1.170168954825338670e+00
-1.171415431894267334e+00
-1.172661908279931664e+00
-1.173908383985050818e+00
-1.175154859012341735e+00
-1.176401333364502255e+00
-1.177647807044217343e+00
-1.178894280054157750e+00
-1.180140752396978243e+00
-1.181387224075323372e+00
-1.182633695091817261e+00
-1.183880165449078481e+00
-1.185126635149703844e+00
-1.186373104196283279e+00
-1.187619572591386063e+00
-1.188866040337577035e+00
-1.190112507437392164e+00
-1.191358973893369866e+00
-1.192605439708025683e+00
-1.193851904883860060e+00
-1.195098369423366558e+00
-1.196344833329019197e+00
-1.197591296603282895e+00
-1.198837759248600809e+00
-1.200084221267409657e+00
-1.201330682662128613e+00
-1.202577143435167084e+00
-1.203823603588914271e+00
-1.205070063125754043e+00
-1.206316522048042517e+00
-1.207562980358133586e+00
-1.208809438058363384e+00
-1.210055895151052274e+00
-1.211302351638504193e+00
-1.212548807523017524e+00
-1.213795262806862674e+00
-1.215041717492304718e+00
-1.216288171581592747e+00
-1.217534625076956534e+00
-1.218781077980608307e+00
-1.220027530294755636e+00
-1.221273982021580773e+00
-1.222520433163251541e+00
-1.223766883721923104e+00
-1.225013333699725981e+00
-1.226259783098780476e+00
-1.227506231921196456e+00
-1.228752680169042044e+00
-1.229999127844392026e+00
-1.231245574949291655e+00
-1.232492021485775524e+00
-1.233738467455844257e+00
-1.234984912861492035e+00
-1.236231357704687284e+00
-1.237477801987380222e+00
-1.238724245711492866e+00
-1.239970688878942351e+00
-1.241217131491598513e+00
-1.242463573551326528e+00
-1.243710015059963814e+00
-1.244956456019316260e+00
-1.246202896431171547e+00
-1.247449336297292488e+00
-1.248695775619404813e+00
-1.249942214399218487e+00
-1.251188652638401733e+00
-1.252435090338601897e+00
-1.253681527501434134e+00
-1.254927964128477624e+00
-1.256174400221275578e+00
-1.257420835781343671e+00
-1.258667270810155836e+00
-1.259913705309146259e+00
-1.261160139279715597e+00
-1.262406572723225207e+00
-1.263653005640977156e+00
-1.264899438034257528e+00
-1.266145869904271581e+00
-1.267392301252212139e+00
-1.268638732079193643e+00
-1.269885162386293675e+00
-1.271131592174527425e+00
-1.272378021444861451e+00
-1.273624450198189484e+00
-1.274870878435362176e+00
-1.276117306157143139e+00
-1.277363733364252685e+00
-1.278610160057320089e+00
-1.279856586236909122e+00
-1.281103011903510724e+00
-1.282349437057531238e+00
-1.283595861699289298e+00
-1.284842285829031150e+00
-1.286088709446892020e+00
-1.287335132552920980e+00
-1.288581555147074953e+00
-1.289827977229192069e+00
-1.291074398799015421e+00
-1.292320819856168423e+00
-1.293567240400155027e+00
-1.294813660430357061e+00
-1.296060079946030452e+00
-1.297306498946287245e+00
-1.298552917430111142e+00
-1.299799335396336852e+00
-1.301045752843632108e+00
-1.302292169770519648e+00
-1.303538586175356340e+00
-1.304785002056311427e+00
-1.306031417411381179e+00
-1.307277832238379123e+00
-1.308524246534911395e+00
-1.309770660298376743e+00
-1.311017073525966747e+00
-1.312263486214643171e+00
-1.313509898361139516e+00
-1.314756309961938152e+00
-1.316002721013282528e+00
-1.317249131511131433e+00
-1.318495541451180531e+00
-1.319741950828847932e+00
-1.320988359639226672e+00
-1.322234767877124906e+00
-1.323481175537014831e+00
-1.324727582613030474e+00
-1.325973989098960804e+00
-1.327220394988226859e+00
-1.328466800273865100e+00
-1.329713204948527183e+00
-1.330959609004443545e+00
-1.332206012433425846e+00
-1.333452415226835885e+00
-1.334698817375572055e+00
-1.335945218870060902e+00
-1.337191619700220713e+00
-1.338438019855461736e+00
-1.339684419324645548e+00
-1.340930818096078170e+00
-1.342177216157484088e+00
-1.343423613495990709e+00
-1.344670010098092838e+00
-1.345916405949638017e+00
-1.347162801035805657e+00
-1.348409195341058853e+00
-1.349655588849162147e+00
-1.350901981543104036e+00
-1.352148373405104520e+00
-1.353394764416574692e+00
-1.354641154558086313e+00
-1.355887543809340956e+00
-1.357133932149144018e+00
-1.358380319555371862e+00
-1.359626706004922303e+00
-1.360873091473710161e+00
-1.362119475936604207e+00
-1.363365859367407396e+00
-1.364612241738814458e+00
-1.365858623022369045e+00
-1.367105003188432644e+00
-1.368351382206129951e+00
-1.369597760043330670e+00
-1.370844136666575563e+00
-1.372090512041064247e+00
-1.373336886130580803e+00
-1.374583258897464244e+00
-1.375829630302554341e+00
-1.377076000305150760e+00
-1.378322368862944236e+00
-1.379568735931975931e+00
-1.380815101466594585e+00
-1.382061465419369473e+00
-1.383307827741075746e+00
-1.384554188380598960e+00
-1.385800547284900430e+00
-1.387046904398938407e+00
-1.388293259665619228e+00
-1.389539613025732478e+00
-1.390785964417872611e+00
-1.392032313778376329e+00
-1.393278661041269739e+00
-1.394525006138174650e+00
-1.395771348998245731e+00
-1.397017689548098351e+00
-1.398264027711734858e+00
-1.399510363410451097e+00
-1.400756696562774462e+00
-1.402003027084377740e+00
-1.403249354887982303e+00
-1.404495679883300818e+00
-1.405742001976916900e+00
-1.406988321072218717e+00
-1.408234637069296191e+00
-1.409480949864859278e+00
-1.410727259352123841e+00
-1.411973565420741927e+00
-1.413219867956662990e+00
-1.414466166842075490e+00
-1.415712461955271895e+00
-1.416958753170552310e+00
-1.418205040358124558e+00
-1.419451323383970509e+00
-1.420697602109765478e+00
-1.421943876392737227e+00
-1.423190146085552499e+00
-1.424436411036214656e+00
-1.425682671087920017e+00
-1.426928926078949056e+00
-1.428175175842523625e+00
-1.429421420206693050e+00
-1.430667658994199343e+00
-1.431913892022326218e+00
-1.433160119102794949e+00
-1.434406340041594508e+00
-1.435652554638847445e+00
-1.436898762688682885e+00
-1.438144963979066437e+00
-1.439391158291663642e+00
-1.440637345401682978e+00
-1.441883525077727990e+00
-1.443129697081629415e+00
-1.444375861168295305e+00
-1.445622017085543165e+00
-1.446868164573937188e+00
-1.448114303366610844e+00
-1.449360433189117447e+00
-1.450606553759227424e+00
-1.451852664786785985e+00
-1.453098765973508177e+00
-1.454344857012796366e+00
-1.455590937589582801e+00
-1.456837007380116455e+00
-1.458083066051781618e+00
-1.459329113262907374e+00
-1.460575148662570433e+00
-1.461821171890402837e+00
-1.463067182576371916e+00
-1.464313180340606424e+00
-1.465559164793164060e+00
-1.466805135533831184e+00
-1.468051092151928083e+00
-1.469297034226062726e+00
-1.470542961323926034e+00
-1.471788873002090936e+00
-1.473034768805769890e+00
-1.474280648268575966e+00
-1.475526510912336553e+00
-1.476772356246817575e+00
-1.478018183769526095e+00
-1.479263992965441643e+00
-1.480509783306799942e+00
-1.481755554252856433e+00
-1.483001305249605384e+00
-1.484247035729581610e+00
-1.485492745111574253e+00
-1.486738432800385423e+00
-1.487984098186591053e+00
-1.489229740646256461e+00
-1.490475359540698985e+00
-1.491720954216211759e+00
-1.492966524003814133e+00
-1.494212068218974565e+00
-1.495457586161335506e+00
-1.496703077114451830e+00
-1.497948540345523272e+00
-1.499193975105098220e+00
-1.500439380626810149e+00
-1.501684756127102505e+00
-1.502930100804924729e+00
-1.504175413841468245e+00
-1.505420694399866921e+00
-1.506665941624915517e+00
-1.507911154642777030e+00
-1.509156332560688929e+00
-1.510401474466670280e+00
-1.511646579429215320e+00
-1.512891646497020570e+00
-1.514136674698655316e+00
-1.515381663042279170e+00
-1.516626610515331430e+00
-1.517871516084227768e+00
-1.519116378694062242e+00
-1.520361197268284004e+00
-1.521605970708400868e+00
-1.522850697893667116e+00
-1.524095377680767305e+00
-1.525340008903513400e+00
-1.526584590372514150e+00
-1.527829120874885982e+00
-1.529073599173907949e+00
-1.530318024008737510e+00
-1.531562394094063473e+00
-1.532806708119803574e+00
-1.534050964750792279e+00
-1.535295162626445498e+00
-1.536539300360456162e+00
-1.537783376540456493e+00
-1.539027389727726458e+00
-1.540271338456838723e+00
-1.541515221235365551e+00
-1.542759036543543294e+00
-1.544002782833962417e+00
-1.545246458531243094e+00
-1.546490062031698365e+00
-1.547733591703052580e+00
-1.548977045884079917e+00
-1.550220422884317495e+00
-1.551463720983722316e+00
-1.552706938432378836e+00
-1.553950073450158564e+00
-1.555193124226416979e+00
-1.556436088919677774e+00
-1.557678965657316006e+00
-1.558921752535247451e+00
-1.560164447617610195e+00
-1.561407048936466424e+00
-1.562649554491482684e+00
-1.563891962249631229e+00
-1.565134270144882045e+00
-1.566376476077887547e+00
-1.567618577915700140e+00
-1.568860573491466237e+00
-1.570102460604118733e+00
-1.571344237018088563e+00
-1.572585900463020936e+00
-1.573827448633459802e+00
-1.575068879188586290e+00
-1.576310189751915836e+00
-1.577551377911024399e+00
-1.578792441217259368e+00
-1.580033377185483756e+00
-1.581274183293763347e+00
-1.582514856983129103e+00
-1.583755395657310272e+00
-1.584995796682434177e+00
-1.586236057386813725e+00
-1.587476175060654748e+00
-1.588716146955812203e+00
-1.589955970285550579e+00
-1.591195642224283446e+00
-1.592435159907346298e+00
-1.593674520430733876e+00
-1.594913720850898775e+00
-1.596152758184502973e+00
-1.597391629408196456e+00
-1.598630331458397835e+00
-1.599868861231076522e+00
-1.601107215581544452e+00
-1.602345391324252688e+00
-1.603583385232587366e+00
-1.604821194038671406e+00
-1.606058814433176440e+00
-1.607296243065138297e+00
-1.608533476541776253e+00
-1.609770511428310957e+00
-1.611007344247810558e+00
-1.612243971481024163e+00
-1.613480389566194884e+00
-1.614716594898955915e+00
-1.615952583832140022e+00
-1.617188352675678509e+00
-1.618423897696431579e+00
-1.619659215118083084e+00
-1.620894301121017289e+00
-1.622129151842190087e+00
-1.623363763375033075e+00
-1.624598131769350529e+00
-1.625832253031211705e+00
-1.627066123122885122e+00
-1.628299737962724647e+00
-1.629533093425125978e+00
-1.630766185340438490e+00
-1.631999009494899289e+00
-1.633231561630608342e+00
-1.634463837445441436e+00
-1.635695832593037968e+00
-1.636927542682762082e+00
-1.638158963279671143e+00
-1.639390089904502412e+00
-1.640620918033659281e+00
-1.641851443099205499e+00
-1.643081660488881157e+00
-1.644311565546105358e+00
-1.645541153569991977e+00
-1.646770419815380304e+00
-1.647999359492885674e+00
-1.649227967768907011e+00
-1.650456239765717870e+00
-1.651684170561487530e+00
-1.652911755190381582e+00
-1.654138988642607000e+00
-1.655365865864505182e+00
-1.656592381758658528e+00
-1.657818531183963717e+00
-1.659044308955748059e+00
-1.660269709845878960e+00
-1.661494728582908476e+00
-1.662719359852168344e+00
-1.663943598295935855e+00
-1.665167438513571518e+00
-1.666390875061674270e+00
-1.667613902454248676e+00
-1.668836515162861911e+00
-1.670058707616847826e+00
-1.671280474203473032e+00
-1.672501809268142958e+00
-1.673722707114604802e+00
-1.674943162005154917e+00
-1.676163168160867745e+00
-1.677382719761823626e+00
-1.678601810947337736e+00
-1.679820435816201663e+00
-1.681038588426962965e+00
-1.682256262798150770e+00
-1.683473452908566870e+00
-1.684690152697564391e+00
-1.685906356065316691e+00
-1.687122056873123999e+00
-1.688337248943710511e+00
-1.689551926061544362e+00
-1.690766081973121171e+00
-1.691979710387329749e+00
-1.693192804975770294e+00
-1.694405359373072129e+00
-1.695617367177274515e+00
-1.696828821950160826e+00
-1.698039717217637801e+00
-1.699250046470095921e+00
-1.700459803162771788e+00
-1.701668980716176671e+00
-1.702877572516452220e+00
-1.704085571915780806e+00
-1.705292972232796300e+00
-1.706499766752997749e+00
-1.707705948729176137e+00
-1.708911511381828729e+00
-1.710116447899603598e+00
-1.711320751439743715e+00
-1.712524415128549693e+00
-1.713727432061790346e+00
-1.714929795305219384e+00
-1.716131497895016622e+00
-1.717332532838258263e+00
-1.718532893113414950e+00
-1.719732571670833821e+00
-1.720931561433223456e+00
-1.722129855296180789e+00
-1.723327446128655849e+00
-1.724524326773502425e+00
-1.725720490047980560e+00
-1.726915928744272355e+00
-1.728110635630025094e+00
-1.729304603448879707e+00
-1.730497824921015226e+00
-1.731690292743675252e+00
-1.732881999591750821e+00
-1.734072938118302654e+00
-1.735263100955145799e+00
-1.736452480713403856e+00
-1.737641069984074305e+00
-1.738828861338618692e+00
-1.740015847329525078e+00
-1.741202020490895341e+00
-1.742387373339033596e+00
-1.743571898373041495e+00
-1.744755588075412644e+00
-1.745938434912628567e+00
-1.747120431335750457e+00
-1.748301569781051112e+00
-1.749481842670603582e+00
-1.750661242412898222e+00
-1.751839761403474416e+00
-1.753017392025513876e+00
-1.754194126650483687e+00
-1.755369957638752032e+00
-1.756544877340219468e+00
-1.757718878094951087e+00
-1.758891952233799794e+00
-1.760064092079056897e+00
-1.761235289945067617e+00
-1.762405538138893224e+00
-1.763574828960941421e+00
-1.764743154705608719e+00
-1.765910507661917705e+00
-1.767076880114187176e+00
-1.768242264342650971e+00
-1.769406652624124110e+00
-1.770570037232649829e+00
-1.771732410440134187e+00
-1.772893764517036397e+00
-1.774054091732970573e+00
-1.775213384357396729e+00
-1.776371634660262711e+00
-1.777528834912645017e+00
-1.778684977387420263e+00
-1.779840054359915769e+00
-1.780994058108541056e+00
-1.782146980915478185e+00
-1.783298815067304810e+00
-1.784449552855657206e+00
-1.785599186577884634e+00
-1.786747708537694157e+00
-1.787895111045805008e+00
-1.789041386420598734e+00
-1.790186526988758242e+00
-1.791330525085925718e+00
-1.792473373057341224e+00
-1.793615063258492404e+00
-1.794755588055744866e+00
-1.795894939826997883e+00
-1.797033110962307445e+00
-1.798170093864540853e+00
-1.799305880949989112e+00
-1.800440464649017969e+00
-1.801573837406687861e+00
-1.802705991683379860e+00
-1.803836919955439155e+00
-1.804966614715756812e+00
-1.806095068474438126e+00
-1.807222273759375941e+00
-1.808348223116902354e+00
-1.809472909112362693e+00
-1.810596324330742801e+00
-1.811718461377268108e+00
-1.812839312878016473e+00
-1.813958871480482404e+00
-1.815077129854198557e+00
-1.816194080691322155e+00
-1.817309716707203870e+00
-1.818424030640977573e+00
-1.819537015256152523e+00
-1.820648663341153606e+00
-1.821758967709924848e+00
-1.822867921202465880e+00
-1.823975516685417908e+00
-1.825081747052583525e+00
-1.826186605225519788e+00
-1.827290084154050920e+00
-1.828392176816821646e+00
-1.829492876221846087e+00
-1.830592175407016242e+00
-1.831690067440644443e+00
-1.832786545421974500e+00
-1.833881602481708395e+00
-1.834975231782512317e+00
-1.836067426519523593e+00
-1.837158179920848067e+00
-1.838247485248052815e+00
-1.839335335796671522e+00
-1.840421724896664779e+00
-1.841506645912914797e+00
-1.842590092245696587e+00
-1.843672057331138481e+00
-1.844752534641681541e+00
-1.845831517686550072e+00
-1.846909000012186830e+00
-1.847984975202685343e+00
-1.849059436880272189e+00
-1.850132378705671155e+00
-1.851203794378595058e+00
-1.852273677638114791e+00
-1.853342022263098965e+00
-1.854408822072620033e+00
-1.855474070926330654e+00
-1.856537762724891572e+00
-1.857599891410325554e+00
-1.858660450966433730e+00
-1.859719435419144418e+00
-1.860776838836874170e+00
-1.861832655330927233e+00
-1.862886879055815736e+00
-1.863939504209618958e+00
-1.864990525034339042e+00
-1.866039935816215412e+00
-1.867087730886066721e+00
-1.868133904619606378e+00
-1.869178451437777833e+00
-1.870221365807026137e+00
-1.871262642239645224e+00
-1.872302275294038365e+00
-1.873340259575029254e+00
-1.874376589734131127e+00
-1.875411260469832753e+00
-1.876444266527862226e+00
-1.877475602701452528e+00
-1.878505263831595551e+00
-1.879533244807292114e+00
-1.880559540565791998e+00
-1.881584146092836418e+00
-1.882607056422883618e+00
-1.883628266639329585e+00
-1.884647771874728539e+00
-1.885665567310996993e+00
-1.886681648179622028e+00
-1.887696009761849147e+00
-1.888708647388881667e+00
-1.889719556442061466e+00
-1.890728732353042174e+00
-1.891736170603948608e+00
-1.892741866727566835e+00
-1.893745816307481178e+00
-1.894748014978220096e+00
-1.895748458425411398e+00
-1.896747142385929896e+00
-1.897744062647988672e+00
-1.898739215051314932e+00
-1.899732595487227949e+00
-1.900724199898765843e+00
-1.901714024280795945e+00
-1.902702064680107830e+00
-1.903688317195502577e+00
-1.904672777977885589e+00
-1.905655443230342971e+00
-1.906636309208223468e+00
-1.907615372219196859e+00
-1.908592628623314580e+00
-1.909568074833083884e+00
-1.910541707313496484e+00
-1.911513522582077629e+00
-1.912483517208940276e+00
-1.913451687816795976e+00
-1.914418031080989291e+00
-1.915382543729528209e+00
-1.916345222543086368e+00
-1.917306064355009276e+00
-1.918265066051332735e+00
-1.919222224570775293e+00
-1.920177536904719817e+00
-1.921131000097212826e+00
-1.922082611244943173e+00
-1.923032367497212736e+00
-1.923980266055916655e+00
-1.924926304175492708e+00
-1.925870479162909543e+00
-1.926812788377582075e+00
-1.927753229231356835e+00
-1.928691799188434031e+00
-1.929628495765317586e+00
-1.930563316530752971e+00
-1.931496259105641711e+00
-1.932427321162972111e+00
-1.933356500427760638e+00
-1.934283794676924018e+00
-1.935209201739229501e+00
-1.936132719495185395e+00
-1.937054345876922490e+00
-1.937974078868134109e+00
-1.938891916503926671e+00
-1.939807856870723102e+00
-1.940721898106156473e+00
-1.941634038398923900e+00
-1.942544275988695279e+00
-1.943452609165942757e+00
-1.944359036271836372e+00
-1.945263555698103941e+00
-1.946166165886871413e+00
-1.947066865330535634e+00
-1.947965652571595818e+00
-1.948862526202521650e+00
-1.949757484865583645e+00
-1.950650527252683730e+00
-1.951541652105201363e+00
-1.952430858213829001e+00
-1.953318144418387581e+00
-1.954203509607658651e+00
-1.955086952719192306e+00
-1.955968472739153530e+00
-1.956848068702104593e+00
-1.957725739690826305e+00
-1.958601484836139273e+00
-1.959475303316686512e+00
-1.960347194358753597e+00
-1.961217157236054387e+00
-1.962085191269525630e+00
-1.962951295827138676e+00
-1.963815470323656998e+00
-1.964677714220456783e+00
-1.965538027025278245e+00
-1.966396408292034881e+00
-1.967252857620578776e+00
-1.968107374656471897e+00
-1.968959959090777811e+00
-1.969810610659806782e+00
-1.970659329144911709e+00
-1.971506114372229002e+00
-1.972350966212466528e+00
-1.973193884580653368e+00
-1.974034869435885797e+00
-1.974873920781113679e+00
-1.975711038662882002e+00
-1.976546223171075756e+00
-1.977379474438679674e+00
-1.978210792641532656e+00
-1.979040177998073968e+00
-1.979867630769075681e+00
-1.980693151257400864e+00
-1.981516739807743122e+00
-1.982338396806372360e+00
-1.983158122680854119e+00
-1.983975917899816421e+00
-1.984791782972660235e+00
-1.985605718449315882e+00
-1.986417724919953498e+00
-1.987227803014737892e+00
-1.988035953403546552e+00
-1.988842176795694527e+00
-1.989646473939680416e+00
-1.990448845622901031e+00
-1.991249292671373627e+00
-1.992047815949475886e+00
-1.992844416359662363e+00
-1.993639094842172277e+00
-1.994431852374789704e+00
-1.995222689972523611e+00
-1.996011608687353833e+00
-1.996798609607946196e+00
-1.997583693859369847e+00
-1.998366862602809713e+00
-1.999148117035293160e+00
-1.999927458389416213e+00
-2.000704887933026033e+00
-2.001480406968976666e+00
-2.002254016834829731e+00
-2.003025718902558872e+00
-2.003795514578270431e+00
-2.004563405301936996e+00
-2.005329392547084755e+00
-2.006093477820521276e+00
-2.006855662662050399e+00
-2.007615948644184467e+00
-2.008374337371846785e+00
-2.009130830482110941e+00
-2.009885429643872623e+00
-2.010638136557612032e+00
-2.011388952955076803e+00
-2.012137880598995565e+00
-2.012884921282799944e+00
-2.013630076830336790e+00
-2.014373349095583965e+00
-2.015114739962354129e+00
-2.015854251344024295e+00
-2.016591885183227628e+00
-2.017327643451596320e+00
-2.018061528149454276e+00
-2.018793541305540007e+00
-2.019523684976727740e+00
-2.020251961247723216e+00
-2.020978372230805231e+00
-2.021702920065528986e+00
-2.022425606918448970e+00
-2.023146434982825426e+00
-2.023865406478352558e+00
-2.024582523650883203e+00
-2.025297788772130403e+00
-2.026011204139395616e+00
-2.026722772075303158e+00
-2.027432494927497331e+00
-2.028140375068384849e+00
-2.028846414894840411e+00
-2.029550616827946907e+00
-2.030252983312699655e+00
-2.030953516817753712e+00
-2.031652219835135664e+00
-2.032349094879974949e+00
-2.033044144490223193e+00
-2.033737371226396640e+00
-2.034428777671284827e+00
-2.035118366429716108e+00
-2.035806140128244568e+00
-2.036492101414908440e+00
-2.037176252958963651e+00
-2.037858597450601827e+00
-2.038539137600707374e+00
-2.039217876140576813e+00
-2.039894815821654106e+00
-2.040569959415273527e+00
-2.041243309712418519e+00
-2.041914869523414833e+00
-2.042584641677720025e+00
-2.043252629023634359e+00
-2.043918834428066766e+00
-2.044583260776261291e+00
-2.045245910971543513e+00
-2.045906787935087845e+00
-2.046565894605640423e+00
-2.047223233939281961e+00
-2.047878808909175952e+00
-2.048532622505323531e+00
-2.049184677734307236e+00
-2.049834977619060972e+00
-2.050483525198603996e+00
-2.051130323527815769e+00
-2.051775375677183710e+00
-2.052418684732568277e+00
-2.053060253794962264e+00
-2.053700085980256773e+00
-2.054338184418984969e+00
-2.054974552256119580e+00
-2.055609192650803774e+00
-2.056242108776146882e+00
-2.056873303818983700e+00
-2.057502780979624468e+00
-2.058130543471659024e+00
-2.058756594521715666e+00
-2.059380937369221787e+00
-2.060003575266192932e+00
-2.060624511477023635e+00
-2.061243749278228954e+00
-2.061861291958260622e+00
-2.062477142817257469e+00
-2.063091305166862455e+00
-2.063703782329965986e+00
-2.064314577640526505e+00
-2.064923694443331570e+00
-2.065531136093810449e+00
-2.066136905957796088e+00
-2.066741007411344810e+00
-2.067343443840500061e+00
-2.067944218641107668e+00
-2.068543335218605783e+00
-2.069140796987811282e+00
-2.069736607372735460e+00
-2.070330769806367766e+00
-2.070923287730491502e+00
-2.071514164595468888e+00
-2.072103403860061643e+00
-2.072691008991222272e+00
-2.073276983463922640e+00
-2.073861330760927935e+00
-2.074444054372636348e+00
-2.075025157796884123e+00
-2.075604644538748378e+00
-2.076182518110371689e+00
-2.076758782030768913e+00
-2.077333439825653993e+00
-2.077906495027245448e+00
-2.078477951174097171e+00
-2.079047811810920798e+00
-2.079616080488404961e+00
-2.080182760763028771e+00
-2.080747856196911272e+00
-2.081311370357615598e+00
-2.081873306817997094e+00
-2.082433669156011913e+00
-2.082992460954566027e+00
-2.083549685801344697e+00
-2.084105347288640164e+00
-2.084659449013201993e+00
-2.085211994576047001e+00
-2.085762987582336248e+00
-2.086312431641175635e+00
-2.086860330365482685e+00
-2.087406687371827108e+00
-2.087951506280267377e+00
-2.088494790714200633e+00
-2.089036544300204579e+00
-2.089576770667898931e+00
-2.090115473449779326e+00
-2.090652656281081878e+00
-2.091188322799628185e+00
-2.091722476645677009e+00
-2.092255121461791045e+00
-2.092786260892684158e+00
-2.093315898585083268e+00
-2.093844038187588463e+00
-2.094370683350527784e+00
-2.094895837725832433e+00
-2.095419504966875568e+00
-2.095941688728378161e+00
-2.096462392666231356e+00
-2.096981620437394778e+00
-2.097499375699748203e+00
-2.098015662111972102e+00
-2.098530483333418850e+00
-2.099043843023969735e+00
-2.099555744843935479e+00
-2.100066192453907465e+00
-2.100575189514651164e+00
-2.101082739686975565e+00
-2.101588846631620822e+00
-2.102093514009117037e+00
-2.102596745479707430e+00
-2.103098544703181361e+00
-2.103598915338791286e+00
-2.104097861045145734e+00
-2.104595385480062752e+00
-2.105091492300485090e+00
-2.105586185162355850e+00
-2.106079467720517684e+00
-2.106571343628607984e+00
-2.107061816538930543e+00
-2.107550890102375174e+00
-2.108038567968298249e+00
-2.108524853784423225e+00
-2.109009751196744276e+00
-2.109493263849412603e+00
-2.109975395384644070e+00
-2.110456149442627272e+00
-2.110935529661406740e+00
-2.111413539676818107e+00
-2.111890183122340225e+00
-2.112365463629069406e+00
-2.112839384825574651e+00
-2.113311950337819489e+00
-2.113783163789076269e+00
-2.114253028799844003e+00
-2.114721548987733790e+00
-2.115188727967410198e+00
-2.115654569350484682e+00
-2.116119076745443639e+00
-2.116582253757555598e+00
-2.117044103988783732e+00
-2.117504631037725460e+00
-2.117963838499508089e+00
-2.118421729965712874e+00
-2.118878309024312845e+00
-2.119333579259568001e+00
-2.119787544251982236e+00
-2.120240207578183878e+00
-2.120691572810895931e+00
-2.121141643518829056e+00
-2.121590423266620284e+00
-2.122037915614779724e+00
-2.122484124119575100e+00
-2.122929052333003330e+00
-2.123372703802704820e+00
-2.123815082071898619e+00
-2.124256190679303824e+00
-2.124696033159091613e+00
-2.125134613040813303e+00
-2.125571933849326633e+00
-2.126007999104743362e+00
-2.126442812322358211e+00
-2.126876377012608010e+00
-2.127308696680979327e+00
-2.127739774827963171e+00
-2.128169614949012356e+00
-2.128598220534464236e+00
-2.129025595069470089e+00
-2.129451742033982686e+00
-2.129876664902656369e+00
-2.130300367144817297e+00
-2.130722852224407493e+00
-2.131144123599918672e+00
-2.131564184724357602e+00
-2.131983039045177275e+00
-2.132400690004247590e+00
-2.132817141037778974e+00
-2.133232395576299290e+00
-2.133646457044592992e+00
-2.134059328861654503e+00
-2.134471014440637582e+00
-2.134881517188824240e+00
-2.135290840507560794e+00
-2.135698987792232106e+00
-2.136105962432206962e+00
-2.136511767810784779e+00
-2.136916407305191612e+00
-2.137319884286491334e+00
-2.137722202119581638e+00
-2.138123364163127871e+00
-2.138523373769551483e+00
-2.138922234284963864e+00
-2.139319949049146796e+00
-2.139716521395513382e+00
-2.140111954651062742e+00
-2.140506252136353371e+00
-2.140899417165459617e+00
-2.141291453045962800e+00
-2.141682363078862394e+00
-2.142072150558619992e+00
-2.142460818773046505e+00
-2.142848371003342578e+00
-2.143234810524015543e+00
-2.143620140602870983e+00
-2.144004364500984305e+00
-2.144387485472666555e+00
-2.144769506765431100e+00
-2.145150431619988307e+00
-2.145530263270179816e+00
-2.145909004942992304e+00
-2.146286659858495760e+00
-2.146663231229850144e+00
-2.147038722263259203e+00
-2.147413136157953151e+00
-2.147786476106160247e+00
-2.148158745293089922e+00
-2.148529946896912790e+00
-2.148900084088722018e+00
-2.149269160032535542e+00
-2.149637177885254324e+00
-2.150004140796653029e+00
-2.150370051909354263e+00
-2.150734914358815697e+00
-2.151098731273304310e+00
-2.151461505773887506e+00
-2.151823240974399809e+00
-2.152183939981432648e+00
-2.152543605894341461e+00
-2.152902241805175532e+00
-2.153259850798716180e+00
-2.153616435952431463e+00
-2.153972000336462855e+00
-2.154326547013628801e+00
-2.154680079039384299e+00
-2.155032599461832454e+00
-2.155384111321694718e+00
-2.155734617652301566e+00
-2.156084121479590276e+00
-2.156432625822076066e+00
-2.156780133690852086e+00
-2.157126648089585430e+00
-2.157472172014482492e+00
-2.157816708454301402e+00
-2.158160260390339147e+00
-2.158502830796406258e+00
-2.158844422638843241e+00
-2.159185038876489049e+00
-2.159524682460674416e+00
-2.159863356335246287e+00
-2.160201063436522073e+00
-2.160537806693286988e+00
-2.160873589026819364e+00
-2.161208413350843571e+00
-2.161542282571556672e+00
-2.161875199587602214e+00
-2.162207167290079113e+00
-2.162538188562522556e+00
-2.162868266280908003e+00
-2.163197403313663170e+00
-2.163525602521625846e+00
-2.163852866758075422e+00
-2.164179198868715570e+00
-2.164504601691673802e+00
-2.164829078057494804e+00
-2.165152630789147992e+00
-2.165475262702017734e+00
-2.165796976603897139e+00
-2.166117775295008485e+00
-2.166437661567985451e+00
-2.166756638207860686e+00
-2.167074707992100890e+00
-2.167391873690569959e+00
-2.167708138065562729e+00
-2.168023503871772562e+00
-2.168337973856320655e+00
-2.168651550758739166e+00
-2.168964237310985421e+00
-2.169276036237430816e+00
-2.169586950254875912e+00
-2.169896982072545555e+00
-2.170206134392087538e+00
-2.170514409907585929e+00
-2.170821811305563731e+00
-2.171128341264966011e+00
-2.171434002457197643e+00
-2.171738797546094890e+00
-2.172042729187961818e+00
-2.172345800031522778e+00
-2.172648012718002786e+00
-2.172949369881059578e+00
-2.173249874146825356e+00
-2.173549528133919662e+00
-2.173848334453426734e+00
-2.174146295708925702e+00
-2.174443414496484372e+00
-2.174739693404661889e+00
-2.175035135014529608e+00
