2.470290627680548014e-16
-6.384096068705367166e-01
-1.241490541593993413e+00
-1.780166760137631865e+00
-2.235671962421629466e+00
-2.600448217959137942e+00
-2.876412305285370952e+00
-3.071913988591630673e+00
-3.198638309680839065e+00
-3.269176563818350978e+00
-3.295465283231130638e+00
-3.287977872247411337e+00
-3.255443958016271733e+00
-3.204882493812605482e+00
-3.141790458628577198e+00
-3.070387178403267026e+00
-2.993858933422318902e+00
-2.914577712222098160e+00
-2.834284990930994841e+00
-2.754240304966821817e+00
-2.675338390419857326e+00
-2.598200005368561438e+00
-2.523241538954515306e+00
-2.450727936685634933e+00
-2.380812712108484330e+00
-2.313568068997755578e+00
-2.249007503530729757e+00
-2.187102714951285165e+00
-2.127796221691840461e+00
-2.071010743388721931e+00
-2.016656150424782190e+00
-1.964634585568188374e+00
-1.914844213028458864e+00
-1.867181937717831586e+00
-1.821545352750296054e+00
-1.777834109509649929e+00
-1.735950856673323939e+00
-1.695801858545910479e+00
-1.657297375883796553e+00
-1.620351871949879285e+00
-1.584884091068924139e+00
-1.550817045305357800e+00
-1.518077936036160258e+00
-1.486598030526786962e+00
-1.456312508533756045e+00
-1.427160290134090515e+00
-1.399083853055347548e+00
-1.372029045586531604e+00
-1.345944899464948330e+00
-1.320783445884682994e+00
-1.296499536804847308e+00
-1.273050673033205626e+00
-1.250396840009754040e+00
-1.228500351832239934e+00
-1.207325703754883461e+00
-1.186839433194394111e+00
-1.167009989107594903e+00
-1.147807609513257443e+00
-1.129204206842699953e+00
-1.111173260771960214e+00
-1.093689718146094281e+00
-1.076729899608943386e+00
-1.060271412533393631e+00
-1.044293069868212021e+00
-1.028774814513573110e+00
-1.013697648865102385e+00
-9.990435691705435994e-01
-9.847955043732028457e-01
-9.709372591228976335e-01
-9.574534606667559622e-01
-9.443295093380003058e-01
-9.315515323916883084e-01
-9.191063409416178054e-01
-9.069813897812908365e-01
-8.951647398760815832e-01
-8.836450233400071630e-01
-8.724114107130296336e-01
-8.614535803799320268e-01
-8.507616899719603332e-01
-8.403263496151530676e-01
-8.301385968897118106e-01
-8.201898733834969146e-01
-8.104720027238476732e-01
-8.009771699878014406e-01
-7.916979023908932156e-01
-7.826270511700378352e-01
-7.737577745741329727e-01
-7.650835218906695268e-01
-7.565980184337529613e-01
-7.482952514325449389e-01
-7.401694567556951210e-01
-7.322151064199896586e-01
-7.244268968270594078e-01
-7.167997376843864288e-01
-7.093287415617103298e-01
-7.020092140457575569e-01
-6.948366444503174533e-01
-6.878066970506746536e-01
-6.809152028043310434e-01
-6.741581515320274054e-01
-6.675316845256943354e-01
-6.610320875608348690e-01
-6.546557842846326691e-01
-6.483993299602285321e-01
-6.422594055421627646e-01
-6.362328120659359598e-01
-6.303164653299903053e-01
-6.245073908556508790e-01
-6.188027191053120379e-01
-6.131996809472125554e-01
-6.076956033486089481e-01
-6.022879052880306672e-01
-5.969740938702607913e-01
-5.917517606359600224e-01
-5.866185780513339942e-01
-5.815722961716391914e-01
-5.766107394646208251e-01
-5.717318037888959870e-01
-5.669334535154647581e-01
-5.622137187873724740e-01
-5.575706929070667339e-01
-5.530025298478856710e-01
-5.485074418793249862e-01
-5.440836973037793678e-01
-5.397296182953142951e-01
-5.354435788383999917e-01
-5.312240027582860735e-01
-5.270693618411803616e-01
-5.229781740368526499e-01
-5.189490017421786172e-01
-5.149804501586869865e-01
-5.110711657232906990e-01
-5.072198346055384333e-01
-5.034251812711715290e-01
-4.996859671055015606e-01
-4.960009890969632185e-01
-4.923690785745785115e-01
-4.887890999998529828e-01
-4.852599498077295737e-01
-4.817805552966733518e-01
-4.783498735632445986e-01
-4.749668904813346137e-01
-4.716306197216681428e-01
-4.683401018121515214e-01
-4.650944032344106471e-01
-4.618926155578474968e-01
-4.587338546064279599e-01
-4.556172596597533597e-01
-4.525419926838534224e-01
-4.495072375932737674e-01
-4.465121995403691924e-01
-4.435561042330171122e-01
-4.406381972772144273e-01
-4.377577435457535859e-01
-4.349140265695433660e-01
-4.321063479526782714e-01
-4.293340268085895639e-01
-4.265963992176136088e-01
-4.238928177038328027e-01
-4.212226507319812852e-01
-4.185852822215618274e-01
-4.159801110795779966e-01
-4.134065507490213287e-01
-4.108640287746035957e-01
-4.083519863827530516e-01
-4.058698780775649162e-01
-4.034171712498604290e-01
-4.009933458010132568e-01
-3.985978937786338050e-01
-3.962303190262134733e-01
-3.938901368432151662e-01
-3.915768736584771537e-01
-3.892900667130514414e-01
-3.870292637551996928e-01
-3.847940227444976435e-01
-3.825839115667947210e-01
-3.803985077576282903e-01
-3.782373982359089060e-01
-3.761001790452478399e-01
-3.739864551046898633e-01
-3.718958399668599868e-01
-3.698279555844777300e-01
-3.677824320838416483e-01
-3.657589075461936678e-01
-3.637570277953440789e-01
-3.617764461928690278e-01
-3.598168234387829623e-01
-3.578778273794388509e-01
-3.559591328205948257e-01
-3.540604213471073014e-01
-3.521813811471535272e-01
-3.503217068431506709e-01
-3.484810993264847445e-01
-3.466592655985522020e-01
-3.448559186154234180e-01
-3.430707771383372240e-01
-3.413035655876383578e-01
-3.395540139019321835e-01
-3.378218574007227359e-01
-3.361068366517482309e-01
-3.344086973416016684e-01
-3.327271901507405372e-01
-3.310620706314998385e-01
-3.294130990904149958e-01
-3.277800404730614181e-01
-3.261626642530995879e-01
-3.245607443236233625e-01
-3.229740588924021050e-01
-3.214023903794212544e-01
-3.198455253178706936e-01
-3.183032542573676626e-01
-3.167753716704964639e-01
-3.152616758612539205e-01
-3.137619688767858128e-01
-3.122760564207729961e-01
-3.108037477699876483e-01
-3.093448556923037995e-01
-3.078991963677968902e-01
-3.064665893111466199e-01
-3.050468572969590730e-01
-3.036398262861792485e-01
-3.022453253554263641e-01
-3.008631866273622224e-01
-2.994932452036213055e-01
-2.981353390988156771e-01
-2.967893091770151259e-01
-2.954549990891146005e-01
-2.941322552125803513e-01
-2.928209265920597160e-01
-2.915208648822704696e-01
-2.902319242914627728e-01
-2.889539615273035156e-01
-2.876868357432114109e-01
-2.864304084869361278e-01
-2.851845436495706876e-01
-2.839491074166530793e-01
-2.827239682198137705e-01
-2.815089966902183383e-01
-2.803040656125853070e-01
-2.791090498809332687e-01
-2.779238264548523629e-01
-2.767482743174294879e-01
-2.755822744335241770e-01
-2.744257097099118692e-01
-2.732784649554247935e-01
-2.721404268429671869e-01
-2.710114838716656260e-01
-2.698915263306841950e-01
-2.687804462631019353e-01
-2.676781374314850526e-01
-2.665844952833977821e-01
-2.654994169186029040e-01
-2.644228010563317022e-01
-2.633545480037444708e-01
-2.622945596248004718e-01
-2.612427393103855522e-01
-2.601989919483614355e-01
-2.591632238950732359e-01
-2.581353429469019911e-01
-2.571152583129635016e-01
-2.561028805880128933e-01
-2.550981217262608403e-01
-2.541008950155599355e-01
-2.531111150524987252e-01
-2.521286977175677402e-01
-2.511535601514369720e-01
-2.501856207311946578e-01
-2.492247990476939568e-01
-2.482710158828247415e-01
-2.473241931878710220e-01
-2.463842540617293131e-01
-2.454511227302871024e-01
-2.445247245254283108e-01
-2.436049858654482092e-01
-2.426918342349511371e-01
-2.417851981660238958e-01
-2.408850072190516778e-01
-2.399911919646356695e-01
-2.391036839652590784e-01
-2.382224157580617174e-01
-2.373473208370902032e-01
-2.364783336368549982e-01
-2.356153895154668443e-01
-2.347584247387273226e-01
-2.339073764639274522e-01
-2.330621827247618405e-01
-2.322227824156760934e-01
-2.313891152774117388e-01
-2.305611218820364239e-01
-2.297387436190502230e-01
-2.289219226810217667e-01
-2.281106020502408349e-01
-2.273047254850150689e-01
-2.265042375068201386e-01
-2.257090833870182833e-01
-2.249192091346674249e-01
-2.241345614838188283e-01
-2.233550878816833729e-01
-2.225807364764471052e-01
-2.218114561059293388e-01
-2.210471962859048289e-01
-2.202879071991710735e-01
-2.195335396843843545e-01
-2.187840452254485590e-01
-2.180393759408308374e-01
-2.172994845734544378e-01
-2.165643244802441525e-01
-2.158338496225766512e-01
-2.151080145561666823e-01
-2.143867744218402316e-01
-2.136700849358461329e-01
-2.129579023809441418e-01
-2.122501835972201711e-01
-2.115468859732921036e-01
-2.108479674376007584e-01
-2.101533864499991189e-01
-2.094631019932115534e-01
-2.087770735648911691e-01
-2.080952611692646337e-01
-2.074176253095748323e-01
-2.067441269800076309e-01
-2.060747276584262155e-01
-2.054093892985773551e-01
-2.047480743230561118e-01
-2.040907456158740918e-01
-2.034373665156095912e-01
-2.027879008082786316e-01
-2.021423127207760684e-01
-2.015005669138763278e-01
-2.008626284760418601e-01
-2.002284629167049856e-01
-1.995980361600515063e-01
-1.989713145387820292e-01
-1.983482647880801253e-01
-1.977288540394991911e-01
-1.971130498152657562e-01
-1.965008200222176371e-01
-1.958921329465278527e-01
-1.952869572476401139e-01
-1.946852619532462580e-01
-1.940870164535528075e-01
-1.934921904963200767e-01
-1.929007541813298754e-01
-1.923126779555504873e-01
-1.917279326078523694e-01
-1.911464892644561264e-01
-1.905683193836869016e-01
-1.899933947514938770e-01
-1.894216874765635439e-01
-1.888531699859548330e-01
-1.882878150202484391e-01
-1.877255956295316996e-01
-1.871664851685622133e-01
-1.866104572929035976e-01
-1.860574859542971082e-01
-1.855075453969126098e-01
-1.849606101528930846e-01
-1.844166550386175107e-01
-1.838756551505531522e-01
-1.833375858615630960e-01
-1.828024228168516341e-01
-1.822701419305218784e-01
-1.817407193815381572e-01
-1.812141316103586530e-01
-1.806903553152013620e-01
-1.801693674486783414e-01
-1.796511452141247855e-01
-1.791356660624485730e-01
-1.786229076885304801e-01
-1.781128480282051507e-01
-1.776054652547295332e-01
-1.771007377759324930e-01
-1.765986442306278492e-01
-1.760991634860472610e-01
-1.756022746343702257e-01
-1.751079569900524657e-01
-1.746161900866031735e-01
-1.741269536739724899e-01
-1.736402277154320550e-01
-1.731559923850209404e-01
-1.726742280645773842e-01
-1.721949153412102584e-01
-1.717180350043956971e-01
-1.712435680436592833e-01
-1.707714956456434785e-01
-1.703017991917723517e-01
-1.698344602556965122e-01
-1.693694606008525338e-01
-1.689067821778471035e-01
-1.684464071223776005e-01
-1.679883177524945093e-01
-1.675324965666818156e-01
-1.670789262411726817e-01
-1.666275896280298707e-01
-1.661784697526442478e-01
-1.657315498117960251e-01
-1.652868131713275957e-01
-1.648442433640697757e-01
-1.644038240877785939e-01
-1.639655392030985315e-01
-1.635293727314170997e-01
-1.630953088530306683e-01
-1.626633319050321269e-01
-1.622334263794859011e-01
-1.618055769213969097e-01
-1.613797683270101480e-01
-1.609559855417094509e-01
-1.605342136584230195e-01
-1.601144379156868580e-01
-1.596966436959475766e-01
-1.592808165237037665e-01
-1.588669420639360619e-01
-1.584550061203306159e-01
-1.580449946335244771e-01
-1.576368936795923270e-01
-1.572306894684052103e-01
-1.568263683418840704e-01
-1.564239167726553803e-01
-1.560233213622842785e-01
-1.556245688398930627e-01
-1.552276460604360697e-01
-1.548325400035413246e-01
-1.544392377717013209e-01
-1.540477265890967118e-01
-1.536579937999116019e-01
-1.532700268672143040e-01
-1.528838133712212000e-01
-1.524993410083450018e-01
-1.521165975894384070e-01
-1.517355710387371104e-01
-1.513562493923913399e-01
-1.509786207973415895e-01
-1.506026735097551195e-01
-1.502283958941989794e-01
-1.498557764218717558e-01
-1.494848036698783467e-01
-1.491154663195991825e-01
-1.487477531558943078e-01
-1.483816530655683585e-01
-1.480171550364925426e-01
-1.476542481562005682e-01
-1.472929216110737405e-01
-1.469331646849214024e-01
-1.465749667580784066e-01
-1.462183173062549524e-01
-1.458632058994850100e-01
-1.455096222010256735e-01
-1.451575559664020909e-01
-1.448069970422793395e-01
-1.444579353655869591e-01
-1.441103609623123893e-01
-1.437642639467867078e-01
-1.434196345204406253e-01
-1.430764629710859770e-01
-1.427347396716972805e-01
-1.423944550798454667e-01
-1.420555997363285583e-01
-1.417181642647022122e-01
-1.413821393699864204e-01
-1.410475158381790661e-01
-1.407142845349592386e-01
-1.403824364051714235e-01
-1.400519624717302680e-01
-1.397228538350170080e-01
-1.393951016717627778e-01
-1.390686972344999939e-01
-1.387436318505505528e-01
-1.384198969213755737e-01
-1.380974839216362327e-01
-1.377763843986104242e-01
-1.374565899711709394e-01
-1.371380923293127330e-01
-1.368208832330909397e-01
-1.365049545122374586e-01
-1.361902980650710471e-01
-1.358769058580492906e-01
-1.355647699248858917e-01
-1.352538823659651390e-01
-1.349442353475334977e-01
-1.346358211011232375e-01
-1.343286319227924019e-01
-1.340226601725052202e-01
-1.337178982734239241e-01
-1.334143387113487511e-01
-1.331119740339186119e-01
-1.328107968501726632e-01
-1.325107998296873590e-01
-1.322119757022166830e-01
-1.319143172568197075e-01
-1.316178173415109287e-01
-1.313224688623678971e-01
-1.310282647832629044e-01
-1.307351981250067241e-01
-1.304432619649315839e-01
-1.301524494362374385e-01
-1.298627537275164612e-01
-1.295741680820754194e-01
-1.292866857975323025e-01
-1.290003002251023656e-01
-1.287150047692333377e-01
-1.284307928869520277e-01
-1.281476580874125748e-01
-1.278655939313190215e-01
-1.275845940304431714e-01
-1.273046520471575738e-01
-1.270257616938980649e-01
-1.267479167326088785e-01
-1.264711109744163231e-01
-1.261953382789199607e-01
-1.259205925539644000e-01
-1.256468677550120761e-01
-1.253741578846753191e-01
-1.251024569923333274e-01
-1.248317591736871068e-01
-1.245620585701303767e-01
-1.242933493685455804e-01
-1.240256258007661205e-01
-1.237588821430668784e-01
-1.234931127158183789e-01
-1.232283118831536683e-01
-1.229644740522493618e-01
-1.227015936733117235e-01
-1.224396652388155399e-01
-1.221786832833215986e-01
-1.219186423829437121e-01
-1.216595371551273258e-01
-1.214013622579790952e-01
-1.211441123901868533e-01
-1.208877822903568489e-01
-1.206323667369737507e-01
-1.203778605475815250e-01
-1.201242585788781653e-01
-1.198715557259775188e-01
-1.196197469222852194e-01
-1.193688271390275085e-01
-1.191187913849763441e-01
-1.188696347059546021e-01
-1.186213521847110097e-01
-1.183739389403480474e-01
-1.181273901282048205e-01
-1.178817009393234999e-01
-1.176368666002496483e-01
-1.173928823726273080e-01
-1.171497435529786219e-01
-1.169074454722348888e-01
-1.166659834956312175e-01
-1.164253530221392996e-01
-1.161855494843101466e-01
-1.159465683480154774e-01
-1.157084051120596951e-01
-1.154710553077931273e-01
-1.152345144990723075e-01
-1.149987782817156329e-01
-1.147638422833417576e-01
-1.145297021630393292e-01
-1.142963536111876316e-01
-1.140637923488945077e-01
-1.138320141281210368e-01
-1.136010147311121848e-01
-1.133707899702282862e-01
-1.131413356875870246e-01
-1.129126477550210783e-01
-1.126847220735178456e-01
-1.124575545732554305e-01
-1.122311412130249653e-01
-1.120054779803223433e-01
-1.117805608908205989e-01
-1.115563859882708481e-01
-1.113329493441871237e-01
-1.111102470576612877e-01
-1.108882752550088557e-01
-1.106670300897315967e-01
-1.104465077420367786e-01
-1.102267044188284667e-01
-1.100076163532511253e-01
-1.097892398047275869e-01
-1.095715710584451719e-01
-1.093546064254319883e-01
-1.091383422420012794e-01
-1.089227748698762405e-01
-1.087079006956466337e-01
-1.084937161308385661e-01
-1.082802176115148646e-01
-1.080674015981577529e-01
-1.078552645753503014e-01
-1.076438030517698347e-01
-1.074330135597456326e-01
-1.072228926552418748e-01
-1.070134369175377992e-01
-1.068046429491574661e-01
-1.065965073754972375e-01
-1.063890268448239307e-01
-1.061821980279178679e-01
-1.059760176179972424e-01
-1.057704823304423392e-01
-1.055655889027157651e-01
-1.053613340940728477e-01
-1.051577146854480865e-01
-1.049547274791873125e-01
-1.047523692990628835e-01
-1.045506369898037274e-01
-1.043495274171693105e-01
-1.041490374676928565e-01
-1.039491640484784402e-01
-1.037499040870556027e-01
-1.035512545311964017e-01
-1.033532123488220822e-01
-1.031557745276991817e-01
-1.029589380753909850e-01
-1.027627000191130013e-01
-1.025670574054146217e-01
-1.023720073002248876e-01
-1.021775467884993710e-01
-1.019836729742860243e-01
-1.017903829802918325e-01
-1.015976739480246582e-01
-1.014055430374031369e-01
-1.012139874267897061e-01
-1.010230043126369576e-01
-1.008325909096054601e-01
-1.006427444501557938e-01
-1.004534621845936532e-01
-1.002647413808218646e-01
-1.000765793242678059e-01
-9.988897331766191656e-02
-9.970192068097910587e-02
-9.951541875123519343e-02
-9.932946488248746431e-02
-9.914405644543301810e-02
-9.895919082757530238e-02
-9.877486543287515575e-02
-9.859107768176000874e-02
-9.840782501089273548e-02
-9.822510487311163219e-02
-9.804291473725515460e-02
-9.786125208808725551e-02
-9.768011442612895001e-02
-9.749949926750668683e-02
-9.731940414395327810e-02
-9.713982660254417978e-02
-9.696076420564279930e-02
-9.678221453083021841e-02
-9.660417517069222471e-02
-9.642664373271458977e-02
-9.624961783925005399e-02
-9.607309512737223500e-02
-9.589707324863867843e-02
-9.572154986918410269e-02
-9.554652266945330708e-02
-9.537198934417434604e-02
-9.519794760216021556e-02
-9.502439516634567096e-02
-9.485132977347796035e-02
-9.467874917420732173e-02
-9.450665113289398456e-02
-9.433503342747531772e-02
-9.416389384941221963e-02
-9.399323020357916447e-02
-9.382304030809310302e-02
-9.365332199439332928e-02
-9.348407310684604676e-02
-9.331529150301255682e-02
-9.314697505316750503e-02
-9.297912164058023954e-02
-9.281172916103760939e-02
-9.264479552313785449e-02
-9.247831864784948619e-02
-9.231229646861334459e-02
-9.214672693119158042e-02
-9.198160799365982798e-02
-9.181693762613470089e-02
-9.165271381089899749e-02
-9.148893454208645304e-02
-9.132559782586845143e-02
-9.116270168001704144e-02
-9.100024413419147140e-02
-9.083822322956379425e-02
-9.067663701888739602e-02
-9.051548356628924541e-02
-9.035476094736147323e-02
-9.019446724892603295e-02
-9.003460056901670117e-02
-8.987515901673169549e-02
-8.971614071229691567e-02
-8.955754378682601047e-02
-8.939936638233021704e-02
-8.924160665158560601e-02
-8.908426275815285733e-02
-8.892733287617876625e-02
-8.877081519032979651e-02
-8.861470789587759522e-02
-8.845900919841843957e-02
-8.830371731386220391e-02
-8.814883046848318027e-02
-8.799434689859050862e-02
-8.784026485076661117e-02
-8.768658258154475582e-02
-8.753329835742158782e-02
-8.738041045480397784e-02
-8.722791715996625062e-02
-8.707581676886398669e-02
-8.692410758722309005e-02
-8.677278793030206161e-02
-8.662185612298392567e-02
-8.647131049957777760e-02
-8.632114940384399970e-02
-8.617137118885481728e-02
-8.602197421701035518e-02
-8.587295685989200511e-02
-8.572431749824167835e-02
-8.557605452188289663e-02
-8.542816632969778279e-02
-8.528065132944566418e-02
-8.513350793789178916e-02
-8.498673458055037988e-02
-8.484032969174516714e-02
-8.469429171449091576e-02
-8.454861910050426310e-02
-8.440331031002873408e-02
-8.425836381187432056e-02
-8.411377808331366168e-02
-8.396955161003633039e-02
-8.382568288607222806e-02
-8.368217041378965548e-02
-8.353901270374308741e-02
-8.339620827470903275e-02
-8.325375565356867014e-02
-8.311165337530296293e-02
-8.296989998286893875e-02
-8.282849402724047627e-02
-8.268743406720285849e-02
-8.254671866949003789e-02
-8.240634640859484383e-02
-8.226631586677028707e-02
-8.212662563392288118e-02
-8.198727430763319557e-02
-8.184826049307923623e-02
-8.170958280294966791e-02
-8.157123985742473216e-02
-8.143323028414629905e-02
-8.129555271810655348e-02
-8.115820580163740638e-02
-8.102118818439653369e-02
-8.088449852323734146e-02
-8.074813548217947556e-02
-8.061209773247129950e-02
-8.047638395234749109e-02
-8.034099282720880142e-02
-8.020592304932865069e-02
-8.007117331798722926e-02
-7.993674233940332996e-02
-7.980262882658679946e-02
-7.966883149938791542e-02
-7.953534908450118901e-02
-7.940218031523199604e-02
-7.926932393158009349e-02
-7.913677868023992479e-02
-7.900454331444609068e-02
-7.887261659404459779e-02
-7.874099728529589115e-02
-7.860968416096608680e-02
-7.847867600027277901e-02
-7.834797158874175216e-02
-7.821756971832434513e-02
-7.808746918712977658e-02
-7.795766879969238949e-02
-7.782816736661135604e-02
-7.769896370472233194e-02
-7.757005663697784381e-02
-7.744144499247519742e-02
-7.731312760623972047e-02
-7.718510331947113501e-02
-7.705737097915256462e-02
-7.692992943840155917e-02
-7.680277755608518053e-02
-7.667591419701022537e-02
-7.654933823176909846e-02
-7.642304853672798881e-02
-7.629704399401625314e-02
-7.617132349149735582e-02
-7.604588592265353053e-02
-7.592073018665118633e-02
-7.579585518822781753e-02
-7.567125983771870457e-02
-7.554694305090618733e-02
-7.542290374920228302e-02
-7.529914085934474866e-02
-7.517565331357496661e-02
-7.505244004949651604e-02
-7.492950001008671923e-02
-7.480683214363337274e-02
-7.468443540369955336e-02
-7.456230874911688733e-02
-7.444045114394641505e-02
-7.431886155742170597e-02
-7.419753896396991122e-02
-7.407648234302699475e-02
-7.395569067929344542e-02
-7.383516296241890431e-02
-7.371489818709427155e-02
-7.359489535301087793e-02
-7.347515346485272714e-02
-7.335567153221343728e-02
-7.323644856959457550e-02
-7.311748359634497041e-02
-7.299877563672049763e-02
-7.288032371973006407e-02
-7.276212687920240174e-02
-7.264418415371459714e-02
-7.252649458653387393e-02
-7.240905722563072133e-02
-7.229187112373597346e-02
-7.217493533806151884e-02
-7.205824893056636538e-02
-7.194181096768642591e-02
-7.182562052050586732e-02
-7.170967666451136258e-02
-7.159397847984876051e-02
-7.147852505096828624e-02
-7.136331546686711103e-02
-7.124834882091767019e-02
-7.113362421089999832e-02
-7.101914073895483626e-02
-7.090489751152347087e-02
-7.079089363938474710e-02
-7.067712823763085128e-02
-7.056360042552148326e-02
-7.045030932666893064e-02
-7.033725406875199204e-02
-7.022443378374843004e-02
-7.011184760772984359e-02
-6.999949468093488725e-02
-6.988737414760712308e-02
-6.977548515623364922e-02
-6.966382685923308560e-02
-6.955239841308141768e-02
-6.944119897831413368e-02
-6.933022771938268658e-02
-6.921948380471851237e-02
-6.910896640668827418e-02
-6.899867470158700666e-02
-6.888860786962905380e-02
-6.877876509480231049e-02
-6.866914556501807487e-02
-6.855974847195681066e-02
-6.845057301117803139e-02
-6.834161838191539495e-02
-6.823288378720694658e-02
-6.812436843380735574e-02
-6.801607153223097890e-02
-6.790799229657253078e-02
-6.780012994474610144e-02
-6.769248369810765276e-02
-6.758505278185984733e-02
-6.747783642461255282e-02
-6.737083385869598040e-02
-6.726404431989541077e-02
-6.715746704760647279e-02
-6.705110128472700770e-02
-6.694494627765025518e-02
-6.683900127618529197e-02
-6.673326553371992931e-02
-6.662773830695674360e-02
-6.652241885612394934e-02
-6.641730644473348155e-02
-6.631240033980664861e-02
-6.620769981159037310e-02
-6.610320413376179205e-02
-6.599891258326659460e-02
-6.589482444036733055e-02
-6.579093898864234180e-02
-6.568725551486584435e-02
-6.558377330910726555e-02
-6.548049166465727544e-02
-6.537740987798038028e-02
-6.527452724874929779e-02
-6.517184307981660485e-02
-6.506935667716304272e-02
-6.496706734992049870e-02
-6.486497441035617151e-02
-6.476307717378521067e-02
-6.466137495867073370e-02
-6.455986708644723127e-02
-6.445855288169108355e-02
-6.435743167193698488e-02
-6.425650278777036983e-02
-6.415576556277280407e-02
-6.405521933348118369e-02
-6.395486343936088169e-02
-6.385469722295597506e-02
-6.375472002954955808e-02
-6.365493120751146428e-02
-6.355533010793575077e-02
-6.345591608497164193e-02
-6.335668849550940562e-02
-6.325764669934180739e-02
-6.315879005903476950e-02
-6.306011794004368065e-02
-6.296162971056866453e-02
-6.286332474160924444e-02
-6.276520240693309050e-02
-6.266726208309451873e-02
-6.256950314929216050e-02
-6.247192498758111223e-02
-6.237452698256763794e-02
-6.227730852170781234e-02
-6.218026899502882704e-02
-6.208340779522948660e-02
-6.198672431770251706e-02
-6.189021796046347695e-02
-6.179388812410337856e-02
-6.169773421186704188e-02
-6.160175562956439477e-02
-6.150595178557968778e-02
-6.141032209086921823e-02
-6.131486595893587827e-02
-6.121958280580697825e-02
-6.112447205007914136e-02
-6.102953311275552406e-02
-6.093476541737373464e-02
-6.084016839003409532e-02
-6.074574145920714346e-02
-6.065148405581413660e-02
-6.055739561330378273e-02
-6.046347556741710205e-02
-6.036972335643450704e-02
-6.027613842095004559e-02
-6.018272020399188099e-02
-6.008946815092999771e-02
-5.999638170955629707e-02
-5.990346032988998204e-02
-5.981070346444819497e-02
-5.971811056788933064e-02
-5.962568109736286065e-02
-5.953341451216541402e-02
-5.944131027399691958e-02
-5.934936784674810922e-02
-5.925758669660583650e-02
-5.916596629197885121e-02
-5.907450610358226661e-02
-5.898320560424321485e-02
-5.889206426912873410e-02
-5.880108157551963699e-02
-5.871025700293305144e-02
-5.861959003302802396e-02
-5.852908014964932487e-02
-5.843872683879145630e-02
-5.834852958861405647e-02
-5.825848788935691913e-02
-5.816860123346016126e-02
-5.807886911540985353e-02
-5.798929103180749944e-02
-5.789986648135259789e-02
-5.781059496481604637e-02
-5.772147598500464161e-02
-5.763250904687120674e-02
-5.754369365728494168e-02
-5.745502932529088225e-02
-5.736651556178853917e-02
-5.727815187985949019e-02
-5.718993779447720943e-02
-5.710187282266251246e-02
-5.701395648334890015e-02
-5.692618829755641263e-02
-5.683856778811769567e-02
-5.675109447996272427e-02
-5.666376789984307882e-02
-5.657658757652731657e-02
-5.648955304064919719e-02
-5.640266382476598339e-02
-5.631591946336084870e-02
-5.622931949279462438e-02
-5.614286345122959654e-02
-5.605655087888260918e-02
-5.597038131761412905e-02
-5.588435431132334624e-02
-5.579846940563523705e-02
-5.571272614805297674e-02
-5.562712408788287460e-02
-5.554166277627990006e-02
-5.545634176616258404e-02
-5.537116061228720965e-02
-5.528611887112227369e-02
-5.520121610100400117e-02
-5.511645186200320873e-02
-5.503182571591803268e-02
-5.494733722635857659e-02
-5.486298595861357347e-02
-5.477877147974988259e-02
-5.469469335851793318e-02
-5.461075116543273600e-02
-5.452694447265866301e-02
-5.444327285410473227e-02
-5.435973588536149870e-02
-5.427633314367474870e-02
-5.419306420799657048e-02
-5.410992865891660342e-02
-5.402692607869269414e-02
-5.394405605119563518e-02
-5.386131816203766631e-02
-5.377871199829300369e-02
-5.369623714884305676e-02
-5.361389320403771308e-02
-5.353167975593463301e-02
-5.344959639809108293e-02
-5.336764272575326290e-02
-5.328581833567363341e-02
-5.320412282626014316e-02
-5.312255579738538874e-02
-5.304111685058320036e-02
-5.295980558883616601e-02
-5.287862161674707767e-02
-5.279756454043391112e-02
-5.271663396754502212e-02
-5.263582950721177461e-02
-5.255515077015669029e-02
-5.247459736852275874e-02
-5.239416891599875392e-02
-5.231386502776137065e-02
-5.223368532047596713e-02
-5.215362941221499127e-02
-5.207369692264428307e-02
-5.199388747279744261e-02
-5.191420068518518699e-02
-5.183463618376441678e-02
-5.175519359395241992e-02
-5.167587254253249579e-02
-5.159667265786416906e-02
-5.151759356951815527e-02
-5.143863490863283955e-02
-5.135979630771626142e-02
-5.128107740067749942e-02
-5.120247782276143161e-02
-5.112399721065984809e-02
-5.104563520241747754e-02
-5.096739143747262141e-02
-5.088926555657646844e-02
-5.081125720192693901e-02
-5.073336601697281401e-02
-5.065559164654496321e-02
-5.057793373687038269e-02
-5.050039193542511795e-02
-5.042296589104156013e-02
-5.034565525392184493e-02
-5.026845967548696642e-02
-5.019137880854322026e-02
-5.011441230714955286e-02
-5.003755982667774938e-02
-4.996082102379795914e-02
-4.988419555645926678e-02
-4.980768308383529824e-02
-4.973128326644606079e-02
-4.965499576602312032e-02
-4.957882024558450673e-02
-4.950275636935567991e-02
-4.942680380291419179e-02
-4.935096221289543561e-02
-4.927523126737137077e-02
-4.919961063548088098e-02
-4.912409998767328784e-02
-4.904869899561444674e-02
-4.897340733210363284e-02
-4.889822467123479399e-02
-4.882315068825596877e-02
-4.874818505959846449e-02
-4.867332746291701262e-02
-4.859857757702182313e-02
-4.852393508189664639e-02
-4.844939965874474341e-02
-4.837497098982310867e-02
-4.830064875869160418e-02
-4.822643264996756551e-02
-4.815232234943575551e-02
-4.807831754404957858e-02
-4.800441792189410334e-02
-4.793062317210750045e-02
-4.785693298511840138e-02
-4.778334705232974849e-02
-4.770986506632921009e-02
-4.763648672081864655e-02
-4.756321171057499575e-02
-4.749003973147802871e-02
-4.741697048055099756e-02
-4.734400365584470749e-02
-4.727113895654244669e-02
-4.719837608293307035e-02
-4.712571473627748947e-02
-4.705315461898221252e-02
-4.698069543456408897e-02
-4.690833688750532110e-02
-4.683607868337086311e-02
-4.676392052884223438e-02
-4.669186213159342430e-02
-4.661990320029726909e-02
-4.654804344474621630e-02
-4.647628257572442717e-02
-4.640462030505378838e-02
-4.633305634556780100e-02
-4.626159041113662995e-02
-4.619022221664092348e-02
-4.611895147789434740e-02
-4.604777791189273994e-02
-4.597670123643451956e-02
-4.590572117041814837e-02
-4.583483743374661135e-02
-4.576404974723870950e-02
-4.569335783274570961e-02
-4.562276141309486166e-02
-4.555226021203797465e-02
-4.548185395436099565e-02
-4.541154236577786552e-02
-4.534132517295855203e-02
-4.527120210355180252e-02
-4.520117288610919076e-02
-4.513123725019881766e-02
-4.506139492627918297e-02
-4.499164564575652836e-02
-4.492198914098756435e-02
-4.485242514520818707e-02
-4.478295339263944214e-02
-4.471357361839610467e-02
-4.464428555853931779e-02
-4.457508894997044835e-02
-4.450598353060401802e-02
-4.443696903913624263e-02
-4.436804521527672879e-02
-4.429921179959066951e-02
-4.423046853347614715e-02
-4.416181515932457446e-02
-4.409325142033669598e-02
-4.402477706061719287e-02
-4.395639182513780274e-02
-4.388809545978904908e-02
-4.381988771124274706e-02
-4.375176832710562375e-02
-4.368373705584700784e-02
-4.361579364673708048e-02
-4.354793784997897099e-02
-4.348016941654086337e-02
-4.341248809830252492e-02
-4.334489364792335625e-02
-4.327738581897464659e-02
-4.320996436581068384e-02
-4.314262904362922008e-02
-4.307537960848128317e-02
-4.300821581717285957e-02
-4.294113742740846007e-02
-4.287414419766771845e-02
-4.280723588727149836e-02
-4.274041225626287743e-02
-4.267367306562877549e-02
-4.260701807704486699e-02
-4.254044705303180324e-02
-4.247395975693087772e-02
-4.240755595280337048e-02
-4.234123540556798682e-02
-4.227499788086497290e-02
-4.220884314519970926e-02
-4.214277096578086801e-02
-4.207678111059234144e-02
-4.201087334843658927e-02
-4.194504744888512965e-02
-4.187930318219942188e-02
-4.181364031948525684e-02
-4.174805863256541433e-02
-4.168255789403908784e-02
-4.161713787718487184e-02
-4.155179835616331502e-02
-4.148653910573622122e-02
-4.142135990152216729e-02
-4.135626051980972190e-02
-4.129124073763471015e-02
-4.122630033276233202e-02
-4.116143908372382754e-02
-4.109665676972226733e-02
-4.103195317072896170e-02
-4.096732806740442656e-02
-4.090278124111249025e-02
-4.083831247401115139e-02
-4.077392154884387082e-02
-4.070960824918064269e-02
-4.064537235919621350e-02
-4.058121366381811645e-02
-4.051713194870883855e-02
-4.045312700011628737e-02
-4.038919860509122134e-02
-4.032534655132647555e-02
-4.026157062719811636e-02
-4.019787062176564257e-02
-4.013424632475209169e-02
-4.007069752662099221e-02
-4.000722401842526227e-02
-3.994382559194632754e-02
-3.988050203965863572e-02
-3.981725315459180847e-02
-3.975407873056414215e-02
-3.969097856198974122e-02
-3.962795244394178712e-02
-3.956500017214890225e-02
-3.950212154301811773e-02
-3.943931635357372095e-02
-3.937658440150611922e-02
-3.931392548513926166e-02
-3.925133940345536254e-02
-3.918882595602381225e-02
-3.912638494311466986e-02
-3.906401616559470463e-02
-3.900171942495231359e-02
-3.893949452338134332e-02
-3.887734126354421005e-02
-3.881525944886977247e-02
-3.875324888337242091e-02
-3.869130937163668682e-02
-3.862944071890638681e-02
-3.856764273101506713e-02
-3.850591521443109261e-02
-3.844425797618813284e-02
-3.838267082394156843e-02
-3.832115356599742617e-02
-3.825970601115178532e-02
-3.819832796893292415e-02
-3.813701924937591692e-02
-3.807577966307203882e-02
-3.801460902128379199e-02
-3.795350713589248914e-02
-3.789247381920394370e-02
-3.783150888425889508e-02
-3.777061214462604233e-02
-3.770978341442243753e-02
-3.764902250840003461e-02
-3.758832924177618606e-02
-3.752770343051055335e-02
-3.746714489096607953e-02
-3.740665344013090199e-02
-3.734622889561110826e-02
-3.728587107544804879e-02
-3.722557979837907288e-02
-3.716535488360502709e-02
-3.710519615090169393e-02
-3.704510342061214517e-02
-3.698507651361244292e-02
-3.692511525137776029e-02
-3.686521945583346588e-02
-3.680538894948987005e-02
-3.674562355543081055e-02
-3.668592309725265260e-02
-3.662628739904901648e-02
-3.656671628553613551e-02
-3.650720958187961968e-02
-3.644776711379711653e-02
-3.638838870755457811e-02
-3.632907418990497656e-02
-3.626982338818016821e-02
-3.621063613017683896e-02
-3.615151224425215692e-02
-3.609245155922231191e-02
-3.603345390448265545e-02
-3.597451910992400387e-02
-3.591564700589942177e-02
-3.585683742333383578e-02
-3.579809019359967565e-02
-3.573940514864833162e-02
-3.568078212087007206e-02
-3.562222094315468934e-02
-3.556372144893794884e-02
-3.550528347209722102e-02
-3.544690684705255335e-02
-3.538859140866778413e-02
-3.533033699231622610e-02
-3.527214343388386519e-02
-3.521401056969756388e-02
-3.515593823663101802e-02
-3.509792627193110415e-02
-3.503997451345905456e-02
-3.498208279945282800e-02
-3.492425096869353207e-02
-3.486647886036384897e-02
-3.480876631418833994e-02
-3.475111317033460767e-02
-3.469351926939730907e-02
-3.463598445252170921e-02
-3.457850856124036754e-02
-3.452109143763784638e-02
-3.446373292412374667e-02
-3.440643286369645532e-02
-3.434919109975985430e-02
-3.429200747615607225e-02
-3.423488183720969219e-02
-3.417781402767216398e-02
-3.412080389279802811e-02
-3.406385127819629155e-02
-3.400695603002704126e-02
-3.395011799481647413e-02
-3.389333701959106049e-02
-3.383661295175979106e-02
-3.377994563920668630e-02
-3.372333493026085510e-02
-3.366678067365855287e-02
-3.361028271861208477e-02
-3.355384091470701297e-02
-3.349745511198640169e-02
-3.344112516097230703e-02
-3.338485091255979920e-02
-3.332863221804255316e-02
-3.327246892922362809e-02
-3.321636089824737958e-02
-3.316030797770457700e-02
-3.310431002063443651e-02
-3.304836688045322685e-02
-3.299247841102191658e-02
-3.293664446661302703e-02
-3.288086490191189509e-02
-3.282513957191874471e-02
-3.276946833224941152e-02
-3.271385103872252731e-02
-3.265828754766112590e-02
-3.260277771582516942e-02
-3.254732140026302123e-02
-3.249191845853927063e-02
-3.243656874855150446e-02
-3.238127212863505661e-02
-3.232602845746852110e-02
-3.227083759414029612e-02
-3.221569939820563555e-02
-3.216061372952786629e-02
-3.210558044839415676e-02
-3.205059941545505831e-02
-3.199567049177590855e-02
-3.194079353879475391e-02
-3.188596841836173479e-02
-3.183119499266083563e-02
-3.177647312429223575e-02
-3.172180267621306504e-02
-3.166718351179034774e-02
-3.161261549472328680e-02
-3.155809848911547005e-02
-3.150363235950019020e-02
-3.144921697065446858e-02
-3.139485218780132397e-02
-3.134053787654991763e-02
-3.128627390283417881e-02
-3.123206013301893513e-02
-3.117789643372018485e-02
-3.112378267206041341e-02
-3.106971871540782290e-02
-3.101570443154075610e-02
-3.096173968859582820e-02
-3.090782435506349637e-02
-3.085395829978940241e-02
-3.080014139200785289e-02
-3.074637350120832877e-02
-3.069265449739199889e-02
-3.063898425071764561e-02
-3.058536263187772164e-02
-3.053178951180028980e-02
-3.047826476177376703e-02
-3.042478825348160151e-02
-3.037135985892602114e-02
-3.031797945042658329e-02
-3.026464690068651764e-02
-3.021136208268644305e-02
-3.015812486982656637e-02
-3.010493513580363503e-02
-3.005179275466284342e-02
-2.999869760073057764e-02
-2.994564954878033841e-02
-2.989264847381062004e-02
-2.983969425119888802e-02
-2.978678675665483513e-02
-2.973392586619364591e-02
-2.968111145621156466e-02
-2.962834340332191896e-02
-2.957562158459960469e-02
-2.952294587737925788e-02
-2.947031615929912238e-02
-2.941773230830998370e-02
-2.936519420275111175e-02
-2.931270172124556331e-02
-2.926025474268463891e-02
-2.920785314636051982e-02
-2.915549681182556113e-02
-2.910318561899013015e-02
-2.905091944800762202e-02
-2.899869817940745401e-02
-2.894652169402470512e-02
-2.889438987295717479e-02
-2.884230259765661192e-02
-2.879025974986029399e-02
-2.873826121160674013e-02
-2.868630686528850574e-02
-2.863439659355257808e-02
-2.858253027932340651e-02
-2.853070780589226155e-02
-2.847892905684386994e-02
-2.842719391597393896e-02
-2.837550226750987226e-02
-2.832385399587190530e-02
-2.827224898581662954e-02
-2.822068712238355245e-02
-2.816916829095736027e-02
-2.811769237712857111e-02
-2.806625926679870778e-02
-2.801486884626814070e-02
-2.796352100197605633e-02
-2.791221562070750339e-02
-2.786095258956447496e-02
-2.780973179589656119e-02
-2.775855312740278455e-02
-2.770741647193330007e-02
-2.765632171774047229e-02
-2.760526875335976918e-02
-2.755425746752096158e-02
-2.750328774930073036e-02
-2.745235948800943751e-02
-2.740147257331087757e-02
-2.735062689506017469e-02
-2.729982234341112729e-02
-2.724905880879760836e-02
-2.719833618199131095e-02
-2.714765435392996196e-02
-2.709701321583413494e-02
-2.704641265932003144e-02
-2.699585257611625266e-02
-2.694533285828718330e-02
-2.689485339818548787e-02
-2.684441408838852960e-02
-2.679401482177872287e-02
-2.674365549148775834e-02
-2.669333599083908645e-02
-2.664305621357615159e-02
-2.659281605353613215e-02
-2.654261540492598367e-02
-2.649245416216105750e-02
-2.644233221997545694e-02
-2.639224947324998044e-02
-2.634220581722589855e-02
-2.629220114735405719e-02
-2.624223535933043958e-02
-2.619230834916112111e-02
-2.614242001302723509e-02
-2.609257024742095074e-02
-2.604275894907919289e-02
-2.599298601493701608e-02
-2.594325134221223475e-02
-2.589355482838133493e-02
-2.584389637118315874e-02
-2.579427586857340957e-02
-2.574469321874053515e-02
-2.569514832011672231e-02
-2.564564107144261598e-02
-2.559617137159686182e-02
-2.554673911981010861e-02
-2.549734421548109989e-02
-2.544798655824831099e-02
-2.539866604802886244e-02
-2.534938258494402741e-02
-2.530013606939195830e-02
-2.525092640195429616e-02
-2.520175348348414890e-02
-2.515261721505345632e-02
-2.510351749794867415e-02
-2.505445423375987288e-02
-2.500542732423758491e-02
-2.495643667138849539e-02
-2.490748217743515153e-02
-2.485856374488845319e-02
-2.480968127637800044e-02
-2.476083467489801834e-02
-2.471202384350494954e-02
-2.466324868564925485e-02
-2.461450910491499305e-02
-2.456580500508410286e-02
-2.451713629026197258e-02
-2.446850286468579827e-02
-2.441990463282511445e-02
-2.437134149944982300e-02
-2.432281336942831995e-02
-2.427432014793182852e-02
-2.422586174035636086e-02
-2.417743805225325976e-02
-2.412904898944768714e-02
-2.408069445795964908e-02
-2.403237436400923813e-02
-2.398408861406625681e-02
-2.393583711477698453e-02
-2.388761977301498765e-02
-2.383943649587723368e-02
-2.379128719066717773e-02
-2.374317176489115777e-02
-2.369509012625181307e-02
-2.364704218270425803e-02
-2.359902784236691739e-02
-2.355104701361270328e-02
-2.350309960493192699e-02
-2.345518552515083247e-02
-2.340730468316191623e-02
-2.335945698821222452e-02
-2.331164234960281245e-02
-2.326386067692544704e-02
-2.321611187996123690e-02
-2.316839586868792503e-02
-2.312071255331230035e-02
-2.307306184414019759e-02
-2.302544365178188848e-02
-2.297785788703091830e-02
-2.293030446086291238e-02
-2.288278328438807935e-02
-2.283529426903405102e-02
-2.278783732634710041e-02
-2.274041236804427712e-02
-2.269301930612156390e-02
-2.264565805270581794e-02
-2.259832852012606808e-02
-2.255103062092653904e-02
-2.250376426781547021e-02
-2.245652937370905960e-02
-2.240932585166855937e-02
-2.236215361505086360e-02
-2.231501257724174264e-02
-2.226790265199998439e-02
-2.222082375313002081e-02
-2.217377579468820040e-02
-2.212675869086154143e-02
-2.207977235608246311e-02
-2.203281670493885055e-02
-2.198589165222390382e-02
-2.193899711288486640e-02
-2.189213300205883339e-02
-2.184529923506819959e-02
-2.179849572744525094e-02
-2.175172239481475492e-02
-2.170497915310430626e-02
-2.165826591832002018e-02
-2.161158260669623216e-02
-2.156492913460819269e-02
-2.151830541870213692e-02
-2.147171137562048013e-02
-2.142514692239192928e-02
-2.137861197607730107e-02
-2.133210645392428009e-02
-2.128563027345098044e-02
-2.123918335220040254e-02
-2.119276560806040988e-02
-2.114637695892754993e-02
-2.110001732296806071e-02
-2.105368661848491807e-02
-2.100738476396138421e-02
-2.096111167810101039e-02
-2.091486727961968869e-02
-2.086865148754966232e-02
-2.082246422107753014e-02
-2.077630539946680871e-02
-2.073017494225414675e-02
-2.068407276907463857e-02
-2.063799879973248971e-02
-2.059195295419698549e-02
-2.054593515266020867e-02
-2.049994531539787654e-02
-2.045398336286452512e-02
-2.040804921574712605e-02
-2.036214279479061154e-02
-2.031626402098341694e-02
-2.027041281540652509e-02
-2.022458909937488794e-02
-2.017879279428698089e-02
-2.013302382176932609e-02
-2.008728210352840604e-02
-2.004156756150741320e-02
-1.999588011773293164e-02
-1.995021969447570778e-02
-1.990458621406899359e-02
-1.985897959907695701e-02
-1.981339977215719819e-02
-1.976784665617053668e-02
-1.972232017407125199e-02
-1.967682024903563698e-02
-1.963134680434339488e-02
-1.958589976348719397e-02
-1.954047904998789525e-02
-1.949508458765011193e-02
-1.944971630036886751e-02
-1.940437411219503652e-02
-1.935905794726723236e-02
-1.931376773001848221e-02
-1.926850338487915218e-02
-1.922326483650349527e-02
-1.917805200970976523e-02
-1.913286482937456498e-02
-1.908770322061212679e-02
-1.904256710865030386e-02
-1.899745641884320949e-02
-1.895237107669712692e-02
-1.890731100786197452e-02
-1.886227613815330204e-02
-1.881726639351685368e-02
-1.877228169999356489e-02
-1.872732198382251120e-02
-1.868238717140000699e-02
-1.863747718916637999e-02
-1.859259196381204959e-02
-1.854773142210449158e-02
-1.850289549095220434e-02
-1.845808409742265288e-02
-1.841329716874031200e-02
-1.836853463217835367e-02
-1.832379641523347938e-02
-1.827908244552780420e-02
-1.823439265078691252e-02
-1.818972695886151777e-02
-1.814508529780092458e-02
-1.810046759571469835e-02
-1.805587378091319181e-02
-1.801130378176835425e-02
-1.796675752686326816e-02
-1.792223494485754853e-02
-1.787773596453012467e-02
-1.783326051484973931e-02
-1.778880852485024977e-02
-1.774437992377518938e-02
-1.769997464092268324e-02
-1.765559260572066233e-02
-1.761123374780488096e-02
-1.756689799687216960e-02
-1.752258528272517338e-02
-1.747829553540320921e-02
-1.743402868492642185e-02
-1.738978466153602923e-02
-1.734556339562001032e-02
-1.730136481756778047e-02
-1.725718885803659633e-02
-1.721303544771178931e-02
-1.716890451746612076e-02
-1.712479599826036494e-02
-1.708070982113370564e-02
-1.703664591736212680e-02
-1.699260421824671727e-02
-1.694858465525175828e-02
-1.690458715992688987e-02
-1.686061166398229727e-02
-1.681665809926391128e-02
-1.677272639767217119e-02
-1.672881649124479189e-02
-1.668492831219075753e-02
-1.664106179279665684e-02
-1.659721686547126207e-02
-1.655339346270949877e-02
-1.650959151717219797e-02
-1.646581096165418423e-02
-1.642205172896798668e-02
-1.637831375213495005e-02
-1.633459696426699595e-02
-1.629090129857074451e-02
-1.624722668840579767e-02
-1.620357306717690529e-02
-1.615994036848683937e-02
-1.611632852599956603e-02
-1.607273747348037310e-02
-1.602916714485754651e-02
-1.598561747409045844e-02
-1.594208839537281097e-02
-1.589857984287386394e-02
-1.585509175098480383e-02
-1.581162405411849423e-02
-1.576817668686087900e-02
-1.572474958387223842e-02
-1.568134267992079417e-02
-1.563795590993635742e-02
-1.559458920886375513e-02
-1.555124251180396711e-02
-1.550791575402410763e-02
-1.546460887079023280e-02
-1.542132179753387920e-02
-1.537805446976891859e-02
-1.533480682317346286e-02
-1.529157879344968281e-02
-1.524837031643672472e-02
-1.520518132807772982e-02
-1.516201176445890371e-02
-1.511886156168625039e-02
-1.507573065604090809e-02
-1.503261898387756208e-02
-1.498952648165114906e-02
-1.494645308593885516e-02
-1.490339873336778316e-02
-1.486036336074571772e-02
-1.481734690488956639e-02
-1.477434930278404869e-02
-1.473137049151284836e-02
-1.468841040820485604e-02
-1.464546899012763963e-02
-1.460254617467899273e-02
-1.455964189926062767e-02
-1.451675610145011786e-02
-1.447388871892996143e-02
-1.443103968938405646e-02
-1.438820895071696304e-02
-1.434539644085016004e-02
-1.430260209782322108e-02
-1.425982585972744229e-02
-1.421706766486889768e-02
-1.417432745151359086e-02
-1.413160515806845437e-02
-1.408890072309766824e-02
-1.404621408518310841e-02
-1.400354518296679195e-02
-1.396089395529544544e-02
-1.391826034104612538e-02
-1.387564427917138687e-02
-1.383304570873855784e-02
-1.379046456894020278e-02
-1.374790079896895736e-02
-1.370535433821091359e-02
-1.366282512604937750e-02
-1.362031310198457378e-02
-1.357781820571028406e-02
-1.353534037685547725e-02
-1.349287955520356123e-02
-1.345043568062346748e-02
-1.340800869310654342e-02
-1.336559853267183830e-02
-1.332320513947058208e-02
-1.328082845371061568e-02
-1.323846841568317688e-02
-1.319612496583568752e-02
-1.315379804460037848e-02
-1.311148759258093204e-02
-1.306919355036898107e-02
-1.302691585871543559e-02
-1.298465445845443239e-02
-1.294240929050146684e-02
-1.290018029581966111e-02
-1.285796741546951436e-02
-1.281577059061881317e-02
-1.277358976251625165e-02
-1.273142487242064427e-02
-1.268927586179043401e-02
-1.264714267208320864e-02
-1.260502524486212077e-02
-1.256292352177244831e-02
-1.252083744452421772e-02
-1.247876695491295304e-02
-1.243671199481372058e-02
-1.239467250622062686e-02
-1.235264843117113431e-02
-1.231063971175682531e-02
-1.226864629019083254e-02
-1.222666810872458966e-02
-1.218470510974152196e-02
-1.214275723570389272e-02
-1.210082442901320304e-02
-1.205890663235274773e-02
-1.201700378831435830e-02
-1.197511583968252115e-02
-1.193324272927247069e-02
-1.189138439995997103e-02
-1.184954079466739654e-02
-1.180771185649984005e-02
-1.176589752852673712e-02
-1.172409775391883638e-02
-1.168231247597345535e-02
-1.164054163800012573e-02
-1.159878518345211496e-02
-1.155704305572632408e-02
-1.151531519844581006e-02
-1.147360155520090776e-02
-1.143190206968561391e-02
-1.139021668566879766e-02
-1.134854534700577983e-02
-1.130688799758504219e-02
-1.126524458141284386e-02
-1.122361504252792491e-02
-1.118199932503424580e-02
-1.114039737312482424e-02
-1.109880913105315905e-02
-1.105723454315785462e-02
-1.101567355385148737e-02
-1.097412610757418812e-02
-1.093259214885435211e-02
-1.089107162232270075e-02
-1.084956447259152919e-02
-1.080807064448895127e-02
-1.076659008272743898e-02
-1.072512273219792048e-02
-1.068366853786048912e-02
-1.064222744471678313e-02
-1.060079939776150532e-02
-1.055938434222628529e-02
-1.051798222324829175e-02
-1.047659298609735640e-02
-1.043521657609522771e-02
-1.039385293864041916e-02
-1.035250201918980553e-02
-1.031116376322790962e-02
-1.026983811636532698e-02
-1.022852502422176048e-02
-1.018722443253741554e-02
-1.014593628704437388e-02
-1.010466053361454633e-02
-1.006339711806076599e-02
-1.002214598642733531e-02
-9.980907084648632521e-03
-9.939680358852460984e-03
-9.898465755134788421e-03
-9.857263219732707513e-03
-9.816072698870545107e-03
-9.774894138866898133e-03
-9.733727486080569202e-03
-9.692572686980210558e-03
-9.651429688035523952e-03
-9.610298435753908408e-03
-9.569178876812488299e-03
-9.528070957839319607e-03
-9.486974625578877343e-03
-9.445889826802908104e-03
-9.404816508340938658e-03
-9.363754617082328119e-03
-9.322704099973660660e-03
-9.281664904036434488e-03
-9.240636976345553005e-03
-9.199620263988655955e-03
-9.158614714146128336e-03
-9.117620274070658420e-03
-9.076636891023373913e-03
-9.035664512354671385e-03
-8.994703085409274865e-03
-8.953752557689022284e-03
-8.912812876655372418e-03
-8.871883989909113560e-03
-8.830965845008536749e-03
-8.790058389631578636e-03
-8.749161571490767994e-03
-8.708275338308764379e-03
-8.667399637952506036e-03
-8.626534418268121465e-03
-8.585679627183795057e-03
-8.544835212644654246e-03
-8.504001122684663391e-03
-8.463177305393211267e-03
-8.422363708849715455e-03
-8.381560281264950271e-03
-8.340766970821245768e-03
-8.299983725797091191e-03
-8.259210494537745292e-03
-8.218447225383942664e-03
-8.177693866775862658e-03
-8.136950367152583075e-03
-8.096216675046400552e-03
-8.055492738991610127e-03
-8.014778507611002023e-03
-7.974073929593155849e-03
-7.933378953580693185e-03
-7.892693528387523944e-03
-7.852017602737468641e-03
-7.811351125556136900e-03
-7.770694045651480725e-03
-7.730046312005417128e-03
-7.689407873578042035e-03
-7.648778679392076625e-03
-7.608158678520970594e-03
-7.567547820107707428e-03
-7.526946053258440697e-03
-7.486353327216636010e-03
-7.445769591233413441e-03
-7.405194794523269584e-03
-7.364628886519902426e-03
-7.324071816569997090e-03
-7.283523534069216016e-03
-7.242983988488833902e-03
-7.202453129312594640e-03
-7.161930906139220461e-03
-7.121417268519842324e-03
-7.080912166075094619e-03
-7.040415548495937426e-03
-6.999927365485748842e-03
-6.959447566807939675e-03
-6.918976102261132147e-03
-6.878512921642927595e-03
-6.838057974884910462e-03
-6.797611211835152996e-03
-6.757172582518442862e-03
-6.716742036854710628e-03
-6.676319524888745319e-03
-6.635904996764462396e-03
-6.595498402506594880e-03
-6.555099692286642937e-03
-6.514708816299922753e-03
-6.474325724770927694e-03
-6.433950367937721869e-03
-6.393582696114843804e-03
-6.353222659626280196e-03
-6.312870208872645682e-03
-6.272525294207621088e-03
-6.232187866107136674e-03
-6.191857875072269250e-03
-6.151535271575073703e-03
-6.111220006192535741e-03
-6.070912029500551664e-03
-6.030611292132418040e-03
-5.990317744743218695e-03
-5.950031337987067744e-03
-5.909752022657881534e-03
-5.869479749416755578e-03
-5.829214469168820210e-03
-5.788956132672086474e-03
-5.748704690777290717e-03
-5.708460094410860476e-03
-5.668222294491220142e-03
-5.627991241968007853e-03
-5.587766887815454921e-03
-5.547549183097646996e-03
-5.507338078835632110e-03
-5.467133526119489009e-03
-5.426935476052706722e-03
-5.386743879820285463e-03
-5.346558688602049900e-03
-5.306379853545577924e-03
-5.266207325935601605e-03
-5.226041057083746430e-03
-5.185880998215060440e-03
-5.145727100670339366e-03
-5.105579315869144055e-03
-5.065437595111317755e-03
-5.025301889894044985e-03
-4.985172151617213096e-03
-4.945048331779595616e-03
-4.904930381850997924e-03
-4.864818253397586688e-03
-4.824711897954416309e-03
-4.784611267103059534e-03
-4.744516312485417588e-03
-4.704426985727937043e-03
-4.664343238484447950e-03
-4.624265022456935416e-03
-4.584192289375163543e-03
-4.544124990957220875e-03
-4.504063079034649475e-03
-4.464006505318678791e-03
-4.423955221694122510e-03
-4.383909180013351517e-03
-4.343868332105668348e-03
-4.303832629906681993e-03
-4.263802025298972682e-03
-4.223776470289013728e-03
-4.183755916766095269e-03
-4.143740316814662969e-03
-4.103729622378724483e-03
-4.063723785552563958e-03
-4.023722758331176909e-03
-3.983726492905558317e-03
-3.943734941281435563e-03
-3.903748055650400808e-03
-3.863765788154200666e-03
-3.823788090942830363e-03
-3.783814916281084788e-03
-3.743846216305591820e-03
-3.703881943306490659e-03
-3.663922049528794272e-03
-3.623966487248283120e-03
-3.584015208796242306e-03
-3.544068166482193527e-03
-3.504125312623359786e-03
-3.464186599625326130e-03
-3.424251979809537876e-03
-3.384321405661690468e-03
-3.344394829535930064e-03
-3.304472203908062448e-03
-3.264553481188690355e-03
-3.224638613915587794e-03
-3.184727554541401124e-03
-3.144820255601470105e-03
-3.104916669622636519e-03
-3.065016749157089063e-03
-3.025120446747570861e-03
-2.985227714995816479e-03
-2.945338506499832563e-03
-2.905452773881381928e-03
-2.865570469783346782e-03
-2.825691546794438687e-03
-2.785815957665832131e-03
-2.745943655052880249e-03
-2.706074591588876130e-03
-2.666208720084525200e-03
-2.626345993175603806e-03
-2.586486363676595169e-03
-2.546629784287484256e-03
-2.506776207806054538e-03
-2.466925587028303592e-03
-2.427077874727665875e-03
-2.387233023733036259e-03
-2.347390986878777029e-03
-2.307551716963170390e-03
-2.267715166896415099e-03
-2.227881289518339122e-03
-2.188050037674337586e-03
-2.148221364311382782e-03
-2.108395222295345213e-03
-2.068571564542982626e-03
-2.028750344015083518e-03
-1.988931513568771483e-03
-1.949115026228048124e-03
-1.909300834965729212e-03
-1.869488892684062400e-03
-1.829679152399694281e-03
-1.789871567119829567e-03
-1.750066089810625941e-03
-1.710262673522125812e-03
-1.670461271239170918e-03
-1.630661836034665371e-03
-1.590864320875360997e-03
-1.551068678907711364e-03
-1.511274863125008265e-03
-1.471482826608105400e-03
-1.431692522439448074e-03
-1.391903903706749731e-03
-1.352116923483509927e-03
-1.312331534882885510e-03
-1.272547691005710508e-03
-1.232765344956693017e-03
-1.192984449848891442e-03
-1.153204958885413250e-03
-1.113426825098410644e-03
-1.073650001687811127e-03
-1.033874441773232527e-03
-9.941000985351207495e-04
-9.543269251185382230e-04
-9.145548746794804687e-04
-8.747839003900442778e-04
-8.350139554304773651e-04
-7.952449929814241550e-04
-7.554769662179635368e-04
-7.157098283426065579e-04
-6.759435325411669018e-04
-6.361780319763985728e-04
-5.964132799283381695e-04
-5.566492295096469537e-04
-5.168858339828684640e-04
-4.771230465469358806e-04
-4.373608204401415790e-04
-3.975991088200713885e-04
-3.578378649244211567e-04
-3.180770420447578094e-04
-2.783165932611407576e-04
-2.385564719209954841e-04
-1.987966311988043501e-04
-1.590370243316669731e-04
-1.192776045710948907e-04
-7.951832509892569180e-05
-3.975913915707951930e-05
-1.397499952103986489e-16
