2.000000000000031086e+00
1.980944831788199689e+00
1.925931866691486416e+00
1.840829768467755700e+00
1.733742657608678073e+00
1.613286945483323187e+00
1.487217607929171237e+00
1.361670157948697835e+00
1.240970716979337141e+00
1.127814590285361795e+00
1.023608873587361634e+00
9.288378041841428567e-01
8.433785038047438842e-01
7.667434084277815476e-01
6.982519316526785147e-01
6.371444234149403751e-01
5.826533552037909125e-01
5.340447661648519695e-01
4.906400260631589294e-01
4.518251294646269955e-01
4.170524484985967950e-01
3.858381858615548277e-01
3.577575926312470678e-01
3.324392235628109149e-01
3.095589846748499907e-01
2.888343972275572158e-01
2.700192952147051906e-01
2.528990455913314173e-01
2.372863022394936794e-01
2.230172605524626817e-01
2.099483640306713250e-01
1.979534227107034861e-01
1.869211231188162292e-01
1.767529228548026521e-01
1.673613179964940356e-01
1.586684503805332047e-01
1.506049972485898059e-01
1.431092710550496139e-01
1.361264583681780771e-01
1.296079412640462891e-01
1.235106652764250135e-01
1.177965376819713195e-01
1.124318542523130293e-01
1.073867603620497629e-01
1.026347545043190118e-01
9.815224079774315102e-02
9.391813392088357859e-02
8.991351652552567741e-02
8.612134638906145112e-02
8.252620868953064459e-02
7.911410781767999612e-02
7.587229290287232641e-02
7.278911149855381291e-02
6.985388643851989099e-02
6.705681157311160767e-02
6.438886281145657364e-02
6.184172156398200226e-02
5.940770826341214284e-02
5.707972413152577473e-02
5.485119975486860838e-02
5.271604934600854220e-02
5.066862980991538451e-02
4.870370392141771393e-02
4.681640706136373786e-02
4.500221706587150677e-02
4.325692682428637637e-02
4.157661932277931238e-02
3.995764487775179535e-02
3.839660033950509366e-02
3.689031007584388927e-02
3.543580856794210920e-02
3.403032447013339817e-02
3.267126600087878058e-02
3.135620754576590175e-02
3.008287736501039089e-02
2.884914630812040331e-02
2.765301744749260396e-02
2.649261655087653544e-02
2.536618331971360329e-02
2.427206332723456927e-02
2.320870059588115222e-02
2.217463075936331601e-02
2.116847475912863805e-02
2.018893302999598405e-02
1.923478013344634419e-02
1.830485980080224367e-02
1.739808035206063391e-02
1.651341045896964968e-02
1.564987522395668712e-02
1.480655254880356916e-02
1.398256976947893221e-02
1.317710053543322095e-02
1.238936191372549261e-02
1.161861169989531276e-02
1.086414591923591001e-02
1.012529650337802220e-02
9.401429128504234373e-03
8.691941202626413815e-03
7.996259990424560427e-03
7.313840865140187192e-03
6.644165677876325005e-03
5.986741235489567367e-03
5.341097878935070070e-03
4.706788154603371716e-03
4.083385571941062359e-03
3.470483440848748033e-03
2.867693783338551294e-03
2.274646313916002527e-03
1.690987483924093204e-03
1.116379585287825826e-03
5.504999095060393588e-04
-6.960041951852014019e-06
-5.562952993475242525e-04
-1.097788121813280532e-03
-1.631708652886414146e-03
-2.158315537274049095e-03
-2.677856501441443215e-03
-3.190568900370744504e-03
-3.696680232780007874e-03
-4.196408626798309865e-03
-4.689963298063946906e-03
-5.177544981959603110e-03
-5.659346341672769065e-03
-6.135552353597079414e-03
-6.606340671505525272e-03
-7.071881970778784096e-03
-7.532340273983164497e-03
-7.987873258897866188e-03
-8.438632550085079648e-03
-8.884763994934071277e-03
-9.326407925269303983e-03
-9.763699405161524805e-03
-1.019676846595281121e-02
-1.062574032912480711e-02
-1.105073561778978017e-02
-1.147187055742725746e-02
-1.188925716647419584e-02
-1.230300343740005006e-02
-1.271321350875069880e-02
-1.311998782869336008e-02
-1.352342331055315580e-02
-1.392361348076066527e-02
-1.432064861963626597e-02
-1.471461589540819584e-02
-1.510559949182717354e-02
-1.549368072975583314e-02
-1.587893818299421916e-02
-1.626144778869106911e-02
-1.664128295264507770e-02
-1.701851464971127631e-02
-1.739321151961134224e-02
-1.776543995839043738e-02
-1.813526420568639316e-02
-1.850274642813342849e-02
-1.886794679896037705e-02
-1.923092357411743114e-02
-1.959173316499542711e-02
-1.995043020795816621e-02
-2.030706763086964628e-02
-2.066169671668837554e-02
-2.101436716437238977e-02
-2.136512714711163996e-02
-2.171402336815645567e-02
-2.206110111420860054e-02
-2.240640430661314242e-02
-2.274997555038895183e-02
-2.309185618123792832e-02
-2.343208631057273200e-02
-2.377070486872814858e-02
-2.410774964641168236e-02
-2.444325733441952281e-02
-2.477726356182584355e-02
-2.510980293254459067e-02
-2.544090906051793555e-02
-2.577061460345175109e-02
-2.609895129524446300e-02
-2.642594997711653418e-02
-2.675164062755582689e-02
-2.707605239107684081e-02
-2.739921360587815879e-02
-2.772115183043065423e-02
-2.804189386906372206e-02
-2.836146579654732700e-02
-2.867989298178538066e-02
-2.899720011059301814e-02
-2.931341120760998925e-02
-2.962854965745378294e-02
-2.994263822500443581e-02
-3.025569907502534406e-02
-3.056775379100590273e-02
-3.087882339334948115e-02
-3.118892835690256077e-02
-3.149808862781925539e-02
-3.180632363986116151e-02
-3.211365233009220305e-02
-3.242009315401234854e-02
-3.272566410017480054e-02
-3.303038270428048512e-02
-3.333426606276156806e-02
-3.363733084593076988e-02
-3.393959331062522400e-02
-3.424106931246630181e-02
-3.454177431765614870e-02
-3.484172341439185916e-02
-3.514093132390314067e-02
-3.543941241107849416e-02
-3.573718069477066495e-02
-3.603424985774072997e-02
-3.633063325626958995e-02
-3.662634392946599593e-02
-3.692139460823404967e-02
-3.721579772398930092e-02
-3.750956541704772440e-02
-3.780270954477654710e-02
-3.809524168945283007e-02
-3.838717316588360906e-02
-3.867851502878200121e-02
-3.896927807990677173e-02
-3.925947287495581972e-02
-3.954910973027322280e-02
-3.983819872931777112e-02
-4.012674972894315212e-02
-4.041477236548397800e-02
-4.070227606062442466e-02
-4.098927002712458856e-02
-4.127576327434893250e-02
-4.156176461361760222e-02
-4.184728266342521708e-02
-4.213232585445189637e-02
-4.241690243446271519e-02
-4.270102047305533721e-02
-4.298468786624021210e-02
-4.326791234090539284e-02
-4.355070145914494151e-02
-4.383306262245249135e-02
-4.411500307579368368e-02
-4.439652991156144146e-02
-4.467765007341176209e-02
-4.495837035998809239e-02
-4.523869742853980913e-02
-4.551863779843307034e-02
-4.579819785455580688e-02
-4.607738385064955033e-02
-4.635620191250103272e-02
-4.663465804109116764e-02
-4.691275811561541886e-02
-4.719050789644240601e-02
-4.746791302799571732e-02
-4.774497904151424332e-02
-4.802171135779169375e-02
-4.829811528978505963e-02
-4.857419604519807449e-02
-4.884995872896085584e-02
-4.912540834565751191e-02
-4.940054980187878753e-02
-4.967538790851302316e-02
-4.994992738298915935e-02
-5.022417285142916077e-02
-5.049812885076202656e-02
-5.077179983079348202e-02
-5.104519015618914912e-02
-5.131830410842498635e-02
-5.159114588767994836e-02
-5.186371961468817793e-02
-5.213602933252984434e-02
-5.240807900837163302e-02
-5.267987253518640473e-02
-5.295141373340120361e-02
-5.322270635250732351e-02
-5.349375407264483906e-02
-5.376456050613737103e-02
-5.403512919896331229e-02
-5.430546363224625361e-02
-5.457556722364533680e-02
-5.484544332874365102e-02
-5.511509524240396085e-02
-5.538452620008397359e-02
-5.565373937909005864e-02
-5.592273789986935972e-02
-5.619152482717882507e-02
-5.646010317131776313e-02
-5.672847588924855022e-02
-5.699664588574074320e-02
-5.726461601448418204e-02
-5.753238907913856698e-02
-5.779996783439666358e-02
-5.806735498701071085e-02
-5.833455319677285228e-02
-5.860156507750312327e-02
-5.886839319799697101e-02
-5.913504008294984821e-02
-5.940150821386053909e-02
-5.966780002991117077e-02
-5.993391792884962543e-02
-6.019986426780601918e-02
-6.046564136412869994e-02
-6.073125149618741753e-02
-6.099669690414574047e-02
-6.126197979074689964e-02
-6.152710232203995044e-02
-6.179206662812334466e-02
-6.205687480385371074e-02
-6.232152890955083846e-02
-6.258603097165847673e-02
-6.285038298343771646e-02
-6.311458690559303142e-02
-6.337864466692333387e-02
-6.364255816492694895e-02
-6.390632926643916023e-02
-6.416995980817918888e-02
-6.443345159737645655e-02
-6.469680641230406148e-02
-6.496002600285666340e-02
-6.522311209106884666e-02
-6.548606637167166122e-02
-6.574889051258399342e-02
-6.601158615544611141e-02
-6.627415491608788789e-02
-6.653659838503726831e-02
-6.679891812797301986e-02
-6.706111568621618557e-02
-6.732319257715360661e-02
-6.758515029470432700e-02
-6.784699030973570522e-02
-6.810871407051034832e-02
-6.837032300307911703e-02
-6.863181851170316317e-02
-6.889320197924864164e-02
-6.915447476757813350e-02
-6.941563821792590128e-02
-6.967669365127414360e-02
-6.993764236872428153e-02
-7.019848565184805267e-02
-7.045922476304551652e-02
-7.071986094587479066e-02
-7.098039542540257596e-02
-7.124082940852392853e-02
-7.150116408429578463e-02
-7.176140062423731758e-02
-7.202154018264605995e-02
-7.228158389690610142e-02
-7.254153288777713537e-02
-7.280138825968159033e-02
-7.306115110101284171e-02
-7.332082248437804539e-02
-7.358040346689861955e-02
-7.383989509046672006e-02
-7.409929838201086139e-02
-7.435861435376014961e-02
-7.461784400346761770e-02
-7.487698831469931371e-02
-7.513604825704828238e-02
-7.539502478636751770e-02
-7.565391884503606945e-02
-7.591273136213808059e-02
-7.617146325373656823e-02
-7.643011542305247485e-02
-7.668868876070368545e-02
-7.694718414490550606e-02
-7.720560244166700670e-02
-7.746394450503592266e-02
-7.772221117723150663e-02
-7.798040328890873396e-02
-7.823852165928901758e-02
-7.849656709638387631e-02
-7.875454039717433297e-02
-7.901244234778018183e-02
-7.927027372364527091e-02
-7.952803528971062741e-02
-7.978572780057661962e-02
-8.004335200067624889e-02
-8.030090862444662358e-02
-8.055839839647746525e-02
-8.081582203166899625e-02
-8.107318023539972218e-02
-8.133047370366698614e-02
-8.158770312323351814e-02
-8.184486917178930565e-02
-8.210197251807876961e-02
-8.235901382205100540e-02
-8.261599373499671495e-02
-8.287291289968115593e-02
-8.312977195047324686e-02
-8.338657151350932495e-02
-8.364331220675874645e-02
-8.389999464021474784e-02
-8.415661941598087670e-02
-8.441318712840045757e-02
-8.466969836418167250e-02
-8.492615370251511975e-02
-8.518255371517993724e-02
-8.543889896666309602e-02
-8.569519001428099747e-02
-8.595142740826608452e-02
-8.620761169188444206e-02
-8.646374340156105787e-02
-8.671982306694930864e-02
-8.697585121105798345e-02
-8.723182835033610472e-02
-8.748775499478100848e-02
-8.774363164803465620e-02
-8.799945880747213345e-02
-8.825523696429624088e-02
-8.851096660363390323e-02
-8.876664820462652761e-02
-8.902228224050354188e-02
-8.927786917869585948e-02
-8.953340948089184848e-02
-8.978890360315695818e-02
-9.004435199597007888e-02
-9.029975510434519459e-02
-9.055511336789487387e-02
-9.081042722090547359e-02
-9.106569709242580413e-02
-9.132092340632297356e-02
-9.157610658138651272e-02
-9.183124703136694156e-02
-9.208634516508173995e-02
-9.234140138646150520e-02
-9.259641609462343492e-02
-9.285138968395595382e-02
-9.310632254416885412e-02
-9.336121506036847151e-02
-9.361606761311556946e-02
-9.387088057849850287e-02
-9.412565432818520428e-02
-9.438038922949480714e-02
-9.463508564546070645e-02
-9.488974393487743797e-02
-9.514436445236765238e-02
-9.539894754844989444e-02
-9.565349356956910631e-02
-9.590800285818766591e-02
-9.616247575280818805e-02
-9.641691258805061560e-02
-9.667131369469682267e-02
-9.692567939973652236e-02
-9.718001002643890385e-02
-9.743430589437361566e-02
-9.768856731949954186e-02
-9.794279461418409216e-02
-9.819698808725312034e-02
-9.845114804405286080e-02
-9.870527478649426811e-02
-9.895936861309503896e-02
-9.921342981902261937e-02
-9.946745869614179170e-02
-9.972145553306137333e-02
-9.997542061518403800e-02
-1.002293542247258418e-01
-1.004832566407854871e-01
-1.007371281393694001e-01
-1.009909689934397475e-01
-1.012447794729495615e-01
-1.014985598448904791e-01
-1.017523103733161405e-01
-1.020060313193998647e-01
-1.022597229414599213e-01
-1.025133854950036061e-01
-1.027670192327582305e-01
-1.030206244047115610e-01
-1.032742012581369245e-01
-1.035277500376549087e-01
-1.037812709852331539e-01
-1.040347643402425859e-01
-1.042882303394860738e-01
-1.045416692172351364e-01
-1.047950812052493158e-01
-1.050484665328260125e-01
-1.053018254268162923e-01
-1.055551581116631332e-01
-1.058084648094421154e-01
-1.060617457398631280e-01
-1.063150011203322365e-01
-1.065682311659613274e-01
-1.068214360896045795e-01
-1.070746161018836934e-01
-1.073277714112165909e-01
-1.075809022238408408e-01
-1.078340087438578315e-01
-1.080870911732364908e-01
-1.083401497118463702e-01
-1.085931845575055649e-01
-1.088461959059730810e-01
-1.090991839509895256e-01
-1.093521488843094830e-01
-1.096050908957153930e-01
-1.098580101730461250e-01
-1.101109069022146447e-01
-1.103637812672405571e-01
-1.106166334502695775e-01
-1.108694636315944726e-01
-1.111222719896861610e-01
-1.113750587011917148e-01
-1.116278239409919937e-01
-1.118805678821962468e-01
-1.121332906961706177e-01
-1.123859925525616255e-01
-1.126386736193229349e-01
-1.128913340627192563e-01
-1.131439740473552946e-01
-1.133965937361988557e-01
-1.136491932906041058e-01
-1.139017728703113214e-01
-1.141543326334875513e-01
-1.144068727367382465e-01
-1.146593933351165856e-01
-1.149118945821508836e-01
-1.151643766298674765e-01
-1.154168396288002690e-01
-1.156692837279987285e-01
-1.159217090750720436e-01
-1.161741158161832960e-01
-1.164265040960727748e-01
-1.166788740580731870e-01
-1.169312258441368990e-01
-1.171835595948298725e-01
-1.174358754493761980e-01
-1.176881735456484501e-01
-1.179404540201906687e-01
-1.181927170082473916e-01
-1.184449626437560771e-01
-1.186971910593815349e-01
-1.189494023865179523e-01
-1.192015967553082256e-01
-1.194537742946613912e-01
-1.197059351322600357e-01
-1.199580793945741880e-01
-1.202102072068860356e-01
-1.204623186932901047e-01
-1.207144139767125229e-01
-1.209664931789245640e-01
-1.212185564205597310e-01
-1.214706038211103151e-01
-1.217226354989617704e-01
-1.219746515713927698e-01
-1.222266521545889023e-01
-1.224786373636500975e-01
-1.227306073126160357e-01
-1.229825621144732956e-01
-1.232345018811503157e-01
-1.234864267235552815e-01
-1.237383367515727667e-01
-1.239902320740652597e-01
-1.242421127989139784e-01
-1.244939790329993162e-01
-1.247458308822319978e-01
-1.249976684515526626e-01
-1.252494918449458539e-01
-1.255013011654473876e-01
-1.257530965151655855e-01
-1.260048779952774589e-01
-1.262566457060501635e-01
-1.265083997468366417e-01
-1.267601402161010749e-01
-1.270118672114266545e-01
-1.272635808295093651e-01
-1.275152811661873498e-01
-1.277669683164348036e-01
-1.280186423743834845e-01
-1.282703034333203818e-01
-1.285219515857095318e-01
-1.287735869231816654e-01
-1.290252095365693186e-01
-1.292768195158915945e-01
-1.295284169503728988e-01
-1.297800019284531259e-01
-1.300315745377967902e-01
-1.302831348652877252e-01
-1.305346829970537581e-01
-1.307862190184709006e-01
-1.310377430141688448e-01
-1.312892550680253012e-01
-1.315407552632007204e-01
-1.317922436821344356e-01
-1.320437204065369463e-01
-1.322951855174226421e-01
-1.325466390950962858e-01
-1.327980812191686955e-01
-1.330495119685775884e-01
-1.333009314215645169e-01
-1.335523396557080356e-01
-1.338037367479154860e-01
-1.340551227744443685e-01
-1.343064978108870489e-01
-1.345578619322035374e-01
-1.348092152127057797e-01
-1.350605577260849677e-01
-1.353118895453920834e-01
-1.355632107430649602e-01
-1.358145213909340288e-01
-1.360658215602147114e-01
-1.363171113215283503e-01
-1.365683907448930479e-01
-1.368196598997500624e-01
-1.370709188549470159e-01
-1.373221676787567402e-01
-1.375734064388872135e-01
-1.378246352024776189e-01
-1.380758540361058939e-01
-1.383270630057966688e-01
-1.385782621770289547e-01
-1.388294516147262903e-01
-1.390806313832974317e-01
-1.393318015465997151e-01
-1.395829621679641197e-01
-1.398341133102142531e-01
-1.400852550356379289e-01
-1.403363874060273297e-01
-1.405875104826578847e-01
-1.408386243263075599e-01
-1.410897289972604662e-01
-1.413408245553016973e-01
-1.415919110597320396e-01
-1.418429885693723580e-01
-1.420940571425651500e-01
-1.423451168371747677e-01
-1.425961677106086234e-01
-1.428472098197978712e-01
-1.430982432212204170e-01
-1.433492679709010009e-01
-1.436002841244076178e-01
-1.438512917368664212e-01
-1.441022908629621402e-01
-1.443532815569398275e-01
-1.446042638726183494e-01
-1.448552378633693183e-01
-1.451062035821555629e-01
-1.453571610815155291e-01
-1.456081104135693305e-01
-1.458590516300206363e-01
-1.461099847821662190e-01
-1.463609099209036424e-01
-1.466118270967158577e-01
-1.468627363596984869e-01
-1.471136377595496370e-01
-1.473645313455780592e-01
-1.476154171667067860e-01
-1.478662952714732970e-01
-1.481171657080350978e-01
-1.483680285241775199e-01
-1.486188837673138585e-01
-1.488697314844774078e-01
-1.491205717223603455e-01
-1.493714045272612756e-01
-1.496222299451471782e-01
-1.498730480216149130e-01
-1.501238588019161435e-01
-1.503746623309475949e-01
-1.506254586532648765e-01
-1.508762478130763751e-01
-1.511270298542646273e-01
-1.513778048203613669e-01
-1.516285727545663709e-01
-1.518793336997576460e-01
-1.521300876984833517e-01
-1.523808347929599960e-01
-1.526315750250994696e-01
-1.528823084364780427e-01
-1.531330350683654251e-01
-1.533837549617228235e-01
-1.536344681571913118e-01
-1.538851746951112598e-01
-1.541358746155221116e-01
-1.543865679581566674e-01
-1.546372547624528526e-01
-1.548879350675534949e-01
-1.551386089122984979e-01
-1.553892763352523188e-01
-1.556399373746784609e-01
-1.558905920685685065e-01
-1.561412404546171917e-01
-1.563918825702509674e-01
-1.566425184526035186e-01
-1.568931481385517912e-01
-1.571437716646893745e-01
-1.573943890673361601e-01
-1.576450003825514146e-01
-1.578956056461286728e-01
-1.581462048935873277e-01
-1.583967981602020236e-01
-1.586473854809793971e-01
-1.588979668906694565e-01
-1.591485424237679691e-01
-1.593991121145215961e-01
-1.596496759969265600e-01
-1.599002341047283116e-01
-1.601507864714293849e-01
-1.604013331302931167e-01
-1.606518741143360685e-01
-1.609024094563338003e-01
-1.611529391888284479e-01
-1.614034633441328304e-01
-1.616539819543166556e-01
-1.619044950512240344e-01
-1.621550026664695665e-01
-1.624055048314386185e-01
-1.626560015772983425e-01
-1.629064929349846869e-01
-1.631569789352175781e-01
-1.634074596084912623e-01
-1.636579349850957321e-01
-1.639084050950894156e-01
-1.641588699683283470e-01
-1.644093296344506516e-01
-1.646597841228919501e-01
-1.649102334628681499e-01
-1.651606776833983437e-01
-1.654111168132971488e-01
-1.656615508811652704e-01
-1.659119799154107344e-01
-1.661624039442463896e-01
-1.664128229956771399e-01
-1.666632370975129895e-01
-1.669136462773732066e-01
-1.671640505626897921e-01
-1.674144499806846098e-01
-1.676648445584118241e-01
-1.679152343227232058e-01
-1.681656193002871447e-01
-1.684159995175888436e-01
-1.686663750009285145e-01
-1.689167457764231550e-01
-1.691671118700142640e-01
-1.694174733074579886e-01
-1.696678301143355327e-01
-1.699181823160519633e-01
-1.701685299378392913e-01
-1.704188730047578315e-01
-1.706692115416863220e-01
-1.709195455733417968e-01
-1.711698751242755057e-01
-1.714202002188629503e-01
-1.716705208813178729e-01
-1.719208371356860665e-01
-1.721711490058535632e-01
-1.724214565155420820e-01
-1.726717596883137751e-01
-1.729220585475700900e-01
-1.731723531165512142e-01
-1.734226434183463450e-01
-1.736729294758908027e-01
-1.739232113119518475e-01
-1.741734889491561578e-01
-1.744237624099779504e-01
-1.746740317167373435e-01
-1.749242968916018826e-01
-1.751745579565966715e-01
-1.754248149335940754e-01
-1.756750678443262936e-01
-1.759253167103783100e-01
-1.761755615531890584e-01
-1.764258023940602493e-01
-1.766760392541432689e-01
-1.769262721544624384e-01
-1.771765011158951131e-01
-1.774267261591724876e-01
-1.776769473049039927e-01
-1.779271645735545082e-01
-1.781773779854617379e-01
-1.784275875608147821e-01
-1.786777933196870838e-01
-1.789279952820055641e-01
-1.791781934675813204e-01
-1.794283878960906409e-01
-1.796785785870669283e-01
-1.799287655599376146e-01
-1.801789488339934076e-01
-1.804291284283953412e-01
-1.806793043621853501e-01
-1.809294766542874633e-01
-1.811796453234946758e-01
-1.814298103884727786e-01
-1.816799718677813147e-01
-1.819301297798527339e-01
-1.821802841429998598e-01
-1.824304349754178323e-01
-1.826805822951880764e-01
-1.829307261202685608e-01
-1.831808664685112553e-01
-1.834310033576466159e-01
-1.836811368052970739e-01
-1.839312668289615205e-01
-1.841813934460447277e-01
-1.844315166738257350e-01
-1.846816365294816631e-01
-1.849317530300736145e-01
-1.851818661925627441e-01
-1.854319760337943268e-01
-1.856820825705094713e-01
-1.859321858193490884e-01
-1.861822857968384592e-01
-1.864323825194081075e-01
-1.866824760033789221e-01
-1.869325662649752307e-01
-1.871826533203134191e-01
-1.874327371854056790e-01
-1.876828178761756061e-01
-1.879328954084366898e-01
-1.881829697979061633e-01
-1.884330410602087225e-01
-1.886831092108608443e-01
-1.889331742652867185e-01
-1.891832362388216338e-01
-1.894332951466949078e-01
-1.896833510040489834e-01
-1.899334038259300472e-01
-1.901834536272839493e-01
-1.904335004229753547e-01
-1.906835442277728943e-01
-1.909335850563521342e-01
-1.911836229232984075e-01
-1.914336578431100611e-01
-1.916836898301912395e-01
-1.919337188988627374e-01
-1.921837450633588906e-01
-1.924337683378115893e-01
-1.926837887362931601e-01
-1.929338062727639913e-01
-1.931838209611170531e-01
-1.934338328151467279e-01
-1.936838418485725133e-01
-1.939338480750287530e-01
-1.941838515080690775e-01
-1.944338521611523596e-01
-1.946838500476778255e-01
-1.949338451809465023e-01
-1.951838375741800635e-01
-1.954338272405269639e-01
-1.956838141930548891e-01
-1.959337984447463987e-01
-1.961837800085167172e-01
-1.964337588971923620e-01
-1.966837351235322107e-01
-1.969337087002104580e-01
-1.971836796398375169e-01
-1.974336479549237411e-01
-1.976836136579387115e-01
-1.979335767612538655e-01
-1.981835372771672821e-01
-1.984334952179113987e-01
-1.986834505956512620e-01
-1.989334034224652381e-01
-1.991833537103715746e-01
-1.994333014713117747e-01
-1.996832467171536785e-01
-1.999331894597056736e-01
-2.001831297106932417e-01
-2.004330674817835778e-01
-2.006830027845691311e-01
-2.009329356305765146e-01
-2.011828660312631190e-01
-2.014327939980225246e-01
-2.016827195421749819e-01
-2.019326426749812053e-01
-2.021825634076284961e-01
-2.024324817512482277e-01
-2.026823977168983881e-01
-2.029323113155793445e-01
-2.031822225582217423e-01
-2.034321314556910565e-01
-2.036820380188041346e-01
-2.039319422582932251e-01
-2.041818441848423094e-01
-2.044317438090755834e-01
-2.046816411415458836e-01
-2.049315361927558921e-01
-2.051814289731329899e-01
-2.054313194930605935e-01
-2.056812077628463742e-01
-2.059310937927598395e-01
-2.061809775929930588e-01
-2.064308591736824239e-01
-2.066807385449102585e-01
-2.069306157167027649e-01
-2.071804906990286077e-01
-2.074303635017927805e-01
-2.076802341348497061e-01
-2.079301026079926062e-01
-2.081799689309700996e-01
-2.084298331134614990e-01
-2.086796951650977672e-01
-2.089295550954579639e-01
-2.091794129140630565e-01
-2.094292686303764750e-01
-2.096791222538169630e-01
-2.099289737937456435e-01
-2.101788232594676842e-01
-2.104286706602379875e-01
-2.106785160052614403e-01
-2.109283593036965498e-01
-2.111782005646306304e-01
-2.114280397971257663e-01
-2.116778770101707952e-01
-2.119277122127179169e-01
-2.121775454136692884e-01
-2.124273766218633397e-01
-2.126772058461094406e-01
-2.129270330951516799e-01
-2.131768583776935677e-01
-2.134266817023862395e-01
-2.136765030778368102e-01
-2.139263225125983270e-01
-2.141761400151834249e-01
-2.144259555940562223e-01
-2.146757692576291565e-01
-2.149255810142718104e-01
-2.151753908723078590e-01
-2.154251988400126827e-01
-2.156750049256229429e-01
-2.159248091373175693e-01
-2.161746114832427124e-01
-2.164244119714922865e-01
-2.166742106101219034e-01
-2.169240074071329960e-01
-2.171738023704942455e-01
-2.174235955081260940e-01
-2.176733868279047412e-01
-2.179231763376639486e-01
-2.181729640451987029e-01
-2.184227499582540866e-01
-2.186725340845402932e-01
-2.189223164317213866e-01
-2.191720970074169661e-01
-2.194218758192158780e-01
-2.196716528746547326e-01
-2.199214281812375271e-01
-2.201712017464219351e-01
-2.204209735776250512e-01
-2.206707436822349933e-01
-2.209205120675785117e-01
-2.211702787409703386e-01
-2.214200437096580099e-01
-2.216698069808773208e-01
-2.219195685618005620e-01
-2.221693284595806228e-01
-2.224190866813183787e-01
-2.226688432340838131e-01
-2.229185981249103554e-01
-2.231683513607850000e-01
-2.234181029486718428e-01
-2.236678528954903211e-01
-2.239176012081137701e-01
-2.241673478933942365e-01
-2.244170929581395801e-01
-2.246668364091245762e-01
-2.249165782530876123e-01
-2.251663184967244991e-01
-2.254160571467059837e-01
-2.256657942096663427e-01
-2.259155296921953326e-01
-2.261652636008537609e-01
-2.264149959421754288e-01
-2.266647267226498952e-01
-2.269144559487298873e-01
-2.271641836268452896e-01
-2.274139097633890161e-01
-2.276636343647136240e-01
-2.279133574371408344e-01
-2.281630789869729947e-01
-2.284127990204564973e-01
-2.286625175438205537e-01
-2.289122345632612632e-01
-2.291619500849345348e-01
-2.294116641149710478e-01
-2.296613766594666484e-01
-2.299110877244903983e-01
-2.301607973160707254e-01
-2.304105054402147412e-01
-2.306602121028910879e-01
-2.309099173100394864e-01
-2.311596210675667118e-01
-2.314093233813641626e-01
-2.316590242572692804e-01
-2.319087237011039082e-01
-2.321584217186589971e-01
-2.324081183156851971e-01
-2.326578134979212786e-01
-2.329075072710675987e-01
-2.331571996407914849e-01
-2.334068906127314269e-01
-2.336565801925065966e-01
-2.339062683856955316e-01
-2.341559551978573683e-01
-2.344056406345168264e-01
-2.346553247011786969e-01
-2.349050074033056656e-01
-2.351546887463391855e-01
-2.354043687357028347e-01
-2.356540473767819999e-01
-2.359037246749346450e-01
-2.361534006354955861e-01
-2.364030752637706900e-01
-2.366527485650347373e-01
-2.369024205445450781e-01
-2.371520912075259779e-01
-2.374017605591746960e-01
-2.376514286046631785e-01
-2.379010953491421665e-01
-2.381507607977271512e-01
-2.384004249555145005e-01
-2.386500878275729376e-01
-2.388997494189502024e-01
-2.391494097346528735e-01
-2.393990687796855865e-01
-2.396487265590044324e-01
-2.398983830775573423e-01
-2.401480383402649355e-01
-2.403976923520072251e-01
-2.406473451176615597e-01
-2.408969966420646258e-01
-2.411466469300408977e-01
-2.413962959863779345e-01
-2.416459438158472528e-01
-2.418955904231909482e-01
-2.421452358131389593e-01
-2.423948799903761775e-01
-2.426445229595870501e-01
-2.428941647254127256e-01
-2.431438052924840276e-01
-2.433934446654000550e-01
-2.436430828487438915e-01
-2.438927198470607627e-01
-2.441423556648951720e-01
-2.443919903067442168e-01
-2.446416237771038837e-01
-2.448912560804287208e-01
-2.451408872211525702e-01
-2.453905172037023352e-01
-2.456401460324647845e-01
-2.458897737118158344e-01
-2.461394002460928765e-01
-2.463890256396262801e-01
-2.466386498967135243e-01
-2.468882730216349075e-01
-2.471378950186456092e-01
-2.473875158919775219e-01
-2.476371356458370587e-01
-2.478867542844168936e-01
-2.481363718118783923e-01
-2.483859882323567470e-01
-2.486356035499731609e-01
-2.488852177688264666e-01
-2.491348308929853816e-01
-2.493844429264941154e-01
-2.496340538733839154e-01
-2.498836637376550263e-01
-2.501332725232807142e-01
-2.503828802342227822e-01
-2.506324868744132517e-01
-2.508820924477543901e-01
-2.511316969581284808e-01
-2.513813004093990444e-01
-2.516309028054049546e-01
-2.518805041499483366e-01
-2.521301044468196584e-01
-2.523797036997761922e-01
-2.526293019125644412e-01
-2.528788990888812815e-01
-2.531284952324203696e-01
-2.533780903468384471e-01
-2.536276844357703841e-01
-2.538772775028212969e-01
-2.541268695515659370e-01
-2.543764605855596828e-01
-2.546260506083266040e-01
-2.548756396233628485e-01
-2.551252276341340886e-01
-2.553748146440824596e-01
-2.556244006566090743e-01
-2.558739856751036656e-01
-2.561235697029020097e-01
-2.563731527433254498e-01
-2.566227347996610786e-01
-2.568723158751569091e-01
-2.571218959730328657e-01
-2.573714750964740672e-01
-2.576210532486318261e-01
-2.578706304326133791e-01
-2.581202066515078664e-01
-2.583697819083503600e-01
-2.586193562061405160e-01
-2.588689295478471819e-01
-2.591185019363879127e-01
-2.593680733746491773e-01
-2.596176438654734242e-01
-2.598672134116483123e-01
-2.601167820159328015e-01
-2.603663496810277866e-01
-2.606159164095933067e-01
-2.608654822042419941e-01
-2.611150470675293045e-01
-2.613646110019678948e-01
-2.616141740100095259e-01
-2.618637360940546110e-01
-2.621132972564486630e-01
-2.623628574994784080e-01
-2.626124168253660129e-01
-2.628619752362769124e-01
-2.631115327343155896e-01
-2.633610893215080906e-01
-2.636106449998308898e-01
-2.638601997711676472e-01
-2.641097536373534505e-01
-2.643593066001299619e-01
-2.646088586611656246e-01
-2.648584098220609362e-01
-2.651079600843131989e-01
-2.653575094493477726e-01
-2.656070579185038083e-01
-2.658566054930180944e-01
-2.661061521740384905e-01
-2.663556979626250931e-01
-2.666052428597138757e-01
-2.668547868661553801e-01
-2.671043299826861284e-01
-2.673538722099368381e-01
-2.676034135484066101e-01
-2.678529539984901287e-01
-2.681024935604545134e-01
-2.683520322344380982e-01
-2.686015700204449352e-01
-2.688511069183432411e-01
-2.691006429278631207e-01
-2.693501780485879071e-01
-2.695997122799467793e-01
-2.698492456212093771e-01
-2.700987780714968478e-01
-2.703483096297441546e-01
-2.705978402947321615e-01
-2.708473700650477767e-01
-2.710968989391041584e-01
-2.713464269151179553e-01
-2.715959539911074194e-01
-2.718454801648911290e-01
-2.720950054340754987e-01
-2.723445297960475631e-01
-2.725940532479717571e-01
-2.728435757867746503e-01
-2.730930974091526076e-01
-2.733426181115445330e-01
-2.735921378901371437e-01
-2.738416567408588076e-01
-2.740911746593475140e-01
-2.743406916409824037e-01
-2.745902076808361403e-01
-2.748397227736792958e-01
-2.750892369139895099e-01
-2.753387500959053602e-01
-2.755882623132468456e-01
-2.758377735594895186e-01
-2.760872838277707575e-01
-2.763367931108351994e-01
-2.765863014010922494e-01
-2.768358086905389204e-01
-2.770853149707886431e-01
-2.773348202330471746e-01
-2.775843244680910038e-01
-2.778338276662633555e-01
-2.780833298174751333e-01
-2.783328309111565146e-01
-2.785823309362719380e-01
-2.788318298813079466e-01
-2.790813277342279464e-01
-2.793308244824956321e-01
-2.795803201130308557e-01
-2.798298146122098484e-01
-2.800793079658410734e-01
-2.803288001591626721e-01
-2.805782911767967236e-01
-2.808277810027728361e-01
-2.810772696204716370e-01
-2.813267570126345429e-01
-2.815762431613293426e-01
-2.818257280479398719e-01
-2.820752116531466402e-01
-2.823246939568993530e-01
-2.825741749384109713e-01
-2.828236545761236842e-01
-2.830731328476954189e-01
-2.833226097299773594e-01
-2.835720851989917413e-01
-2.838215592299081491e-01
-2.840710317970304155e-01
-2.843205028737542661e-01
-2.845699724325670976e-01
-2.848194404450086759e-01
-2.850689068816463778e-01
-2.853183717120621465e-01
-2.855678349048153541e-01
-2.858172964274231509e-01
-2.860667562463294900e-01
-2.863162143268847548e-01
-2.865656706333198911e-01
-2.868151251286998327e-01
-2.870645777749212257e-01
-2.873140285326652998e-01
-2.875634773613752748e-01
-2.878129242192311588e-01
-2.880623690631091693e-01
-2.883118118485548109e-01
-2.885612525297591158e-01
-2.888106910595054644e-01
-2.890601273891751921e-01
-2.893095614686675421e-01
-2.895589932464032734e-01
-2.898084226692715926e-01
-2.900578496826042296e-01
-2.903072742301344156e-01
-2.905566962539652964e-01
-2.908061156945258574e-01
-2.910555324905547137e-01
-2.913049465790329418e-01
-2.915543578951697024e-01
-2.918037663723500597e-01
-2.920531719421057826e-01
-2.923025745340792625e-01
-2.925519740759546239e-01
-2.928013704934516737e-01
-2.930507637102747753e-01
-2.933001536480638882e-01
-2.935495402263419429e-01
-2.937989233625125096e-01
-2.940483029717629870e-01
-2.942976789670618265e-01
-2.945470512590938617e-01
-2.947964197562297217e-01
-2.950457843644560540e-01
-2.952951449873573164e-01
-2.955445015260484420e-01
-2.957938538791370364e-01
-2.960432019426791905e-01
-2.962925456101219157e-01
-2.965418847722501305e-01
-2.967912193171587387e-01
-2.970405491301907341e-01
-2.972898740938682560e-01
-2.975391940878753250e-01
-2.977885089889844017e-01
-2.980378186710135324e-01
-2.982871230047639544e-01
-2.985364218579776852e-01
-2.987857150952875074e-01
-2.990350025781418619e-01
-2.992842841647758712e-01
-2.995335597101467240e-01
-2.997828290658688943e-01
-3.000320920801679558e-01
-3.002813485978346741e-01
-3.005305984601464586e-01
-3.007798415048263951e-01
-3.010290775659722473e-01
-3.012783064740238159e-01
-3.015275280556717896e-01
-3.017767421338304890e-01
-3.020259485275512690e-01
-3.022751470519816075e-01
-3.025243375183060968e-01
-3.027735197336705597e-01
-3.030226935011419154e-01
-3.032718586196230248e-01
-3.035210148838262123e-01
-3.037701620841793959e-01
-3.040193000067722418e-01
-3.042684284333200817e-01
-3.045175471410581647e-01
-3.047666559027232269e-01
-3.050157544864532388e-01
-3.052648426557527661e-01
-3.055139201694194728e-01
-3.057629867814757318e-01
-3.060120422411133911e-01
-3.062610862926256616e-01
-3.065101186753556028e-01
-3.067591391236060283e-01
-3.070081473666053107e-01
-3.072571431284253363e-01
-3.075061261279246061e-01
-3.077550960786787360e-01
-3.080040526889261110e-01
-3.082529956614916133e-01
-3.085019246937312776e-01
-3.087508394774670650e-01
-3.089997396989217493e-01
-3.092486250386465296e-01
-3.094974951714790090e-01
-3.097463497664533771e-01
-3.099951884867526153e-01
-3.102440109896487108e-01
-3.104928169264137838e-01
-3.107416059422895005e-01
-3.109903776764028627e-01
-3.112391317617145825e-01
-3.114878678249469734e-01
-3.117365854865149499e-01
-3.119852843604914994e-01
-3.122339640545238049e-01
-3.124826241697640228e-01
-3.127312643008313131e-01
-3.129798840357442824e-01
-3.132284829558413253e-01
-3.134770606357383249e-01
-3.137256166432708104e-01
-3.139741505394187393e-01
-3.142226618782719139e-01
-3.144711502069361120e-01
-3.147196150655123259e-01
-3.149680559870172702e-01
-3.152164724973209875e-01
-3.154648641151149291e-01
-3.157132303518349059e-01
-3.159615707116114613e-01
-3.162098846912129169e-01
-3.164581717800031280e-01
-3.167064314598702079e-01
-3.169546632051831736e-01
-3.172028664827444278e-01
-3.174510407517279753e-01
-3.176991854636344037e-01
-3.179473000622395906e-01
-3.181953839835546249e-01
-3.184434366557509222e-01
-3.186914574991469573e-01
-3.189394459261405967e-01
-3.191874013411651889e-01
-3.194353231406481530e-01
-3.196832107129715661e-01
-3.199310634384164298e-01
-3.201788806891311956e-01
-3.204266618290916857e-01
-3.206744062140480245e-01
-3.209221131915003244e-01
-3.211697821006510578e-01
-3.214174122723723048e-01
-3.216650030291669515e-01
-3.219125536851423219e-01
-3.221600635459598849e-01
-3.224075319088172131e-01
-3.226549580624110680e-01
-3.229023412868994858e-01
-3.231496808538971699e-01
-3.233969760264144289e-01
-3.236442260588567876e-01
-3.238914301969820220e-01
-3.241385876778894448e-01
-3.243856977299831024e-01
-3.246327595729643911e-01
-3.248797724178025814e-01
-3.251267354667167209e-01
-3.253736479131591475e-01
-3.256205089418033327e-01
-3.258673177285114630e-01
-3.261140734403508157e-01
-3.263607752355537350e-01
-3.266074222635189650e-01
-3.268540136647958838e-01
-3.271005485710959948e-01
-3.273470261052532360e-01
-3.275934453812524572e-01
-3.278398055042013870e-01
-3.280861055703375162e-01
-3.283323446670317614e-01
-3.285785218727833024e-01
-3.288246362572280201e-01
-3.290706868811223984e-01
-3.293166727963882101e-01
-3.295625930460789332e-01
-3.298084466644070623e-01
-3.300542326767625934e-01
-3.302999500996988691e-01
-3.305455979409794853e-01
-3.307911751995558647e-01
-3.310366808656240445e-01
-3.312821139206053034e-01
-3.315274733371891269e-01
-3.317727580793462527e-01
-3.320179671023547607e-01
-3.322630993528209453e-01
-3.325081537687090139e-01
-3.327531292793632911e-01
-3.329980248055471881e-01
-3.332428392594645183e-01
-3.334875715447940814e-01
-3.337322205567336275e-01
-3.339767851820185651e-01
-3.342212642989783045e-01
-3.344656567775626255e-01
-3.347099614793835887e-01
-3.349541772577669940e-01
-3.351983029577794704e-01
-3.354423374162929239e-01
-3.356862794620292245e-01
-3.359301279155878506e-01
-3.361738815895282673e-01
-3.364175392883959059e-01
-3.366610998087943285e-01
-3.369045619394265834e-01
-3.371479244611599868e-01
-3.373911861470871854e-01
-3.376343457625758937e-01
-3.378774020653435572e-01
-3.381203538055133073e-01
-3.383631997256766888e-01
-3.386059385609664352e-01
-3.388485690391256355e-01
-3.390910898805633567e-01
-3.393334997984468471e-01
-3.395757974987533845e-01
-3.398179816803651998e-01
-3.400600510351218797e-01
-3.403020042479216190e-01
-3.405438399967810614e-01
-3.407855569529241180e-01
-3.410271537808591269e-01
-3.412686291384696147e-01
-3.415099816770889030e-01
-3.417512100415958098e-01
-3.419923128704916437e-01
-3.422332887959907977e-01
-3.424741364441205582e-01
-3.427148544348007086e-01
-3.429554413819430603e-01
-3.431958958935401038e-01
-3.434362165717618209e-01
-3.436764020130546049e-01
-3.439164508082339089e-01
-3.441563615425935474e-01
-3.443961327959939034e-01
-3.446357631429690094e-01
-3.448752511528213605e-01
-3.451145953897466478e-01
-3.453537944129056458e-01
-3.455928467765667089e-01
-3.458317510301763265e-01
-3.460705057185011202e-01
-3.463091093817086685e-01
-3.465475605554946270e-01
-3.467858577711938617e-01
-3.470239995558768720e-01
-3.472619844324862370e-01
-3.474998109199233243e-01
-3.477374775331884549e-01
-3.479749827834826559e-01
-3.482123251783248441e-01
-3.484495032216767263e-01
-3.486865154140568746e-01
-3.489233602526490285e-01
-3.491600362314421502e-01
-3.493965418413416679e-01
-3.496328755702817204e-01
-3.498690359033598263e-01
-3.501050213229539576e-01
-3.503408303088516584e-01
-3.505764613383662298e-01
-3.508119128864570779e-01
-3.510471834258707680e-01
-3.512822714272561542e-01
-3.515171753592870596e-01
-3.517518936888062164e-01
-3.519864248809211893e-01
-3.522207673991630261e-01
-3.524549197055979466e-01
-3.526888802609605689e-01
-3.529226475247833616e-01
-3.531562199555179915e-01
-3.533895960106711587e-01
-3.536227741469330499e-01
-3.538557528203093439e-01
-3.540885304862435579e-01
-3.543211055997530501e-01
-3.545534766155700179e-01
-3.547856419882406964e-01
-3.550176001722928909e-01
-3.552493496223363967e-01
-3.554808887932133232e-01
-3.557122161401224392e-01
-3.559433301187461818e-01
-3.561742291853853271e-01
-3.564049117970894409e-01
-3.566353764117935476e-01
-3.568656214884310396e-01
-3.570956454870732877e-01
-3.573254468690798547e-01
-3.575550240971914207e-01
-3.577843756356866578e-01
-3.580134999505040216e-01
-3.582423955093653190e-01
-3.584710607819169836e-01
-3.586994942398457065e-01
-3.589276943570201550e-01
-3.591556596096026066e-01
-3.593833884761943320e-01
-3.596108794379508367e-01
-3.598381309787153648e-01
-3.600651415851390813e-01
-3.602919097468124665e-01
-3.605184339563836105e-01
-3.607447127096981010e-01
-3.609707445059069375e-01
-3.611965278475947616e-01
-3.614220612409160260e-01
-3.616473431956916951e-01
-3.618723722255604014e-01
-3.620971468480790323e-01
-3.623216655848464640e-01
-3.625459269616437830e-01
-3.627699295085215492e-01
-3.629936717599332452e-01
-3.632171522548672260e-01
-3.634403695369375908e-01
-3.636633221545210182e-01
-3.638860086608652344e-01
-3.641084276141929865e-01
-3.643305775778356570e-01
-3.645524571203290765e-01
-3.647740648155439747e-01
-3.649953992427726890e-01
-3.652164589868542310e-01
-3.654372426382937467e-01
-3.656577487933389548e-01
-3.658779760541254200e-01
-3.660979230287564890e-01
-3.663175883314116477e-01
-3.665369705824670921e-01
-3.667560684085787726e-01
-3.669748804427974131e-01
-3.671934053246660445e-01
-3.674116417003184809e-01
-3.676295882225811829e-01
-3.678472435510687366e-01
-3.680646063522812206e-01
-3.682816752997004617e-01
-3.684984490738887342e-01
-3.687149263625639217e-01
-3.689311058607252503e-01
-3.691469862707149607e-01
-3.693625663023102912e-01
-3.695778446728295585e-01
-3.697928201072132603e-01
-3.700074913380919650e-01
-3.702218571059032737e-01
-3.704359161589452221e-01
-3.706496672534740355e-01
-3.708631091537932800e-01
-3.710762406323125928e-01
-3.712890604696457708e-01
-3.715015674546749969e-01
-3.717137603846380478e-01
-3.719256380651966287e-01
-3.721371993105028197e-01
-3.723484429432921683e-01
-3.725593677949382565e-01
-3.727699727055250323e-01
-3.729802565239149215e-01
-3.731902181078203817e-01
-3.733998563238726254e-01
-3.736091700476717459e-01
-3.738181581638703732e-01
-3.740268195662093675e-01
-3.742351531576080803e-01
-3.744431578501974944e-01
-3.746508325654031024e-01
-3.748581762339662227e-01
-3.750651877960399228e-01
-3.752718662012202722e-01
-3.754782104085959693e-01
-3.756842193868124014e-01
-3.758898921141085592e-01
-3.760952275783840393e-01
-3.763002247772146980e-01
-3.765048827179392488e-01
-3.767092004176693099e-01
-3.769131769033476353e-01
-3.771168112117939120e-01
-3.773201023897402306e-01
-3.775230494938611181e-01
-3.777256515908246071e-01
-3.779279077573278189e-01
-3.781298170801227210e-01
-3.783313786560619230e-01
-3.785325915921252116e-01
-3.787334550054457516e-01
-3.789339680233487218e-01
-3.791341297833808466e-01
-3.793339394333281600e-01
-3.795333961312513105e-01
-3.797324990455032134e-01
-3.799312473547621916e-01
-3.801296402480463521e-01
-3.803276769247311284e-01
-3.805253565945901917e-01
-3.807226784777810735e-01
-3.809196418048897970e-01
-3.811162458169372602e-01
-3.813124897653932810e-01
-3.815083729121937495e-01
-3.817038945297381858e-01
-3.818990539009265994e-01
-3.820938503191576574e-01
-3.822882830883241878e-01
-3.824823515228440995e-01
-3.826760549476435624e-01
-3.828693926981867057e-01
-3.830623641204579100e-01
-3.832549685709771836e-01
-3.834472054168027721e-01
-3.836390740355211659e-01
-3.838305738152577029e-01
-3.840217041546645227e-01
-3.842124644629409946e-01
-3.844028541597900861e-01
-3.845928726754514471e-01
-3.847825194506865887e-01
-3.849717939367444108e-01
-3.851606955953958411e-01
-3.853492238988899810e-01
-3.855373783299729240e-01
-3.857251583818422924e-01
-3.859125635581730496e-01
-3.860995933730683727e-01
-3.862862473510860761e-01
-3.864725250271725532e-01
-3.866584259466975815e-01
-3.868439496654047516e-01
-3.870290957494021966e-01
-3.872138637751468826e-01
-3.873982533294254016e-01
-3.875822640093246063e-01
-3.877658954222193977e-01
-3.879491471857458573e-01
-3.881320189277844834e-01
-3.883145102864176135e-01
-3.884966209099243173e-01
-3.886783504567506986e-01
-3.888596985954759777e-01
-3.890406650047775750e-01
-3.892212493734349965e-01
-3.894014514002618332e-01
-3.895812707941017639e-01
-3.897607072737767631e-01
-3.899397605680909873e-01
-3.901184304157493954e-01
-3.902967165653655757e-01
-3.904746187754127296e-01
-3.906521368141867567e-01
-3.908292704597700062e-01
-3.910060195000041872e-01
-3.911823837324450159e-01
-3.913583629643394568e-01
-3.915339570125677682e-01
-3.917091657036102514e-01
-3.918839888735250465e-01
-3.920584263678861259e-01
-3.922324780417617007e-01
-3.924061437596559343e-01
-3.925794233954829626e-01
-3.927523168325075531e-01
-3.929248239633215123e-01
-3.930969446897889519e-01
-3.932686789230027125e-01
-3.934400265832455057e-01
-3.936109875999415086e-01
-3.937815619116132870e-01
-3.939517494658298924e-01
-3.941215502191680597e-01
-3.942909641371620255e-01
-3.944599911942565651e-01
-3.946286313737588092e-01
-3.947968846677961108e-01
-3.949647510772523185e-01
-3.951322306117417971e-01
-3.952993232895391507e-01
-3.954660291375369785e-01
-3.956323481911979134e-01
-3.957982804945079369e-01
-3.959638260999139847e-01
-3.961289850682825353e-01
-3.962937574688442099e-01
-3.964581433791415921e-01
-3.966221428849781572e-01
-3.967857560803643713e-01
-3.969489830674736153e-01
-3.971118239565758490e-01
-3.972742788659870405e-01
-3.974363479220266449e-01
-3.975980312589489363e-01
-3.977593290189035402e-01
-3.979202413518670434e-01
-3.980807684156000836e-01
-3.982409103755812918e-01
-3.984006674049689889e-01
-3.985600396845224158e-01
-3.987190274025711467e-01
-3.988776307549389832e-01
-3.990358499449051521e-01
-3.991936851831348609e-01
-3.993511366876318913e-01
-3.995082046836826439e-01
-3.996648894037886368e-01
-3.998211910876250386e-01
-3.999771099819672271e-01
-4.001326463406663092e-01
-4.002878004245484789e-01
-4.004425725013851523e-01
-4.005969628458402321e-01
-4.007509717393907267e-01
-4.009045994702940541e-01
-4.010578463335092714e-01
-4.012107126306668770e-01
-4.013631986699687237e-01
-4.015153047661798591e-01
-4.016670312405473120e-01
-4.018183784207220999e-01
-4.019693466407495697e-01
-4.021199362409761391e-01
-4.022701475679911209e-01
-4.024199809746006884e-01
-4.025694368197382800e-01
-4.027185154684157498e-01
-4.028672172916767380e-01
-4.030155426665275042e-01
-4.031634919758891877e-01
-4.033110656085332479e-01
-4.034582639590266195e-01
-4.036050874276753686e-01
-4.037515364204670720e-01
-4.038976113490173603e-01
-4.040433126305009726e-01
-4.041886406876174509e-01
-4.043335959485079290e-01
-4.044781788467228800e-01
-4.046223898211455672e-01
-4.047662293159520752e-01
-4.049096977805406450e-01
-4.050527956694872089e-01
-4.051955234424844399e-01
-4.053378815642790234e-01
-4.054798705046380181e-01
-4.056214907382654222e-01
-4.057627427447587087e-01
-4.059036270085694120e-01
-4.060441440189102580e-01
-4.061842942697416747e-01
-4.063240782596948542e-01
-4.064634964920100235e-01
-4.066025494745006963e-01
-4.067412377194942197e-01
-4.068795617437651058e-01
-4.070175220684894568e-01
-4.071551192192044977e-01
-4.072923537257316928e-01
-4.074292261221291178e-01
-4.075657369466597069e-01
-4.077018867417106507e-01
-4.078376760537529844e-01
-4.079731054332823570e-01
-4.081081754347845036e-01
-4.082428866166598613e-01
-4.083772395411825462e-01
-4.085112347744496719e-01
-4.086448728863344981e-01
-4.087781544504188180e-01
-4.089110800439584859e-01
-4.090436502478229097e-01
-4.091758656464505317e-01
-4.093077268277872105e-01
-4.094392343832584102e-01
-4.095703889076906523e-01
-4.097011909992874790e-01
-4.098316412595641167e-01
-4.099617402933000698e-01
-4.100914887085059801e-01
-4.102208871163422477e-01
-4.103499361311053750e-01
-4.104786363701635743e-01
-4.106069884539084724e-01
-4.107349930057078713e-01
-4.108626506518655019e-01
-4.109899620215591298e-01
-4.111169277468103012e-01
-4.112435484624335502e-01
-4.113698248059782236e-01
-4.114957574176961175e-01
-4.116213469404901848e-01
-4.117465940198710705e-01
-4.118714993039112038e-01
-4.119960634431989455e-01
-4.121202870907852978e-01
-4.122441709021713585e-01
-4.123677155352148960e-01
-4.124909216501301268e-01
-4.126137899094239891e-01
-4.127363209778537878e-01
-4.128585155223888914e-01
-4.129803742121597732e-01
-4.131018977184336971e-01
-4.132230867145502695e-01
-4.133439418758927952e-01
-4.134644638798506411e-01
-4.135846534057572299e-01
-4.137045111348769955e-01
-4.138240377503408784e-01
-4.139432339371241776e-01
-4.140621003819942580e-01
-4.141806377734727485e-01
-4.142988468018036774e-01
-4.144167281589041241e-01
-4.145342825383299679e-01
-4.146515106352424707e-01
-4.147684131463598156e-01
-4.148849907699230233e-01
-4.150012442056636441e-01
-4.151171741547573513e-01
-4.152327813197954631e-01
-4.153480664047448090e-01
-4.154630301148982130e-01
-4.155776731568655569e-01
-4.156919962385139389e-01
-4.158060000689416391e-01
-4.159196853584439801e-01
-4.160330528184706944e-01
-4.161461031616028317e-01
-4.162588371015104038e-01
-4.163712553529025362e-01
-4.164833586315402347e-01
-4.165951476541477350e-01
-4.167066231384112251e-01
-4.168177858029502580e-01
-4.169286363672456419e-01
-4.170391755516654197e-01
-4.171494040773837120e-01
-4.172593226663690591e-01
-4.173689320413488391e-01
-4.174782329257805680e-01
-4.175872260438295847e-01
-4.176959121203079883e-01
-4.178042918806820771e-01
-4.179123660510134508e-01
-4.180201353579502954e-01
-4.181276005286684305e-01
-4.182347622908785811e-01
-4.183416213727743638e-01
-4.184481785030030876e-01
-4.185544344106464365e-01
-4.186603898251870515e-01
-4.187660454764762230e-01
-4.188714020947234551e-01
-4.189764604104397328e-01
-4.190812211544435173e-01
-4.191856850578045690e-01
-4.192898528518403944e-01
-4.193937252680624006e-01
-4.194973030381931034e-01
-4.196005868940886896e-01
-4.197035775677495084e-01
-4.198062757912816023e-01
-4.199086822968726151e-01
-4.200107978167782474e-01
-4.201126230832645803e-01
-4.202141588286281704e-01
-4.203154057851353209e-01
-4.204163646850233027e-01
-4.205170362604572776e-01
-4.206174212435168647e-01
-4.207175203661862595e-01
-4.208173343602967797e-01
-4.209168639575369686e-01
-4.210161098894127929e-01
-4.211150728872375404e-01
-4.212137536820900197e-01
-4.213121530048163366e-01
-4.214102715860031934e-01
-4.215081101559343124e-01
-4.216056694446055908e-01
-4.217029501816650927e-01
-4.217999530964367527e-01
-4.218966789178569821e-01
-4.219931283744837724e-01
-4.220893021944671086e-01
-4.221852011055244880e-01
-4.222808258349318722e-01
-4.223761771095039252e-01
-4.224712556555610399e-01
-4.225660621989285604e-01
-4.226605974649055852e-01
-4.227548621782510341e-01
-4.228488570631750432e-01
-4.229425828432994416e-01
-4.230360402416661336e-01
-4.231292299807046797e-01
-4.232221527822097595e-01
-4.233148093673376189e-01
-4.234072004565869185e-01
-4.234993267697742536e-01
-4.235911890260299906e-01
-4.236827879437644606e-01
-4.237741242406776188e-01
-4.238651986337184097e-01
-4.239560118390804377e-01
-4.240465645721892551e-01
-4.241368575476869296e-01
-4.242268914794101176e-01
-4.243166670803826257e-01
-4.244061850627975363e-01
-4.244954461380048283e-01
-4.245844510164987207e-01
-4.246732004078936917e-01
-4.247616950209271436e-01
-4.248499355634357544e-01
-4.249379227423460414e-01
-4.250256572636521013e-01
-4.251131398324146660e-01
-4.252003711527467256e-01
-4.252873519277947101e-01
-4.253740828597328272e-01
-4.254605646497425786e-01
-4.255467979980065985e-01
-4.256327836037047119e-01
-4.257185221649849027e-01
-4.258040143789597609e-01
-4.258892609417087582e-01
-4.259742625482357270e-01
-4.260590198924933403e-01
-4.261435336673473628e-01
-4.262278045645803148e-01
-4.263118332748671580e-01
-4.263956204877835110e-01
-4.264791668917762846e-01
-4.265624731741652353e-01
-4.266455400211357496e-01
-4.267283681177169719e-01
-4.268109581477880221e-01
-4.268933107940515170e-01
-4.269754267380375667e-01
-4.270573066600854562e-01
-4.271389512393521382e-01
-4.272203611537723211e-01
-4.273015370800909984e-01
-4.273824796938102688e-01
-4.274631896692255295e-01
-4.275436676793792357e-01
-4.276239143960732791e-01
-4.277039304898600514e-01
-4.277837166300308969e-01
-4.278632734846058994e-01
-4.279426017203367683e-01
-4.280217020026843011e-01
-4.281005749958299855e-01
-4.281792213626540167e-01
-4.282576417647283584e-01
-4.283358368623232937e-01
-4.284138073143877179e-01
-4.284915537785521922e-01
-4.285690769111070164e-01
-4.286463773670250998e-01
-4.287234557999173301e-01
-4.288003128620673787e-01
-4.288769492043866260e-01
-4.289533654764439152e-01
-4.290295623264325231e-01
-4.291055404011764884e-01
-4.291813003461327769e-01
-4.292568428053634699e-01
-4.293321684215664069e-01
-4.294072778360227272e-01
-4.294821716886441099e-01
-4.295568506179188173e-01
-4.296313152609452235e-01
-4.297055662534104425e-01
-4.297796042295770058e-01
-4.298534298223056216e-01
-4.299270436630217573e-01
-4.300004463817284628e-01
-4.300736386069997641e-01
-4.301466209659754458e-01
-4.302193940843487274e-01
-4.302919585863902996e-01
-4.303643150949094665e-01
-4.304364642312591416e-01
-4.305084066153641031e-01
-4.305801428656787500e-01
-4.306516735991975930e-01
-4.307229994314539234e-01
-4.307941209765261403e-01
-4.308650388470167680e-01
-4.309357536540482925e-01
-4.310062660072900287e-01
-4.310765765149245921e-01
-4.311466857836511180e-01
-4.312165944186961419e-01
-4.312863030238096029e-01
-4.313558122012313700e-01
-4.314251225517454769e-01
-4.314942346746173940e-01
-4.315631491676396592e-01
-4.316318666270976268e-01
-4.317003876477989999e-01
-4.317687128230360827e-01
-4.318368427446083180e-01
-4.319047780028187344e-01
-4.319725191864635661e-01
-4.320400668828397461e-01
-4.321074216777319177e-01
-4.321745841554178180e-01
-4.322415548986824896e-01
-4.323083344887887480e-01
-4.323749235054880069e-01
-4.324413225270327121e-01
-4.325075321301531384e-01
-4.325735528900712668e-01
-4.326393853804924583e-01
-4.327050301736148352e-01
-4.327704878401120170e-01
-4.328357589491472757e-01
-4.329008440683743131e-01
-4.329657437639157780e-01
-4.330304586003934642e-01
-4.330949891408994445e-01
-4.331593359470126692e-01
-4.332234995788011300e-01
-4.332874805948042640e-01
-4.333512795520501060e-01
-4.334148970060436312e-01
-4.334783335107804114e-01
-4.335415896187315710e-01
-4.336046658808525578e-01
-4.336675628465828103e-01
-4.337302810638414274e-01
-4.337928210790347183e-01
-4.338551834370441562e-01
-4.339173686812454744e-01
-4.339793773535032817e-01
-4.340412099941449164e-01
-4.341028671420067431e-01
-4.341643493343953497e-01
-4.342256571071161919e-01
-4.342867909944553850e-01
-4.343477515291859214e-01
-4.344085392425772740e-01
-4.344691546643836833e-01
-4.345295983228506520e-01
-4.345898707447173326e-01
-4.346499724552183586e-01
-4.347099039780768504e-01
-4.347696658355167387e-01
-4.348292585482543826e-01
-4.348886826355086721e-01
-4.349479386149885940e-01
-4.350070270029059438e-01
