-3.189457920836500651e-16
-1.285875201178196647e+00
-2.500124297111543825e+00
-3.584085882509429055e+00
-4.500335516521950296e+00
-5.234302836132344261e+00
-5.790483935168869500e+00
-6.186107958659718520e+00
-6.444842520408601949e+00
-6.591954811224150390e+00
-6.651260012598367410e+00
-6.643576706730511816e+00
-6.586217791123715415e+00
-6.493086554482598416e+00
-6.375066942915672108e+00
-6.240514803399094035e+00
-6.095744464420417508e+00
-5.945461739957647929e+00
-5.793126719168903982e+00
-5.641246800387133220e+00
-5.491607615922234231e+00
-5.345452217530826999e+00
-5.203618448323074297e+00
-5.066643599883090765e+00
-4.934843578189907376e+00
-4.808372733477265903e+00
-4.687268828159074197e+00
-4.571486995060870306e+00
-4.460925212402440110e+00
-4.355443515639773722e+00
-4.254878005817530173e+00
-4.159050735355267037e+00
-4.067775848721754350e+00
-3.980862998253689611e+00
-3.898118697891953310e+00
-3.819346937401790765e+00
-3.744349629607619523e+00
-3.672927737695923067e+00
-3.604882903669314853e+00
-3.540019744182644867e+00
-3.478148149501575581e+00
-3.419085597421101852e+00
-3.362658865673323394e+00
-3.308705373399441818e+00
-3.257073748569929261e+00
-3.207624066503653282e+00
-3.160227467470761997e+00
-3.114765679546579236e+00
-3.071130145218703422e+00
-3.029221271754827249e+00
-2.988947443609584642e+00
-2.950224290037998021e+00
-2.912973785809335414e+00
-2.877123662740001642e+00
-2.842606665677647637e+00
-2.809360131677084649e+00
-2.777325396178899286e+00
-2.746447517432936802e+00
-2.716674801593382593e+00
-2.687958638008676626e+00
-2.660253109406533145e+00
-2.633514906876861517e+00
-2.607702997632205033e+00
-2.582778596132397908e+00
-2.558704869707922658e+00
-2.535446949600533184e+00
-2.512971661253096123e+00
-2.491247564629322397e+00
-2.470244700640515045e+00
-2.449934653923994787e+00
-2.430290309951874228e+00
-2.411285935895979726e+00
-2.392896944893170286e+00
-2.375099992136095128e+00
-2.357872743948829175e+00
-2.341193987160063106e+00
-2.325043401355766370e+00
-2.309401680146892399e+00
-2.294250305401380530e+00
-2.279571679361110714e+00
-2.265348899927181137e+00
-2.251565902799919083e+00
-2.238207237070448663e+00
-2.225258216704670389e+00
-2.212704695817049760e+00
-2.200533228926367268e+00
-2.188730845379402101e+00
-2.177285217885890578e+00
-2.166184435632160010e+00
-2.155417180667908994e+00
-2.144972499308479552e+00
-2.134839985999957612e+00
-2.125009552658915890e+00
-2.115471619688718885e+00
-2.106216882948318325e+00
-2.097236511632796230e+00
-2.088521912600410424e+00
-2.080064934865419435e+00
-2.071857631045434633e+00
-2.063892468245388301e+00
-2.056162086415774581e+00
-2.048659515433726597e+00
-2.041377930188374545e+00
-2.034310873688481180e+00
-2.027452008712794296e+00
-2.020795346795188241e+00
-2.014334996297178382e+00
-2.008065397139226604e+00
-2.001981065170366669e+00
-1.996076832529786849e+00
-1.990347588203335683e+00
-1.984788523913942226e+00
-1.979394870767260395e+00
-1.974162150581986186e+00
-1.969085908538457108e+00
-1.964161969870291680e+00
-1.959386168439923637e+00
-1.954754608722235387e+00
-1.950263390239751704e+00
-1.945908874777432684e+00
-1.941687406617588874e+00
-1.937595584932060966e+00
-1.933629979763840989e+00
-1.929787409549314825e+00
-1.926064652799183818e+00
-1.922458730708835661e+00
-1.918966614496671497e+00
-1.915585513065584777e+00
-1.912312575960836813e+00
-1.909145186049999943e+00
-1.906080658067171640e+00
-1.903116536281861615e+00
-1.900250288599438786e+00
-1.897479609193772454e+00
-1.894802108136615981e+00
-1.892215618971117008e+00
-1.889717883845871471e+00
-1.887306866009402784e+00
-1.884980430426722142e+00
-1.882736661176918735e+00
-1.880573537532634232e+00
-1.878489256244697314e+00
-1.876481903066611112e+00
-1.874549779912310754e+00
-1.872691071809384988e+00
-1.870904178917607519e+00
-1.869187378895798002e+00
-1.867539163770239430e+00
-1.865957897701974177e+00
-1.864442158695086338e+00
-1.862990391752072483e+00
-1.861601255413632083e+00
-1.860273270290560221e+00
-1.859005170427631581e+00
-1.857795547201521957e+00
-1.856643205502211513e+00
-1.855546802987306787e+00
-1.854505211075029747e+00
-1.853517149546341392e+00
-1.852581552344163329e+00
-1.851697197515072446e+00
-1.850863077810512847e+00
-1.850078025960393724e+00
-1.849341090072238902e+00
-1.848651154229659976e+00
-1.848007318686392564e+00
-1.847408515782663851e+00
-1.846853894931199669e+00
-1.846342433845634678e+00
-1.845873328315998485e+00
-1.845445598742976978e+00
-1.845058484701229462e+00
-1.844711046773737539e+00
-1.844402565901503976e+00
-1.844132140512780849e+00
-1.843899090657503681e+00
-1.843702550426672415e+00
-1.843541876870651075e+00
-1.843416237703755733e+00
-1.843325025005640772e+00
-1.843267438206751541e+00
-1.843242902572188369e+00
-1.843250647463640757e+00
-1.843290129605784866e+00
-1.843360606620195963e+00
-1.843461565074250519e+00
-1.843592289283345176e+00
-1.843752294141996817e+00
-1.843940889190761823e+00
-1.844157616229959329e+00
-1.844401808647281094e+00
-1.844673033814812291e+00
-1.844970647673490172e+00
-1.845294241914305022e+00
-1.845643193816011829e+00
-1.846017118211109809e+00
-1.846415412573590320e+00
-1.846837713770487888e+00
-1.847283438396172039e+00
-1.847752244310768788e+00
-1.848243566217497191e+00
-1.848757081989156559e+00
-1.849292243485258336e+00
-1.849848747667804716e+00
-1.850426062655149417e+00
-1.851023903628100653e+00
-1.851641754117669514e+00
-1.852279346702994545e+00
-1.852936179529532490e+00
-1.853612001800563958e+00
-1.854306325522686150e+00
-1.855018915792560508e+00
-1.855749297766619454e+00
-1.856497251744739563e+00
-1.857262315361169813e+00
-1.858044283466880664e+00
-1.858842705538797713e+00
-1.859657390362467355e+00
-1.860487898656690176e+00
-1.861334052558573537e+00
-1.862195423460399013e+00
-1.863071846299099388e+00
-1.863962902602387617e+00
-1.864868439584568049e+00
-1.865788048399276144e+00
-1.866721588043533275e+00
-1.867668658813982141e+00
-1.868629131021589895e+00
-1.869602613648217782e+00
-1.870588987874347353e+00
-1.871587870933150155e+00
-1.872599154453023607e+00
-1.873622463506539049e+00
-1.874657699770179597e+00
-1.875704495764948021e+00
-1.876762762835793241e+00
-1.877832140580927955e+00
-1.878912549653267261e+00
-1.880003636375544351e+00
-1.881105330366188655e+00
-1.882217284337263985e+00
-1.883339436547249335e+00
-1.884471445778877152e+00
-1.885613258621174015e+00
-1.886764539624386172e+00
-1.887925243413801191e+00
-1.889095040018718530e+00
-1.890273891820732910e+00
-1.891461474053508285e+00
-1.892657756588380646e+00
-1.893862419601918257e+00
-1.895075440201423156e+00
-1.896296503257256738e+00
-1.897525592870890510e+00
-1.898762398369072901e+00
-1.900006910617092259e+00
-1.901258823171793733e+00
-1.902518133442654191e+00
-1.903784539000697995e+00
-1.905058043590359018e+00
-1.906338348590818521e+00
-1.907625463881678307e+00
-1.908919094453803478e+00
-1.910219256131462817e+00
-1.911525657329502303e+00
-1.912838319634926565e+00
-1.914156954707403990e+00
-1.915481589723028621e+00
-1.916811939414967858e+00
-1.918148036382648192e+00
-1.919489598269119579e+00
-1.920836662938591566e+00
-1.922188950787634854e+00
-1.923546504793806511e+00
-1.924909047957491515e+00
-1.926276628224990795e+00
-1.927648971057340344e+00
-1.929026129231047104e+00
-1.930407830530955104e+00
-1.931794132431362110e+00
-1.933184764909813280e+00
-1.934579790011694556e+00
-1.935978939781676011e+00
-1.937382280715169935e+00
-1.938789546803574293e+00
-1.940200808876236804e+00
-1.941615802756229581e+00
-1.943034603495593204e+00
-1.944456948638634275e+00
-1.945882917353743968e+00
-1.947312248800551648e+00
-1.948745026161748939e+00
-1.950180990110838897e+00
-1.951620227747168590e+00
-1.953062481160622310e+00
-1.954507841273506186e+00
-1.955956051498702442e+00
-1.957407206491644791e+00
-1.958861050898573541e+00
-1.960317683021846502e+00
-1.961776848654930960e+00
-1.963238649664578617e+00
-1.964702832908762353e+00
-1.966169503739281677e+00
-1.967638409999250770e+00
-1.969109660449451793e+00
-1.970583003841720915e+00
-1.972058552272868859e+00
-1.973536055330135097e+00
-1.975015628376098897e+00
-1.976497021762951167e+00
-1.977980354051769529e+00
-1.979465376291790202e+00
-1.980952210177893358e+00
-1.982440607391172227e+00
-1.983930692698182785e+00
-1.985422218349058854e+00
-1.986915312122299104e+00
-1.988409726776710906e+00
-1.989905593045375953e+00
-1.991402664137599698e+00
-1.992901073685829916e+00
-1.994400575293877598e+00
-1.995901305440536566e+00
-1.997403018070214475e+00
-1.998905852457009580e+00
-2.000409562833949551e+00
-2.001914291221424058e+00
-2.003419792090994633e+00
-2.004926210162065736e+00
-2.006433300096518657e+00
-2.007941209267408933e+00
-2.009449692480368199e+00
-2.010958899718363835e+00
-2.012468585885919925e+00
-2.013978903533863551e+00
-2.015489607622360513e+00
-2.017000853229577562e+00
-2.018512395329519649e+00
-2.020024391488679960e+00
-2.021536596654702755e+00
-2.023049170844803513e+00
-2.024561868941349374e+00
-2.026074853376187868e+00
-2.027587878928748921e+00
-2.029101110410675535e+00
-2.030614302462279142e+00
-2.032127622241398424e+00
-2.033640824214181464e+00
-2.035154077852236565e+00
-2.036667137413839868e+00
-2.038180174653192456e+00
-2.039692943587845697e+00
-2.041205618224688934e+00
-2.042717952308871432e+00
-2.044230122071012179e+00
-2.045741880953304115e+00
-2.047253407382138679e+00
-2.048764454467218776e+00
-2.050275202803774732e+00
-2.051785405140512886e+00
-2.053295244215407767e+00
-2.054804472388542802e+00
-2.056313274515626510e+00
-2.057821402541276434e+00
-2.059329043414941385e+00
-2.060835948639741844e+00
-2.062342307235546457e+00
-2.063847870238945781e+00
-2.065352828717688549e+00
-2.066856933217595227e+00
-2.068360376832683034e+00
-2.069862909594343048e+00
-2.071364726601945261e+00
-2.072865577349736643e+00
-2.074365658922195710e+00
-2.075864720254275930e+00
-2.077362960396186953e+00
-2.078860127702128580e+00
-2.080356423169207325e+00
-2.081851594550131690e+00
-2.083345844770720934e+00
-2.084838920962110542e+00
-2.086331027961366047e+00
-2.087821912258313262e+00
-2.089311780584492961e+00
-2.090800378769536838e+00
-2.092287915422983868e+00
-2.093774135695972927e+00
-2.095259250060301337e+00
-2.096743002970677505e+00
-2.098225606746009664e+00
-2.099706805127255382e+00
-2.101186812265650072e+00
-2.102665371171618336e+00
-2.104142697814674889e+00
-2.105618534458204127e+00
-2.107093098876299475e+00
-2.108566132569481333e+00
-2.110037855103207960e+00
-2.111508007199727643e+00
-2.112976810203035072e+00
-2.114444004042069558e+00
-2.115909811827149767e+00
-2.117373972679264860e+00
-2.118836711463099487e+00
-2.120297766477590606e+00
-2.121757364330322915e+00
-2.123215242484321585e+00
-2.124671629278909624e+00
-2.126126261327848876e+00
-2.127579368691600692e+00
-2.129030687121456378e+00
-2.130480448388672343e+00
-2.131928387369385725e+00
-2.133374737535712384e+00
-2.134819232876171036e+00
-2.136262108554153105e+00
-2.137703097658507190e+00
-2.139142437034504241e+00
-2.140579858859698703e+00
-2.142015601652258017e+00
-2.143449396666900153e+00
-2.144881484086058165e+00
-2.146311594230453590e+00
-2.147739968938431776e+00
-2.149166337585870501e+00
-2.150590943658978738e+00
-2.152013515578087510e+00
-2.153434298469521391e+00
-2.154853019787781765e+00
-2.156269926291709105e+00
-2.157684744459941406e+00
-2.159097722676578179e+00
-2.160508586434509493e+00
-2.161917585736170544e+00
-2.163324445079009006e+00
-2.164729416077111779e+00
-2.166132222223101866e+00
-2.167533116736252374e+00
-2.168931822095137907e+00
-2.170328593117828664e+00
-2.171723151260088081e+00
-2.173115752932808231e+00
-2.174506118560038725e+00
-2.175894506139639972e+00
-2.177280635055456770e+00
-2.178664764886788507e+00
-2.180046613968878777e+00
-2.181426443456958797e+00
-2.182803970629588530e+00
-2.184179458212776481e+00
-2.185552622420322333e+00
-2.186923727544033635e+00
-2.188292488725128493e+00
-2.189659171816371597e+00
-2.191023490878795332e+00
-2.192385713321502561e+00
-2.193745552117796649e+00
-2.195103276228648870e+00
-2.196458597532302992e+00
-2.197811786537338552e+00
-2.199162554019806759e+00
-2.200511172031672569e+00
-2.201857350239763367e+00
-2.203201362235585492e+00
-2.204542916569772970e+00
-2.205882288369529487e+00
-2.207219185062610389e+00
-2.208553883308221888e+00
-2.209886089404625054e+00
-2.211216081539578493e+00
-2.212543564875250723e+00
-2.213868819124670928e+00
-2.215191548307577030e+00
-2.216512033658958547e+00
-2.217829978049912221e+00
-2.219145664234286830e+00
-2.220458793928414831e+00
-2.221769651402135448e+00
-2.223077937210870214e+00
-2.224383937137613731e+00
-2.225687350571129652e+00
-2.226988464804736445e+00
-2.228286978054665024e+00
-2.229583179122153869e+00
-2.230876765045148424e+00
-2.232168026130255001e+00
-2.233456658231563363e+00
-2.234742953158767254e+00
-2.236026605576566517e+00
-2.237307908795480582e+00
-2.238586556285385942e+00
-2.239862842855477876e+00
-2.241136460775580819e+00
-2.242407706351524865e+00
-2.243676270647729343e+00
-2.244942451464865041e+00
-2.246205938656786749e+00
-2.247467031517061731e+00
-2.248725418683931387e+00
-2.249981400942288268e+00
-2.251234665709702654e+00
-2.252485515260654658e+00
-2.253733635787191769e+00
-2.254979331051893077e+00
-2.256222286016328571e+00
-2.257462805929816518e+00
-2.258700574518721638e+00
-2.259935898517621666e+00
-2.261168460412957604e+00
-2.262398568423457768e+00
-2.263625903790899674e+00
-2.264850776216884132e+00
-2.266072865694056748e+00
-2.267292483405829451e+00
-2.268509308091101406e+00
-2.269723652414119996e+00
-2.270935193855537992e+00
-2.272144246559486103e+00
-2.273350486744058596e+00
-2.274554230032341362e+00
-2.275755151375500329e+00
-2.276953567874833162e+00
-2.278149153210243583e+00
-2.279342225960557577e+00
-2.280532458530127649e+00
-2.281720170974661510e+00
-2.282905034418849954e+00
-2.284087370394653593e+00
-2.285266848742890211e+00
-2.286443792471361647e+00
-2.287617870132886200e+00
-2.288789406210603339e+00
-2.289958067965352395e+00
-2.291124181355244538e+00
-2.292287412345048292e+00
-2.293448088367541882e+00
-2.294605874087552788e+00
-2.295761098412248291e+00
-2.296913424702435869e+00
-2.298063183339628779e+00
-2.299210036376727828e+00
-2.300354315669358218e+00
-2.301495681958783734e+00
-2.302634468574614957e+00
-2.303770334942610631e+00
-2.304903615866430222e+00
-2.306033969452478072e+00
-2.307161731978519370e+00
-2.308286560227938100e+00
-2.309408791952636264e+00
-2.310528082609205835e+00
-2.311644771423877476e+00
-2.312758512522825161e+00
-2.313869646606802721e+00
-2.314977826467810029e+00
-2.316083394281417185e+00
-2.317186001501889248e+00
-2.318285991779858612e+00
-2.319383015228268619e+00
-2.320477416973183438e+00
-2.321568845782597368e+00
-2.322657648258488194e+00
-2.323743471820335138e+00
-2.324826664546393751e+00
-2.325906872504226008e+00
-2.326984445248820421e+00
-2.328059027492229927e+00
-2.329130970266835465e+00
-2.330199916925741022e+00
-2.331266219979180043e+00
-2.332329521417836560e+00
-2.333390175230574126e+00
-2.334447822042217791e+00
-2.335502817320773694e+00
-2.336554800321889669e+00
-2.337604127993452963e+00
-2.338650438218508043e+00
-2.339694089425654600e+00
-2.340734718121853852e+00
-2.341772684217215517e+00
-2.342807622839369497e+00
-2.343839895380700256e+00
-2.344869135586146403e+00
-2.345895706331312613e+00
-2.346919239975112870e+00
-2.347940100877247360e+00
-2.348957920007252564e+00
-2.349973063209957580e+00
-2.350985160062305290e+00
-2.351994577895107685e+00
-2.353000944889443335e+00
-2.354004629863192033e+00
-2.355005259598319967e+00
-2.356003204400780593e+00
-2.356998089650172989e+00
-2.357990287141727315e+00
-2.358979420849364850e+00
-2.359965864058650720e+00
-2.360949239334700245e+00
-2.361929921454581915e+00
-2.362907531571330821e+00
-2.363882445954835099e+00
-2.364854284342732260e+00
-2.365823424498917582e+00
-2.366789484742617411e+00
-2.367752844332882134e+00
-2.368713120167340591e+00
-2.369670693001557193e+00
-2.370625178308326753e+00
-2.371576958341110597e+00
-2.372525647144646310e+00
-2.373471628471657713e+00
-2.374414514935752951e+00
-2.375354691790250605e+00
-2.376291770214443488e+00
-2.377226136963739300e+00
-2.378157401779909641e+00
-2.379085952921918157e+00
-2.380011398690918600e+00
-2.380934128850862752e+00
-2.381853750259173896e+00
-2.382770654186338266e+00
-2.383684446042893867e+00
-2.384595518607365516e+00
-2.385503475840248022e+00
-2.386408712029827406e+00
-2.387310829683406688e+00
-2.388210224600492371e+00
-2.389106497832132359e+00
-2.390000046690773594e+00
-2.390890470768057607e+00
-2.391778168890936751e+00
-2.392662739188605059e+00
-2.393544582004270893e+00
-2.394423294001485569e+00
-2.395299277041420538e+00
-2.396172126318878437e+00
-2.397042245214758172e+00
-2.397909227452053926e+00
-2.398773477933082710e+00
-2.399634588905907862e+00
-2.400492966796181626e+00
-2.401348202373779106e+00
-2.402200703589574271e+00
-2.403050059732229293e+00
-2.403896680279540288e+00
-2.404740153035892725e+00
-2.405580889007929990e+00
-2.406418474512650008e+00
-2.407253322087455683e+00
-2.408085016558731972e+00
-2.408913971996584191e+00
-2.409739771733838687e+00
-2.410562831375153703e+00
-2.411382732756618186e+00
-2.412199893019534969e+00
-2.413013892500030178e+00
-2.413825149878085163e+00
-2.414633243986830546e+00
-2.415438595046834891e+00
-2.416240780385158882e+00
-2.417040221765064612e+00
-2.417836495004328512e+00
-2.418630023411014740e+00
-2.419420381290494859e+00
-2.420207993497692112e+00
-2.420992432822516527e+00
-2.421774125668863409e+00
-2.422552643307986475e+00
-2.423328413694915806e+00
-2.424101006579099771e+00
-2.424870851468902355e+00
-2.425637516588866838e+00
-2.426401433002819630e+00
-2.427162167407184157e+00
-2.427920152423601596e+00
-2.428674953217182964e+00
-2.429427003969537147e+00
-2.430175868311435394e+00
-2.430921981986651215e+00
-2.431664907088365357e+00
-2.432405080924913587e+00
-2.433142064048706921e+00
-2.433876295334933992e+00
-2.434607333792025319e+00
-2.435335619864393397e+00
-2.436060711013327218e+00
-2.436783049254733768e+00
-2.437502190499561294e+00
-2.438218578337709719e+00
-2.438931767126570005e+00
-2.439642202032294094e+00
-2.440349435855577287e+00
-2.441053915341319769e+00
-2.441755191730234920e+00
-2.442453713348428312e+00
-2.443149029873402878e+00
-2.443841591214923170e+00
-2.444530945484078899e+00
-2.445217544176801816e+00
-2.445900933834468827e+00
-2.446581567541710189e+00
-2.447258990266985013e+00
-2.447933656686106740e+00
-2.448605110191331757e+00
-2.449273807052290142e+00
-2.449939289081751070e+00
-2.450602014145627283e+00
-2.451261522474053045e+00
-2.451918273531841219e+00
-2.452571805963064122e+00
-2.453222580834120592e+00
-2.453870135199813340e+00
-2.454514931730696681e+00
-2.455156505888905105e+00
-2.455795321951965704e+00
-2.456430913785986991e+00
-2.457063747278048549e+00
-2.457693354695029253e+00
-2.458320203536231041e+00
-2.458943824465950279e+00
-2.459564686598480154e+00
-2.460182318992098605e+00
-2.460797192378884279e+00
-2.461408834207805985e+00
-2.462017716831438552e+00
-2.462623366086035048e+00
-2.463226255947449594e+00
-2.463825910635938143e+00
-2.464422805753458512e+00
-2.465016463900711052e+00
-2.465607362308654515e+00
-2.466195021955121192e+00
-2.466779921702875189e+00
-2.467361580903435492e+00
-2.467940480054252372e+00
-2.468516136877097811e+00
-2.469089033507035236e+00
-2.469658686032675465e+00
-2.470225578229548358e+00
-2.470789224549591268e+00
-2.471350110411882461e+00
-2.471907748628221491e+00
-2.472462626264060326e+00
-2.473014254487604369e+00
-2.473563122013743953e+00
-2.474108738363569149e+00
-2.474651593904400926e+00
-2.475191196506715041e+00
-2.475728038193256264e+00
-2.476261625180369297e+00
-2.476792451149291363e+00
-2.477320020658736688e+00
-2.477844829051424114e+00
-2.478366379224848259e+00
-2.478885168186460763e+00
-2.479400697168925305e+00
-2.479913464847424365e+00
-2.480422970786249071e+00
-2.480929715331527508e+00
-2.481433196375528727e+00
-2.481933915938506097e+00
-2.482431370237069057e+00
-2.482926062968671133e+00
-2.483417488670827122e+00
-2.483906152721358396e+00
-2.484391547974902359e+00
-2.484874181492987333e+00
-2.485353544443735796e+00
-2.485830145575499195e+00
-2.486303474366247990e+00
-2.486774041254550482e+00
-2.487241334024447692e+00
-2.487705864807942202e+00
-2.488167119691517826e+00
-2.488625612503907014e+00
-2.489080827630306914e+00
-2.489533280599541154e+00
-2.489982454091745012e+00
-2.490428865339157305e+00
-2.490871995313132192e+00
-2.491312362952756931e+00
-2.491749447516762306e+00
-2.492183769654416459e+00
-2.492614806908141745e+00
-2.493043081640800462e+00
-2.493468069674622534e+00
-2.493890295089552289e+00
-2.494309231983858677e+00
-2.494725406157931147e+00
-2.495138289982272717e+00
-2.495548410981236476e+00
-2.495955239793659075e+00
-2.496359305671334017e+00
-2.496760077517583110e+00
-2.497158086315248493e+00
-2.497552799228141662e+00
-2.497944748973699447e+00
-2.498333400972391427e+00
-2.498719289679707245e+00
-2.499101878768914542e+00
-2.499481704437229279e+00
-2.499858228606629318e+00
-2.500231989219685591e+00
-2.500602446443187077e+00
-2.500970139968635930e+00
-2.501334528203711827e+00
-2.501696152592504330e+00
-2.502054469779487089e+00
-2.502410022965070979e+00
-2.502762267026540588e+00
-2.503111746924284731e+00
-2.503457915764383479e+00
-2.503801320270900188e+00
-2.504141411774631898e+00
-2.504478738767185853e+00
-2.504812750799866983e+00
-2.505143998135567429e+00
-2.505471928542118754e+00
-2.505797094057464314e+00
-2.506118940661840711e+00
-2.506438022171997737e+00
-2.506753782776433237e+00
-2.507066778074668711e+00
-2.507376450459207984e+00
-2.507683357316124351e+00
-2.507986939237910384e+00
-2.508287755401032992e+00
-2.508585244593691588e+00
-2.508879967786742604e+00
-2.509171361959832591e+00
-2.509459989882115938e+00
-2.509745286720487911e+00
-2.510027817046320830e+00
-2.510307014209472332e+00
-2.510583444587654256e+00
-2.510856539709262591e+00
-2.511126867762242476e+00
-2.511393858449489702e+00
-2.511658081773153750e+00
-2.511918965606102727e+00
-2.512177081768860898e+00
-2.512431856299940591e+00
-2.512683862842278959e+00
-2.512932525595716893e+00
-2.513178420029640314e+00
-2.513420968500827968e+00
-2.513660748309267223e+00
-2.513897179964213358e+00
-2.514130842600442950e+00
-2.514361154875211835e+00
-2.514588697762255798e+00
-2.514812888062400997e+00
-2.515034308592519974e+00
-2.515252374292535453e+00
-2.515467669826659591e+00
-2.515679608269383749e+00
-2.515888776136514959e+00
-2.516094584632584397e+00
-2.516297622129315403e+00
-2.516497297956596046e+00
-2.516694202346447806e+00
-2.516887742749599255e+00
-2.517078511262535123e+00
-2.517265913452268133e+00
-2.517450543284134756e+00
-2.517631804436791132e+00
-2.517810292748794421e+00
-2.517985410005809221e+00
-2.518157753923931708e+00
-2.518326724391112936e+00
-2.518492921005584861e+00
-2.518655741752855892e+00
-2.518815788117612531e+00
-2.518972456178182995e+00
-2.519126349310299773e+00
-2.519276861680338264e+00
-2.519424598559530715e+00
-2.519568952197490663e+00
-2.519710529765514462e+00
-2.519848721591700702e+00
-2.519984136751860060e+00
-2.520116163647738716e+00
-2.520245413264371237e+00
-2.520371272072200242e+00
-2.520494352970024998e+00
-2.520614040492191066e+00
-2.520730949455928904e+00
-2.520844462454490120e+00
-2.520955196228148676e+00
-2.521062531424245634e+00
-2.521167086710727645e+00
-2.521268240784046100e+00
-2.521366614244584081e+00
-2.521461583832791842e+00
-2.521553772086356116e+00
-2.521642553784661178e+00
-2.521728553407409645e+00
-2.521811143767940244e+00
-2.521890951292742766e+00
-2.521967346824018019e+00
-2.522040958739897309e+00
-2.522111155906310298e+00
-2.522178568657846842e+00
-2.522242563879075306e+00
-2.522303773865949950e+00
-2.522361563516471339e+00
-2.522416567092857775e+00
-2.522468147501339075e+00
-2.522516940975368271e+00
-2.522562308424202815e+00
-2.522604888057433214e+00
-2.522644038782074105e+00
-2.522680400788946287e+00
-2.522713330977510271e+00
-2.522743471524759862e+00
-2.522770177317341211e+00
-2.522794092523483300e+00
-2.522814570011646218e+00
-2.522832255946413582e+00
-2.522846501172643308e+00
-2.522857953856390445e+00
-2.522865962813579888e+00
-2.522871178216790966e+00
-2.522872946847568354e+00
-2.522871920890231490e+00
-2.522867445086482974e+00
-2.522860173637582193e+00
-2.522849449239831898e+00
-2.522835928116753834e+00
-2.522818950913661595e+00
-2.522799175881588862e+00
-2.522775941609316064e+00
-2.522749908380673478e+00
-2.522720412722337713e+00
-2.522688116956226967e+00
-2.522652355541319835e+00
-2.522613792842941294e+00
-2.522571761246764854e+00
-2.522526927166830024e+00
-2.522478620909753833e+00
-2.522427510943902274e+00
-2.522372925491033868e+00
-2.522315535079191928e+00
-2.522254665839581467e+00
-2.522190990365386742e+00
-2.522123832691507417e+00
-2.522053867481771849e+00
-2.521980416668841318e+00
-2.521904156992825552e+00
-2.521824408278353857e+00
-2.521741849347225450e+00
-2.521655797910168584e+00
-2.521566934876427357e+00
-2.521474575836785803e+00
-2.521379403793485796e+00
-2.521280732211542031e+00
-2.521179246191877610e+00
-2.521074257067561053e+00
-2.520966452044027140e+00
-2.520855140316415888e+00
-2.520741011200252846e+00
-2.520623371746753438e+00
-2.520502913387365318e+00
-2.520378941023182051e+00
-2.520252148207344778e+00
-2.520121837684753618e+00
-2.519988705136065210e+00
-2.519852051143756544e+00
-2.519712573521940779e+00
-2.519569570684445203e+00
-2.519423742584603776e+00
-2.519274385461426125e+00
-2.519122201413491968e+00
-2.518966484498561087e+00
-2.518807938966542981e+00
-2.518645856687555806e+00
-2.518480944068711480e+00
-2.518312490786270619e+00
-2.518141205410640904e+00
-2.517966375417677316e+00
-2.517788711547177094e+00
-2.517607499068200472e+00
-2.517423450895984072e+00
-2.517235850086259941e+00
-2.517045411735950200e+00
-2.516851416680985665e+00
-2.516654582205979818e+00
-2.516454186920475511e+00
-2.516250950303132949e+00
-2.516044148730443908e+00
-2.515834503881346329e+00
-2.515621289892663537e+00
-2.515405230649856883e+00
-2.515185598043356840e+00
-2.514963118171548828e+00
-2.514737060671722535e+00
-2.514508153861469530e+00
-2.514275665118207215e+00
-2.514040324985176156e+00
-2.513801398573014989e+00
-2.513559618657042805e+00
-2.513314248074351553e+00
-2.513066021838719077e+00
-2.512814200506815254e+00
-2.512559521337405677e+00
-2.512301242599650930e+00
-2.512040103804027869e+00
-2.511775360925153411e+00
-2.511507755731700708e+00
-2.511236541896736618e+00
-2.510962463453768390e+00
-2.510684771767280221e+00
-2.510404213142207741e+00
-2.510120036627265794e+00
-2.509832990805619612e+00
-2.509542322402989800e+00
-2.509248782287471613e+00
-2.508951614854626921e+00
-2.508651573264200518e+00
-2.508347899574336903e+00
-2.508041349243297802e+00
-2.507731161984408264e+00
-2.507418095561332549e+00
-2.507101387335182618e+00
-2.506781797381912202e+00
-2.506458560703139327e+00
-2.506132439693886660e+00
-2.505802666988763860e+00
-2.505470007308925329e+00
-2.505133690914487676e+00
-2.504794484859730996e+00
-2.504451617022652066e+00
-2.504105856797744334e+00
-2.503756429673232198e+00
-2.503404107390952760e+00
-2.503048113041729472e+00
-2.502689220721759256e+00
-2.502326651116766332e+00
-2.501961180684607822e+00
-2.501592027698075427e+00
-2.501219970983763918e+00
-2.500844226393797332e+00
-2.500465575130868867e+00
-2.500083230618420860e+00
-2.499697976442529335e+00
-2.499309023590158496e+00
-2.498917158037999187e+00
-2.498521588328452392e+00
-2.498123102836363074e+00
-2.497720907651587829e+00
-2.497315793554376384e+00
-2.496906964173902566e+00
-2.496495212703419675e+00
-2.496079740303293715e+00
-2.495661342587198295e+00
-2.495239218238402223e+00
-2.494814165298668396e+00
-2.494385379965936345e+00
-2.493953662717514952e+00
-2.493518207257714447e+00
-2.493079816507043134e+00
-2.492637681667864591e+00
-2.492192608111516439e+00
-2.491743784529880212e+00
-2.491292018752914394e+00
-2.490836496953530599e+00
-2.490378029428002016e+00
-2.489915799821766473e+00
-2.489450620905164779e+00
-2.488981673787558080e+00
-2.488509773721240048e+00
-2.488034099270702626e+00
-2.487555468178143325e+00
-2.487073056454455866e+00
-2.486587684339601090e+00
-2.486098525282106841e+00
-2.485606402027726425e+00
-2.485110485453605467e+00
-2.484611600819325528e+00
-2.484108916421865043e+00
-2.483603260042564820e+00
-2.483093797389234858e+00
-2.482581358773100266e+00
-2.482065107303669027e+00
-2.481545875830300396e+00
-2.481022824855019682e+00
-2.480496789773488420e+00
-2.479966928471069032e+00
-2.479434078897896576e+00
-2.478897396313469947e+00
-2.478357721230654231e+00
-2.477814206273716735e+00
-2.477267694526636532e+00
-2.476717335968967593e+00
-2.476163976264175837e+00
-2.475606762737691646e+00
-2.475046543640823771e+00
-2.474482463635286233e+00
-2.473915373568770892e+00
-2.473344415429589827e+00
-2.472770442670359614e+00
-2.472192594596273274e+00
-2.471611727273401726e+00
-2.471026977314135564e+00
-2.470439203406455508e+00
-2.469847539460175767e+00
-2.469252846793930978e+00
-2.468654256604856378e+00
-2.468052632851016615e+00
-2.467447104006922132e+00
-2.466838536678649163e+00
-2.466226056608146422e+00
-2.465610533058352427e+00
-2.464991089028325089e+00
-2.464368596446715465e+00
-2.463742175559581860e+00
-2.463112700970151447e+00
-2.462479290161090351e+00
-2.461842820419146705e+00
-2.461202406453254721e+00
-2.460558928242704280e+00
-2.459911497712159445e+00
-2.459260997542423333e+00
-2.458606536863441328e+00
-2.457949001066639383e+00
-2.457287496476502131e+00
-2.456622911204274562e+00
-2.455954348758302430e+00
-2.455282699978790006e+00
-2.454607065547142142e+00
-2.453928339041738127e+00
-2.453245618306255871e+00
-2.452559799666499618e+00
-2.451869978117401594e+00
-2.451177052741578155e+00
-2.450480115674180226e+00
-2.449780068764055407e+00
-2.449076001275386716e+00
-2.448368817832724975e+00
-2.447657604818124444e+00
-2.446943269641245866e+00
-2.446224895790825915e+00
-2.445503393471130771e+00
-2.444777843266153106e+00
-2.444049158184560255e+00
-2.443316415893975524e+00
-2.442580532217135225e+00
-2.441840581893897966e+00
-2.441097483570679127e+00
-2.440350309047853106e+00
-2.439599979805518792e+00
-2.438845564692765588e+00
-2.438087988033141418e+00
-2.437326315712770253e+00
-2.436561474908457647e+00
-2.435792528531498746e+00
-2.435020406622053990e+00
-2.434244169104444744e+00
-2.433464748892288476e+00
-2.432681202910960128e+00
-2.431894466957492007e+00
-2.431103594946240953e+00
-2.430309525567874385e+00
-2.429511309713398681e+00
-2.428709888977448106e+00
-2.427904311215335564e+00
-2.427095520935916184e+00
-2.426282562946476595e+00
-2.425466384680470266e+00
-2.424646027884618249e+00
-2.423822442927497711e+00
-2.422994668482647107e+00
-2.422163657864332631e+00
-2.421328446660219846e+00
-2.420489991140907904e+00
-2.419647323795424132e+00
-2.418801403861391197e+00
-2.417951260716388440e+00
-2.417097856575820103e+00
-2.416240217692917192e+00
-2.415379309271751929e+00
-2.414514154428139214e+00
-2.413645721365833552e+00
-2.412773030050150425e+00
-2.411897051695512495e+00
-2.411016803103614325e+00
-2.410133258510692045e+00
-2.409245431541529925e+00
-2.408354299465403248e+00
-2.407458872716920606e+00
-2.406560131609701614e+00
-2.405657083374661998e+00
-2.404750711381301365e+00
-2.403840019643360471e+00
-2.402925994597677750e+00
-2.402007637027328890e+00
-2.401085936448064118e+00
-2.400159890398619655e+00
-2.399230491485456085e+00
-2.398296733989230933e+00
-2.397359613619010066e+00
-2.396418121383503408e+00
-2.395473256106316118e+00
-2.394524005510470399e+00
-2.393571371546117099e+00
-2.392614338636604998e+00
-2.391653911870864402e+00
-2.390689072358590739e+00
-2.389720828339825243e+00
-2.388748157596450650e+00
-2.387772071532042961e+00
-2.386791544586610581e+00
-2.385807591339880851e+00
-2.384819182875695720e+00
-2.383827336962519805e+00
-2.382831021313914110e+00
-2.381831256899996418e+00
-2.380827008049507754e+00
-2.379819298947198902e+00
-2.378807090522769840e+00
-2.377791410188565102e+00
-2.376771215460769415e+00
-2.375747536992746323e+00
-2.374719328872542778e+00
-2.373687625007875113e+00
-2.372651376044172089e+00
-2.371611619157062201e+00
-2.370567301534707294e+00
-2.369519463634402801e+00
-2.368467049172282124e+00
-2.367411101901190307e+00
-2.366350562050644424e+00
-2.365286476682972427e+00
-2.364217782526170986e+00
-2.363145529966447889e+00
-2.362068652215454367e+00
-2.360988202997515106e+00
-2.359903111993090885e+00
-2.358814436279258686e+00
-2.357721101990368773e+00
-2.356624169570861849e+00
-2.355522561594112219e+00
-2.354417341886877679e+00
-2.353307429446396704e+00
-2.352193891496940470e+00
-2.351075643444657359e+00
-2.349953755926485588e+00
-2.348827140742378639e+00
-2.347696871957526188e+00
-2.346561857750581570e+00
-2.345423175630589441e+00
-2.344279730139764428e+00
-2.343132602246878360e+00
-2.341980692842549061e+00
-2.340825086371418617e+00
-2.339664680057181201e+00
-2.338500561836671210e+00
-2.337331625251432676e+00
-2.336158961747036855e+00
-2.334981461167537020e+00
-2.333800218483933264e+00
-2.332614119827615351e+00
-2.331424263711839640e+00
-2.330229532540000648e+00
-2.329031028384832780e+00
-2.327827629906326301e+00
-2.326620442754151696e+00
-2.325408341829437564e+00
-2.324192436376399939e+00
-2.322971597521977127e+00
-2.321746938122786208e+00
-2.320517325516014751e+00
-2.319283876188862337e+00
-2.318045453673366119e+00
-2.316803178105531824e+00
-2.315555909196783890e+00
-2.314304770750577944e+00
-2.313048618642155940e+00
-2.311788580361237688e+00
-2.310523507931419029e+00
-2.309254532547714067e+00
-2.307980502366480557e+00
-2.306702552307447363e+00
-2.305419526644082673e+00
-2.304132564040405118e+00
-2.302840504871467964e+00
-2.301544491565302053e+00
-2.300243360582999497e+00
-2.298938258136778323e+00
-2.297628016757997216e+00
-2.296313786463399342e+00
-2.294994395838951817e+00
-2.293670998726682786e+00
-2.292342419751392413e+00
-2.291009816601147886e+00
-2.289672009924034413e+00
-2.288330161275331509e+00
-2.286983087310436424e+00
-2.285631953473406419e+00
-2.284275572411258004e+00
-2.282915113478417801e+00
-2.281549385297715560e+00
-2.280179561155890156e+00
-2.278804445635799425e+00
-2.277425215978744255e+00
-2.276040672711606039e+00
-2.274651997052927754e+00
-2.273257985457670216e+00
-2.271859823144295465e+00
-2.270456302479949340e+00
-2.269048612706167312e+00
-2.267635542086169576e+00
-2.266218283907937003e+00
-2.264795622314795587e+00
-2.263368754664738081e+00
-2.261936460965079387e+00
-2.260499942667800521e+00
-2.259057975628029347e+00
-2.257611765415870941e+00
-2.256160083718149245e+00
-2.254704140247592026e+00
-2.253242702506322193e+00
-2.251776984374530777e+00
-2.250305749153348245e+00
-2.248830214915392034e+00
-2.247349140744429707e+00
-2.245863748930857717e+00
-2.244372794324546394e+00
-2.242877503459313804e+00
-2.241376626934603156e+00
-2.239871395553479694e+00
-2.238360555648392314e+00
-2.236845342317809404e+00
-2.235324497610383876e+00
-2.233799260946483400e+00
-2.232268370074180552e+00
-2.230733068762424942e+00
-2.229192090441882712e+00
-2.227646683256974569e+00
-2.226095576303947610e+00
-2.224540022130021999e+00
-2.222978745479907037e+00
-2.221413003331127012e+00
-2.219841516059662290e+00
-2.218265545101146596e+00
-2.216683806445434612e+00
-2.215097566014391894e+00
-2.213505535394283186e+00
-2.211908985021478813e+00
-2.210306622061165349e+00
-2.208699721492765722e+00
-2.207086986042579024e+00
-2.205469695262039842e+00
-2.203846547420717172e+00
-2.202218826671080709e+00
-2.200585226807970862e+00
-2.198947036614283146e+00
-2.197302945391900852e+00
-2.195654246583858438e+00
-2.193999624980730978e+00
-2.192340378715480931e+00
-2.190675188048867739e+00
-2.189005355834031441e+00
-2.187329557783117551e+00
-2.185649101499784752e+00
-2.183962658128787204e+00
-2.182271540054848025e+00
-2.180574413836275482e+00
-2.178872596669727546e+00
-2.177164750507781577e+00
-2.175452197390087328e+00
-2.173733594643967315e+00
-2.172010269183536124e+00
-2.170280873691061263e+00
-2.168546739986659588e+00
-2.166806516087638190e+00
-2.165061538751910764e+00
-2.163310451311669880e+00
-2.161554595494613817e+00
-2.159792609927371654e+00
-2.158025841339763939e+00
-2.156252923632126617e+00
-2.154475208568871647e+00
-2.152691325303118575e+00
-2.150902630666531312e+00
-2.149107749043817073e+00
-2.147308042366786296e+00
-2.145502130230290128e+00
-2.143691379699443011e+00
-2.141874405557320227e+00
-2.140052580035759711e+00
-2.138224513084010514e+00
-2.136391582134131717e+00
-2.134552392279154720e+00
-2.132708326185115411e+00
-2.130857984066182098e+00
-2.129002753856284347e+00
-2.127141230867683142e+00
-2.125274808336389931e+00
-2.123402076649361092e+00
-2.121524434379094437e+00
-2.119640466963533587e+00
-2.117751578346145802e+00
-2.115856348991886904e+00
-2.113956188249945800e+00
-2.112049671587835853e+00
-2.110138213795434758e+00
-2.108220385318025247e+00
-2.106297606421313251e+00
-2.104368442503164349e+00
-2.102434319340451996e+00
-2.100493797258134787e+00
-2.098548307579712446e+00
-2.096596405531287122e+00
-2.094639528018688690e+00
-2.092676225142807933e+00
-2.090707939427744133e+00
-2.088733215822411893e+00
-2.086753502505210633e+00
-2.084767339245886308e+00
-2.082776179913390813e+00
-2.080778559070757261e+00
-2.078775936313919992e+00
-2.076766840971145278e+00
-2.074752738401921981e+00
-2.072732152671251438e+00
-2.070706554939021338e+00
-2.068674463978076083e+00
-2.066637356785577584e+00
-2.064593746812842134e+00
-2.062545116931505440e+00
-2.060489975241460492e+00
-2.058429810526144266e+00
-2.056363125503689826e+00
-2.054291414906875168e+00
-2.052213176041203013e+00
-2.050129909626529745e+00
-2.048040107524356390e+00
-2.045945276479540276e+00
-2.043843902877817698e+00
-2.041737499527012112e+00
-2.039624547304826230e+00
-2.037506565120303925e+00
-2.035382028310185998e+00
-2.033252461923305887e+00
-2.031116335722072286e+00
-2.028975180933607181e+00
-2.026827461712179534e+00
-2.024674715502094102e+00
-2.022515400814979714e+00
-2.020351061351318478e+00
-2.018180149945106194e+00
-2.016004216592337084e+00
-2.013821708413813028e+00
-2.011634181740401761e+00
-2.009440077943687175e+00
-2.007240959728967766e+00
-2.005035262681996056e+00
-2.002824555922441796e+00
-2.000607269212922645e+00
-1.998384978127525802e+00
-1.996156106567903210e+00
-1.993922236602863718e+00
-1.991681786234770435e+00
-1.989436344067639473e+00
-1.987184322165502559e+00
-1.984927315708369555e+00
-1.982663730782404654e+00
-1.980395169184455684e+00
-1.978120030982695843e+00
-1.975839924632076361e+00
-1.973553244141941665e+00
-1.971261604666838974e+00
-1.968963394115846866e+00
-1.966660234384795425e+00
-1.964350507240544497e+00
-1.962035841362145039e+00
-1.959714612331490802e+00
-1.957388455653172876e+00
-1.955055740680973431e+00
-1.952718109787313638e+00
-1.950373926053959206e+00
-1.948024838764086386e+00
-1.945669204682783704e+00
-1.943308680047068693e+00
-1.940941615260188158e+00
-1.938569673556312267e+00
-1.936191198930985014e+00
-1.933807861659240457e+00
-1.931417999282424303e+00
-1.929023289160339827e+00
-1.926622062332963958e+00
-1.924216003289189514e+00
-1.921803436519791353e+00
-1.919386053687409222e+00
-1.916962172685048760e+00
-1.914533492394038694e+00
-1.912098324060480525e+00
-1.909658373829659084e+00
-1.907211946250935819e+00
-1.904760754779196041e+00
-1.902303097216475170e+00
-1.899840694373414518e+00
-1.897371837253294613e+00
-1.894898254068936527e+00
-1.892418228973119732e+00
-1.889933497627502401e+00
-1.887442337281679983e+00
-1.884946491093425269e+00
-1.882444229355692666e+00
-1.879937302770079866e+00
-1.877423974618845470e+00
-1.874906003195393911e+00
-1.872381644716431870e+00
-1.869852665115715018e+00
-1.867317313488955133e+00
-1.864777363459046988e+00
-1.862231056944526619e+00
-1.859680175306849259e+00
-1.857122953230269768e+00
-1.854561179864789855e+00
-1.851993082602604535e+00
-1.849420458432592174e+00
-1.846841527396470006e+00
-1.844258094372772439e+00
-1.841668371993546938e+00
-1.839074173078355745e+00
-1.836473702789554352e+00
-1.833868781939677284e+00
-1.831257608160599570e+00
-1.828642010310226107e+00
-1.826020178428553242e+00
-1.823393949471763031e+00
-1.820761505825559512e+00
-1.818124692598145131e+00
-1.815481684457839417e+00
-1.812834334718864238e+00
-1.810180810268397833e+00
-1.807522972681385287e+00
-1.804858980999179963e+00
-1.802190705112911795e+00
-1.799516296152530170e+00
-1.796837632381328875e+00
-1.794152856951644726e+00
-1.791463856555532974e+00
-1.788768766300612878e+00
-1.786069481364975564e+00
-1.783364128743677224e+00
-1.780654612158795613e+00
-1.777939050423974710e+00
-1.775219355863984383e+00
-1.772493639041558211e+00
-1.769763820943486499e+00
-1.767028003811082160e+00
-1.764288117353300933e+00
-1.761542255418740321e+00
-1.758792356499353948e+00
-1.756036505978902262e+00
-1.753276651193897751e+00
-1.750510868990180269e+00
-1.747741115611318286e+00
-1.744965459291328402e+00
-1.742185865243845777e+00
-1.739400393016314217e+00
-1.736611016856511869e+00
-1.733815787549556786e+00
-1.731016688442127416e+00
-1.728211761480452857e+00
-1.725402999175803087e+00
-1.722588434557886794e+00
-1.719770069369205068e+00
-1.716945927644414338e+00
-1.714118020424589162e+00
-1.711284362670010051e+00
-1.708446974788708106e+00
-1.705603862586096753e+00
-1.702757055906474637e+00
-1.699904551319018964e+00
-1.697048388174458911e+00
-1.694186553723465716e+00
-1.691321096894395248e+00
-1.688449995535987069e+00
-1.685575308226442193e+00
-1.682695003328226635e+00
-1.679811149142583115e+00
-1.676921704460292872e+00
-1.674028747379839643e+00
-1.671130227033972737e+00
-1.668228231393617644e+00
-1.665320699846022601e+00
-1.662409730310974831e+00
-1.659493252341619707e+00
-1.656573373884025147e+00
-1.653648014567603353e+00
-1.650719292443370456e+00
-1.647785117126248977e+00
-1.644847616851783823e+00
-1.641904691128629690e+00
-1.638958478457766654e+00
-1.636006868148590421e+00
-1.633052009049555053e+00
-1.630091780176651906e+00
-1.627128340809102180e+00
-1.624159559574162248e+00
-1.621187606266321746e+00
-1.618210339027643885e+00
-1.615229938253676778e+00
-1.612244251503457182e+00
-1.609255469860736198e+00
-1.606261430202654328e+00
-1.603264334389338686e+00
-1.600262008515979550e+00
-1.597256665308826928e+00
-1.594246119979536136e+00
-1.591232596211576311e+00
-1.588213898230364407e+00
-1.585192260769010764e+00
-1.582165476962629436e+00
-1.579135792687800910e+00
-1.576100989883963743e+00
-1.573063325666521406e+00
-1.570020570672356897e+00
-1.566974993352559409e+00
-1.563924352933307338e+00
-1.560870929299589704e+00
-1.557812470157341922e+00
-1.554751266925322950e+00
-1.551685055678149405e+00
-1.548616139469652264e+00
-1.545542242630750129e+00
-1.542465679953387792e+00
-1.539384163910629377e+00
-1.536300021137147365e+00
-1.533210952132817440e+00
-1.530119295481152664e+00
-1.527022739591696432e+00
-1.523923635104872165e+00
-1.520819658221276294e+00
-1.517713171747772760e+00
-1.514601839555778540e+00
-1.511488036730100237e+00
-1.508369414690939880e+00
-1.505248360914246408e+00
-1.502122514245526341e+00
-1.498994274666867188e+00
-1.495861268323728455e+00
-1.492725907821162989e+00
-1.489585806477554231e+00
-1.486443389639805712e+00
-1.483296257670320584e+00
-1.480146848778497670e+00
-1.476992750240136765e+00
-1.473836413249816069e+00
-1.470675411864189597e+00
-1.467512210387736493e+00
-1.464344369523560729e+00
-1.461174366812728165e+00
-1.457999749468466444e+00
-1.454823008397255091e+00
-1.451641677184090096e+00
-1.448458260231820338e+00
-1.445270277356851540e+00
-1.442080246591603832e+00
-1.438885673841410862e+00
-1.435689090903627063e+00
-1.432487989628010938e+00
-1.429284915714426951e+00
-1.426077346810425750e+00
-1.422867842658299464e+00
-1.419653866554418498e+00
-1.416437992425918946e+00
-1.413217669066855198e+00
-1.409995484733816307e+00
-1.406768873565108713e+00
-1.403540438294009318e+00
-1.400307598247229501e+00
-1.397072970784401180e+00
-1.393833960262468530e+00
-1.390593198819693788e+00
-1.387348075682497850e+00
-1.384101237922608973e+00
-1.380850059472846336e+00
-1.377597202495925544e+00
-1.374340025465256909e+00
-1.371081205794801194e+00
-1.367818086330173655e+00
-1.364553359899651541e+00
-1.361284353549958359e+00
-1.358013775689581148e+00
-1.354738937392489406e+00
-1.351462562816224455e+00
-1.348181946885340876e+00
-1.344899829678174896e+00
-1.341613489790340896e+00
-1.338325683395800603e+00
-1.335033672578653796e+00
-1.331740229786459340e+00
-1.328442600406311458e+00
-1.325143573340503256e+00
-1.321840377090331753e+00
-1.318535817197183491e+00
-1.315227105084939785e+00
-1.311917063121608162e+00
-1.308602885458602261e+00
-1.305287411481661719e+00
-1.301967817871329869e+00
-1.298646961225542684e+00
-1.295322000552304731e+00
-1.291995809859833644e+00
-1.288665530278101157e+00
-1.285334053427545697e+00
-1.281998502351247904e+00
-1.278661786487092833e+00
-1.275321010578966519e+00
-1.271979102091344460e+00
-1.268633147252536508e+00
-1.265286091766899768e+00
-1.261935003127000465e+00
-1.258582845494134128e+00
-1.255226667401094121e+00
-1.251869451687237067e+00
-1.248508227697489037e+00
-1.245145997174653685e+00
-1.241779770043507813e+00
-1.238412567179916213e+00
-1.235041378852038685e+00
-1.231669245302781990e+00
-1.228293136902777638e+00
-1.224916113500501336e+00
-1.221535125323719440e+00
-1.218153252069524850e+00
-1.214767423572892469e+00
-1.211380739627374581e+00
-1.207990109420427061e+00
-1.204598653094792082e+00
-1.201203258930818807e+00
-1.197807067678001713e+00
-1.194406946445285556e+00
-1.191006056851428463e+00
-1.187601244564471248e+00
-1.184195692340378248e+00
-1.180786224131317397e+00
-1.177376044103824793e+00
-1.173961954214074899e+00
-1.170547180317687896e+00
-1.167128502089248343e+00
-1.163709167357926733e+00
-1.160285933225186694e+00
-1.156862069783840097e+00
-1.153434311265230994e+00
-1.150005950321695281e+00
-1.146573698011219555e+00
-1.143140869847893315e+00
-1.139704153407075982e+00
-1.136266887372851642e+00
-1.132825735522307697e+00
-1.129384060024413161e+00
-1.125938500535802467e+00
-1.122492443031593456e+00
-1.119042502719231447e+00
-1.115592089708122625e+00
-1.112137794420780645e+00
-1.108683051436033740e+00
-1.105224426048746267e+00
-1.101765377649333244e+00
-1.098302446055002157e+00
-1.094839115817366260e+00
-1.091371900918448823e+00
-1.087904311428256499e+00
-1.084432835128326333e+00
-1.080961007972095933e+00
-1.077485291167528558e+00
-1.074009246924299443e+00
-1.070529309495513282e+00
-1.067049067728325085e+00
-1.063564928531231635e+00
-1.060080507778571324e+00
-1.056592184635888998e+00
-1.053103602402969852e+00
-1.049611112095173659e+00
-1.046118384845194704e+00
-1.042621743101660892e+00
-1.039124886246799440e+00
-1.035624107736554667e+00
-1.032123135628859378e+00
-1.028618233951327010e+00
-1.025113159873474400e+00
-1.021604147548850428e+00
-1.018094983704752599e+00
-1.014581872164361798e+00
-1.011068629669381602e+00
-1.007551429245781227e+00
-1.004034118116997165e+00
-1.000512838033792207e+00
-9.969914671797859285e-01
-9.934661155412580769e-01
-9.899406927518098476e-01
-9.864112765321770837e-01
-9.828818084676865796e-01
-9.793483335002427514e-01
-9.758148256807976928e-01
-9.722772966465583755e-01
-9.687397534407085065e-01
-9.651981738569237468e-01
-9.616565984701137548e-01
-9.581109706783026425e-01
-9.545653651410418439e-01
-9.510156902946345081e-01
-9.474660554502315479e-01
-9.439123335019661276e-01
-9.403586689938300269e-01
-9.368008986826136253e-01
-9.332432029411679153e-01
-9.296813817785294365e-01
-9.261196520078265326e-01
-9.225537762638781336e-01
-9.189880084275028338e-01
-9.154180731164975882e-01
-9.118482619231306208e-01
-9.082742607883911301e-01
-9.047003996767475353e-01
-9.011223251751682151e-01
-8.975444062985922233e-01
-8.939622495843305705e-01
-8.903802637945992249e-01
-8.867940147024054864e-01
-8.832079515329487318e-01
-8.796175985608555292e-01
-8.760274462092935144e-01
-8.724329765002996062e-01
-8.688387218105774190e-01
-8.652401211340693399e-01
-8.616417495774485458e-01
-8.580390023093847907e-01
-8.544364979650612701e-01
-8.508295870677906603e-01
-8.472229326023410501e-01
-8.436118396032967759e-01
-8.400010162497215660e-01
-8.363857212193078761e-01
-8.327707087546954989e-01
-8.291511902833255121e-01
-8.255319670059529935e-01
-8.219082021799886117e-01
-8.182847448852825778e-01
-8.146567092619497741e-01
-8.110289932174524763e-01
-8.073966607986869937e-01
-8.037646597178331742e-01
-8.001280029230480872e-01
-7.964916889379477505e-01
-7.928506785753335340e-01
-7.892100222081823713e-01
-7.855646274451021371e-01
-7.819195975784269947e-01
-7.782697859100591309e-01
-7.746203497554483564e-01
-7.709660869723672372e-01
-7.673122100379536903e-01
-7.636534601919060528e-01
-7.599951062482183106e-01
-7.563318316165255073e-01
-7.526689626607977468e-01
-7.490011237088246565e-01
-7.453336999276496400e-01
-7.416612552697970928e-01
-7.379892349998725676e-01
-7.343121413584975388e-01
-7.306354810457275084e-01
-7.269536932080639113e-01
-7.232723473643232204e-01
-7.195858181374545914e-01
-7.158997392956346628e-01
-7.122084194591027373e-01
-7.085175581255933608e-01
-7.048213963817198113e-01
-7.011257009867901679e-01
-6.974246439084293980e-01
-6.937240607540287041e-01
-6.900180527297239408e-01
-6.863125259344946549e-01
-6.826015091108400545e-01
-6.788909805524879770e-01
-6.751748947735268791e-01
-6.714593040281916503e-01
-6.677380867715367874e-01
-6.640173710499539528e-01
-6.602909573595782122e-01
-6.565650514397640691e-01
-6.528333738553985244e-01
-6.491022100119971938e-01
-6.453651984943994391e-01
-6.416287064239774018e-01
-6.378862882763838282e-01
-6.341443950188035972e-01
-6.303964948038803806e-01
-6.266491246592923448e-01
-6.228956641116705217e-01
-6.191427385528972538e-01
-6.153836364865474806e-01
-6.116250740664896934e-01
-6.078602462769856496e-01
-6.040959625307968928e-01
-6.003253216918412738e-01
-5.965552290334754648e-01
-5.927786845875032684e-01
-5.890026922001587728e-01
-5.852201502422853530e-01
-5.814381639624142117e-01
-5.776495271176762536e-01
-5.738614493121061422e-01
-5.700666166050354366e-01
-5.662723460404858189e-01
-5.624712127568038955e-01
-5.586706444616088563e-01
-5.548631020012534387e-01
-5.510561271181715348e-01
-5.472420628391130304e-01
-5.434285684691423368e-01
-5.396078655210224673e-01
-5.357877345570986050e-01
-5.319602717042503093e-01
-5.281333826540289822e-01
-5.242990340867345056e-01
-5.204652608837968542e-01
-5.166238960168572092e-01
-5.127831078193233472e-01
-5.089345910770556314e-01
-5.050866520523347170e-01
-5.012308426385662097e-01
-4.973756117333313354e-01
-4.935123633853708003e-01
-4.896496940794848318e-01
-4.857788548044000287e-01
-4.819085948470874237e-01
-4.780300066389659985e-01
-4.741519977658845697e-01
-4.702654963020966861e-01
-4.663795739315086397e-01
-4.624849882461899986e-01
-4.585909811524275237e-01
-4.546881332848668467e-01
-4.507858632465927551e-01
-4.468745678623415318e-01
-4.429638492834446772e-01
-4.390439132651943743e-01
-4.351245527655258627e-01
-4.311957747708334843e-01
-4.272675707439040349e-01
-4.233297407263474921e-01
-4.193924828602650368e-01
-4.154453815502643366e-01
-4.114988503083938376e-01
-4.075422486491941942e-01
-4.035862147059958716e-01
-3.996198732400907949e-01
-3.956540968673544212e-01
-3.916777650676561140e-01
-3.877019954655579470e-01
-3.837154110051576028e-01
-3.797293855716878941e-01
-3.757322735247587975e-01
-3.717357170564753455e-01
-3.677277890222165890e-01
-3.637204128379820656e-01
-3.597013659781541639e-01
-3.556828669563225631e-01
-3.516523829352642405e-01
-3.476224424535623858e-01
-3.435801862682015262e-01
-3.395384690334999900e-01
-3.354840877188445813e-01
-3.314302404721629625e-01
-3.273633616649943567e-01
-3.232970117449310843e-01
-3.192172420856685955e-01
-3.151379958301964157e-01
-3.110449191803101865e-01
-3.069523601432102566e-01
-3.028455355894317802e-01
-2.987392225447056959e-01
-2.946181821584522575e-01
-2.904976468588476024e-01
-2.863618931714218552e-01
-2.822266378234070672e-01
-2.780756409704814303e-01
-2.739251353781842480e-01
-2.697583298581129885e-01
-2.655920081807318645e-01
-2.614087891581163281e-01
-2.572260462132137104e-01
-2.530257652860127271e-01
-2.488259523157711206e-01
-2.446079126444400398e-01
-2.403903324438918798e-01
-2.361537831174443935e-01
-2.319176843998290438e-01
-2.276618138836924432e-01
-2.234063847271190173e-01
-2.191303131970691320e-01
-2.148546733774678030e-01
-2.105574436928324411e-01
-2.062606356557838971e-01
-2.019412026550248540e-01
-1.976221808101042698e-01
-1.932793985207561516e-01
-1.889370164495721149e-01
-1.845696226772841619e-01
-1.802026177208100322e-01
-1.758092153099858890e-01
-1.714161898269912221e-01
-1.669952236425417402e-01
-1.625746219886701760e-01
-1.581243503225203406e-01
-1.536744302539833629e-01
-1.491928888590663693e-01
-1.447116855630254662e-01
-1.401966417732485315e-01
-1.356819219834103363e-01
-1.311308152489395196e-01
-1.265800177757862577e-01
-1.219898811815306600e-01
-1.174000384242938483e-01
-1.127673929254338903e-01
-1.081350250997462348e-01
-1.034557334855154137e-01
-9.877670257696981315e-02
-9.404576197127929860e-02
-8.931506422277284141e-02
-8.452630097238278406e-02
-7.973776175463766214e-02
-7.488336364002054490e-02
-7.002916963787861326e-02
-6.509893028365332235e-02
-6.016887387142078047e-02
-5.514888774478358957e-02
-5.012906193171469404e-02
-4.499925951535110880e-02
-3.986959303265085602e-02
-3.459845937091403367e-02
-2.932743506444786263e-02
-2.385827865567767894e-02
-1.838920205947374223e-02
-1.258980935343482176e-02
-6.790462309927194733e-03
-7.559184639430795196e-17
