2.000000000000031086e+00
1.980944831788199689e+00
1.925931866691486416e+00
1.840829768467755700e+00
1.733742657608678073e+00
1.613286945483323187e+00
1.487217607929171237e+00
1.361670157948697835e+00
1.240970716979337141e+00
1.127814590285361795e+00
1.023608873587361634e+00
9.288378041841428567e-01
8.433785038047438842e-01
7.667434084277815476e-01
6.982519316526785147e-01
6.371444234149403751e-01
5.826533552037909125e-01
5.340447661648519695e-01
4.906400260631589294e-01
4.518251294646269955e-01
4.170524484985966840e-01
3.858381858615468341e-01
3.577575926308201870e-01
3.324392235508181748e-01
3.095589844750475383e-01
2.888343950601394705e-01
2.700192787215611179e-01
2.528989521193602541e-01
2.372858881220070992e-01
2.230157684826563624e-01
2.099438479836791271e-01
1.979416288938966040e-01
1.868939509856368530e-01
1.766966611008617405e-01
1.672549856053520134e-01
1.584826041389656159e-01
1.503012804291603555e-01
1.426408135461623428e-01
1.354390613360429430e-01
1.286418446688349648e-01
1.222026309463015992e-01
1.160819822055046968e-01
1.102468148971418732e-01
1.046695486576905837e-01
9.932722495353668579e-02
9.420066299223003869e-02
8.927369936172287190e-02
8.453253654788045468e-02
7.996520781819467516e-02
7.556115344757634300e-02
7.131089577037597049e-02
6.720579711882997132e-02
6.323788415875970792e-02
5.939972335566715000e-02
5.568433443134311600e-02
5.208513109852346001e-02
4.859588071509030049e-02
4.521067657941820611e-02
4.192391831521934120e-02
3.873029716043756288e-02
3.562478401465890565e-02
3.260261886343029936e-02
2.965930074111287895e-02
2.679057776715079373e-02
2.399243703692911442e-02
2.126109430398602507e-02
1.859298348164437065e-02
1.598474604048931089e-02
1.343322039790149913e-02
1.093543139876439196e-02
8.488579978332716491e-03
6.090033085752406816e-03
3.737313931563457370e-03
1.428092607655563617e-03
-8.398228858245218587e-04
-3.068495184445838020e-03
-5.259865662581443557e-03
-7.415762092378319625e-03
-9.537905862462059403e-03
-1.162791876526518553e-02
-1.368732936614940054e-02
-1.571757897004097404e-02
-1.772002720371199797e-02
-1.969595723255189099e-02
-2.164658063162363741e-02
-2.357304193092396583e-02
-2.547642285440802901e-02
-2.735774627212319773e-02
-2.921797988392103515e-02
-3.105803965268480460e-02
-3.287879300393826976e-02
-3.468106180798869592e-02
-3.646562515966472046e-02
-3.823322196996258027e-02
-3.998455338282665139e-02
-4.172028502957564333e-02
-4.344104913251797123e-02
-4.514744646855270438e-02
-4.684004820278638709e-02
-4.851939760145115160e-02
-5.018601163275297067e-02
-5.184038246361750979e-02
-5.348297885976464883e-02
-5.511424749598074768e-02
-5.673461418280163759e-02
-5.834448501569874934e-02
-5.994424745193652204e-02
-6.153427132034501590e-02
-6.311490976852263124e-02
-6.468650015182358937e-02
-6.624936486810806269e-02
-6.780381214194927675e-02
-6.935013676167550711e-02
-7.088862077248056504e-02
-7.241953412846896532e-02
-7.394313530639576304e-02
-7.545967188362792677e-02
-7.696938108261916489e-02
-7.847249028414070293e-02
-7.996921751122290645e-02
-8.145977188574053673e-02
-8.294435405932538974e-02
-8.442315662026952938e-02
-8.589636447791255958e-02
-8.736415522592526350e-02
-8.882669948575640240e-02
-9.028416123152363526e-02
-9.173669809743549564e-02
-9.318446166882829451e-02
-9.462759775773921245e-02
-9.606624666409870061e-02
-9.750054342317358846e-02
-9.893061804026608008e-02
-1.003565957132935560e-01
-1.017785970440228671e-01
-1.031967382385793192e-01
-1.046111312978344754e-01
-1.060218841983005811e-01
-1.074291010640138350e-01
-1.088328823299359455e-01
-1.102333248973625113e-01
-1.116305222817561421e-01
-1.130245647534284248e-01
-1.144155394714658908e-01
-1.158035306112628338e-01
-1.171886194860364272e-01
-1.185708846625861679e-01
-1.199504020716457148e-01
-1.213272451131298946e-01
-1.227014847564932426e-01
-1.240731896364965919e-01
-1.254424261446247801e-01
-1.268092585163198560e-01
-1.281737489143533471e-01
-1.295359575083948056e-01
-1.308959425511128649e-01
-1.322537604508704223e-01
-1.336094658412351477e-01
-1.349631116474876991e-01
-1.363147491501978115e-01
-1.376644280461131464e-01
-1.390121965063771670e-01
-1.403581012323442123e-01
-1.417021875089579663e-01
-1.430444992559328221e-01
-1.443850790767736147e-01
-1.457239683057759971e-01
-1.470612070530456228e-01
-1.483968342477016422e-01
-1.497308876793203569e-01
-1.510634040376445941e-01
-1.523944189507671632e-01
-1.537239670216871412e-01
-1.550520818634932574e-01
-1.563787961330950493e-01
-1.577041415636470378e-01
-1.590281489956749950e-01
-1.603508484070170770e-01
-1.616722689415803216e-01
-1.629924389369945548e-01
-1.643113859511983466e-01
-1.656291367880222687e-01
-1.669457175217689826e-01
-1.682611535209039000e-01
-1.695754694708308807e-01
-1.708886893958036224e-01
-1.722008366800772128e-01
-1.735119340881908501e-01
-1.748220037845877595e-01
-1.761310673524562331e-01
-1.774391458119161658e-01
-1.787462596375475332e-01
-1.800524287752530428e-01
-1.813576726585577337e-01
-1.826620102243024513e-01
-1.839654599277767699e-01
-1.852680397573354676e-01
-1.865697672484921688e-01
-1.878706594975022848e-01
-1.891707331745113296e-01
-1.904700045361986671e-01
-1.917684894380365379e-01
-1.930662033460858462e-01
-1.943631613484102238e-01
-1.956593781661130071e-01
-1.969548681639631538e-01
-1.982496453606999165e-01
-1.995437234389770276e-01
-2.008371157549735941e-01
-2.021298353477019027e-01
-2.034218949479745242e-01
-2.047133069871200639e-01
-2.060040836053720348e-01
-2.072942366600193098e-01
-2.085837777332645304e-01
-2.098727181398442054e-01
-2.111610689344040059e-01
-2.124488409186389148e-01
-2.137360446481860188e-01
-2.150226904393316152e-01
-2.163087883754793717e-01
-2.175943483134305800e-01
-2.188793798894698717e-01
-2.201638925252338841e-01
-2.214478954334374028e-01
-2.227313976234015780e-01
-2.240144079064053662e-01
-2.252969349009041888e-01
-2.265789870375405357e-01
-2.278605725640436563e-01
-2.291416995499770126e-01
-2.304223758913184761e-01
-2.317026093149247845e-01
-2.329824073828602460e-01
-2.342617774965901067e-01
-2.355407269010525717e-01
-2.368192626886146124e-01
-2.380973918029072045e-01
-2.393751210425501541e-01
-2.406524570647697869e-01
-2.419294063889103896e-01
-2.432059753998392082e-01
-2.444821703512773947e-01
-2.457579973689927033e-01
-2.470334624539475832e-01
-2.483085714853196513e-01
-2.495833302234608808e-01
-2.508577443127785744e-01
-2.521318192844959616e-01
-2.534055605593917293e-01
-2.546789734504085190e-01
-2.559520631652364431e-01
-2.572248348087923797e-01
-2.584972933856476973e-01
-2.597694438023809282e-01
-2.610412908698686585e-01
-2.623128393055285112e-01
-2.635840937354717028e-01
-2.648550586966169074e-01
-2.661257386387596569e-01
-2.673961379265559213e-01
-2.686662608414724929e-01
-2.699361115836794167e-01
-2.712056942739021759e-01
-2.724750129552125921e-01
-2.737440715947695447e-01
-2.750128740855379839e-01
-2.762814242479377791e-01
-2.775497258314530979e-01
-2.788177825162171386e-01
-2.800855979145467911e-01
-2.813531755724140160e-01
-2.826205189709364851e-01
-2.838876315277673035e-01
-2.851545165984837316e-01
-2.864211774779431008e-01
-2.876876174015977061e-01
-2.889538395467489140e-01
-2.902198470338387959e-01
-2.914856429276195260e-01
-2.927512302383857290e-01
-2.940166119230954722e-01
-2.952817908865137397e-01
-2.965467699823263192e-01
-2.978115520141888517e-01
-2.990761397367902585e-01
-3.003405358568790318e-01
-3.016047430342433944e-01
-3.028687638827002315e-01
-3.041326009710414446e-01
-3.053962568239589337e-01
-3.066597339229485408e-01
-3.079230347071891805e-01
-3.091861615744259106e-01
-3.104491168817858360e-01
-3.117119029466144386e-01
-3.129745220472789358e-01
-3.142369764239399954e-01
-3.154992682793384962e-01
-3.167613997795208913e-01
-3.180233730545834470e-01
-3.192851901993802310e-01
-3.205468532742288268e-01
-3.218083643055709708e-01
-3.230697252866654989e-01
-3.243309381782150114e-01
-3.255920049090161306e-01
-3.268529273765655718e-01
-3.281137074476964677e-01
-3.293743469591262074e-01
-3.306348477180827694e-01
-3.318952115028374061e-01
-3.331554400632829038e-01
-3.344155351214525562e-01
-3.356754983720755536e-01
-3.369353314830695889e-01
-3.381950360960730984e-01
-3.394546138269149416e-01
-3.407140662661211628e-01
-3.419733949793696270e-01
-3.432326015079797954e-01
-3.444916873693373849e-01
-3.457506540573599962e-01
-3.470095030429139471e-01
-3.482682357742606927e-01
-3.495268536774499002e-01
-3.507853581567414447e-01
-3.520437505950008150e-01
-3.533020323540891350e-01
-3.545602047752398067e-01
-3.558182691794341546e-01
-3.570762268677723505e-01
-3.583340791218254107e-01
-3.595918272039925201e-01
-3.608494723578306584e-01
-3.621070158084059298e-01
-3.633644587626123634e-01
-3.646218024095062016e-01
-3.658790479206057156e-01
-3.671361964502075637e-01
-3.683932491356953776e-01
-3.696502070978278098e-01
-3.709070714410267477e-01
-3.721638432536847896e-01
-3.734205236084084389e-01
-3.746771135623184756e-01
-3.759336141573064172e-01
-3.771900264202999176e-01
-3.784463513635276111e-01
-3.797025899847421559e-01
-3.809587432675087815e-01
-3.822148121814200050e-01
-3.834707976823281128e-01
-3.847267007126117799e-01
-3.859825222013545387e-01
-3.872382630646190593e-01
-3.884939242056257291e-01
-3.897495065149916282e-01
-3.910050108709318128e-01
-3.922604381394550477e-01
-3.935157891746083325e-01
-3.947710648186105176e-01
-3.960262659021164811e-01
-3.972813932443467477e-01
-3.985364476533126421e-01
-3.997914299259946458e-01
-4.010463408485122616e-01
-4.023011811963090878e-01
-4.035559517343256242e-01
-4.048106532171616423e-01
-4.060652863892502129e-01
-4.073198519850278476e-01
-4.085743507290838794e-01
-4.098287833363183363e-01
-4.110831505121093632e-01
-4.123374529524538312e-01
-4.135916913441143317e-01
-4.148458663647804912e-01
-4.160999786831963698e-01
-4.173540289593108410e-01
-4.186080178444144817e-01
-4.198619459812718557e-01
-4.211158140042519094e-01
-4.223696225394906190e-01
-4.236233722049570494e-01
-4.248770636106443122e-01
-4.261306973586554414e-01
-4.273842740433337895e-01
-4.286377942513873163e-01
-4.298912585620061066e-01
-4.311446675469692846e-01
-4.323980217707635298e-01
-4.336513217907049245e-01
-4.349045681570259392e-01
-4.361577614129921732e-01
-4.374109020950284199e-01
-4.386639907327881671e-01
-4.399170278492797737e-01
-4.411700139609520677e-01
-4.424229495778022603e-01
-4.436758352034720354e-01
-4.449286713353363121e-01
-4.461814584645978354e-01
-4.474341970763832110e-01
-4.486868876498336656e-01
-4.499395306581785436e-01
-4.511921265688486060e-01
-4.524446758435320404e-01
-4.536971789382940878e-01
-4.549496363036133473e-01
-4.562020483845040664e-01
-4.574544156205783696e-01
-4.587067384461225861e-01
-4.599590172901851237e-01
-4.612112525766331461e-01
-4.624634447242559343e-01
-4.637155941468041886e-01
-4.649677012530950559e-01
-4.662197664470588143e-01
-4.674717901278128140e-01
-4.687237726897450774e-01
-4.699757145225657018e-01
-4.712276160113804679e-01
-4.724794775367502919e-01
-4.737312994747632233e-01
-4.749830821970871808e-01
-4.762348260710412284e-01
-4.774865314596585808e-01
-4.787381987217336765e-01
-4.799898282118890691e-01
-4.812414202806432617e-01
-4.824929752744409051e-01
-4.837444935357443909e-01
-4.849959754030564452e-01
-4.862474212109965666e-01
-4.874988312903468235e-01
-4.887502059680964850e-01
-4.900015455675151288e-01
-4.912528504081717373e-01
-4.925041208060256803e-01
-4.937553570734440900e-01
-4.950065595192523760e-01
-4.962577284487972862e-01
-4.975088641639892062e-01
-4.987599669633459021e-01
-5.000110371420347644e-01
-5.012620749919206586e-01
-5.025130808016120554e-01
-5.037640548565118781e-01
-5.050149974388357110e-01
-5.062659088276824093e-01
-5.075167892990583018e-01
-5.087676391259254860e-01
-5.100184585782370217e-01
-5.112692479229842268e-01
-5.125200074242208803e-01
-5.137707373431201763e-01
-5.150214379380003704e-01
-5.162721094643685227e-01
-5.175227521749522497e-01
-5.187733663197388045e-01
-5.200239521460017222e-01
-5.212745098983615488e-01
-5.225250398187858414e-01
-5.237755421466452344e-01
-5.250260171187428604e-01
-5.262764649693502106e-01
-5.275268859302263413e-01
-5.287772802306689446e-01
-5.300276480975292248e-01
-5.312779897552495356e-01
-5.325283054259059012e-01
-5.337785953292080166e-01
-5.350288596825616416e-01
-5.362790987010789268e-01
-5.375293125976140507e-01
-5.387795015827886447e-01
-5.400296658650199921e-01
-5.412798056505465638e-01
-5.425299211434690960e-01
-5.437800125457565859e-01
-5.450300800572785986e-01
-5.462801238758530076e-01
-5.475301441972389993e-01
-5.487801412151772640e-01
-5.500301151214220807e-01
-5.512800661057557505e-01
-5.525299943560173510e-01
-5.537799000581199449e-01
-5.550297833960826654e-01
-5.562796445520514776e-01
-5.575294837063190512e-01
-5.587793010373560687e-01
-5.600290967218101157e-01
-5.612788709345614135e-01
-5.625286238487194890e-01
-5.637783556356504855e-01
-5.650280664650005891e-01
-5.662777565047240058e-01
-5.675274259210846273e-01
-5.687770748786877828e-01
-5.700267035405008897e-01
-5.712763120678783224e-01
-5.725259006205603018e-01
-5.737754693567135300e-01
-5.750250184329436243e-01
-5.762745480043038881e-01
-5.775240582243225118e-01
-5.787735492450256647e-01
-5.800230212169473765e-01
-5.812724742891370866e-01
-5.825219086092038312e-01
-5.837713243233108029e-01
-5.850207215761984436e-01
-5.862701005111986552e-01
-5.875194612702647756e-01
-5.887688039939620310e-01
-5.900181288215149422e-01
-5.912674358907956673e-01
-5.925167253383484267e-01
-5.937659972994179247e-01
-5.950152519079413560e-01
-5.962644892965833776e-01
-5.975137095967385514e-01
-5.987629129385493298e-01
-6.000120994509248185e-01
-6.012612692615479926e-01
-6.025104224968883537e-01
-6.037595592822284640e-01
-6.050086797416623918e-01
-6.062577839981165839e-01
-6.075068721733621890e-01
-6.087559443880327104e-01
-6.100050007616203418e-01
-6.112540414125107180e-01
-6.125030664579821371e-01
-6.137520760142204379e-01
-6.150010701963256610e-01
-6.162500491183373619e-01
-6.174990128932416056e-01
-6.187479616329676357e-01
-6.199968954484228467e-01
-6.212458144494925616e-01
-6.224947187450384778e-01
-6.237436084429424099e-01
-6.249924836500843073e-01
-6.262413444723755607e-01
-6.274901910147560047e-01
-6.287390233812101270e-01
-6.299878416747746179e-01
-6.312366459975569111e-01
-6.324854364507344062e-01
-6.337342131345742313e-01
-6.349829761484290236e-01
-6.362317255907632418e-01
-6.374804615591602719e-01
-6.387291841503152101e-01
-6.399778934600671709e-01
-6.412265895833900720e-01
-6.424752726144153936e-01
-6.437239426464301806e-01
-6.449725997718985804e-01
-6.462212440824512960e-01
-6.474698756689205581e-01
-6.487184946213261361e-01
-6.499671010288916584e-01
-6.512156949800572692e-01
-6.524642765624878438e-01
-6.537128458630667716e-01
-6.549614029679218241e-01
-6.562099479624293741e-01
-6.574584809312188360e-01
-6.587070019581680036e-01
-6.599555111264372442e-01
-6.612040085184657245e-01
-6.624524942159645269e-01
-6.637009682999474025e-01
-6.649494308507192253e-01
-6.661978819478912017e-01
-6.674463216704005220e-01
-6.686947500964890434e-01
-6.699431673037350432e-01
-6.711915733690463348e-01
-6.724399683686798079e-01
-6.736883523782282168e-01
-6.749367254726515997e-01
-6.761850877262612913e-01
-6.774334392127495663e-01
-6.786817800051664351e-01
-6.799301101759500643e-01
-6.811784297969306623e-01
-6.824267389393242622e-01
-6.836750376737513735e-01
-6.849233260702308757e-01
-6.861716041982033332e-01
-6.874198721265167844e-01
-6.886681299234438391e-01
-6.899163776566924478e-01
-6.911646153934021264e-01
-6.924128432001505074e-01
-6.936610611429622208e-01
-6.949092692873163335e-01
-6.961574676981363563e-01
-6.974056564398309899e-01
-6.986538355762578201e-01
-6.999020051707475210e-01
-7.011501652861237277e-01
-7.023983159846741708e-01
-7.036464573281915325e-01
-7.048945893779505756e-01
-7.061427121947296826e-01
-7.073908258388127424e-01
-7.086389303699847098e-01
-7.098870258475470374e-01
-7.111351123303196742e-01
-7.123831898766458393e-01
-7.136312585443895795e-01
-7.148793183909583071e-01
-7.161273694732830375e-01
-7.173754118478419262e-01
-7.186234455706596025e-01
-7.198714706973038391e-01
-7.211194872829012059e-01
-7.223674953821360711e-01
-7.236154950492537097e-01
-7.248634863380729598e-01
-7.261114693019651289e-01
-7.273594439938934064e-01
-7.286074104663960993e-01
-7.298553687715931826e-01
-7.311033189611887417e-01
-7.323512610864789663e-01
-7.335991951983619197e-01
-7.348471213473199981e-01
-7.360950395834493509e-01
-7.373429499564480016e-01
-7.385908525156242854e-01
-7.398387473099015121e-01
-7.410866343878174112e-01
-7.423345137975290164e-01
-7.435823855868219923e-01
-7.448302498031093011e-01
-7.460781064934245421e-01
-7.473259557044599211e-01
-7.485737974825137364e-01
-7.498216318735531072e-01
-7.510694589231748930e-01
-7.523172786766308962e-01
-7.535650911788175366e-01
-7.548128964742903957e-01
-7.560606946072585544e-01
-7.573084856216037997e-01
-7.585562695608579764e-01
-7.598040464682210837e-01
-7.610518163865709340e-01
-7.622995793584558255e-01
-7.635473354260920997e-01
-7.647950846313917861e-01
-7.660428270159310715e-01
-7.672905626209799435e-01
-7.685382914874990812e-01
-7.697860136561298638e-01
-7.710337291672124671e-01
-7.722814380607866402e-01
-7.735291403765851559e-01
-7.747768361540458004e-01
-7.760245254323113739e-01
-7.772722082502215857e-01
-7.785198846463412536e-01
-7.797675546589337703e-01
-7.810152183259906344e-01
-7.822628756852065823e-01
-7.835105267740082313e-01
-7.847581716295289889e-01
-7.860058102886458009e-01
-7.872534427879527286e-01
-7.885010691637692748e-01
-7.897486894521542622e-01
-7.909963036889021692e-01
-7.922439119095316951e-01
-7.934915141493179558e-01
-7.947391104432673936e-01
-7.959867008261295451e-01
-7.972342853324009271e-01
-7.984818639963275899e-01
-7.997294368519064500e-01
-8.009770039328819591e-01
-8.022245652727576504e-01
-8.034721209047962498e-01
-8.047196708620144578e-01
-8.059672151771876125e-01
-8.072147538828583491e-01
-8.084622870113393756e-01
-8.097098145947001502e-01
-8.109573366647848669e-01
-8.122048532532079035e-01
-8.134523643913552648e-01
-8.146998701103932428e-01
-8.159473704412585349e-01
-8.171948654146706792e-01
-8.184423550611241716e-01
-8.196898394109084496e-01
-8.209373184940826906e-01
-8.221847923405023462e-01
-8.234322609798059300e-01
-8.246797244414284522e-01
-8.259271827545866529e-01
-8.271746359482990973e-01
-8.284220840513806250e-01
-8.296695270924315802e-01
-8.309169650998602386e-01
-8.321643981018796987e-01
-8.334118261264945593e-01
-8.346592492015149078e-01
-8.359066673545596515e-01
-8.371540806130612911e-01
-8.384014890042414958e-01
-8.396488925551544025e-01
-8.408962912926517541e-01
-8.421436852434021070e-01
-8.433910744338903864e-01
-8.446384588904172208e-01
-8.458858386390993855e-01
-8.471332137058781298e-01
-8.483805841165094064e-01
-8.496279498965756405e-01
-8.508753110714805112e-01
-8.521226676664568345e-01
-8.533700197065647863e-01
-8.546173672166826885e-01
-8.558647102215282132e-01
-8.571120487456521664e-01
-8.583593828134300496e-01
-8.596067124490756051e-01
-8.608540376766349311e-01
-8.621013585199936990e-01
-8.633486750028739332e-01
-8.645959871488376747e-01
-8.658432949812860935e-01
-8.670905985234600433e-01
-8.683378977984476110e-01
-8.695851928291852273e-01
-8.708324836384397916e-01
-8.720797702488378711e-01
-8.733270526828533775e-01
-8.745743309628072337e-01
-8.758216051108663747e-01
-8.770688751490557378e-01
-8.783161410992480489e-01
-8.795634029831758127e-01
-8.808106608224233192e-01
-8.820579146384298630e-01
-8.833051644524970714e-01
-8.845524102857763582e-01
-8.857996521592923500e-01
-8.870468900939216805e-01
-8.882941241103963215e-01
-8.895413542293252318e-01
-8.907885804711734856e-01
-8.920358028562785924e-01
-8.932830214048298467e-01
-8.945302361369003030e-01
-8.957774470724173543e-01
-8.970246542311920424e-01
-8.982718576329006277e-01
-8.995190572970761522e-01
-9.007662532431464086e-01
-9.020134454904022991e-01
-9.032606340580040527e-01
-9.045078189649946587e-01
-9.057550002302972025e-01
-9.070021778727052064e-01
-9.082493519108842950e-01
-9.094965223633940665e-01
-9.107436892486668878e-01
-9.119908525850156655e-01
-9.132380123906356229e-01
-9.144851686836079629e-01
-9.157323214818905432e-01
-9.169794708033359720e-01
-9.182266166656742890e-01
-9.194737590865276200e-01
-9.207208980833950784e-01
-9.219680336736818527e-01
-9.232151658746664546e-01
-9.244622947035265881e-01
-9.257094201773222730e-01
-9.269565423130158299e-01
-9.282036611274520066e-01
-9.294507766373718560e-01
-9.306978888594161781e-01
-9.319449978101108645e-01
-9.331921035058856617e-01
-9.344392059630617364e-01
-9.356863051978639989e-01
-9.369334012264081135e-01
-9.381804940647062718e-01
-9.394275837286827358e-01
-9.406746702341503008e-01
-9.419217535968260613e-01
-9.431688338323357401e-01
-9.444159109561949261e-01
-9.456629849838280588e-01
-9.469100559305705378e-01
-9.481571238116514033e-01
-9.494041886422130982e-01
-9.506512504373022532e-01
-9.518983092118642464e-01
-9.531453649807639650e-01
-9.543924177587702617e-01
-9.556394675605581757e-01
-9.568865144007133727e-01
-9.581335582937342554e-01
-9.593805992540245242e-01
-9.606276372959055010e-01
-9.618746724336112441e-01
-9.631217046812737825e-01
-9.643687340529651930e-01
-9.656157605626460860e-01
-9.668627842242097925e-01
-9.681098050514496123e-01
-9.693568230580862366e-01
-9.706038382577532042e-01
-9.718508506640045619e-01
-9.730978602902987662e-01
-9.743448671500357650e-01
-9.755918712565156969e-01
-9.768388726229610963e-01
-9.780858712625196683e-01
-9.793328671882595149e-01
-9.805798604131633622e-01
-9.818268509501457686e-01
-9.830738388120339177e-01
-9.843208240115863816e-01
-9.855678065614773553e-01
-9.868147864743173070e-01
-9.880617637626166738e-01
-9.893087384388449257e-01
-9.905557105153731667e-01
-9.918026800045002256e-01
-9.930496469184579844e-01
-9.942966112694118230e-01
-9.955435730694396357e-01
-9.967905323305599197e-01
-9.980374890647144559e-01
-9.992844432837711954e-01
-1.000531394999537360e+00
-1.001778344223739792e+00
-1.003025290968044825e+00
-1.004272235244045186e+00
-1.005519177063267877e+00
-1.006766116437169734e+00
-1.008013053377144530e+00
-1.009259987894512545e+00
-1.010506920000534548e+00
-1.011753849706397368e+00
-1.013000777023233212e+00
-1.014247701962099457e+00
-1.015494624533996637e+00
-1.016741544749855342e+00
-1.017988462620541101e+00
-1.019235378156870819e+00
-1.020482291369577021e+00
-1.021729202269342940e+00
-1.022976110866792965e+00
-1.024223017172480432e+00
-1.025469921196907830e+00
-1.026716822950502372e+00
-1.027963722443647310e+00
-1.029210619686650841e+00
-1.030457514689782306e+00
-1.031704407463233553e+00
-1.032951298017140696e+00
-1.034198186361586780e+00
-1.035445072506597564e+00
-1.036691956462141739e+00
-1.037938838238124717e+00
-1.039185717844400170e+00
-1.040432595290761597e+00
-1.041679470586958312e+00
-1.042926343742668793e+00
-1.044173214767524005e+00
-1.045420083671103617e+00
-1.046666950462928236e+00
-1.047913815152460959e+00
-1.049160677749121362e+00
-1.050407538262269735e+00
-1.051654396701211525e+00
-1.052901253075201993e+00
-1.054148107393445333e+00
-1.055394959665100663e+00
-1.056641809899255158e+00
-1.057888658104970681e+00
-1.059135504291235819e+00
-1.060382348467003633e+00
-1.061629190641175891e+00
-1.062876030822590856e+00
-1.064122869020057482e+00
-1.065369705242320997e+00
-1.066616539498084215e+00
-1.067863371795997773e+00
-1.069110202144669897e+00
-1.070357030552652633e+00
-1.071603857028459617e+00
-1.072850681580553855e+00
-1.074097504217348620e+00
-1.075344324947212993e+00
-1.076591143778470760e+00
-1.077837960719397747e+00
-1.079084775778229810e+00
-1.080331588963146627e+00
-1.081578400282294128e+00
-1.082825209743765615e+00
-1.084072017355617534e+00
-1.085318823125851262e+00
-1.086565627062434869e+00
-1.087812429173289130e+00
-1.089059229466290191e+00
-1.090306027949271783e+00
-1.091552824630029228e+00
-1.092799619516307219e+00
-1.094046412615815811e+00
-1.095293203936219317e+00
-1.096539993485137643e+00
-1.097786781270158940e+00
-1.099033567298820069e+00
-1.100280351578625027e+00
-1.101527134117031625e+00
-1.102773914921456822e+00
-1.104020693999289149e+00
-1.105267471357854303e+00
-1.106514247004467322e+00
-1.107761020946376851e+00
-1.109007793190816882e+00
-1.110254563744961009e+00
-1.111501332615961291e+00
-1.112748099810919156e+00
-1.113994865336904283e+00
-1.115241629200949935e+00
-1.116488391410042746e+00
-1.117735151971147589e+00
-1.118981910891183373e+00
-1.120228668177022824e+00
-1.121475423835518681e+00
-1.122722177873478389e+00
-1.123968930297676527e+00
-1.125215681114851485e+00
-1.126462430331698794e+00
-1.127709177954889563e+00
-1.128955923991057153e+00
-1.130202668446791403e+00
-1.131449411328653065e+00
-1.132696152643176024e+00
-1.133942892396848645e+00
-1.135189630596124211e+00
-1.136436367247432022e+00
-1.137683102357164744e+00
-1.138929835931674628e+00
-1.140176567977282840e+00
-1.141423298500291450e+00
-1.142670027506946351e+00
-1.143916755003476116e+00
-1.145163480996076899e+00
-1.146410205490903333e+00
-1.147656928494085404e+00
-1.148903650011718680e+00
-1.150150370049871418e+00
-1.151397088614571240e+00
-1.152643805711823788e+00
-1.153890521347597398e+00
-1.155137235527830208e+00
-1.156383948258428607e+00
-1.157630659545281659e+00
-1.158877369394225809e+00
-1.160124077811081733e+00
-1.161370784801638578e+00
-1.162617490371644413e+00
-1.163864194526837981e+00
-1.165110897272915391e+00
-1.166357598615542779e+00
-1.167604298560356080e+00
-1.168850997112971690e+00
-1.170097694278965150e+00
-1.171344390063892682e+00
-1.172591084473274980e+00
-1.173837777512614311e+00
-1.175084469187368086e+00
-1.176331159502974399e+00
-1.177577848464850918e+00
-1.178824536078380003e+00
-1.180071222348911819e+00
-1.181317907281776547e+00
-1.182564590882273947e+00
-1.183811273155671140e+00
-1.185057954107218370e+00
-1.186304633742132131e+00
-1.187551312065600717e+00
-1.188797989082786444e+00
-1.190044664798830754e+00
-1.191291339218837120e+00
-1.192538012347891918e+00
-1.193784684191050216e+00
-1.195031354753346209e+00
-1.196278024039772125e+00
-1.197524692055317308e+00
-1.198771358804920473e+00
-1.200018024293511898e+00
-1.201264688525992552e+00
-1.202511351507221660e+00
-1.203758013242054226e+00
-1.205004673735302401e+00
-1.206251332991765901e+00
-1.207497991016203365e+00
-1.208744647813357442e+00
-1.209991303387938366e+00
-1.211237957744641269e+00
-1.212484610888115322e+00
-1.213731262823004808e+00
-1.214977913553910494e+00
-1.216224563085416710e+00
-1.217471211422074928e+00
-1.218717858568417967e+00
-1.219964504528934679e+00
-1.221211149308111699e+00
-1.222457792910382590e+00
-1.223704435340176699e+00
-1.224951076601876743e+00
-1.226197716699840568e+00
-1.227444355638412699e+00
-1.228690993421892586e+00
-1.229937630054563691e+00
-1.231184265540663292e+00
-1.232430899884417119e+00
-1.233677533090008938e+00
-1.234924165161598530e+00
-1.236170796103314151e+00
-1.237417425919250746e+00
-1.238664054613469068e+00
-1.239910682190007440e+00
-1.241157308652862890e+00
-1.242403934005995358e+00
-1.243650558253339922e+00
-1.244897181398797015e+00
-1.246143803446225773e+00
-1.247390424399446252e+00
-1.248637044262252305e+00
-1.249883663038391823e+00
-1.251130280731569400e+00
-1.252376897345463647e+00
-1.253623512883704549e+00
-1.254870127349873465e+00
-1.256116740747513338e+00
-1.257363353080127810e+00
-1.258609964351173893e+00
-1.259856574564048648e+00
-1.261103183722114274e+00
-1.262349791828673906e+00
-1.263596398886992933e+00
-1.264843004900259027e+00
-1.266089609871626998e+00
-1.267336213804183931e+00
-1.268582816700960736e+00
-1.269829418564925261e+00
-1.271076019398976742e+00
-1.272322619205958016e+00
-1.273569217988639757e+00
-1.274815815749721803e+00
-1.276062412491828502e+00
-1.277309008217514474e+00
-1.278555602929243085e+00
-1.279802196629413968e+00
-1.281048789320319292e+00
-1.282295381004178170e+00
-1.283541971683116456e+00
-1.284788561359156533e+00
-1.286035150034227081e+00
-1.287281737710151530e+00
-1.288528324388646951e+00
-1.289774910071309177e+00
-1.291021494759637900e+00
-1.292268078454990476e+00
-1.293514661158604140e+00
-1.294761242871590889e+00
-1.296007823594915287e+00
-1.297254403329409556e+00
-1.298500982075754706e+00
-1.299747559834467214e+00
-1.300994136605917229e+00
-1.302240712390295929e+00
-1.303487287187626409e+00
-1.304733860997750350e+00
-1.305980433820314257e+00
-1.307227005654775009e+00
-1.308473576500377877e+00
-1.309720146356157189e+00
-1.310966715220926559e+00
-1.312213283093267346e+00
-1.313459849971515991e+00
-1.314706415853762911e+00
-1.315952980737840727e+00
-1.317199544621297846e+00
-1.318446107501418441e+00
-1.319692669375171379e+00
-1.320939230239240869e+00
-1.322185790089978052e+00
-1.323432348923404778e+00
-1.324678906735212491e+00
-1.325925463520712944e+00
-1.327172019274861059e+00
-1.328418573992225848e+00
-1.329665127666963320e+00
-1.330911680292818255e+00
-1.332158231863110220e+00
-1.333404782370685604e+00
-1.334651331807939600e+00
-1.335897880166776464e+00
-1.337144427438598848e+00
-1.338390973614271173e+00
-1.339637518684124950e+00
-1.340884062637923702e+00
-1.342130605464842530e+00
-1.343377147153445472e+00
-1.344623687691664182e+00
-1.345870227066779279e+00
-1.347116765265389038e+00
-1.348363302273384301e+00
-1.349609838075921386e+00
-1.350856372657410764e+00
-1.352102906001458216e+00
-1.353349438090873935e+00
-1.354595968907608361e+00
-1.355842498432749288e+00
-1.357089026646471686e+00
-1.358335553528013495e+00
-1.359582079055643433e+00
-1.360828603206624798e+00
-1.362075125957177946e+00
-1.363321647282448090e+00
-1.364568167156460898e+00
-1.365814685552098506e+00
-1.367061202441041345e+00
-1.368307717793738609e+00
-1.369554231579372283e+00
-1.370800743765786089e+00
-1.372047254319485488e+00
-1.373293763205550633e+00
-1.374540270387605068e+00
-1.375786775827784192e+00
-1.377033279486653106e+00
-1.378279781323181075e+00
-1.379526281294680023e+00
-1.380772779356762126e+00
-1.382019275463244323e+00
-1.383265769566161429e+00
-1.384512261615638451e+00
-1.385758751559877044e+00
-1.387005239345077356e+00
-1.388251724915370744e+00
-1.389498208212761377e+00
-1.390744689177076054e+00
-1.391991167745860958e+00
-1.393237643854341457e+00
-1.394484117435354387e+00
-1.395730588419242579e+00
-1.396977056733821110e+00
-1.398223522304270272e+00
-1.399469985053074073e+00
-1.400716444899934299e+00
-1.401962901761698355e+00
-1.403209355552250681e+00
-1.404455806182466349e+00
-1.405702253560084714e+00
-1.406948697589647024e+00
-1.408195138172390504e+00
-1.409441575206161534e+00
-1.410688008585320841e+00
-1.411934438200639352e+00
-1.413180863939208498e+00
-1.414427285684329183e+00
-1.415673703315412757e+00
-1.416920116707873323e+00
-1.418166525733020933e+00
-1.419412930257947458e+00
-1.420659330145424004e+00
-1.421905725253765906e+00
-1.423152115436739251e+00
-1.424398500543425650e+00
-1.425644880418099003e+00
-1.426891254900114481e+00
-1.428137623823767965e+00
-1.429383987018173263e+00
-1.430630344307127322e+00
-1.431876695508980557e+00
-1.433123040436502960e+00
-1.434369378896725333e+00
-1.435615710690823166e+00
-1.436862035613955202e+00
-1.438108353455122890e+00
-1.439354663997025385e+00
-1.440600967015897238e+00
-1.441847262281358066e+00
-1.443093549556263122e+00
-1.444339828596520992e+00
-1.445586099150971693e+00
-1.446832360961170183e+00
-1.448078613761260902e+00
-1.449324857277782819e+00
-1.450571091229508669e+00
-1.451817315327261770e+00
-1.453063529273740606e+00
-1.454309732763331420e+00
-1.455555925481941903e+00
-1.456802107106787370e+00
-1.458048277306222218e+00
-1.459294435739534324e+00
-1.460540582056760295e+00
-1.461786715898490963e+00
-1.463032836895640454e+00
-1.464278944669278770e+00
-1.465525038830414184e+00
-1.466771118979778299e+00
-1.468017184707603562e+00
-1.469263235593448735e+00
-1.470509271205928448e+00
-1.471755291102533780e+00
-1.473001294829391128e+00
-1.474247281921048813e+00
-1.475493251900225511e+00
-1.476739204277609074e+00
-1.477985138551598965e+00
-1.479231054208081764e+00
-1.480476950720195140e+00
-1.481722827548076493e+00
-1.482968684138614712e+00
-1.484214519925225906e+00
-1.485460334327590282e+00
-1.486706126751381474e+00
-1.487951896588047163e+00
-1.489197643214530409e+00
-1.490443365993014524e+00
-1.491689064270657950e+00
-1.492934737379335131e+00
-1.494180384635374503e+00
-1.495426005339268505e+00
-1.496671598775426881e+00
-1.497917164211894026e+00
-1.499162700900060985e+00
-1.500408208074398120e+00
-1.501653684952186207e+00
-1.502899130733209354e+00
-1.504144544599486988e+00
-1.505389925714973653e+00
-1.506635273225295890e+00
-1.507880586257426714e+00
-1.509125863919426935e+00
-1.510371105300119865e+00
-1.511616309468815533e+00
-1.512861475475012485e+00
-1.514106602348082919e+00
-1.515351689096988252e+00
-1.516596734709956706e+00
-1.517841738154207976e+00
-1.519086698375617273e+00
-1.520331614298417122e+00
-1.521576484824909592e+00
-1.522821308835116128e+00
-1.524066085186510877e+00
-1.525310812713665420e+00
-1.526555490227969214e+00
-1.527800116517302520e+00
-1.529044690345712443e+00
-1.530289210453109838e+00
-1.531533675554943796e+00
-1.532778084341897440e+00
-1.534022435479544200e+00
-1.535266727608055604e+00
-1.536510959341865323e+00
-1.537755129269357868e+00
-1.538999235952540179e+00
-1.540243277926733212e+00
-1.541487253700238202e+00
-1.542731161754024249e+00
-1.543975000541409015e+00
-1.545218768487736094e+00
-1.546462463990045277e+00
-1.547706085416776567e+00
-1.548949631107423341e+00
-1.550193099372230376e+00
-1.551436488491880539e+00
-1.552679796717147953e+00
-1.553923022268618226e+00
-1.555166163336348273e+00
-1.556409218079564338e+00
-1.557652184626339364e+00
-1.558895061073269916e+00
-1.560137845485197960e+00
-1.561380535894874466e+00
-1.562623130302644547e+00
-1.563865626676165244e+00
-1.565108022950091105e+00
-1.566350317025753114e+00
-1.567592506770875582e+00
-1.568834590019275277e+00
-1.570076564570553002e+00
-1.571318428189818261e+00
-1.572560178607362191e+00
-1.573801813518405979e+00
-1.575043330582786449e+00
-1.576284727424670518e+00
-1.577526001632292063e+00
-1.578767150757654392e+00
-1.580008172316256676e+00
-1.581249063786818398e+00
-1.582489822611020669e+00
-1.583730446193219343e+00
-1.584970931900193891e+00
-1.586211277060885827e+00
-1.587451478966135143e+00
-1.588691534868431843e+00
-1.589931441981662585e+00
-1.591171197480878208e+00
-1.592410798502019720e+00
-1.593650242141719575e+00
-1.594889525457045876e+00
-1.596128645465274110e+00
-1.597367599143665551e+00
-1.598606383429255651e+00
-1.599844995218619781e+00
-1.601083431367679166e+00
-1.602321688691490609e+00
-1.603559763964037543e+00
-1.604797653918045075e+00
-1.606035355244782581e+00
-1.607272864593880080e+00
-1.608510178573146820e+00
-1.609747293748404973e+00
-1.610984206643303551e+00
-1.612220913739170092e+00
-1.613457411474845449e+00
-1.614693696246528143e+00
-1.615929764407648683e+00
-1.617165612268699482e+00
-1.618401236097125162e+00
-1.619636632117178676e+00
-1.620871796509812723e+00
-1.622106725412550743e+00
-1.623341414919393211e+00
-1.624575861080705508e+00
-1.625810059903123772e+00
-1.627044007349466082e+00
-1.628277699338655848e+00
-1.629511131745629893e+00
-1.630744300401297364e+00
-1.631977201092452701e+00
-1.633209829561731663e+00
-1.634442181507560266e+00
-1.635674252584131017e+00
-1.636906038401338526e+00
-1.638137534524787942e+00
-1.639368736475750543e+00
-1.640599639731163961e+00
-1.641830239723632401e+00
-1.643060531841423755e+00
-1.644290511428489809e+00
-1.645520173784463136e+00
-1.646749514164724815e+00
-1.647978527780399549e+00
-1.649207209798414508e+00
-1.650435555341562166e+00
-1.651663559488528721e+00
-1.652891217273996238e+00
-1.654118523688679288e+00
-1.655345473679447954e+00
-1.656572062149379354e+00
-1.657798283957880425e+00
-1.659024133920784960e+00
-1.660249606810471512e+00
-1.661474697355984187e+00
-1.662699400243161874e+00
-1.663923710114777466e+00
-1.665147621570690850e+00
-1.666371129167993015e+00
-1.667594227421176134e+00
-1.668816910802308984e+00
-1.670039173741203919e+00
-1.671261010625619159e+00
-1.672482415801447742e+00
-1.673703383572915593e+00
-1.674923908202808898e+00
-1.676143983912674162e+00
-1.677363604883066905e+00
-1.678582765253785913e+00
-1.679801459124095064e+00
-1.681019680553010875e+00
-1.682237423559534983e+00
-1.683454682122943913e+00
-1.684671450183049091e+00
-1.685887721640492831e+00
-1.687103490357042324e+00
-1.688318750155880288e+00
-1.689533494821928494e+00
-1.690747718102154851e+00
-1.691961413705897810e+00
-1.693174575305204765e+00
-1.694387196535171780e+00
-1.695599270994279761e+00
-1.696810792244771049e+00
-1.698021753812990253e+00
-1.699232149189777275e+00
-1.700441971830819909e+00
-1.701651215157067298e+00
-1.702859872555102294e+00
-1.704067937377547803e+00
-1.705275402943474905e+00
-1.706482262538822292e+00
-1.707688509416807721e+00
-1.708894136798369656e+00
-1.710099137872588271e+00
-1.711303505797134639e+00
-1.712507233698727926e+00
-1.713710314673578816e+00
-1.714912741787860906e+00
-1.716114508078173007e+00
-1.717315606552017426e+00
-1.718516030188285360e+00
-1.719715771937736282e+00
-1.720914824723507097e+00
-1.722113181441597751e+00
-1.723310834961384819e+00
-1.724507778126125102e+00
-1.725704003753494975e+00
-1.726899504636081328e+00
-1.728094273541948667e+00
-1.729288303215132938e+00
-1.730481586376221737e+00
-1.731674115722866114e+00
-1.732865883930350348e+00
-1.734056883652147718e+00
-1.735247107520463183e+00
-1.736436548146823133e+00
-1.737625198122618730e+00
-1.738813050019702544e+00
-1.740000096390956541e+00
-1.741186329770873842e+00
-1.742371742676154245e+00
-1.743556327606288647e+00
-1.744740077044148796e+00
-1.745922983456601907e+00
-1.747105039295104634e+00
-1.748286236996303922e+00
-1.749466568982654513e+00
-1.750646027663030457e+00
-1.751824605433345505e+00
-1.753002294677165285e+00
-1.754179087766325029e+00
-1.755354977061571065e+00
-1.756529954913177871e+00
-1.757704013661575360e+00
-1.758877145637999684e+00
-1.760049343165095648e+00
-1.761220598557586614e+00
-1.762390904122895785e+00
-1.763560252161795461e+00
-1.764728634969047194e+00
-1.765896044834039724e+00
-1.767062474041444675e+00
-1.768227914871858264e+00
-1.769392359602454778e+00
-1.770555800507627842e+00
-1.771718229859648774e+00
-1.772879639929325180e+00
-1.774040022986624665e+00
-1.775199371301363627e+00
-1.776357677143829195e+00
-1.777514932785454915e+00
-1.778671130499464903e+00
-1.779826262561525319e+00
-1.780980321250400955e+00
-1.782133298848609382e+00
-1.783285187643078862e+00
-1.784435979925783622e+00
-1.785585667994404435e+00
-1.786734244152999640e+00
-1.787881700712619759e+00
-1.789028029991980073e+00
-1.790173224318105216e+00
-1.791317276026964889e+00
-1.792460177464136883e+00
-1.793601920985432807e+00
-1.794742498957557331e+00
-1.795881903758730358e+00
-1.797020127779341392e+00
-1.798157163422577920e+00
-1.799293003105062239e+00
-1.800427639257482726e+00
-1.801561064325221784e+00
-1.802693270768982226e+00
-1.803824251065424100e+00
-1.804953997707769764e+00
-1.806082503206429601e+00
-1.807209760089629524e+00
-1.808335760903997391e+00
-1.809460498215204050e+00
-1.810583964608549756e+00
-1.811706152689568805e+00
-1.812827055084651029e+00
-1.813946664441603573e+00
-1.815064973430263739e+00
-1.816181974743097616e+00
-1.817297661095760297e+00
-1.818412025227698292e+00
-1.819525059902719510e+00
-1.820636757909553927e+00
-1.821747112062444218e+00
-1.822856115201692884e+00
-1.823963760194240225e+00
-1.825070039934193256e+00
-1.826174947343394583e+00
-1.827278475371979072e+00
-1.828380616998878772e+00
-1.829481365232402679e+00
-1.830580713110738111e+00
-1.831678653702482507e+00
-1.832775180107180768e+00
-1.833870285455820426e+00
-1.834963962911356994e+00
-1.836056205669214902e+00
-1.837147006957785322e+00
-1.838236360038926875e+00
-1.839324258208450802e+00
-1.840410694796605240e+00
-1.841495663168555508e+00
-1.842579156724858835e+00
-1.843661168901914893e+00
-1.844741693172458064e+00
-1.845820723045986655e+00
-1.846898252069210988e+00
-1.847974273826516578e+00
-1.849048781940391795e+00
-1.850121770071844196e+00
-1.851193231920856386e+00
-1.852263161226773258e+00
-1.853331551768731433e+00
-1.854398397366073370e+00
-1.855463691878725507e+00
-1.856527429207612823e+00
-1.857589603295032088e+00
-1.858650208125043113e+00
-1.859709237723839781e+00
-1.860766686160108874e+00
-1.861822547545413098e+00
-1.862876816034530814e+00
-1.863929485825805532e+00
-1.864980551161489863e+00
-1.866030006328085911e+00
-1.867077845656676116e+00
-1.868124063523230793e+00
-1.869168654348945635e+00
-1.870211612600526374e+00
-1.871252932790519630e+00
-1.872292609477581138e+00
-1.873330637266793053e+00
-1.874367010809911527e+00
-1.875401724805680015e+00
-1.876434774000081074e+00
-1.877466153186591047e+00
-1.878495857206454289e+00
-1.879523880948914316e+00
-1.880550219351477814e+00
-1.881574867400118922e+00
-1.882597820129549016e+00
-1.883619072623405000e+00
-1.884638620014480015e+00
-1.885656457484935711e+00
-1.886672580266504307e+00
-1.887686983640668226e+00
-1.888699662938869928e+00
-1.889710613542688655e+00
-1.890719830884011188e+00
-1.891727310445209254e+00
-1.892733047759300735e+00
-1.893737038410099105e+00
-1.894739278032369745e+00
-1.895739762311982490e+00
-1.896738486986029093e+00
-1.897735447842969991e+00
-1.898730640722748220e+00
-1.899724061516920415e+00
-1.900715706168756070e+00
-1.901705570673342560e+00
-1.902693651077704384e+00
-1.903679943480862446e+00
-1.904664444033950188e+00
-1.905647148940281088e+00
-1.906628054455423493e+00
-1.907607156887273447e+00
-1.908584452596101322e+00
-1.909559937994633305e+00
-1.910533609548087819e+00
-1.911505463774208602e+00
-1.912475497243326439e+00
-1.913443706578366710e+00
-1.914410088454900016e+00
-1.915374639601142404e+00
-1.916337356797981339e+00
-1.917298236878988371e+00
-1.918257276730405803e+00
-1.919214473291164014e+00
-1.920169823552855926e+00
-1.921123324559751877e+00
-1.922074973408737897e+00
-1.923024767249331246e+00
-1.923972703283641783e+00
-1.924918778766308902e+00
-1.925862991004506641e+00
-1.926805337357859527e+00
-1.927745815238424365e+00
-1.928684422110600316e+00
-1.929621155491103135e+00
-1.930556012948867695e+00
-1.931488992105016678e+00
-1.932420090632730014e+00
-1.933349306257224010e+00
-1.934276636755624335e+00
-1.935202079956892751e+00
-1.936125633741730523e+00
-1.937047296042482492e+00
-1.937967064843024945e+00
-1.938884938178665029e+00
-1.939800914136026622e+00
-1.940714990852937083e+00
-1.941627166518288705e+00
-1.942537439371933905e+00
-1.943445807704552220e+00
-1.944352269857505755e+00
-1.945256824222699965e+00
-1.946159469242465523e+00
-1.947060203409382018e+00
-1.947959025266147615e+00
-1.948855933405407415e+00
-1.949750926469630663e+00
-1.950644003150900474e+00
-1.951535162190787265e+00
-1.952424402380168900e+00
-1.953311722559050834e+00
-1.954197121616394472e+00
-1.955080598489942645e+00
-1.955962152166032197e+00
-1.956841781679415915e+00
-1.957719486113060015e+00
-1.958595264597954744e+00
-1.959469116312932080e+00
-1.960341040484451458e+00
-1.961211036386409701e+00
-1.962079103339924968e+00
-1.962945240713140027e+00
-1.963809447920997986e+00
-1.964671724425046229e+00
-1.965532069733208598e+00
-1.966390483399568456e+00
-1.967246965024151084e+00
-1.968101514252696083e+00
-1.968954130776436662e+00
-1.969804814331858500e+00
-1.970653564700480809e+00
-1.971500381708616745e+00
-1.972345265227140487e+00
-1.973188215171244986e+00
-1.974029231500209480e+00
-1.974868314217140597e+00
-1.975705463368754522e+00
-1.976540679045103888e+00
-1.977373961379339740e+00
-1.978205310547464624e+00
-1.979034726768082120e+00
-1.979862210302129499e+00
-1.980687761452636142e+00
-1.981511380564457969e+00
-1.982333068024022316e+00
-1.983152824259062807e+00
-1.983970649738360015e+00
-1.984786544971486100e+00
-1.985600510508524152e+00
-1.986412546939804624e+00
-1.987222654895651530e+00
-1.988030835046095568e+00
-1.988837088100618988e+00
-1.989641414807869380e+00
-1.990443815955401430e+00
-1.991244292369388713e+00
-1.992042844914366784e+00
-1.992839474492933194e+00
-1.993634182045496805e+00
-1.994426968549978918e+00
-1.995217835021549924e+00
-1.996006782512340205e+00
-1.996793812111164801e+00
-1.997578924943244294e+00
-1.998362122169914379e+00
-1.999143404988354966e+00
-1.999922774631293310e+00
-2.000700232366749542e+00
-2.001475779497715379e+00
-2.002249417361888995e+00
-2.003021147331401686e+00
-2.003790970812505456e+00
-2.004558889245315001e+00
-2.005324904103497730e+00
-2.006089016894018862e+00
-2.006851229156807914e+00
-2.007611542464524668e+00
-2.008369958422248747e+00
-2.009126478667167870e+00
-2.009881104868346036e+00
-2.010633838726396672e+00
-2.011384681973192645e+00
-2.012133636371616685e+00
-2.012880703715239417e+00
-2.013625885828040474e+00
-2.014369184564135384e+00
-2.015110601807474922e+00
-2.015850139471569324e+00
-2.016587799499196976e+00
-2.017323583862118408e+00
-2.018057494560793419e+00
-2.018789533624092858e+00
-2.019519703109024622e+00
-2.020248005100429012e+00
-2.020974441710722047e+00
-2.021699015079583717e+00
-2.022421727373702627e+00
-2.023142580786468692e+00
-2.023861577537712453e+00
-2.024578719873407984e+00
-2.025294010065401107e+00
-2.026007450411127842e+00
-2.026719043233327522e+00
-2.027428790879786114e+00
-2.028136695723028460e+00
-2.028842760160054493e+00
-2.029546986612079884e+00
-2.030249377524220300e+00
-2.030949935365259140e+00
-2.031648662627348667e+00
-2.032345561825734226e+00
-2.033040635498496229e+00
-2.033733886206275709e+00
-2.034425316531989214e+00
-2.035114929080567236e+00
-2.035802726478701530e+00
-2.036488711374550675e+00
-2.037172886437478514e+00
-2.037855254357813450e+00
-2.038535817846549580e+00
-2.039214579635100666e+00
-2.039891542475028352e+00
-2.040566709137793922e+00
-2.041240082414483847e+00
-2.041911665115551333e+00
-2.042581460070561850e+00
-2.043249470127942669e+00
-2.043915698154705751e+00
-2.044580147036213713e+00
-2.045242819675910262e+00
-2.045903718995077725e+00
-2.046562847932574591e+00
-2.047220209444600147e+00
-2.047875806504425356e+00
-2.048529642102163706e+00
-2.049181719244511868e+00
-2.049832040954504553e+00
-2.050480610271284032e+00
-2.051127430249827022e+00
-2.051772503960735072e+00
-2.052415834489980107e+00
-2.053057424938661502e+00
-2.053697278422772055e+00
-2.054335398072964392e+00
-2.054971787034302722e+00
-2.055606448466046565e+00
-2.056239385541410947e+00
-2.056870601447325697e+00
-2.057500099384216963e+00
-2.058127882565774058e+00
-2.058753954218724314e+00
-2.059378317582604812e+00
-2.060000975909539012e+00
-2.060621932464002271e+00
-2.061241190522637545e+00
-2.061858753373977393e+00
-2.062474624318274330e+00
-2.063088806667261021e+00
-2.063701303743937565e+00
-2.064312118882356106e+00
-2.064921255427404123e+00
-2.065528716734609471e+00
-2.066134506169905904e+00
-2.066738627109438120e+00
-2.067341082939358810e+00
-2.067941877055602173e+00
-2.068541012863703177e+00
-2.069138493778575505e+00
-2.069734323224325934e+00
-2.070328504634040723e+00
-2.070921041449589328e+00
-2.071511937121435665e+00
-2.072101195108429827e+00
-2.072688818877621575e+00
-2.073274811904066706e+00
-2.073859177670632992e+00
-2.074441919667806111e+00
-2.075023041393512013e+00
-2.075602546352918854e+00
-2.076180438058257582e+00
-2.076756720028638536e+00
-2.077331395789853374e+00
-2.077904468874219646e+00
-2.078475942820378730e+00
-2.079045821173125308e+00
-2.079614107483236829e+00
-2.080180805307282110e+00
-2.080745918207464573e+00
-2.081309449751438834e+00
-2.081871403512126850e+00
-2.082431783067592246e+00
-2.082990592000816488e+00
-2.083547833899566992e+00
-2.084103512356232368e+00
-2.084657630967621245e+00
-2.085210193334857021e+00
-2.085761203063170477e+00
-2.086310663761755446e+00
-2.086858579043609385e+00
-2.087404952525378388e+00
-2.087949787827211523e+00
-2.088493088572574763e+00
-2.089034858388136406e+00
-2.089575100903587668e+00
-2.090113819751511226e+00
-2.090651018567211139e+00
-2.091186700988590719e+00
-2.091720870655994435e+00
-2.092253531212055595e+00
-2.092784686301566222e+00
-2.093314339571330507e+00
-2.093842494670018262e+00
-2.094369155248044123e+00
-2.094894324957401022e+00
-2.095418007451554931e+00
-2.095940206385284554e+00
-2.096460925414567633e+00
-2.096980168196421968e+00
-2.097497938388817484e+00
-2.098014239650498602e+00
-2.098529075640885200e+00
-2.099042450019939832e+00
-2.099554366448034060e+00
-2.100064828585847199e+00
-2.100573840094200229e+00
-2.101081404633981187e+00
-2.101587525865989292e+00
-2.102092207450840355e+00
-2.102595453048827778e+00
-2.103097266319817304e+00
-2.103597650923143547e+00
-2.104096610517462107e+00
-2.104594148760666972e+00
-2.105090269309764395e+00
-2.105584975820772531e+00
-2.106078271948591762e+00
-2.106570161346921655e+00
-2.107060647668145048e+00
-2.107549734563205490e+00
-2.108037425681532184e+00
-2.108523724670903210e+00
-2.109008635177384239e+00
-2.109492160845185538e+00
-2.109974305316587806e+00
-2.110455072231840035e+00
-2.110934465229051149e+00
-2.111412487944106520e+00
-2.111889144010572039e+00
-2.112364437059585320e+00
-2.112838370719779757e+00
-2.113310948617180163e+00
-2.113782174375118394e+00
-2.114252051614152084e+00
-2.114720583951949173e+00
-2.115187775003234627e+00
-2.115653628379684292e+00
-2.116118147689832973e+00
-2.116581336539006486e+00
-2.117043198529234616e+00
-2.117503737259162300e+00
-2.117962956323975909e+00
-2.118420859315312210e+00
-2.118877449821200631e+00
-2.119332731425960237e+00
-2.119786707710136664e+00
-2.120239382250423965e+00
-2.120690758619593552e+00
-2.121140840386411597e+00
-2.121589631115573304e+00
-2.122037134367627420e+00
-2.122483353698907393e+00
-2.122928292661458993e+00
-2.123371954802971029e+00
-2.123814343666710958e+00
-2.124255462791456495e+00
-2.124695315711429000e+00
-2.125133905956221980e+00
-2.125571237050745133e+00
-2.126007312515162617e+00
-2.126442135864821115e+00
-2.126875710610197867e+00
-2.127308040256829624e+00
-2.127739128305259353e+00
-2.128168978250986942e+00
-2.128597593584387049e+00
-2.129024977790669126e+00
-2.129451134349829466e+00
-2.129876066736561935e+00
-2.130299778420246426e+00
-2.130722272864862710e+00
-2.131143553528953571e+00
-2.131563623865562640e+00
-2.131982487322197084e+00
-2.132400147340759666e+00
-2.132816607357510996e+00
-2.133231870803020680e+00
-2.133645941102112698e+00
-2.134058821673827655e+00
-2.134470515931361057e+00
-2.134881027282031773e+00
-2.135290359127228754e+00
-2.135698514862381714e+00
-2.136105497876885195e+00
-2.136511311554103454e+00
-2.136915959271275423e+00
-2.137319444399524482e+00
-2.137721770303776303e+00
-2.138122940342739753e+00
-2.138522957868869145e+00
-2.138921826228318501e+00
-2.139319548760904688e+00
-2.139716128800076778e+00
-2.140111569672868974e+00
-2.140505874699880628e+00
-2.140899047195225613e+00
-2.141291090466503011e+00
-2.141682007814770916e+00
-2.142071802534503355e+00
-2.142460477913567640e+00
-2.142848037233175962e+00
-2.143234483767885834e+00
-2.143619820785525931e+00
-2.144004051547214296e+00
-2.144387179307285063e+00
-2.144769207313295567e+00
-2.145150138805973494e+00
-2.145529977019201784e+00
-2.145908725179993315e+00
-2.146286386508449162e+00
-2.146662964217767922e+00
-2.147038461514169327e+00
-2.147412881596924894e+00
-2.147786227658284641e+00
-2.148158502883493526e+00
-2.148529710450747476e+00
-2.148899853531165860e+00
-2.149268935288799476e+00
-2.149636958880572379e+00
-2.150003927456284991e+00
-2.150369844158592780e+00
-2.150734712122976955e+00
-2.151098534477725810e+00
-2.151461314343940945e+00
-2.151823054835479976e+00
-2.152183759058957424e+00
-2.152543430113746936e+00
-2.152902071091935987e+00
-2.153259685078320551e+00
-2.153616275150389114e+00
-2.153971844378318234e+00
-2.154326395824941454e+00
-2.154679932545735088e+00
-2.155032457588827555e+00
-2.155383973994963398e+00
-2.155734484797489969e+00
-2.156083993022364531e+00
-2.156432501688134273e+00
-2.156780013805900786e+00
-2.157126532379358252e+00
-2.157472060404727721e+00
-2.157816600870793522e+00
-2.158160156758856640e+00
-2.158502731042768463e+00
-2.158844326688869497e+00
-2.159184946656020898e+00
-2.159524593895581823e+00
-2.159863271351403657e+00
-2.160200981959824240e+00
-2.160537728649650990e+00
-2.160873514342163126e+00
-2.161208341951118772e+00
-2.161542214382722094e+00
-2.161875134535630405e+00
-2.162207105300959498e+00
-2.162538129562260991e+00
-2.162868210195526775e+00
-2.163197350069186342e+00
-2.163525552044105460e+00
-2.163852818973566627e+00
-2.164179153703287728e+00
-2.164504559071412704e+00
-2.164829037908492460e+00
-2.165152593037513729e+00
-2.165475227273867098e+00
-2.165796943425362109e+00
-2.166117744292231695e+00
-2.166437632667110424e+00
-2.166756611335053595e+00
-2.167074683073524355e+00
-2.167391850652408802e+00
-2.167708116833999554e+00
-2.168023484373005516e+00
-2.168337956016554102e+00
-2.168651534504185907e+00
-2.168964222567864919e+00
-2.169276022931966086e+00
-2.169586938313300184e+00
-2.169896971421103160e+00
-2.170206124957021032e+00
-2.170514401615151190e+00
-2.170821804082008644e+00
-2.171128335036561996e+00
-2.171433997150208572e+00
-2.171738793086792185e+00
-2.172042725502612903e+00
-2.172345797046418170e+00
-2.172648010359413906e+00
-2.172949368075271614e+00
-2.173249872820132378e+00
-2.173549527212607302e+00
-2.173848333863790838e+00
-2.174146295377256788e+00
-2.174443414349077397e+00
-2.174739693367813143e+00
-2.175035135014529608e+00
