6.160400690216825865e-15
-1.317822316250175652e+00
-2.564024007620460122e+00
-3.679949175389455540e+00
-4.628178916984076352e+00
-5.394148487444049955e+00
-5.982359664440110691e+00
-6.410047413848163345e+00
-6.700885275232450589e+00
-6.880146566009972098e+00
-6.971652746736819672e+00
-6.996228953890741842e+00
-6.971194852290236277e+00
-6.910460863626736838e+00
-6.824918360467044920e+00
-6.722931096941997531e+00
-6.610821713165976554e+00
-6.493304968792503296e+00
-6.373850462675974882e+00
-6.254975952530425154e+00
-6.138478234789880972e+00
-6.025612698549304369e+00
-5.917230716780143673e+00
-5.813884815075512691e+00
-5.715908021281192575e+00
-5.623474531636762919e+00
-5.536645364087063648e+00
-5.455404018988841308e+00
-5.379683680283974923e+00
-5.309388773328251432e+00
-5.244409597637112341e+00
-5.184630610696709496e+00
-5.129930390342352098e+00
-5.080175834950223290e+00
-5.035211946343882694e+00
-4.994852734498469893e+00
-4.958875084412064815e+00
-4.927019255904202311e+00
-4.898994286680738774e+00
-4.874488649544982621e+00
-4.853182085383067168e+00
-4.834758356108140198e+00
-4.818915285536598425e+00
-4.805373174531598401e+00
-4.793879237303044327e+00
-4.784210405429493385e+00
-4.776172818326506864e+00
-4.769600838466492299e+00
-4.764353892940079938e+00
-4.760313972336184918e+00
-4.757381777382516219e+00
-4.755474211872880552e+00
-4.754520891602822985e+00
-4.754462291407761221e+00
-4.755246962915890663e+00
-4.756830455401423130e+00
-4.759173211720584717e+00
-4.762240142900536988e+00
-4.765999037432377960e+00
-4.770420610522168481e+00
-4.775477252566533437e+00
-4.781143394599160601e+00
-4.787394458184043522e+00
-4.794207421271669212e+00
-4.801559874722569177e+00
-4.809430712647689177e+00
-4.817799235843784444e+00
-4.826645920421431590e+00
-4.835951532935878205e+00
-4.845697950850405888e+00
-4.855867269766283911e+00
-4.866442661431661598e+00
-4.877407462807293648e+00
-4.888746064400271152e+00
-4.900442976188035260e+00
-4.912483742957364896e+00
-4.924853984948662777e+00
-4.937540338916078575e+00
-4.950529472788179675e+00
-4.963809052153171919e+00
-4.977366728892669734e+00
-4.991191133221879461e+00
-5.005270836511714450e+00
-5.019595369154047582e+00
-5.034154157846440825e+00
-5.048937569560442817e+00
-5.063935823535949510e+00
-5.079140061582233301e+00
-5.094541234971070587e+00
-5.110131201238164778e+00
-5.125901586101740293e+00
-5.141844906872796273e+00
-5.157953409471030426e+00
-5.174220218503204904e+00
-5.190638149404421142e+00
-5.207200885205909735e+00
-5.223901763796964026e+00
-5.240734981375916313e+00
-5.257694354804971049e+00
-5.274774551719318971e+00
-5.291969827931381154e+00
-5.309275284161032005e+00
-5.326685578436515911e+00
-5.344196209401600228e+00
-5.361802203654747245e+00
-5.379499425586343087e+00
-5.397283239595435766e+00
-5.415149846409044621e+00
-5.433094920116562143e+00
-5.451114970923822689e+00
-5.469205956946519009e+00
-5.487364673354292677e+00
-5.505587338866603453e+00
-5.523871011245327090e+00
-5.542212148439383590e+00
-5.560608050387210177e+00
-5.579055394759969921e+00
-5.597551705038720904e+00
-5.616093860809154847e+00
-5.634679592081865529e+00
-5.653305964094639258e+00
-5.671970897847641524e+00
-5.690671629372205942e+00
-5.709406256456217577e+00
-5.728172172341305490e+00
-5.746967638616253815e+00
-5.765790193307537947e+00
-5.784638249921700393e+00
-5.803509479896021617e+00
-5.822402437773563477e+00
-5.841314917983669197e+00
-5.860245606135083385e+00
-5.879192410097806132e+00
-5.898154137402817909e+00
-5.917128800598364435e+00
-5.936115320746279345e+00
-5.955111807027693160e+00
-5.974117286328223919e+00
-5.993129957069424307e+00
-6.012148944876295253e+00
-6.031172530612598059e+00
-6.050199932125787328e+00
-6.069229506465084967e+00
-6.088260557700392539e+00
-6.107291513303436226e+00
-6.126321758038571375e+00
-6.145349784487534883e+00
-6.164375053011285743e+00
-6.183396116400718512e+00
-6.202412505909140172e+00
-6.221422830011533733e+00
-6.240426686508926402e+00
-6.259422735379314595e+00
-6.278410636955823243e+00
-6.297389098853126477e+00
-6.316357840222142528e+00
-6.335315612736326152e+00
-6.354262190926108111e+00
-6.373196367210259616e+00
-6.392117968313832499e+00
-6.411025824329793288e+00
-6.429919811225386361e+00
-6.448798793919566563e+00
-6.467662694882849728e+00
-6.486510411216488414e+00
-6.505341909351835206e+00
-6.524156116117088899e+00
-6.542953039542328320e+00
-6.561731633900609317e+00
-6.580491946625325106e+00
-6.599232957311725656e+00
-6.617954750754121207e+00
-6.636656329894496942e+00
-6.655337814987106526e+00
-6.673998230480966853e+00
-6.692637730319574985e+00
-6.711255358744439015e+00
-6.729851301738220215e+00
-6.748424621736166529e+00
-6.766975535221225968e+00
-6.785503121330560994e+00
-6.804007625611505183e+00
-6.822488142510226616e+00
-6.840944945297936286e+00
-6.859377142428566998e+00
-6.877785033644796542e+00
-6.896167740192058027e+00
-6.914525587113738325e+00
-6.932857707309137751e+00
-6.951164450027681241e+00
-6.969444958757775588e+00
-6.987699605930586699e+00
-7.005927544626520564e+00
-7.024129169499526704e+00
-7.042303642288086252e+00
-7.060451378970478586e+00
-7.078571549067765645e+00
-7.096664589040750926e+00
-7.114729675371864737e+00
-7.132767264215112313e+00
-7.150776538243736269e+00
-7.168757972564555381e+00
-7.186710755318167720e+00
-7.204635379869314349e+00
-7.222531039146502962e+00
-7.240398244119809590e+00
-7.258236191867021958e+00
-7.276045410350866049e+00
-7.293825100197913081e+00
-7.311575805787579263e+00
-7.329296730730384901e+00
-7.346988435281016194e+00
-7.364650125502374856e+00
-7.382282377015193298e+00
-7.399884397834235017e+00
-7.417456778467119705e+00
-7.434998728409092372e+00
-7.452510852603706937e+00
-7.469992361582286300e+00
-7.487443874299692936e+00
-7.504864601904495558e+00
-7.522255176962863388e+00
-7.539614810845518100e+00
-7.556944149352932349e+00
-7.574242403705205184e+00
-7.591510232581991424e+00
-7.608746846700708666e+00
-7.625952917285199639e+00
-7.643127654217791722e+00
-7.660271740950558517e+00
-7.677384386216850487e+00
-7.694466285398726235e+00
-7.711516645783754953e+00
-7.728536174402720782e+00
-7.745524076816747261e+00
-7.762481071439678360e+00
-7.779406361840758066e+00
-7.796300677566098791e+00
-7.813163219941889892e+00
-7.829994729409544441e+00
-7.846794404814411372e+00
-7.863562997269392341e+00
-7.880299702913899473e+00
-7.897005283320671865e+00
-7.913678931709887010e+00
-7.930321419914147185e+00
-7.946931938032317788e+00
-7.963511267967813723e+00
-7.980058596506468760e+00
-7.996574715443764525e+00
-8.013058808070795180e+00
-8.029511675905897761e+00
-8.045932498573115765e+00
-8.062322087153637185e+00
-8.078679617440831962e+00
-8.095005909927310839e+00
-8.111300136420485529e+00
-8.127563126681108585e+00
-8.143794048383126594e+00
-8.159993740419858810e+00
-8.176161366191639246e+00
-8.192297773595893062e+00
-8.208402121626264147e+00
-8.224475267062775430e+00
-8.240516364365733537e+00
-8.256526279082642361e+00
-8.272504161020192370e+00
-8.288450884384342743e+00
-8.304365594213539481e+00
-8.320249173269088416e+00
-8.336100761712293306e+00
-8.351921250761872528e+00
-8.367709775598372701e+00
-8.383467235805390771e+00
-8.399192761483766034e+00
-8.414887260494387178e+00
-8.430549857764336963e+00
-8.446181469348589488e+00
-8.461781214910928384e+00
-8.477350018621685024e+00
-8.492886994795856737e+00
-8.508393075644642423e+00
-8.523867370052744974e+00
-8.539310818201681030e+00
-8.554722523468077711e+00
-8.570103433936884230e+00
-8.585452647402574300e+00
-8.600771119790136865e+00
-8.616057943241097306e+00
-8.631314081460615739e+00
-8.646538620869604230e+00
-8.661732532896557757e+00
-8.676894898177289761e+00
-8.692026695809925485e+00
-8.707127000583458454e+00
-8.722196799214687601e+00
-8.737235160586870109e+00
-8.752243078987373082e+00
-8.767219617337364213e+00
-8.782165777449124633e+00
-8.797080616227809458e+00
-8.811965142967601139e+00
-8.826818408506007074e+00
-8.841641429578308120e+00
-8.856433250905048737e+00
-8.871194896624043480e+00
-8.885925405291565937e+00
-8.900625808411593454e+00
-8.915295138330870728e+00
-8.929934433884993084e+00
-8.944542721167810129e+00
-8.959121046314153958e+00
-8.973668429123286217e+00
-8.988185922998640720e+00
-9.002672541404981743e+00
-9.017129344985363559e+00
-9.031555340831829426e+00
-9.045951596799778116e+00
-9.060317113571748848e+00
-9.074652966189839631e+00
-9.088958148891796540e+00
-9.103233743882183759e+00
-9.117478738920059556e+00
-9.131694223349706263e+00
-9.145879178418956812e+00
-9.160034700590362178e+00
-9.174159764569221664e+00
-9.188255473916342453e+00
-9.202320796764311694e+00
-9.216356843753249706e+00
-9.230362576414112397e+00
-9.244339112448749063e+00
-9.258285406758510305e+00
-9.272202584090388555e+00
-9.286089592689288352e+00
-9.299947564331889183e+00
-9.313775440580764453e+00
-9.327574360227878003e+00
-9.341343258128445015e+00
-9.355083280076218699e+00
-9.368793354195068090e+00
-9.382474633267994690e+00
-9.396126038664272428e+00
-9.409748730144610107e+00
-9.423341622301114384e+00
-9.436905881861465062e+00
-9.450440416619020567e+00
-9.463946400258484104e+00
-9.477422733753455120e+00
-9.490870597736446257e+00
-9.504288886341189624e+00
-9.517678787139571384e+00
-9.531039187405720980e+00
-9.544371281643389437e+00
-9.557673950248007699e+00
-9.570948394648214119e+00
-9.584193488342368283e+00
-9.597410439677629412e+00
-9.610598115237504402e+00
-9.623757730281910838e+00
-9.636888144462318451e+00
-9.649990579946230440e+00
-9.663063889436264375e+00
-9.676109302002995349e+00
-9.689125663383887144e+00
-9.702114209548767576e+00
-9.715073779253968311e+00
-9.728005615365132641e+00
-9.740908549642089298e+00
-9.753783831843328755e+00
-9.766630286717257192e+00
-9.779449170912846157e+00
-9.792239302152399461e+00
-9.805001943973312706e+00
-9.817735907057757672e+00
-9.830442461829983714e+00
-9.843120411918052426e+00
-9.855771034632176963e+00
-9.868393126532749804e+00
-9.880987971815134330e+00
-9.893554359959003008e+00
-9.906093582044579904e+00
-9.918604420457903359e+00
-9.931088173164276611e+00
-9.943543615443299899e+00
-9.955972052145991569e+00
-9.968372251433285314e+00
-9.980745525042497235e+00
-9.993090634004005324e+00
-1.000540889694265090e+01
-1.001769906774631380e+01
-1.002996247192888823e+01
-1.004219785622430905e+01
-1.005440655303716824e+01
-1.006658730193614737e+01
-1.007874144221887391e+01
-1.009086770627739149e+01
-1.010296744030475580e+01
-1.011503936950560956e+01
-1.012708484697105149e+01
-1.013910259070757114e+01
-1.015109396070725545e+01
-1.016305766776789454e+01
-1.017499507878582499e+01
-1.018690489733968363e+01
-1.019878849723350100e+01
-1.021064457481661059e+01
-1.022247451080445657e+01
-1.023427699430691540e+01
-1.024605341295473160e+01
-1.025780244860849066e+01
-1.026952549581848473e+01
-1.028122122918605363e+01
-1.029289105018540695e+01
-1.030453362614905721e+01
-1.031615036547973396e+01
-1.032773992823144305e+01
-1.033930372974035272e+01
-1.035084042277249416e+01
-1.036235142960234690e+01
-1.037383539569880497e+01
-1.038529375027979107e+01
-1.039672513150772559e+01
-1.040813097554939226e+01
-1.041950991325154696e+01
-1.043086338773542288e+01
-1.044219002252308748e+01
-1.045349126769591308e+01
-1.046476573944219268e+01
-1.047601489480938675e+01
-1.048723734264313734e+01
-1.049843454696294565e+01
-1.050960510926300984e+01
-1.052075050054107663e+01
-1.053186931493107892e+01
-1.054296303041540384e+01
-1.055403023375894911e+01
-1.056507240993524910e+01
-1.057608813833144801e+01
-1.058707891091899711e+01
-1.059804329969860071e+01
-1.060898280364622437e+01
-1.061989598736776053e+01
-1.063078435685066303e+01
-1.064164646929728697e+01
-1.065248383771362839e+01
-1.066329501189007622e+01
-1.067408151185835230e+01
-1.068484187998836532e+01
-1.069557764334479444e+01
-1.070628733686870326e+01
-1.071697249466521029e+01
-1.072763164423795246e+01
-1.073826632674006731e+01
-1.074887506222944111e+01
-1.075945939891479597e+01
-1.077001784939990614e+01
-1.078055196895688539e+01
-1.079106026272698493e+01
-1.080154429305357233e+01
-1.081200255760698248e+01
-1.082243662580984989e+01
-1.083284498785331351e+01
-1.084322922024724001e+01
-1.085358780569520576e+01
-1.086392232780265310e+01
-1.087423126177718657e+01
-1.088451619832798656e+01
-1.089477560515844168e+01
-1.090501108008987252e+01
-1.091522108331305319e+01
-1.092540721976995677e+01
-1.093556794213031758e+01
-1.094570486246539964e+01
-1.095581642591560723e+01
-1.096590425169001293e+01
-1.097596677739136162e+01
-1.098600562937527236e+01
-1.099601923769850131e+01
-1.100600923587211533e+01
-1.101597404639828248e+01
-1.102591530995254310e+01
-1.103583144147424733e+01
-1.104572408881216816e+01
-1.105559165933437527e+01
-1.106543580807218774e+01
-1.107525493481393397e+01
-1.108505070178244445e+01
-1.109482150117792720e+01
-1.110456900242407485e+01
-1.111429159012442547e+01
-1.112399094091286322e+01
-1.113366543178771018e+01
-1.114331674660240878e+01
-1.115294325474166115e+01
-1.116254664728791468e+01
-1.117212528600357224e+01
-1.118168086920974247e+01
-1.119121175103796695e+01
-1.120071963705754925e+01
-1.121020287376053837e+01
-1.121966317397425072e+01
-1.122909887654259364e+01
-1.123851170156047985e+01
-1.124789998021512893e+01
-1.125726543987898509e+01
-1.126660640407364511e+01
-1.127592460745906422e+01
-1.128521836588262595e+01
-1.129448942130161626e+01
-1.130373608188038226e+01
-1.131296009688375115e+01
-1.132215976678407721e+01
-1.133133684816383280e+01
-1.134048963379463437e+01
-1.134961988758671225e+01
-1.135872589460200111e+01
-1.136780942608879386e+01
-1.137686875939038522e+01
-1.138590567310341939e+01
-1.139491843684361072e+01
-1.140390883656628063e+01
-1.141287513415056942e+01
-1.142181912292095447e+01
-1.143073905701082360e+01
-1.143963673712438300e+01
-1.144851040964016065e+01
-1.145736188265261646e+01
-1.146618939477629162e+01
-1.147499476150654374e+01
-1.148377621368466883e+01
-1.149253557421764604e+01
-1.150127106616428563e+01
-1.150998451985389437e+01
-1.151867415055352062e+01
-1.152734179602567188e+01
-1.153598566373616663e+01
-1.154460759889160748e+01
-1.155320580114731399e+01
-1.156178212316486764e+01
-1.157033475677949319e+01
-1.157886556211886919e+01
-1.158737272318865230e+01
-1.159585810759359781e+01
-1.160431989150028720e+01
-1.161275995000170980e+01
-1.162117645141567479e+01
-1.162957127833461790e+01
-1.163794259121787888e+01
-1.164629228016862328e+01
-1.165461849777807224e+01
-1.166292314167134059e+01
-1.167120435656168276e+01
-1.167946404760762036e+01
-1.168770035163466581e+01
-1.169591518134610020e+01
-1.170410666566973923e+01
-1.171227672486520888e+01
-1.172042347995263611e+01
-1.172854885875953634e+01
-1.173665097438835936e+01
-1.174473176224609006e+01
-1.175278932750745220e+01
-1.176082561317060815e+01
-1.176883871647236468e+01
-1.177683058801376959e+01
-1.178479931708359452e+01
-1.179274686189754462e+01
-1.180067130378601981e+01
-1.180857460859133923e+01
-1.181645484967527793e+01
-1.182431400051849479e+01
-1.183215012650376607e+01
-1.183996520876224778e+01
-1.184775730468725463e+01
-1.185552840307229694e+01
-1.186327655331079534e+01
-1.187100375187077539e+01
-1.187870804013517301e+01
-1.188639142225871836e+01
-1.189405193160309793e+01
-1.190169158002200867e+01
-1.190930839284532361e+01
-1.191690438963786214e+01
-1.192447758768688892e+01
-1.193203001428075005e+01
-1.193955967865332823e+01
-1.194706861582881352e+01
-1.195455482697675365e+01
-1.196202035486970416e+01
-1.196946319260199587e+01
-1.197688539070699143e+01
-1.198428493419273089e+01
-1.199166388136601391e+01
-1.199902020913754086e+01
-1.200635598360010903e+01
-1.201366917355592889e+01
-1.202096185289658337e+01
-1.202823198230450075e+01
-1.203548164348272742e+01
-1.204270878898269537e+01
-1.204991550833174330e+01
-1.205709974593893108e+01
-1.206426359916884650e+01
-1.207140500427661678e+01
-1.207852606647696092e+01
-1.208562471385978832e+01
-1.209270305950284552e+01
-1.209975902331919784e+01
-1.210679472626277331e+01
-1.211380808005810827e+01
-1.212080121354842710e+01
-1.212777203025802031e+01
-1.213472266693260515e+01
-1.214165101888452014e+01
-1.214855923077512934e+01
-1.215544518969292653e+01
-1.216231104822837672e+01
-1.216915468523410659e+01
-1.217597826124302074e+01
-1.218277964685999137e+01
-1.218956101057371200e+01
-1.219632021472925665e+01
-1.220305943578465602e+01
-1.220977652781296463e+01
-1.221647367525510219e+01
-1.222314872389990725e+01
-1.222980386618490201e+01
-1.223643693960238643e+01
-1.224305014460005303e+01
-1.224964131036138149e+01
-1.225621264535803512e+01
-1.226276197045216598e+01
-1.226929150215321407e+01
-1.227579905298957819e+01
-1.228228684752230215e+01
-1.228875268993340519e+01
-1.229519881284955041e+01
-1.230162301209364450e+01
-1.230802752837200664e+01
-1.231441014913573540e+01
-1.232077312318483742e+01
-1.232711422958577074e+01
-1.233343572524645460e+01
-1.233973538083569288e+01
-1.234601546138359041e+01
-1.235227372914837929e+01
-1.235851245729650749e+01
-1.236472939966264128e+01
-1.237092683756391409e+01
-1.237710251639835590e+01
-1.238325872564818475e+01
-1.238939320226141483e+01
-1.239550824389993799e+01
-1.240160157904859162e+01
-1.240767551356335474e+01
-1.241372776745249240e+01
-1.241976065478079683e+01
-1.242577188706641600e+01
-1.243176378659766534e+01
-1.243773405638908258e+01
-1.244368502696720036e+01
-1.244961439282939253e+01
-1.245552449275522733e+01
-1.246141301271117818e+01
-1.246728229974480229e+01
-1.247313003127781705e+01
-1.247895856264075753e+01
-1.248476556269685567e+01
-1.249055339507453155e+01
-1.249631972006457836e+01
-1.250206690960847133e+01
-1.250779261541045528e+01
-1.251349921774031415e+01
-1.251918435970172006e+01
-1.252485042990788067e+01
-1.253049506284766146e+01
-1.253612065549318366e+01
-1.254172483370414426e+01
-1.254731000282691511e+01
-1.255287378007778898e+01
-1.255841857919281246e+01
-1.256394200873032396e+01
-1.256944649083168564e+01
-1.257492962538278647e+01
-1.258039384294586327e+01
-1.258583673471972020e+01
-1.259126073970323212e+01
-1.259666344039336217e+01
-1.260204728424130494e+01
-1.260740984502748852e+01
-1.261275357867136648e+01
-1.261807605022186429e+01
-1.262337972408248810e+01
-1.262866215655579083e+01
-1.263392582054537705e+01
-1.263916826359230683e+01
-1.264439196711643199e+01
-1.264959446988208747e+01
-1.265477826184146437e+01
-1.265994087296709303e+01
-1.266508480175971130e+01
-1.267020756938458526e+01
-1.267531168290739174e+01
-1.268039465467071558e+01
-1.268545900032155771e+01
-1.269050222336433542e+01
-1.269552684804377485e+01
-1.270053036901054178e+01
-1.270551531912362364e+01
-1.271047918416432054e+01
-1.271542450562250437e+01
-1.272034876039414719e+01
-1.272525449861680080e+01
-1.273013918828540092e+01
-1.273500538820182193e+01
-1.273985055744390316e+01
-1.274467726349483776e+01
-1.274948295649928554e+01
-1.275427021263863381e+01
-1.275903647310830813e+01
-1.276378432280488262e+01
-1.276851119395825407e+01
-1.277321968019733411e+01
-1.277790720477011988e+01
-1.278257637005509295e+01
-1.278722459030187686e+01
-1.279185447665581421e+01
-1.279646343435161171e+01
-1.280105408331876937e+01
-1.280562381976059072e+01
-1.281017527240816634e+01
-1.281470582841649808e+01
-1.281921812533585303e+01
-1.282370954125622831e+01
-1.282818272256461789e+01
-1.283263503826901264e+01
-1.283706914361093787e+01
-1.284148239849929318e+01
-1.284587746704792188e+01
-1.285025170004959172e+01
-1.285460777050828440e+01
-1.285894302008335188e+01
-1.286326013068693541e+01
-1.286755643482771383e+01
-1.287183462334394690e+01
-1.287609201957620364e+01
-1.288033132330707531e+01
-1.288454984869145470e+01
-1.288875030447452374e+01
-1.289292999560787756e+01
-1.289709163981756035e+01
-1.290123253283413085e+01
-1.290535540138295012e+01
-1.290945753195577872e+01
-1.291354166029565853e+01
-1.291760506363760364e+01
-1.292165048676110750e+01
-1.292567519762631889e+01
-1.292968195006777776e+01
-1.293366800275265760e+01
-1.293763611858940443e+01
-1.294158354693394131e+01
-1.294551305978747813e+01
-1.294942189717627734e+01
-1.295331284021323981e+01
-1.295718311957672597e+01
-1.296103552551028848e+01
-1.296486727932560612e+01
-1.296868118041630424e+01
-1.297247444070874600e+01
-1.297624986876561159e+01
-1.298000466710922218e+01
-1.298374165349084564e+01
-1.298745802100982694e+01
-1.299115659662532885e+01
-1.299483456399473447e+01
-1.299849475930474441e+01
-1.300213435675164320e+01
-1.300575620176931935e+01
-1.300935745907367824e+01
-1.301294098336549965e+01
-1.301650392986107896e+01
-1.302004916254793976e+01
-1.302357382712323286e+01
-1.302708079688114928e+01
-1.303056720798020685e+01
-1.303403594304131907e+01
-1.303748412866462125e+01
-1.304091465681791462e+01
-1.304432464452323082e+01
-1.304771699311541155e+01
-1.305108881001851096e+01
-1.305444300595480200e+01
-1.305777667873033998e+01
-1.306109274847517732e+01
-1.306438830335726564e+01
-1.306766627293514560e+01
-1.307092373571826016e+01
-1.307416363071430965e+01
-1.307738302675394948e+01
-1.308058487231465072e+01
-1.308376622652789756e+01
-1.308693004736189280e+01
-1.309007338422818556e+01
-1.309319920460671582e+01
-1.309630454816843148e+01
-1.309939239192600269e+01
-1.310245976578902649e+01
-1.310550965632412534e+01
-1.310853908365845655e+01
-1.311155104393392534e+01
-1.311454254747424919e+01
-1.311751660001791464e+01
-1.312047020206403580e+01
-1.312340636896924551e+01
-1.312632209138663697e+01
-1.312922039431271415e+01
-1.313209825853305013e+01
-1.313495871870568799e+01
-1.313779874572717077e+01
-1.314062138393896362e+01
-1.314342359432688667e+01
-1.314620843093766567e+01
-1.314897284482463569e+01
-1.315171989976195555e+01
-1.315444653684840226e+01
-1.315715582960771357e+01
-1.315984470916218640e+01
-1.316251625880737741e+01
-1.316516739966681548e+01
-1.316780122483039150e+01
-1.317041464540046825e+01
-1.317301076428382700e+01
-1.317558648253925924e+01
-1.317814491291296441e+01
-1.318068294639758342e+01
-1.318320370560166310e+01
-1.318570407142881251e+01
-1.318818717637275739e+01
-1.319064989122543530e+01
-1.319309535838862146e+01
-1.319552043851948575e+01
-1.319792828395116224e+01
-1.320031574518288231e+01
-1.320268598450226172e+01
-1.320503584222747939e+01
-1.320736849062396701e+01
-1.320968075980538181e+01
-1.321197583203854542e+01
-1.321425052720904780e+01
-1.321650803760865500e+01
-1.321874517287123574e+01
-1.322096513533728235e+01
-1.322316472436510360e+01
-1.322534715236777458e+01
-1.322750920840413791e+01
-1.322965411498379495e+01
-1.323177865084203475e+01
-1.323388604860907591e+01
-1.323597307667249545e+01
-1.323804297780737649e+01
-1.324009251002905074e+01
-1.324212492628199733e+01
-1.324413697418482272e+01
-1.324613191687574165e+01
-1.324810649155205233e+01
-1.325006397157033255e+01
-1.325200108368177254e+01
-1.325392111148610219e+01
-1.325582077126347968e+01
-1.325770335688153168e+01
-1.325956557412429149e+01
-1.326141072715250857e+01
-1.326323551122880318e+01
-1.326504324083204622e+01
-1.326683060067807318e+01
-1.326860091558925525e+01
-1.327035085970913286e+01
-1.327208376822897051e+01
-1.327379630469420846e+01
-1.327549181469063555e+01
-1.327716695113989331e+01
-1.327882507004778212e+01
-1.328046281368614601e+01
-1.328208354850682049e+01
-1.328368390610562244e+01
-1.328526726340626496e+01
-1.328683024130234003e+01
-1.328837622721562539e+01
-1.328990183131095293e+01
-1.329141045153430056e+01
-1.329289868729529367e+01
-1.329436994709045372e+01
-1.329582081954739436e+01
-1.329725472373977269e+01
-1.329866823748612603e+01
-1.330006479046408430e+01
-1.330144094965599422e+01
-1.330280015537011629e+01
-1.330413896372551008e+01
-1.330546082568802824e+01
-1.330676228648595583e+01
-1.330804680776987325e+01
-1.330931092384975223e+01
-1.331055810708806852e+01
-1.331178488084880662e+01
-1.331299472823375574e+01
-1.331418416163298701e+01
-1.331535667491512420e+01
-1.331650876946822493e+01
-1.331764394995550838e+01
-1.331875870673479412e+01
-1.331985655529169321e+01
-1.332093397492539566e+01
-1.332199449197192642e+01
-1.332303457464322882e+01
-1.332405776015387211e+01
-1.332506050559989497e+01
-1.332604635910266211e+01
-1.332701176661333342e+01
-1.332796028718859205e+01
-1.332888835560560459e+01
-1.332979954188500038e+01
-1.333069026960073700e+01
-1.333156411976601063e+01
-1.333241750472218534e+01
-1.333325401650400721e+01
-1.333407005619058516e+01
-1.333486922686729947e+01
-1.333564791832118246e+01
-1.333640974471752294e+01
-1.333715108452126685e+01
-1.333787556300704225e+01
-1.333857954728751061e+01
-1.333926667377616582e+01
-1.333993329820314777e+01
-1.334058306815048667e+01
-1.334121232793527589e+01
-1.334182473633795851e+01
-1.334241662623186997e+01
-1.334299166762588662e+01
-1.334354618191866670e+01
-1.334408385037787248e+01
-1.334460098289631524e+01
-1.334510127203074603e+01
-1.334558101613695058e+01
-1.334604391909123677e+01
-1.334648626768102098e+01
-1.334691177713285093e+01
-1.334731672263391999e+01
-1.334770483079209491e+01
-1.334807236516252082e+01
-1.334842306376532228e+01
-1.334875317849156495e+01
-1.334906645880490395e+01
-1.334935914490010234e+01
-1.334963499771561146e+01
-1.334989024571753902e+01
-1.335012866135081744e+01
-1.335034646132001690e+01
-1.335054742960838858e+01
-1.335072777112626596e+01
-1.335089128142698200e+01
-1.335103415359357903e+01
-1.335116019478166827e+01
-1.335126558621372794e+01
-1.335135414667984222e+01
-1.335142204550848000e+01
-1.335147311315674656e+01
-1.335150350702538447e+01
-1.335151706927115356e+01
-1.335150994533322866e+01
-1.335148598910071094e+01
-1.335144133401721867e+01
-1.335137984573726655e+01
-1.335129764567448341e+01
-1.335119861128210772e+01
-1.335107885190918608e+01
-1.335094225684095193e+01
-1.335078492332726263e+01
-1.335061075251892682e+01
-1.335041582953159178e+01
-1.335020406741542587e+01
-1.334997153911667311e+01
-1.334972216961878111e+01
-1.334945201966315587e+01
-1.334916502620070844e+01
-1.334885723773250099e+01
-1.334853260321103186e+01
-1.334818715886113694e+01
-1.334782486567157456e+01
-1.334744174755480550e+01
-1.334704177757052079e+01
-1.334662096728258973e+01
-1.334618330185648460e+01
-1.334572478047084765e+01
-1.334524940043213448e+01
-1.334475314849700034e+01
-1.334424003414808091e+01
-1.334370603168306602e+01
-1.334315516279631630e+01
-1.334258338928927401e+01
-1.334199474510363004e+01
-1.334138517950719738e+01
-1.334075873872483697e+01
-1.334011135945298676e+01
-1.333944710023582481e+01
-1.333876188516029870e+01
-1.333805978512633139e+01
-1.333733671157316003e+01
-1.333659674779284643e+01
-1.333583579253845919e+01
-1.333505794153091806e+01
-1.333425908079846067e+01
-1.333344331852770637e+01
-1.333260652798301038e+01
-1.333175282985392585e+01
-1.333087808460164858e+01
-1.332998642545590329e+01
-1.332907370003533565e+01
-1.332814405414734438e+01
-1.332719332252821509e+01
-1.332622566360081962e+01
-1.332523689917900178e+01
-1.332423120033910457e+01
-1.332320437593220852e+01
-1.332216060972626259e+01
-1.332109569756918610e+01
-1.332001383595874522e+01
-1.331891080769880631e+01
-1.331779082205567732e+01
-1.331664964874808099e+01
-1.331549150984959340e+01
-1.331431216195243472e+01
-1.331311583997652015e+01
-1.331189828734579805e+01
-1.331066375186581041e+01
-1.330940796375036506e+01
-1.330813518372996995e+01
-1.330684112876605241e+01
-1.330553007255392828e+01
-1.330419771876003665e+01
-1.330284835408424904e+01
-1.330147766885534999e+01
-1.330008996281796207e+01
-1.329868091291995746e+01
-1.329725483199105796e+01
-1.329580738355496017e+01
-1.329434289356692922e+01
-1.329285701208268655e+01
-1.329135407822402293e+01
-1.328982972853469846e+01
-1.328828831534385380e+01
-1.328672546163898360e+01
-1.328514553299797107e+01
-1.328354413880735585e+01
-1.328192565793520608e+01
-1.328028568612212190e+01
-1.327862861556812923e+01
-1.327695002832264493e+01
-1.327525432995945032e+01
-1.327353708879127758e+01
-1.327180272380781645e+01
-1.327004678953926664e+01
-1.326827371843357106e+01
-1.326647905119206428e+01
-1.326466723376367085e+01
-1.326283379297425924e+01
-1.326098318831657963e+01
-1.325911093269418650e+01
-1.325722149918661330e+01
-1.325531038672796491e+01
-1.325338208202791535e+01
-1.325143207000339629e+01
-1.324946485103787630e+01
-1.324747589598316821e+01
-1.324546971894028324e+01
-1.324344177664769440e+01
-1.324139659696797189e+01
-1.323932962247752343e+01
-1.323724539484481610e+01
-1.323513934243528034e+01
-1.323301602076764638e+01
-1.323087084394707347e+01
-1.322870838138729788e+01
-1.322652403288341993e+01
-1.322432238178929786e+01
-1.322209881353979277e+01
-1.321985792547411798e+01
-1.321759508861650367e+01
-1.321531491433684202e+01
-1.321301275919796403e+01
-1.321069324864621564e+01
-1.320835172473174879e+01
-1.320599282702334065e+01
-1.320361188300680411e+01
-1.320121354641955591e+01
-1.319879313013118960e+01
-1.319635530209411556e+01
-1.319389536050925926e+01
-1.319141798759083706e+01
-1.318891846681824909e+01
-1.318640149471451473e+01
-1.318386233998426427e+01
-1.318130571350654456e+01
-1.317872686915772640e+01
-1.317613053222011565e+01
-1.317351194168790940e+01
-1.317087583729454892e+01
-1.316821744309740616e+01
-1.316554151332911893e+01
-1.316284325705546188e+01
-1.316012744305629134e+01
-1.315738926535069986e+01
-1.315463350731433145e+01
-1.315185534786370525e+01
-1.314905958501897132e+01
-1.314624138253812724e+01
-1.314340555313486192e+01
-1.314054724535194474e+01
-1.313767128664595774e+01
-1.313477281028750809e+01
-1.313185665852556383e+01
-1.312891794930112965e+01
-1.312596153970535617e+01
-1.312298253229184830e+01
-1.311998579904406981e+01
-1.311696642706978189e+01
-1.311392930329519402e+01
-1.311086949932351686e+01
-1.310779191707430513e+01
-1.310469161258695969e+01
-1.310157350282534239e+01
-1.309843262820546350e+01
-1.309527392078664754e+01
-1.309209240530131524e+01
-1.308889302895583562e+01
-1.308567080073847499e+01
-1.308243068305444901e+01
-1.307916766908675754e+01
-1.307588673649159539e+01
-1.307258286258519853e+01
-1.306926104032710789e+01
-1.306591623110490374e+01
-1.306255344323412970e+01
-1.305916762211115945e+01
-1.305576379146072696e+01
-1.305233688062502395e+01
-1.304889192879128501e+01
-1.304542384918416431e+01
-1.304193769650704304e+01
-1.303842836780310321e+01
-1.303490093334604261e+01
-1.303135027393314083e+01
-1.302778147546267107e+01
-1.302418940242128897e+01
-1.302057915638642349e+01
-1.301694558546886960e+01
-1.301329380698038385e+01
-1.300961865258988759e+01
-1.300592525539888733e+01
-1.300220843056834319e+01
-1.299847332704512759e+01
-1.299471474341552302e+01
-1.299093784452790956e+01
-1.298713741232666052e+01
-1.298331862761828859e+01
-1.297947625563740814e+01
-1.297561549320558960e+01
-1.297173108877967174e+01
-1.296782825525345118e+01
-1.296390172423731890e+01
-1.295995672475511284e+01
-1.295598797150162795e+01
-1.295200070968889428e+01
-1.294798963702647931e+01
-1.294396001497317705e+01
-1.293990652418331599e+01
-1.293583444242140246e+01
-1.293173843321604544e+01
-1.292762379069688272e+01
-1.292348516119584900e+01
-1.291932785526767979e+01
-1.291514650197606429e+01
-1.291094642836131534e+01
-1.290672224614702834e+01
-1.290247929891984136e+01
-1.289821218099097067e+01
-1.289392625255480596e+01
-1.288961609043732892e+01
-1.288528707150253005e+01
-1.288093375501803628e+01
-1.287656153457984054e+01
-1.287216495182341625e+01
-1.286774941713976261e+01
-1.286330945445816809e+01
-1.285885049102810029e+01
-1.285436703299817651e+01
-1.284986452454032602e+01
-1.284533745394755044e+01
-1.284079128237895162e+01
-1.283622048019650208e+01
-1.283163052561189055e+01
-1.282701587098013718e+01
-1.282238201163132274e+01
-1.281772338183753490e+01
-1.281304549411365734e+01
-1.280834276457227183e+01
-1.280362072298027165e+01
-1.279887376721377024e+01
-1.279410744435945979e+01
-1.278931613397965528e+01
-1.278450540054939744e+01
-1.277966960523949957e+01
-1.277481432998258271e+01
-1.276993391747986806e+01
-1.276503396719134642e+01
-1.276010880327044994e+01
-1.275516404277531102e+01
-1.275019399123246622e+01
-1.274520428336973232e+01
-1.274018920600784988e+01
-1.273515441161629447e+01
-1.273009416823066253e+01
-1.272501414613521753e+01
-1.271990859450052014e+01
-1.271478320149939378e+01
-1.270963219735744865e+01
-1.270446128821071063e+01
-1.269926468525934915e+01
-1.269404811267826361e+01
-1.268880576256150405e+01
-1.268354337719910241e+01
-1.267825512949824507e+01
-1.267294677994135910e+01
-1.266761248216734970e+01
-1.266225801492946168e+01
-1.265687751251685000e+01
-1.265147677203261267e+01
-1.264604990833449527e+01
-1.264060273695555203e+01
-1.263512935324016162e+01
-1.262963559123238966e+01
-1.262411552668107717e+01
-1.261857501222340439e+01
-1.261300810393012561e+01
-1.260742067311479353e+01
-1.260180675608744671e+01
-1.259617224292203552e+01
-1.259051115008503174e+01
-1.258482938649611427e+01
-1.257912094869507591e+01
-1.257339176453361240e+01
-1.256763581054159395e+01
-1.256185903359012457e+01
-1.255605539011575900e+01
-1.255023084609757511e+01
-1.254437933779509251e+01
-1.253850685038512580e+01
-1.253260729986632960e+01
-1.252668669070419583e+01
-1.252073891855246224e+01
-1.251477000725734534e+01
-1.250877383204368520e+01
-1.250275643623155908e+01
-1.249671167453260878e+01
-1.249064560983536154e+01
-1.248455207625379693e+01
-1.247843715634065731e+01
-1.247229466352762906e+01
-1.246613070012871205e+01
-1.245993905880860098e+01
-1.245372586174090657e+01
-1.244748488073840953e+01
-1.244122225793390513e+01
-1.243493174420335201e+01
-1.242861950173962349e+01
-1.242227926039673136e+01
-1.241591720252992559e+01
-1.240952703688598113e+01
-1.240311496608620878e+01
-1.239667467768474296e+01
-1.239021239467391311e+01
-1.238372178332974016e+01
-1.237720908712196888e+01
-1.237066795096283123e+01
-1.236410463890729794e+01
-1.235751277441809926e+01
-1.235089864224451439e+01
-1.234425584431392586e+01
-1.233759068618066124e+01
-1.233089674815063752e+01
-1.232418035669516421e+01
-1.231743507041260699e+01
-1.231066723680496722e+01
-1.230387039267657379e+01
-1.229705090667501288e+01
-1.229020229372433981e+01
-1.228333094373410006e+01
-1.227643034966129854e+01
-1.226950692279553934e+01
-1.226255413404000372e+01
-1.225557841618378596e+01
-1.224857321798927323e+01
-1.224154499386589912e+01
-1.223448717034820810e+01
-1.222740622358844576e+01
-1.222029555780588339e+01
-1.221316167101965178e+01
-1.220599794504618529e+01
-1.219881089989688405e+01
-1.219159389489764678e+01
-1.218435347217927678e+01
-1.217708296848899252e+01
-1.216978894820553592e+01
-1.216246472540932011e+01
-1.215511688685703540e+01
-1.214773872387375775e+01
-1.214033684572580185e+01
-1.213290452089407445e+01
-1.212544838128765079e+01
-1.211796167245423916e+01
-1.211045104908036407e+01
-1.210290973369099987e+01
-1.209534440388645748e+01
-1.208774825907924289e+01
-1.208012799992114239e+01
-1.207247680262209677e+01
-1.206480139102471938e+01
-1.205709491804574895e+01
-1.204936413085956382e+01
-1.204160215899878494e+01
-1.203381577311186668e+01
-1.202599807925597020e+01
-1.201815587169751787e+01
-1.201028223292630237e+01
-1.200238398097223147e+01
-1.199445417466536057e+01
-1.198649965594599642e+01
-1.197851345989163008e+01
-1.197050245250138190e+01
-1.196245964500674219e+01
-1.195439192761562097e+01
-1.194629228761946571e+01
-1.193816763958645488e+01
-1.193001094677337903e+01
-1.192182914826159035e+01
-1.191361518317788359e+01
-1.190537601527121758e+01
-1.189710455944247691e+01
-1.188880780426401707e+01
-1.188047864031418399e+01
-1.187212408114607065e+01
-1.186373699291785577e+01
-1.185532441432228268e+01
-1.184687918699920139e+01
-1.183840837494099141e+01
-1.182990479517016169e+01
-1.182137553714039946e+01
-1.181281339315683354e+01
-1.180422547829751778e+01
-1.179560456004940150e+01
-1.178695777927920041e+01
-1.177827787855377650e+01
-1.176957202469449371e+01
-1.176083293524524009e+01
-1.175206780314904620e+01
-1.174326932082315622e+01
-1.173444470750065527e+01
-1.172558663036717697e+01
-1.171670233511571446e+01
-1.170778446359431513e+01
-1.169884028812691490e+01
-1.168986242511669005e+01
-1.168085817369107815e+01
-1.167182012469995200e+01
-1.166275560424791458e+01
-1.165365717752181673e+01
-1.164453219777843174e+01
-1.163537320443063550e+01
-1.162618757806357905e+01
-1.161696783220383189e+01
-1.160772137494238088e+01
-1.159844069380576848e+01
-1.158913322456954376e+01
-1.157979142864498634e+01
-1.157042276967206718e+01
-1.156101968283022430e+01
-1.155158965980488439e+01
-1.154212510942549130e+01
-1.153263355160521009e+01
-1.152310736870358099e+01
-1.151355410904501575e+01
-1.150396612839772459e+01
-1.149435100368193297e+01
-1.148470106395137869e+01
-1.147502391490778528e+01
-1.146531185876569126e+01
-1.145557253019505772e+01
-1.144579820444456431e+01
-1.143599654534041044e+01
-1.142615980103695250e+01
-1.141629566470558999e+01
-1.140639635727609580e+01
-1.139646960145514321e+01
-1.138650759081562924e+01
-1.137651807779071866e+01
-1.136649322846215426e+01
-1.135644082518185982e+01
-1.134635300640421107e+01
-1.133623758459305364e+01
-1.132608667043707129e+01
-1.131590810670643243e+01
-1.130569397618366168e+01
-1.129545215214054465e+01
-1.128517468931089063e+01
-1.127486949166437036e+01
-1.126452858574126736e+01
-1.125415990640664710e+01
-1.124375545186004466e+01
-1.123332318806030550e+01
-1.122285508471686555e+01
-1.121235913908167348e+01
-1.120182729222236162e+01
-1.119126757288438334e+01
-1.118067189333942046e+01
-1.117004831402777398e+01
-1.115938871826847212e+01
-1.114870119839917528e+01
-1.113797760862723329e+01
-1.112722607339087233e+01
-1.111643841762416329e+01
-1.110562279807034436e+01
-1.109477101022590873e+01
-1.108389124334452980e+01
-1.107297526331828230e+01
-1.106203129211760050e+01
-1.105105106586067265e+01
-1.104004283944212261e+01
-1.102899831903382655e+01
-1.101792579266314398e+01
-1.100681693638076908e+01
-1.099568007155601457e+01
-1.098450684394070720e+01
-1.097330560845656855e+01
-1.096206798037582786e+01
-1.095080234838424005e+01
-1.093950029709095695e+01
-1.092817024915821555e+01
-1.091680375834571315e+01
-1.090540928150578637e+01
-1.089397834135934318e+01
-1.088251942916348547e+01
-1.087102403640788140e+01
-1.085950068897032672e+01
-1.084794084691382920e+01
-1.083635307095373612e+01
-1.082472878952796691e+01
-1.081307659840737756e+01
-1.080138789420333012e+01
-1.078967130796142726e+01
-1.077791820426162595e+01
-1.076613724964470720e+01
-1.075431977645131987e+01
-1.074247448693904339e+01
-1.073059268099816066e+01
-1.071868309682570519e+01
-1.070673700164731201e+01
-1.069476316982366626e+01
-1.068275283569802880e+01
-1.067071481001996602e+01
-1.065864029402952085e+01
-1.064653813509187152e+01
-1.063439950111950161e+01
-1.062223327632126946e+01
-1.061003059505432766e+01
-1.059780037860063651e+01
-1.058553372753109123e+01
-1.057323960043143352e+01
-1.056090906385169959e+01
-1.054855111391384703e+01
-1.053615678290914559e+01
-1.052373510472937568e+01
-1.051127707716551640e+01
-1.049879177211458625e+01
-1.048627015262226259e+01
-1.047372132882764184e+01
-1.046113622878250915e+01
-1.044852400110660007e+01
-1.043587553860561634e+01
-1.042320002862008188e+01
-1.041048832845387473e+01
-1.039774966441017590e+01
-1.038497485803158149e+01
-1.037217317482755519e+01
-1.035933540031639311e+01
-1.034647083945932700e+01
-1.033357024148344649e+01
-1.032064295104908780e+01
-1.030767968082165353e+01
-1.029468981540973260e+01
-1.028166403064287238e+01
-1.026861175132910553e+01
-1.025552361618391650e+01
-1.024240909046822523e+01
-1.022925877550137663e+01
-1.021608217725250256e+01
-1.020286985935932123e+01
-1.018963136875641950e+01
-1.017635723111028412e+01
-1.016305703458073495e+01
-1.014972126656945584e+01
-1.013635955672352651e+01
-1.012296235388241072e+01
-1.010953932944464029e+01
-1.009608089338601289e+01
-1.008259675912333897e+01
-1.006907729746342639e+01
-1.005553226411032952e+01
-1.004195199039257425e+01
-1.002834627457319172e+01
-1.001470540818889710e+01
-1.000103923233606196e+01
-9.987337998442074039e+00
-9.973611590713604258e+00
-9.959850220147107080e+00
-9.946063814339224152e+00
-9.932242543529756773e+00
-9.918396378987882400e+00
-9.904515449866867272e+00
-9.890609771393755523e+00
-9.876669431301193569e+00
-9.862704489062561919e+00
-9.848704990651548030e+00
-9.834681040079214398e+00
-9.820622641217642723e+00
-9.806539942910385221e+00
-9.792422906580917186e+00
-9.778281726202948221e+00
-9.764106320400220085e+00
-9.749906928577619425e+00
-9.735673426203534930e+00
-9.721416098418618645e+00
-9.707124777175758723e+00
-9.692809793659256101e+00
-9.678460935942061028e+00
-9.664088581563655467e+00
-9.649682474347990535e+00
-9.635253038504778544e+00
-9.620789973235650550e+00
-9.606303749739282694e+00
-9.591784022216732097e+00
-9.577241309178450734e+00
-9.562665219442289199e+00
-9.548066319156928827e+00
-9.533434171369572496e+00
-9.518779390197712686e+00
-9.504091492525837737e+00
-9.489381140774915124e+00
-9.474637805269853885e+00
-9.459872197073870836e+00
-9.445073739550606362e+00
-9.430253192748793367e+00
-9.415399932664254123e+00
-9.400524768678518939e+00
-9.385617029008301415e+00
-9.370687572719958780e+00
-9.355725679834526076e+00
-9.340742259459794639e+00
-9.325726542999831281e+00
-9.310689489964991239e+00
-9.295620282715706395e+00
-9.280529931531123822e+00
-9.265407569296355561e+00
-9.250264257430034220e+00
-9.235089078905252435e+00
-9.219893146656131577e+00
-9.204665493301410706e+00
-9.189417283671776460e+00
-9.174137499584134048e+00
-9.158837358151943775e+00
-9.143505789937371731e+00
-9.128154064728244421e+00
-9.112771061373578618e+00
-9.097368102732552586e+00
-9.081934015477097333e+00
-9.066480175940347053e+00
-9.050995358147488901e+00
-9.035490992313887304e+00
-9.019955799342726621e+00
-9.004401263745473116e+00
-8.988816052822338420e+00
-8.973211705800903104e+00
-8.957576835891277511e+00
-8.941923037463157087e+00
-8.926238869143574561e+00
-8.910535980876570505e+00
-8.894802876207144493e+00
-8.879051261091841951e+00
-8.863269583488609271e+00
-8.847469605811404847e+00
-8.831639719919630593e+00
-8.815791745135985735e+00
-8.799914016703626274e+00
-8.784018411311990349e+00
-8.768093207063810013e+00
-8.752150338480069180e+00
-8.736178025992360929e+00
-8.720188262424992232e+00
-8.704169210000944901e+00
-8.688132920326701480e+00
-8.672067496872610803e+00
-8.655985050513121948e+00
-8.639873625415026126e+00
-8.623745392214198446e+00
-8.607588335215790920e+00
-8.591414685317955602e+00
-8.575212366399071584e+00
-8.558993670128113962e+00
-8.542746459384300550e+00
-8.526483087123619242e+00
-8.510191354646542194e+00
-8.493883676720288989e+00
-8.477547792479208866e+00
-8.461196179034255138e+00
-8.444816512758682947e+00
-8.428421333647770908e+00
-8.411998254711074097e+00
-8.395559879377158197e+00
-8.379093756681289307e+00
-8.362612554042916813e+00
-8.346103755904417554e+00
-8.329580094242514221e+00
-8.313028988279631548e+00
-8.296463235125120406e+00
-8.279870188146279730e+00
-8.263262710169344771e+00
-8.246628088062669448e+00
-8.229979250963079807e+00
-8.213303418587488025e+00
-8.196613586986309485e+00
-8.179896908063595262e+00
-8.163166445396226933e+00
-8.146409282404791341e+00
-8.129638550815199594e+00
-8.112841264884922410e+00
-8.096030625121603208e+00
-8.079193575930320392e+00
-8.062343387243178228e+00
-8.045466932914186131e+00
-8.028577552953283458e+00
-8.011662049954729525e+00
-7.994733834670111783e+00
-7.977779637715346261e+00
-7.960812941258464726e+00
-7.943820403208121661e+00
-7.926815577834673832e+00
-7.909785049600234430e+00
-7.892742445574389976e+00
-7.875674276022926357e+00
-7.858594241523238821e+00
-7.841488777383789355e+00
-7.824371658410194996e+00
-7.807229244181648653e+00
-7.790075384464250519e+00
-7.772896362324611452e+00
-7.755706103233857895e+00
-7.738490812950984399e+00
-7.721264493409168317e+00
-7.704013272253051881e+00
-7.686751228647478840e+00
-7.669464411303822615e+00
-7.652166977401331671e+00
-7.634844895886764071e+00
-7.617512402749738953e+00
-7.600155386328395046e+00
-7.582788162232180440e+00
-7.565396537333737292e+00
-7.547994907685568577e+00
-7.530568997824698130e+00
-7.513133285084101942e+00
-7.495673410781381385e+00
-7.478203934381774332e+00
-7.460710413086015791e+00
-7.443207489358015572e+00
-7.425680635369936056e+00
-7.408144577465869851e+00
-7.390584701863228467e+00
-7.373015819683091721e+00
-7.355423230247108535e+00
-7.337821830365831133e+00
-7.320196831509038660e+00
-7.302563217105203286e+00
-7.284906109800582286e+00
-7.267240580586396881e+00
-7.249551662297805343e+00
-7.231854514450379412e+00
-7.214134079064328020e+00
-7.196405605158193275e+00
-7.178653942916869646e+00
-7.160894431857960818e+00
-7.143111829293460779e+00
-7.125321566253957961e+00
-7.107508306123810904e+00
-7.089687572478611699e+00
-7.071843933702346874e+00
-7.053993006966527979e+00
-7.036119264563579279e+00
-7.018238418330802197e+00
-7.000334843359473425e+00
-6.982424347242078611e+00
-6.964491206739494622e+00
-6.946551326309019281e+00
-6.928588883232492890e+00
-6.910619879961652501e+00
-6.892628393130714848e+00
-6.874630524336524218e+00
-6.856610248376001415e+00
-6.838583767163473937e+00
-6.820534952447911969e+00
-6.802480107655076935e+00
-6.784403000253718119e+00
-6.766320036397441839e+00
-6.748214878020116991e+00
-6.730104035242788996e+00
-6.711971063187005093e+00
-6.693832577204078760e+00
-6.675672024302563123e+00
-6.657506126351022679e+00
-6.639318220920167768e+00
-6.621125137707692510e+00
-6.602910103496902217e+00
-6.584690057151650677e+00
-6.566448113293187561e+00
-6.548201321314452983e+00
-6.529932682274023570e+00
-6.511659357483534194e+00
-6.493364233011496012e+00
-6.475064583505052873e+00
-6.456743178588293830e+00
-6.438417407688336702e+00
-6.420069922502391613e+00
-6.401718228710946867e+00
-6.383344858572795211e+00
-6.364967435524719441e+00
-6.346568370846217277e+00
-6.328165407263000475e+00
-6.309740833504133839e+00
-6.291312513148202612e+00
-6.272862610771266390e+00
-6.254409112400274751e+00
-6.235934056823983163e+00
-6.217455554145744578e+00
-6.198955515699546837e+00
-6.180452177326842822e+00
-6.161927321205714847e+00
-6.143399310611488140e+00
-6.124849796830370785e+00
-6.106297272302982471e+00
-6.087723255651851240e+00
-6.069146370250217082e+00
-6.050548000248586078e+00
-6.031946901757597068e+00
-6.013324322609372885e+00
-5.994699153494918775e+00
-5.976052504042919544e+00
-5.957403401407045607e+00
-5.938732815087454320e+00
-5.920059910623230337e+00
-5.901365515419625396e+00
-5.882668935365681584e+00
-5.863950853762994520e+00
-5.845230718857741259e+00
-5.826489067795741050e+00
-5.807745493231418088e+00
-5.788980384057573758e+00
-5.770213479433471626e+00
-5.751425017855530619e+00
-5.732634887131029089e+00
-5.713823173168944614e+00
-5.695009914615635438e+00
-5.676175042552674910e+00
-5.657338748706106202e+00
-5.638480807039393916e+00
-5.619621564649814438e+00
-5.600740636039978071e+00
-5.581858526022275946e+00
-5.562954687242186225e+00
-5.544049784625052268e+00
-5.525123106507410675e+00
-5.506195480381412821e+00
-5.487246027765606549e+00
-5.468295741230006612e+00
-5.449323572907440294e+00
-5.430350683016156310e+00
-5.411355851674534811e+00
-5.392360409380478892e+00
-5.373342961546597074e+00
-5.354325011644816001e+00
-5.335284987625986908e+00
-5.316244568695407402e+00
-5.297182002519154942e+00
-5.278119146862596089e+00
-5.259034066214888448e+00
-5.239948799797364387e+00
-5.220841225958926302e+00
-5.201733568344251601e+00
-5.182603516124942189e+00
-5.163473480410435634e+00
-5.144320958081696205e+00
-5.125168550830757397e+00
-5.105993560055839708e+00
-5.086818781228394926e+00
-5.067621316990325475e+00
-5.048424159870955386e+00
-5.029204210398094510e+00
-5.009984661521840188e+00
-4.990742208210859232e+00
-4.971500247286341434e+00
-4.952235264622516731e+00
-4.932970864452347115e+00
-4.913683319926892779e+00
-4.894396446325262495e+00
-4.875086300349861013e+00
-4.855776912057076622e+00
-4.836444117874923343e+00
-4.817112166468746182e+00
-4.797756670062412354e+00
-4.778402099865968644e+00
-4.759023839861773020e+00
-4.739646587847880177e+00
-4.720245495416200754e+00
-4.700845491108085916e+00
-4.681421489860155383e+00
-4.661998655228084765e+00
-4.642551661108123007e+00
-4.623105910461795531e+00
-4.603635831635195963e+00
-4.584167071511858538e+00
-4.564673808248461029e+00
-4.545181937296431052e+00
-4.525665381848993363e+00
-4.506150290705969397e+00
-4.486610327183538693e+00
-4.467071898350206460e+00
-4.447508402586070275e+00
-4.427946510293857330e+00
-4.408359349707619224e+00
-4.388773859781141873e+00
-4.369162893234972422e+00
-4.349553662948022037e+00
-4.329918740596559346e+00
-4.310285618522063267e+00
-4.290626581655345717e+00
-4.270969407508478533e+00
-4.251286088388293471e+00
-4.231604692862561912e+00
-4.211896914550751880e+00
-4.192191119146512435e+00
-4.172458695326050737e+00
-4.152728312171339198e+00
-4.132971046958594741e+00
-4.113215878621542032e+00
-4.093433566370144661e+00
-4.073653405662634341e+00
-4.053845830757722979e+00
-4.034040460529810801e+00
-4.014207397172954828e+00
-3.994376590097517887e+00
-3.974517802080903106e+00
-3.954661320427933724e+00
-3.934776560897873310e+00
-3.914894156297704875e+00
-3.894983167506528510e+00
-3.875074580701804550e+00
-3.855137093747357024e+00
-3.835202054332349508e+00
-3.815237788884894066e+00
-3.795276015032247319e+00
-3.775284679047116398e+00
-3.755295877220625744e+00
-3.735277166636757684e+00
-3.715261031289448734e+00
-3.695214629712235688e+00
-3.675170842969356144e+00
-3.655096421337198809e+00
-3.635024652662401490e+00
-3.614921868895761836e+00
-3.594821774740222686e+00
-3.574690273372109761e+00
-3.554561496804692133e+00
-3.534400908591722068e+00
-3.514243078909845774e+00
-3.494053020421908684e+00
-3.473865752741132074e+00
-3.453645825929086310e+00
-3.433428720750532737e+00
-3.413178512489767780e+00
-3.392931155243577468e+00
-3.372650236852555050e+00
-3.352372197416021216e+00
-3.332060124147229185e+00
-3.311750956335758556e+00
-3.291407266838019652e+00
-3.271066507866949635e+00
-3.250690723616520561e+00
-3.230317893532180573e+00
-3.209909518230760650e+00
-3.189504119308040231e+00
-3.169062638245034869e+00
-3.148624154349477511e+00
-3.128149033726320916e+00
-3.107676929638061747e+00
-3.087167615851302838e+00
-3.066661336547910732e+00
-3.046117255428382631e+00
-3.025576225323755253e+00
-3.004996781328345801e+00
-2.984420403463964089e+00
-2.963804978816405811e+00
-2.943192634001768671e+00
-2.922540587778104104e+00
-2.901891633676126236e+00
-2.881202300831032570e+00
-2.860516070983626147e+00
-2.839788761312387333e+00
-2.819064564102139236e+00
-2.798298561133076401e+00
-2.777535678675289610e+00
-2.756730238486885032e+00
-2.735927925446176801e+00
-2.715082275402390444e+00
-2.694239757727568740e+00
-2.673353095124548773e+00
-2.652469568694717950e+00
-2.631541059310471109e+00
-2.610615688484452690e+00
-2.589644465023707376e+00
-2.568676381083978555e+00
-2.547661541507647787e+00
-2.526649840989407370e+00
-2.505590446718878095e+00
-2.484534189613634148e+00
-2.463429263597051833e+00
-2.442327471418471063e+00
-2.421175996046545542e+00
-2.400027649745377634e+00
-2.378828564601448647e+00
-2.357632602314735593e+00
-2.336384801742226625e+00
-2.315140116360349776e+00
-2.293842446829301718e+00
-2.272547883361391019e+00
-2.251199140612782035e+00
-2.229853493330295144e+00
-2.208452419274180123e+00
-2.187054428608119494e+00
-2.165599707948886454e+00
-2.144148057114046768e+00
-2.122638313672092991e+00
-2.101131624987833124e+00
-2.079565417682883943e+00
-2.058002248555230285e+00
-2.036378067011614501e+00
-2.014756905537288034e+00
-1.993073165265684343e+00
-1.971392425412755500e+00
-1.949647462516367558e+00
-1.927905478828933150e+00
-1.906097544173912084e+00
-1.884292565941220632e+00
-1.862419818721876119e+00
-1.840550003542009927e+00
-1.818610504160715680e+00
-1.796673910818610276e+00
-1.774665612986006780e+00
-1.752660193552045609e+00
-1.730580935498418294e+00
-1.708504526537961699e+00
-1.686352021207318863e+00
-1.664202333972341963e+00
-1.641974158047060151e+00
-1.619748767498863984e+00
-1.597442349075834711e+00
-1.575138681558449605e+00
-1.552751286262743502e+00
-1.530366605614149833e+00
-1.507895320894342195e+00
-1.485426712738628030e+00
-1.462868430036392109e+00
-1.440312783950031150e+00
-1.417664178370890316e+00
-1.395018167550104549e+00
-1.372275674582091876e+00
-1.349535732557533008e+00
-1.326695521281406442e+00
-1.303857815123677044e+00
-1.280915757226580798e+00
-1.257976156555436820e+00
-1.234927790293815608e+00
-1.211881831235165130e+00
-1.188722319271768413e+00
-1.165565162288811463e+00
-1.142289242044700170e+00
-1.119015622282789391e+00
-1.095617547064176023e+00
-1.072221715469872771e+00
-1.048695184121780200e+00
-1.025170837087440390e+00
-1.001508909233954636e+00
-9.778491038276108105e-01
-9.540440968054633153e-01
-9.302411476923470035e-01
-9.062845099501412038e-01
-8.823298627779309067e-01
-8.582120166125705163e-01
-8.340960907313393902e-01
-8.098062344746936869e-01
-7.855182251041868957e-01
-7.610440807829103038e-01
-7.365717066485794051e-01
-7.118991929283882136e-01
-6.872283691772883563e-01
-6.623411697143711807e-01
-6.374555762314836338e-01
-6.123345579681945816e-01
-5.872150576281445211e-01
-5.618374675939271645e-01
-5.364613030058971166e-01
-5.107996270701680164e-01
-4.851392792578907431e-01
-4.591595640160403002e-01
-4.331810742063308961e-01
-4.068403541384201794e-01
-3.805007507852727899e-01
-3.537428925139929903e-01
-3.269860353635334893e-01
-2.997345601455296826e-01
-2.724839624355643863e-01
-2.446284896126439123e-01
-2.167737610516292657e-01
-1.881409600544411698e-01
-1.595087579814045142e-01
-1.297868272375348186e-01
-1.000653337762338196e-01
-6.852710044594677308e-02
-3.698911741653210239e-02
-6.341394424280551239e-15
