2.000000000000031086e+00
1.980944831788199689e+00
1.925931866691486416e+00
1.840829768467755700e+00
1.733742657608678073e+00
1.613286945483323187e+00
1.487217607929171237e+00
1.361670157948697835e+00
1.240970716979337141e+00
1.127814590285361795e+00
1.023608873587361634e+00
9.288378041841428567e-01
8.433785038047438842e-01
7.667434084277815476e-01
6.982519316526785147e-01
6.371444234149403751e-01
5.826533552037909125e-01
5.340447661648519695e-01
4.906400260631589294e-01
4.518251294646269955e-01
4.170524484985966285e-01
3.858381858615388404e-01
3.577575926303933063e-01
3.324392235388254346e-01
3.095589842752450860e-01
2.888343928927217252e-01
2.700192622284170452e-01
2.528988586473890354e-01
2.372854740045205468e-01
2.230142764128500710e-01
2.099393319366869293e-01
1.979298350770897219e-01
1.868667788524574491e-01
1.766403993469208289e-01
1.671486532142099912e-01
1.582967578973980272e-01
1.499975636097308773e-01
1.421723560372750716e-01
1.347516643039077811e-01
1.276757480736236405e-01
1.208945966161781849e-01
1.143674267290380742e-01
1.080617755419707171e-01
1.019523369533313906e-01
9.601969540275434589e-02
9.024908518671692637e-02
8.462926480256216522e-02
7.915155657023523195e-02
7.380906924732788532e-02
6.859609820562204141e-02
6.350768372307194487e-02
5.853930133478760234e-02
5.368665681896560987e-02
4.894556027281441596e-02
4.431185728957462433e-02
3.978139938559034638e-02
3.535003986619859873e-02
3.101364489542426939e-02
2.676811249891291461e-02
2.260939456600652431e-02
1.853351868330926910e-02
1.453660791694522114e-02
1.061489756080804397e-02
6.764748472937856527e-03
2.982657007986722064e-03
-7.347382163143262312e-04
-4.390652359490578027e-03
-7.988152796773166642e-03
-1.153015954370209539e-02
-1.501944727831510534e-02
-1.845864861127667622e-02
-2.185025829862857066e-02
-2.519663813775186584e-02
-2.850002233045476757e-02
-3.176252313665944155e-02
-3.498613667701207242e-02
-3.817274877265551536e-02
-4.132414073563316081e-02
-4.444199504463771516e-02
-4.752790085776493340e-02
-5.058335932817994984e-02
-5.360978869944527103e-02
-5.660852916655264438e-02
-5.958084749509975908e-02
-6.252794139669361206e-02
-6.545094366265018226e-02
-6.835092606087669886e-02
-7.122890300321604862e-02
-7.408583499179875742e-02
-7.692263185417318183e-02
-7.974015577735547866e-02
-8.253922415141062841e-02
-8.532061223305495434e-02
-8.808505563982046982e-02
-9.083325268488921800e-02
-9.356586656252929846e-02
-9.628352739354020806e-02
-9.898683413973179135e-02
-1.016763563959973415e-01
-1.043526360680424869e-01
-1.070161889433822178e-01
-1.096675061627245956e-01
-1.123070555984644059e-01
-1.149352831465648567e-01
-1.175526139375443480e-01
-1.201594534722462276e-01
-1.227561886872116093e-01
-1.253431889546059996e-01
-1.279208070209693349e-01
-1.304893798889349699e-01
-1.330492296457221613e-01
-1.356006642419466945e-01
-1.381439782240035108e-01
-1.406794534231478322e-01
-1.432073596040515095e-01
-1.457279550755174735e-01
-1.482414872658143756e-01
-1.507481932648675749e-01
-1.532483003355014084e-01
-1.557420263956475204e-01
-1.582295804734171474e-01
-1.607111631366911764e-01
-1.631869668988662758e-01
-1.656571766022280345e-01
-1.681219697803449931e-01
-1.705815170007340398e-01
-1.730359821890641026e-01
-1.754855229359731372e-01
-1.779302907875714990e-01
-1.803704315205443831e-01
-1.828060854029281423e-01
-1.852373874411856469e-01
-1.876644676145794166e-01
-1.900874510974623621e-01
-1.925064584702559090e-01
-1.949216059197313999e-01
-1.973330054291948521e-01
-1.997407649592010948e-01
-2.021449886192769885e-01
-2.045457768311784719e-01
-2.069432264841718772e-01
-2.093374310827516571e-01
-2.117284808872206270e-01
-2.141164630475236030e-01
-2.165014617306985079e-01
-2.188835582423170056e-01
-2.212628311421782068e-01
-2.236393563546003604e-01
-2.260132072736146525e-01
-2.283844548632751326e-01
-2.307531677533818659e-01
-2.331194123308591160e-01
-2.354832528269533432e-01
-2.378447514005732344e-01
-2.402039682178293001e-01
-2.425609615281083542e-01
-2.449157877367453828e-01
-2.472685014745121534e-01
-2.496191556641057796e-01
-2.519678015837071849e-01
-2.543144889278539100e-01
-2.566592658656427495e-01
-2.590021790965319481e-01
-2.613432739037073738e-01
-2.636825942052524741e-01
-2.660201826031582950e-01
-2.683560804303140035e-01
-2.706903277955186038e-01
-2.730229636266751081e-01
-2.753540257122290558e-01
-2.776835507408697556e-01
-2.800115743397085799e-01
-2.823381311108295599e-01
-2.846632546664685792e-01
-2.869869776627382296e-01
-2.893093318320497098e-01
-2.916303480142334870e-01
-2.939500561864783479e-01
-2.962684854920838995e-01
-2.985856642681110062e-01
-3.009016200719660250e-01
-3.032163797069808431e-01
-3.055299692469906070e-01
-3.078424140600223291e-01
-3.101537388310686705e-01
-3.124639675839972486e-01
-3.147731237027005524e-01
-3.170812299513772192e-01
-3.193883084941501194e-01
-3.216943809139065080e-01
-3.239994682304829232e-01
-3.263035909181924987e-01
-3.286067689226868094e-01
-3.309090216772543336e-01
-3.332103681185126232e-01
-3.355108267015411982e-01
-3.378104154144961346e-01
-3.401091517927038455e-01
-3.424070529322429390e-01
-3.447041355030918686e-01
-3.470004157617720963e-01
-3.492959095636068434e-01
-3.515906323745155437e-01
-3.538845992824285469e-01
-3.561778250083229014e-01
-3.584703239168478550e-01
-3.607621100266290015e-01
-3.630531970202132697e-01
-3.653435982536775706e-01
-3.676333267659377957e-01
-3.699223952877149779e-01
-3.722108162502508200e-01
-3.744986017936963174e-01
-3.767857637752620725e-01
-3.790723137770762863e-01
-3.813582631138046630e-01
-3.836436228400259552e-01
-3.859284037573710302e-01
-3.882126164214161901e-01
-3.904962711483899729e-01
-3.927793780216409791e-01
-3.950619468979180704e-01
-3.973439874134556682e-01
-3.996255089898433366e-01
-4.019065208397502031e-01
-4.041870319724543137e-01
-4.064670511991932411e-01
-4.087465871383832994e-01
-4.110256482206291473e-01
-4.133042426936245906e-01
-4.155823786268987297e-01
-4.178600639163967956e-01
-4.201373062889441901e-01
-4.224141133065756337e-01
-4.246904923707275903e-01
-4.269664507263114528e-01
-4.292419954656678249e-01
-4.315171335324027302e-01
-4.337918717251122436e-01
-4.360662167009997092e-01
-4.383401749793877644e-01
-4.406137529451225054e-01
-4.428869568519052113e-01
-4.451597928254844017e-01
-4.474322668668039849e-01
-4.497043848550238976e-01
-4.519761525504794042e-01
-4.542475755975614593e-01
-4.565186595274776105e-01
-4.587894097609916400e-01
-4.610598316110320338e-01
-4.633299302852748602e-01
-4.655997108886240077e-01
-4.678691784256379105e-01
-4.701383378028831106e-01
-4.724071938312242036e-01
-4.746757512280678770e-01
-4.769440146195143559e-01
-4.792119885424717118e-01
-4.814796774467257068e-01
-4.837470856969225408e-01
-4.860142175745199578e-01
-4.882810772796788990e-01
-4.905476689331160767e-01
-4.928139965778953746e-01
-4.950800641811673453e-01
-4.973458756358895561e-01
-4.996114347624742713e-01
-5.018767453103988307e-01
-5.041418109597894937e-01
-5.064066353229560447e-01
-5.086712219458646711e-01
-5.109355743096267721e-01
-5.131996958318891799e-01
-5.154635898682237150e-01
-5.177272597134822130e-01
-5.199907086031115844e-01
-5.222539397144077000e-01
-5.245169561678081349e-01
-5.267797610280601228e-01
-5.290423573054537920e-01
-5.313047479569423803e-01
-5.335669358872866530e-01
-5.358289239501683454e-01
-5.380907149492392127e-01
-5.403523116391838466e-01
-5.426137167267471861e-01
-5.448749328717139573e-01
-5.471359626878973259e-01
-5.493968087440856962e-01
-5.516574735649679706e-01
-5.539179596320366050e-01
-5.561782693844671277e-01
-5.584384052200022097e-01
-5.606983694957656805e-01
-5.629581645291001912e-01
-5.652177925983703499e-01
-5.674772559437343267e-01
-5.697365567679301135e-01
-5.719956972370019432e-01
-5.742546794810433619e-01
-5.765135055949067722e-01
-5.787721776389069817e-01
-5.810306976394835621e-01
-5.832890675898934063e-01
-5.855472894508371162e-01
-5.878053651511090383e-01
-5.900632965882040004e-01
-5.923210856289535808e-01
-5.945787341100733370e-01
-5.968362438387891933e-01
-5.990936165933706814e-01
-6.013508541237092553e-01
-6.036079581518362103e-01
-6.058649303724795709e-01
-6.081217724535553648e-01
-6.103784860367001963e-01
-6.126350727377418703e-01
-6.148915341472052098e-01
-6.171478718307662481e-01
-6.194040873297433913e-01
-6.216601821615209689e-01
-6.239161578200156377e-01
-6.261720157760922723e-01
-6.284277574780110509e-01
-6.306833843518205862e-01
-6.329388978017796985e-01
-6.351942992107528774e-01
-6.374495899406000810e-01
-6.397047713325536566e-01
-6.419598447075941516e-01
-6.442148113668204612e-01
-6.464696725918028797e-01
-6.487244296449395931e-01
-6.509790837697865262e-01
-6.532336361914091727e-01
-6.554880881167006734e-01
-6.577424407347166602e-01
-6.599966952169741274e-01
-6.622508527177690674e-01
-6.645049143744846676e-01
-6.667588813078785259e-01
-6.690127546223718635e-01
-6.712665354063569456e-01
-6.735202247324388880e-01
-6.757738236577381929e-01
-6.780273332241458784e-01
-6.802807544585889321e-01
-6.825340883732951003e-01
-6.847873359660168191e-01
-6.870404982203183186e-01
-6.892935761057916721e-01
-6.915465705782886108e-01
-6.937994825801875320e-01
-6.960523130405711356e-01
-6.983050628755016476e-01
-7.005577329881987891e-01
-7.028103242692794739e-01
-7.050628375969582029e-01
-7.073152738372430193e-01
-7.095676338441808673e-01
-7.118199184599897089e-01
-7.140721285153240894e-01
-7.163242648294044779e-01
-7.185763282102414218e-01
-7.208283194548149586e-01
-7.230802393492443692e-01
-7.253320886689730296e-01
-7.275838681789404960e-01
-7.298355786337467066e-01
-7.320872207778241769e-01
-7.343387953456091966e-01
-7.365903030616902658e-01
-7.388417446409676348e-01
-7.410931207888189487e-01
-7.433444322012409122e-01
-7.455956795649951729e-01
-7.478468635577716350e-01
-7.500979848483140255e-01
-7.523490440965706627e-01
-7.546000419538321236e-01
-7.568509790628625833e-01
-7.591018560580304886e-01
-7.613526735654719824e-01
-7.636034322031551858e-01
-7.658541325810740430e-01
-7.681047753013300339e-01
-7.703553609582671768e-01
-7.726058901385928213e-01
-7.748563634214969964e-01
-7.771067813787586598e-01
-7.793571445748639359e-01
-7.816074535671287959e-01
-7.838577089057856551e-01
-7.861079111340998349e-01
-7.883580607884957958e-01
-7.906081583986269701e-01
-7.928582044875016610e-01
-7.951081995715680861e-01
-7.973581441608234011e-01
-7.996080387589094007e-01
-8.018578838632004491e-01
-8.041076799648992912e-01
-8.063574275491325327e-01
-8.086071270950409007e-01
-8.108567790758537397e-01
-8.131063839590013664e-01
-8.153559422061721351e-01
-8.176054542734310093e-01
-8.198549206112567544e-01
-8.221043416646630630e-01
-8.243537178732619486e-01
-8.266030496713395737e-01
-8.288523374879444017e-01
-8.311015817469433742e-01
-8.333507828671257167e-01
-8.355999412622413525e-01
-8.378490573411083719e-01
-8.400981315076562206e-01
-8.423471641610021932e-01
-8.445961556955343674e-01
-8.468451065009626744e-01
-8.490940169623923950e-01
-8.513428874603848895e-01
-8.535917183710279854e-01
-8.558405100659891573e-01
-8.580892629125876914e-01
-8.603379772738564135e-01
-8.625866535085898734e-01
-8.648352919714104026e-01
-8.670838930128366151e-01
-8.693324569793128287e-01
-8.715809842133013241e-01
-8.738294750533047717e-01
-8.760779298339425036e-01
-8.783263488859968104e-01
-8.805747325364566835e-01
-8.828230811085913121e-01
-8.850713949219698451e-01
-8.873196742925518743e-01
-8.895679195327040878e-01
-8.918161309512520063e-01
-8.940643088535417116e-01
-8.963124535414842553e-01
-8.985605653135967374e-01
-9.008086444650470481e-01
-9.030566912876994978e-01
-9.053047060701627791e-01
-9.075526890978397043e-01
-9.098006406529454138e-01
-9.120485610145792066e-01
-9.142964504587473007e-01
-9.165443092584112383e-01
-9.187921376835243015e-01
-9.210399360010778080e-01
-9.232877044751256479e-01
-9.255354433668405711e-01
-9.277831529345406114e-01
-9.300308334337334948e-01
-9.322784851171461717e-01
-9.345261082347658954e-01
-9.367737030338667559e-01
-9.390212697590680779e-01
-9.412688086523383069e-01
-9.435163199530480771e-01
-9.457638038979997441e-01
-9.480112607214652432e-01
-9.502586906552036305e-01
-9.525060939285120432e-01
-9.547534707682419075e-01
-9.570008213988361323e-01
-9.592481460423696316e-01
-9.614954449185527663e-01
-9.637427182447910745e-01
-9.659899662361967065e-01
-9.682371891056235080e-01
-9.704843870636933323e-01
-9.727315603188236848e-01
-9.749787090772521481e-01
-9.772258335430802356e-01
-9.794729339182765004e-01
-9.817200104027108409e-01
-9.839670631942005752e-01
-9.862140924885051119e-01
-9.884610984793651411e-01
-9.907080813585343870e-01
-9.929550413157962607e-01
-9.952019785389886186e-01
-9.974488932140250785e-01
-9.996957855249247737e-01
-1.001942655653832892e+00
-1.004189503781043546e+00
-1.006436330085025865e+00
-1.008683134742428544e+00
-1.010929917928130806e+00
-1.013176679815242620e+00
-1.015423420575130020e+00
-1.017670140377439747e+00
-1.019916839390124785e+00
-1.022163517779449915e+00
-1.024410175710020354e+00
-1.026656813344803076e+00
-1.028903430845152345e+00
-1.031150028370809268e+00
-1.033396606079939106e+00
-1.035643164129149030e+00
-1.037889702673491010e+00
-1.040136221866494237e+00
-1.042382721860183992e+00
-1.044629202805094526e+00
-1.046875664850275278e+00
-1.049122108143335730e+00
-1.051368532830438518e+00
-1.053614939056324085e+00
-1.055861326964324221e+00
-1.058107696696392486e+00
-1.060354048393094217e+00
-1.062600382193653159e+00
-1.064846698235943245e+00
-1.067092996656506587e+00
-1.069339277590588333e+00
-1.071585541172126455e+00
-1.073831787533785276e+00
-1.076078016806959026e+00
-1.078324229121790490e+00
-1.080570424607188773e+00
-1.082816603390835963e+00
-1.085062765599202450e+00
-1.087308911357570462e+00
-1.089555040790034734e+00
-1.091801154019520492e+00
-1.094047251167799883e+00
-1.096293332355505301e+00
-1.098539397702130493e+00
-1.100785447326059652e+00
-1.103031481344571629e+00
-1.105277499873852154e+00
-1.107523503029001155e+00
-1.109769490924058744e+00
-1.112015463672010096e+00
-1.114261421384785011e+00
-1.116507364173290773e+00
-1.118753292147412148e+00
-1.120999205416011835e+00
-1.123245104086971091e+00
-1.125490988267169534e+00
-1.127736858062518888e+00
-1.129982713577959208e+00
-1.132228554917474428e+00
-1.134474382184101682e+00
-1.136720195479947959e+00
-1.138965994906191215e+00
-1.141211780563098133e+00
-1.143457552550021239e+00
-1.145703310965425548e+00
-1.147949055906893667e+00
-1.150194787471121138e+00
-1.152440505753947075e+00
-1.154686210850345285e+00
-1.156931902854447358e+00
-1.159177581859539785e+00
-1.161423247958087712e+00
-1.163668901241720954e+00
-1.165914541801271964e+00
-1.168160169726760511e+00
-1.170405785107410335e+00
-1.172651388031661357e+00
-1.174896978587179008e+00
-1.177142556860845790e+00
-1.179388122938789918e+00
-1.181633676906387764e+00
-1.183879218848268744e+00
-1.186124748848310650e+00
-1.188370266989673629e+00
-1.190615773354797069e+00
-1.192861268025392052e+00
-1.195106751082471996e+00
-1.197352222606341998e+00
-1.199597682676613486e+00
-1.201843131372223317e+00
-1.204088568771413570e+00
-1.206333994951762190e+00
-1.208579409990176989e+00
-1.210824813962915414e+00
-1.213070206945569440e+00
-1.215315589013099773e+00
-1.217560960239816747e+00
-1.219806320699413860e+00
-1.222051670464940676e+00
-1.224297009608835030e+00
-1.226542338202927462e+00
-1.228787656318433452e+00
-1.231032964025974730e+00
-1.233278261395568620e+00
-1.235523548496656465e+00
-1.237768825398086303e+00
-1.240014092168130855e+00
-1.242259348874497960e+00
-1.244504595584326578e+00
-1.246749832364195010e+00
-1.248995059280127773e+00
-1.251240276397603823e+00
-1.253485483781546561e+00
-1.255730681496365131e+00
-1.257975869605916008e+00
-1.260221048173530534e+00
-1.262466217262033341e+00
-1.264711376933710385e+00
-1.266956527250355125e+00
-1.269201668273243433e+00
-1.271446800063151805e+00
-1.273691922680364685e+00
-1.275937036184668028e+00
-1.278182140635361952e+00
-1.280427236091267629e+00
-1.282672322610726390e+00
-1.284917400251604613e+00
-1.287162469071307713e+00
-1.289407529126768370e+00
-1.291652580474463186e+00
-1.293897623170418232e+00
-1.296142657270200171e+00
-1.298387682828935796e+00
-1.300632699901309808e+00
-1.302877708541567481e+00
-1.305122708803527098e+00
-1.307367700740561078e+00
-1.309612684405631278e+00
-1.311857659851276559e+00
-1.314102627129617007e+00
-1.316347586292356597e+00
-1.318592537390791630e+00
-1.320837480475820280e+00
-1.323082415597923944e+00
-1.325327342807200770e+00
-1.327572262153346117e+00
-1.329817173685670095e+00
-1.332062077453096238e+00
-1.334306973504161498e+00
-1.336551861887022907e+00
-1.338796742649466243e+00
-1.341041615838904688e+00
-1.343286481502371732e+00
-1.345531339686559580e+00
-1.347776190437766086e+00
-1.350021033801959147e+00
-1.352265869824734956e+00
-1.354510698551345316e+00
-1.356755520026687645e+00
-1.359000334295315859e+00
-1.361245141401440595e+00
-1.363489941388942750e+00
-1.365734734301354614e+00
-1.367979520181875630e+00
-1.370224299073384389e+00
-1.372469071018427966e+00
-1.374713836059223926e+00
-1.376958594237684297e+00
-1.379203345595384045e+00
-1.381448090173594601e+00
-1.383692828013275200e+00
-1.385937559155068222e+00
-1.388182283639313841e+00
-1.390427001506051585e+00
-1.392671712795013672e+00
-1.394916417545638998e+00
-1.397161115797069364e+00
-1.399405807588145034e+00
-1.401650492957430272e+00
-1.403895171943188913e+00
-1.406139844583412568e+00
-1.408384510915795973e+00
-1.410629170977765634e+00
-1.412873824806454293e+00
-1.415118472438740227e+00
-1.417363113911215944e+00
-1.419607749260201945e+00
-1.421852378521757165e+00
-1.424097001731675638e+00
-1.426341618925476284e+00
-1.428586230138433999e+00
-1.430830835405555002e+00
-1.433075434761589939e+00
-1.435320028241033885e+00
-1.437564615878133889e+00
-1.439809197706886090e+00
-1.442053773761035496e+00
-1.444298344074085305e+00
-1.446542908679299133e+00
-1.448787467609693014e+00
-1.451032020898041619e+00
-1.453276568576888472e+00
-1.455521110678545726e+00
-1.457765647235083284e+00
-1.460010178278345672e+00
-1.462254703839946268e+00
-1.464499223951271745e+00
-1.466743738643488282e+00
-1.468988247947532466e+00
-1.471232751894124169e+00
-1.473477250513756553e+00
-1.475721743836721389e+00
-1.477966231893075744e+00
-1.480210714712676401e+00
-1.482455192325160986e+00
-1.484699664759965287e+00
-1.486944132046305267e+00
-1.489188594213200156e+00
-1.491433051289464462e+00
-1.493677503303697751e+00
-1.495921950284309521e+00
-1.498166392259513202e+00
-1.500410829257311951e+00
-1.502655261305516410e+00
-1.504899688431746041e+00
-1.507144110663432679e+00
-1.509388528027798104e+00
-1.511632940551896898e+00
-1.513877348262580691e+00
-1.516121751186517264e+00
-1.518366149350192318e+00
-1.520610542779905705e+00
-1.522854931501775422e+00
-1.525099315541741829e+00
-1.527343694925560769e+00
-1.529588069678815776e+00
-1.531832439826908976e+00
-1.534076805395074405e+00
-1.536321166408372019e+00
-1.538565522891679249e+00
-1.540809874869714546e+00
-1.543054222367028938e+00
-1.545298565407996705e+00
-1.547542904016833587e+00
-1.549787238217583685e+00
-1.552031568034134335e+00
-1.554275893490205451e+00
-1.556520214609361741e+00
-1.558764531415001819e+00
-1.561008843930368650e+00
-1.563253152178549099e+00
-1.565497456182479485e+00
-1.567741755964927819e+00
-1.569986051548519779e+00
-1.572230342955729165e+00
-1.574474630208877235e+00
-1.576718913330130700e+00
-1.578963192341514610e+00
-1.581207467264901911e+00
-1.583451738122025443e+00
-1.585696004934468384e+00
-1.587940267723670695e+00
-1.590184526510934004e+00
-1.592428781317409392e+00
-1.594673032164122484e+00
-1.596917279071948137e+00
-1.599161522061620211e+00
-1.601405761153746665e+00
-1.603649996368792241e+00
-1.605894227727095336e+00
-1.608138455248844689e+00
-1.610382678954113356e+00
-1.612626898862829172e+00
-1.614871114994802959e+00
-1.617115327369710753e+00
-1.619359536007085820e+00
-1.621603740926355286e+00
-1.623847942146811052e+00
-1.626092139687612903e+00
-1.628336333567803829e+00
-1.630580523806306914e+00
-1.632824710421915571e+00
-1.635068893433295756e+00
-1.637313072859006624e+00
-1.639557248717481208e+00
-1.641801421027031749e+00
-1.644045589805853247e+00
-1.646289755072027683e+00
-1.648533916843512692e+00
-1.650778075138160883e+00
-1.653022229973701851e+00
-1.655266381367758388e+00
-1.657510529337828720e+00
-1.659754673901319144e+00
-1.661998815075507618e+00
-1.664242952877571513e+00
-1.666487087324570959e+00
-1.668731218433469055e+00
-1.670975346221109437e+00
-1.673219470704234046e+00
-1.675463591899483351e+00
-1.677707709823383242e+00
-1.679951824492363244e+00
-1.682195935922744967e+00
-1.684440044130752323e+00
-1.686684149132502863e+00
-1.688928250944006892e+00
-1.691172349581189893e+00
-1.693416445059863884e+00
-1.695660537395746514e+00
-1.697904626604462619e+00
-1.700148712701529341e+00
-1.702392795702369233e+00
-1.704636875622319137e+00
-1.706880952476607982e+00
-1.709125026280377213e+00
-1.711369097048674570e+00
-1.713613164796444543e+00
-1.715857229538552797e+00
-1.718101291289767962e+00
-1.720345350064764078e+00
-1.722589405878128588e+00
-1.724833458744358339e+00
-1.727077508677857809e+00
-1.729321555692948209e+00
-1.731565599803863487e+00
-1.733809641024735893e+00
-1.736053679369637059e+00
-1.738297714852527820e+00
-1.740541747487302393e+00
-1.742785777287752635e+00
-1.745029804267599571e+00
-1.747273828440477628e+00
-1.749517849819940185e+00
-1.751761868419445589e+00
-1.754005884252393566e+00
-1.756249897332085252e+00
-1.758493907671741852e+00
-1.760737915284512622e+00
-1.762981920183464002e+00
-1.765225922381580270e+00
-1.767469921891774876e+00
-1.769713918726875557e+00
-1.771957912899640109e+00
-1.774201904422743947e+00
-1.776445893308796986e+00
-1.778689879570309884e+00
-1.780933863219750668e+00
-1.783177844269492773e+00
-1.785421822731833252e+00
-1.787665798619004542e+00
-1.789909771943172467e+00
-1.792153742716414255e+00
-1.794397710950748515e+00
-1.796641676658117248e+00
-1.798885639850388296e+00
-1.801129600539368880e+00
-1.803373558736786064e+00
-1.805617514454306072e+00
-1.807861467703521186e+00
-1.810105418495959073e+00
-1.812349366843076348e+00
-1.814593312756266563e+00
-1.816837256246850218e+00
-1.819081197326087862e+00
-1.821325136005166323e+00
-1.823569072295218474e+00
-1.825813006207300582e+00
-1.828056937752414068e+00
-1.830300866941488858e+00
-1.832544793785391812e+00
-1.834788718294937615e+00
-1.837032640480861012e+00
-1.839276560353843903e+00
-1.841520477924511123e+00
-1.843764393203415342e+00
-1.846008306201059934e+00
-1.848252216927871672e+00
-1.850496125394234248e+00
-1.852740031610455418e+00
-1.854983935586804522e+00
-1.857227837333473852e+00
-1.859471736860599078e+00
-1.861715634178263468e+00
-1.863959529296492557e+00
-1.866203422225255038e+00
-1.868447312974456542e+00
-1.870691201553950966e+00
-1.872935087973531143e+00
-1.875178972242946385e+00
-1.877422854371875838e+00
-1.879666734369950243e+00
-1.881910612246749492e+00
-1.884154488011793305e+00
-1.886398361674545887e+00
-1.888642233244425928e+00
-1.890886102730793494e+00
-1.893129970142955587e+00
-1.895373835490165249e+00
-1.897617698781629558e+00
-1.899861560026504526e+00
-1.902105419233879546e+00
-1.904349276412815151e+00
-1.906593131572301258e+00
-1.908836984721289154e+00
-1.911080835868682382e+00
-1.913324685023318317e+00
-1.915568532194005691e+00
-1.917812377389490175e+00
-1.920056220618474807e+00
-1.922300061889609779e+00
-1.924543901211502872e+00
-1.926787738592707244e+00
-1.929031574041735864e+00
-1.931275407567051072e+00
-1.933519239177068139e+00
-1.935763068880154147e+00
-1.938006896684633107e+00
-1.940250722598782396e+00
-1.942494546630836538e+00
-1.944738368788975658e+00
-1.946982189081345238e+00
-1.949226007516039250e+00
-1.951469824101113248e+00
-1.953713638844569278e+00
-1.955957451754375631e+00
-1.958201262838451973e+00
-1.960445072104675779e+00
-1.962688879560879673e+00
-1.964932685214859642e+00
-1.967176489074360379e+00
-1.969420291147091273e+00
-1.971664091440717081e+00
-1.973907889962858153e+00
-1.976151686721102196e+00
-1.978395481722985627e+00
-1.980639274976012887e+00
-1.982883066487641788e+00
-1.985126856265288842e+00
-1.987370644316342805e+00
-1.989614430648129817e+00
-1.991858215267964693e+00
-1.994101998183095414e+00
-1.996345779400756193e+00
-1.998589558928121734e+00
-2.000833336772342541e+00
-2.003077112940520266e+00
-2.005320887439725031e+00
-2.007564660276989432e+00
-2.009808431459300326e+00
-2.012052200993623252e+00
-2.014295968886876231e+00
-2.016539735145931544e+00
-2.018783499777642820e+00
-2.021027262788817058e+00
-2.023271024186228395e+00
-2.025514783976615885e+00
-2.027758542166673283e+00
-2.030002298763073032e+00
-2.032246053772448047e+00
-2.034489807201387279e+00
-2.036733559056453036e+00
-2.038977309344176536e+00
-2.041221058071047700e+00
-2.043464805243518700e+00
-2.045708550868019060e+00
-2.047952294950940555e+00
-2.050196037498635881e+00
-2.052439778517425317e+00
-2.054683518013610044e+00
-2.056927255993436621e+00
-2.059170992463132066e+00
-2.061414727428892313e+00
-2.063658460896871993e+00
-2.065902192873199983e+00
-2.068145923363970962e+00
-2.070389652375252520e+00
-2.072633379913071838e+00
-2.074877105983433001e+00
-2.077120830592303680e+00
-2.079364553745621347e+00
-2.081608275449290169e+00
-2.083851995709198768e+00
-2.086095714531182477e+00
-2.088339431921059752e+00
-2.090583147884618409e+00
-2.092826862427604517e+00
-2.095070575555754822e+00
-2.097314287274762989e+00
-2.099557997590293823e+00
-2.101801706507980594e+00
-2.104045414033437034e+00
-2.106289120172234686e+00
-2.108532824929927330e+00
-2.110776528312033218e+00
-2.113020230324049287e+00
-2.115263930971430728e+00
-2.117507630259609197e+00
-2.119751328193999473e+00
-2.121995024779977257e+00
-2.124238720022889382e+00
-2.126482413928057813e+00
-2.128726106500777426e+00
-2.130969797746307570e+00
-2.133213487669892050e+00
-2.135457176276738256e+00
-2.137700863572026044e+00
-2.139944549560909515e+00
-2.142188234248518786e+00
-2.144431917639948004e+00
-2.146675599740270002e+00
-2.148919280554527411e+00
-2.151162960087742437e+00
-2.153406638344891100e+00
-2.155650315330949418e+00
-2.157893991050836568e+00
-2.160137665509466398e+00
-2.162381338711720336e+00
-2.164625010662436289e+00
-2.166868681366446836e+00
-2.169112350828540592e+00
-2.171356019053490627e+00
-2.173599686046029156e+00
-2.175843351810867965e+00
-2.178087016352685534e+00
-2.180330679676143024e+00
-2.182574341785854077e+00
-2.184818002686423011e+00
-2.187061662382407956e+00
-2.189305320878349281e+00
-2.191548978178750495e+00
-2.193792634288091570e+00
-2.196036289210808956e+00
-2.198279942951328003e+00
-2.200523595514021213e+00
-2.202767246903249543e+00
-2.205010897123325098e+00
-2.207254546178528010e+00
-2.209498194073122868e+00
-2.211741840811320525e+00
-2.213985486397311409e+00
-2.216229130835233985e+00
-2.218472774129207625e+00
-2.220716416283303740e+00
-2.222960057301562653e+00
-2.225203697187982943e+00
-2.227447335946523665e+00
-2.229690973581101243e+00
-2.231934610095598792e+00
-2.234178245493847470e+00
-2.236421879779634025e+00
-2.238665512956706571e+00
-2.240909145028767924e+00
-2.243152775999466275e+00
-2.245396405872398748e+00
-2.247640034651120722e+00
-2.249883662339128065e+00
-2.252127288939858474e+00
-2.254370914456704789e+00
-2.256614538892995903e+00
-2.258858162251992319e+00
-2.261101784536898585e+00
-2.263345405750856631e+00
-2.265589025896943109e+00
-2.267832644978148959e+00
-2.270076262997409167e+00
-2.272319879957571676e+00
-2.274563495861421369e+00
-2.276807110711636550e+00
-2.279050724510834236e+00
-2.281294337261529304e+00
-2.283537948966151365e+00
-2.285781559627028781e+00
-2.288025169246387769e+00
-2.290268777826356406e+00
-2.292512385368953076e+00
-2.294755991876080703e+00
-2.296999597349523192e+00
-2.299243201790946323e+00
-2.301486805201877761e+00
-2.303730407583724826e+00
-2.305974008937736297e+00
-2.308217609265030834e+00
-2.310461208566572111e+00
-2.312704806843155936e+00
-2.314948404095420909e+00
-2.317192000323828882e+00
-2.319435595528661853e+00
-2.321679189710005531e+00
-2.323922782867767545e+00
-2.326166375001630815e+00
-2.328409966111067320e+00
-2.330653556195334541e+00
-2.332897145253442606e+00
-2.335140733284169379e+00
-2.337384320286036488e+00
-2.339627906257285783e+00
-2.341871491195901545e+00
-2.344115075099564294e+00
-2.346358657965660122e+00
-2.348602239791258928e+00
-2.350845820573099321e+00
-2.353089400307582402e+00
-2.355332978990746895e+00
-2.357576556618259822e+00
-2.359820133185404067e+00
-2.362063708687056618e+00
-2.364307283117665470e+00
-2.366550856471248743e+00
-2.368794428741366254e+00
-2.371037999921087991e+00
-2.373281570003006102e+00
-2.375525138979174500e+00
-2.377768706841128399e+00
-2.380012273579826143e+00
-2.382255839185643875e+00
-2.384499403648364435e+00
-2.386742966957113410e+00
-2.388986529100375122e+00
-2.391230090065947778e+00
-2.393473649840908823e+00
-2.395717208411598076e+00
-2.397960765763595514e+00
-2.400204321881657332e+00
-2.402447876749723932e+00
-2.404691430350867076e+00
-2.406934982667261469e+00
-2.409178533680135459e+00
-2.411422083369759939e+00
-2.413665631715393278e+00
-2.415909178695246684e+00
-2.418152724286446009e+00
-2.420396268464985123e+00
-2.422639811205694826e+00
-2.424883352482190002e+00
-2.427126892266822100e+00
-2.429370430530633396e+00
-2.431613967243324126e+00
-2.433857502373172110e+00
-2.436101035887015431e+00
-2.438344567750168945e+00
-2.440588097926394529e+00
-2.442831626377826026e+00
-2.445075153064919515e+00
-2.447318677946396015e+00
-2.449562200979174875e+00
-2.451805722118308051e+00
-2.454049241316924590e+00
-2.456292758526146702e+00
-2.458536273695044905e+00
-2.460779786770538102e+00
-2.463023297697340741e+00
-2.465266806417885537e+00
-2.467510312872224443e+00
-2.469753816997987794e+00
-2.471997318730265292e+00
-2.474240818001530950e+00
-2.476484314741578707e+00
-2.478727808877400296e+00
-2.480971300333115970e+00
-2.483214789029871028e+00
-2.485458274885753660e+00
-2.487701757815654169e+00
-2.489945237731229888e+00
-2.492188714540738648e+00
-2.494432188148965057e+00
-2.496675658457107261e+00
-2.498919125362650817e+00
-2.501162588759259453e+00
-2.503406048536676920e+00
-2.505649504580565345e+00
-2.507892956772410642e+00
-2.510136404989400827e+00
-2.512379849104257712e+00
-2.514623288985146754e+00
-2.516866724495509633e+00
-2.519110155493938130e+00
-2.521353581834027135e+00
-2.523597003364233871e+00
-2.525840419927704250e+00
-2.528083831362160527e+00
-2.530327237499697013e+00
-2.532570638166659283e+00
-2.534814033183451887e+00
-2.537057422364382919e+00
-2.539300805517495263e+00
-2.541544182444379185e+00
-2.543787552940006247e+00
-2.546030916792534349e+00
-2.548274273783129651e+00
-2.550517623685769397e+00
-2.552760966267050513e+00
-2.555004301285987101e+00
-2.557247628493818148e+00
-2.559490947633777047e+00
-2.561734258440911294e+00
-2.563977560641842235e+00
-2.566220853954551462e+00
-2.568464138088167203e+00
-2.570707412742720077e+00
-2.572950677608923264e+00
-2.575193932367924710e+00
-2.577437176691076193e+00
-2.579680410239685528e+00
-2.581923632664751000e+00
-2.584166843606725106e+00
-2.586410042695244993e+00
-2.588653229548870005e+00
-2.590896403774819223e+00
-2.593139564968685029e+00
-2.595382712714161322e+00
-2.597625846582766851e+00
-2.599868966133536574e+00
-2.602112070912768083e+00
-2.604355160453672990e+00
-2.606598234276118475e+00
-2.608841291886293767e+00
-2.611084332776413497e+00
-2.613327356424388626e+00
-2.615570362293516471e+00
-2.617813349832136982e+00
-2.620056318473328982e+00
-2.622299267634542463e+00
-2.624542196717274400e+00
-2.626785105106718365e+00
-2.629027992171414585e+00
-2.631270857262902663e+00
-2.633513699715326339e+00
-2.635756518845105312e+00
-2.637999313950553759e+00
-2.640242084311493098e+00
-2.642484829188865625e+00
-2.644727547824385017e+00
-2.646970239440094019e+00
-2.649212903238006955e+00
-2.651455538399688727e+00
-2.653698144085867128e+00
-2.655940719435995856e+00
-2.658183263567860166e+00
-2.660425775577149210e+00
-2.662668254537027046e+00
-2.664910699497711644e+00
-2.667153109486031681e+00
-2.669395483504979794e+00
-2.671637820533293350e+00
-2.673880119524989496e+00
-2.676122379408894414e+00
-2.678364599088219666e+00
-2.680606777440075472e+00
-2.682848913315015515e+00
-2.685091005536552444e+00
-2.687333052900692909e+00
-2.689575054175461499e+00
-2.691817008100395370e+00
-2.694058913386078391e+00
-2.696300768713641549e+00
-2.698542572734252687e+00
-2.700784324068628006e+00
-2.703026021306538240e+00
-2.705267663006272638e+00
-2.707509247694147358e+00
-2.709750773863974782e+00
-2.711992239976567021e+00
-2.714233644459181249e+00
-2.716474985705022771e+00
-2.718716262072687684e+00
-2.720957471885649959e+00
-2.723198613431719650e+00
-2.725439684962495335e+00
-2.727680684692835200e+00
-2.729921610800289944e+00
-2.732162461424589406e+00
-2.734403234667055926e+00
-2.736643928590062114e+00
-2.738884541216498825e+00
-2.741125070529174756e+00
-2.743365514470297750e+00
-2.745605870940877047e+00
-2.747846137800186384e+00
-2.750086312865184901e+00
-2.752326393909948710e+00
-2.754566378665105564e+00
-2.756806264817261987e+00
-2.759046050008438833e+00
-2.761285731835482427e+00
-2.763525307849505008e+00
-2.765764775555306088e+00
-2.768004132410791573e+00
-2.770243375826401788e+00
-2.772482503164540812e+00
-2.774721511738984070e+00
-2.776960398814316999e+00
-2.779199161605351964e+00
-2.781437797276550494e+00
-2.783676302941444192e+00
-2.785914675662073847e+00
-2.788152912448393028e+00
-2.790391010257708526e+00
-2.792628965994111923e+00
-2.794866776507881845e+00
-2.797104438594947062e+00
-2.799341948996293628e+00
-2.801579304397414649e+00
-2.803816501427731644e+00
-2.806053536660025660e+00
-2.808290406609905254e+00
-2.810527107735225183e+00
-2.812763636435525072e+00
-2.814999989051499174e+00
-2.817236161864438149e+00
-2.819472151095665069e+00
-2.821707952906012284e+00
-2.823943563395280520e+00
-2.826178978601687319e+00
-2.828414194501364332e+00
-2.830649207007788881e+00
-2.832884011971299465e+00
-2.835118605178555296e+00
-2.837352982352019826e+00
-2.839587139149469586e+00
-2.841821071163474155e+00
-2.844054773920902335e+00
-2.846288242882423436e+00
-2.848521473442037877e+00
-2.850754460926569589e+00
-2.852987200595204165e+00
-2.855219687639027004e+00
-2.857451917180542367e+00
-2.859683884273228838e+00
-2.861915583901086357e+00
-2.864147010978201457e+00
-2.866378160348288517e+00
-2.868609026784292304e+00
-2.870839604987950988e+00
-2.873069889589382697e+00
-2.875299875146683171e+00
-2.877529556145539402e+00
-2.879758926998823299e+00
-2.881987982046227081e+00
-2.884216715553888921e+00
-2.886445121714027451e+00
-2.888673194644590492e+00
-2.890900928388914437e+00
-2.893128316915388076e+00
-2.895355354117126634e+00
-2.897582033811668012e+00
-2.899808349740646829e+00
-2.902034295569522637e+00
-2.904259864887279718e+00
-2.906485051206156633e+00
-2.908709847961400641e+00
-2.910934248510984368e+00
-2.913158246135393981e+00
-2.915381834037375164e+00
-2.917605005341735946e+00
-2.919827753095118883e+00
-2.922050070265822530e+00
-2.924271949743608712e+00
-2.926493384339531101e+00
-2.928714366785772683e+00
-2.930934889735508531e+00
-2.933154945762747268e+00
-2.935374527362244024e+00
-2.937593626949351666e+00
-2.939812236859944417e+00
-2.942030349350325480e+00
-2.944247956597166205e+00
-2.946465050697423926e+00
-2.948681623668322871e+00
-2.950897667447299533e+00
-2.953113173891990684e+00
-2.955328134780232929e+00
-2.957542541810064485e+00
-2.959756386599751377e+00
-2.961969660687803430e+00
-2.964182355533061308e+00
-2.966394462514720054e+00
-2.968605972932421899e+00
-2.970816878006361517e+00
-2.973027168877357962e+00
-2.975236836607012325e+00
-2.977445872177803654e+00
-2.979654266493271031e+00
-2.981862010378153460e+00
-2.984069094578571946e+00
-2.986275509762223557e+00
-2.988481246518588375e+00
-2.990686295359147095e+00
-2.992890646717614622e+00
-2.995094290950192306e+00
-2.997297218335834401e+00
-2.999499419076522067e+00
-3.001700883297558686e+00
-3.003901601047884729e+00
-3.006101562300389052e+00
-3.008300756952260624e+00
-3.010499174825333135e+00
-3.012696805666447819e+00
-3.014893639147850468e+00
-3.017089664867568910e+00
-3.019284872349841553e+00
-3.021479251045541936e+00
-3.023672790332602389e+00
-3.025865479516494094e+00
-3.028057307830674727e+00
-3.030248264437093386e+00
-3.032438338426671542e+00
-3.034627518819825287e+00
-3.036815794566997351e+00
-3.039003154549184238e+00
-3.041189587578513542e+00
-3.043375082398796394e+00
-3.045559627686118986e+00
-3.047743212049443429e+00
-3.049925824031217036e+00
-3.052107452107996721e+00
-3.054288084691095140e+00
-3.056467710127227289e+00
-3.058646316699189072e+00
-3.060823892626517662e+00
-3.063000426066214033e+00
-3.065175905113423305e+00
-3.067350317802171489e+00
-3.069523652106090683e+00
-3.071695895939175358e+00
-3.073867037156526649e+00
-3.076037063555142392e+00
-3.078205962874684509e+00
-3.080373722798277925e+00
-3.082540330953334351e+00
-3.084705774912356535e+00
-3.086870042193778474e+00
-3.089033120262806520e+00
-3.091194996532273365e+00
-3.093355658363516003e+00
-3.095515093067238155e+00
-3.097673287904420647e+00
-3.099830230087201599e+00
-3.101985906779801017e+00
-3.104140305099428510e+00
-3.106293412117242969e+00
-3.108445214859257177e+00
-3.110595700307330791e+00
-3.112744855400089605e+00
-3.114892667033942075e+00
-3.117039122064023893e+00
-3.119184207305206513e+00
-3.121327909533101241e+00
-3.123470215485049106e+00
-3.125611111861160474e+00
-3.127750585325313804e+00
-3.129888622506216578e+00
-3.132025209998430704e+00
-3.134160334363422340e+00
-3.136293982130631708e+00
-3.138426139798520698e+00
-3.140556793835648008e+00
-3.142685930681761608e+00
-3.144813536748868099e+00
-3.146939598422325179e+00
-3.149064102061949200e+00
-3.151187034003107179e+00
-3.153308380557839907e+00
-3.155428128015965061e+00
-3.157546262646193203e+00
-3.159662770697271306e+00
-3.161777638399099644e+00
-3.163890851963863771e+00
-3.166002397587193595e+00
-3.168112261449270051e+00
-3.170220429716010369e+00
-3.172326888540194290e+00
-3.174431624062630242e+00
-3.176534622413310860e+00
-3.178635869712561846e+00
-3.180735352072217914e+00
-3.182833055596783645e+00
-3.184928966384600102e+00
-3.187023070529012791e+00
-3.189115354119544055e+00
-3.191205803243080119e+00
-3.193294403985007968e+00
-3.195381142430433918e+00
-3.197466004665322270e+00
-3.199548976777697451e+00
-3.201630044858807977e+00
-3.203709195004304622e+00
-3.205786413315416805e+00
-3.207861685900129434e+00
-3.209934998874364620e+00
-3.212006338363135871e+00
-3.214075690501735583e+00
-3.216143041436919425e+00
-3.218208377328047654e+00
-3.220271684348273489e+00
-3.222332948685706189e+00
-3.224392156544564347e+00
-3.226449294146356728e+00
-3.228504347731019575e+00
-3.230557303558094340e+00
-3.232608147907857887e+00
-3.234656867082488230e+00
-3.236703447407204504e+00
-3.238747875231409168e+00
-3.240790136929826204e+00
-3.242830218903630879e+00
-3.244868107581581285e+00
-3.246903789421149877e+00
-3.248937250909632368e+00
-3.250968478565264608e+00
-3.252997458938342579e+00
-3.255024178612302421e+00
-3.257048624204847087e+00
-3.259070782369020591e+00
-3.261090639794291590e+00
-3.263108183207657387e+00
-3.265123399374685320e+00
-3.267136275100594567e+00
-3.269146797231327728e+00
-3.271154952654583781e+00
-3.273160728300875899e+00
-3.275164111144574175e+00
-3.277165088204914589e+00
-3.279163646547052835e+00
-3.281159773283057746e+00
-3.283153455572936252e+00
-3.285144680625613045e+00
-3.287133435699935546e+00
-3.289119708105664230e+00
-3.291103485204418533e+00
-3.293084754410679604e+00
-3.295063503192718457e+00
-3.297039719073553421e+00
-3.299013389631894722e+00
-3.300984502503061968e+00
-3.302953045379917185e+00
-3.304919006013763649e+00
-3.306882372215252275e+00
-3.308843131855272457e+00
-3.310801272865833589e+00
-3.312756783240929703e+00
-3.314709651037411220e+00
-3.316659864375828715e+00
-3.318607411441265587e+00
-3.320552280484190266e+00
-3.322494459821258683e+00
-3.324433937836111852e+00
-3.326370702980203653e+00
-3.328304743773569996e+00
-3.330236048805596205e+00
-3.332164606735809276e+00
-3.334090406294600850e+00
-3.336013436283988387e+00
-3.337933685578352794e+00
-3.339851143125138311e+00
-3.341765797945580374e+00
-3.343677639135388624e+00
-3.345586655865448122e+00
-3.347492837382482378e+00
-3.349396173009715039e+00
-3.351296652147533806e+00
-3.353194264274123260e+00
-3.355088998946085699e+00
-3.356980845799065083e+00
-3.358869794548352328e+00
-3.360755834989479940e+00
-3.362638956998789119e+00
-3.364519150534021286e+00
-3.366396405634844324e+00
-3.368270712423431679e+00
-3.370142061104964615e+00
-3.372010441968182448e+00
-3.373875845385856387e+00
-3.375738261815319774e+00
-3.377597681798941931e+00
-3.379454095964586458e+00
-3.381307495026096177e+00
-3.383157869783719462e+00
-3.385005211124571645e+00
-3.386849510023023146e+00
-3.388690757541159559e+00
-3.390528944829140467e+00
-3.392364063125612450e+00
-3.394196103758078564e+00
-3.396025058143268271e+00
-3.397850917787475389e+00
-3.399673674286915581e+00
-3.401493319328049658e+00
-3.403309844687899322e+00
-3.405123242234357139e+00
-3.406933503926476092e+00
-3.408740621814751570e+00
-3.410544588041391378e+00
-3.412345394840584412e+00
-3.414143034538729804e+00
-3.415937499554687840e+00
-3.417728782399994003e+00
-3.419516875679079249e+00
-3.421301772089465398e+00
-3.423083464421954325e+00
-3.424861945560818466e+00
-3.426637208483944264e+00
-3.428409246263010690e+00
-3.430178052063624250e+00
-3.431943619145453095e+00
-3.433705940862353145e+00
-3.435465010662464902e+00
-3.437220822088340011e+00
-3.438973368777018091e+00
-3.440722644460093349e+00
-3.442468642963809611e+00
-3.444211358209090523e+00
-3.445950784211612827e+00
-3.447686915081826342e+00
-3.449419745024985939e+00
-3.451149268341173748e+00
-3.452875479425291161e+00
-3.454598372767069936e+00
-3.456317942951047772e+00
-3.458034184656562537e+00
-3.459747092657686540e+00
-3.461456661823210990e+00
-3.463162887116597144e+00
-3.464865763595873727e+00
-3.466565286413618274e+00
-3.468261450816829239e+00
-3.469954252146876250e+00
-3.471643685839358007e+00
-3.473329747424033442e+00
-3.475012432524667183e+00
-3.476691736858946502e+00
-3.478367656238288141e+00
-3.480040186567749494e+00
-3.481709323845844306e+00
-3.483375064164383694e+00
-3.485037403708314496e+00
-3.486696338755539415e+00
-3.488351865676725616e+00
-3.490003980935111105e+00
-3.491652681086307553e+00
-3.493297962778089794e+00
-3.494939822750159575e+00
-3.496578257833943493e+00
-3.498213264952353629e+00
-3.499844841119536643e+00
-3.501472983440621967e+00
-3.503097689111495328e+00
-3.504718955418501647e+00
-3.506336779738193687e+00
-3.507951159537038066e+00
-3.509562092371171005e+00
-3.511169575886051053e+00
-3.512773607816209065e+00
-3.514374185984924015e+00
-3.515971308303914356e+00
-3.517564972773018717e+00
-3.519155177479881491e+00
-3.520741920599619323e+00
-3.522325200394492484e+00
-3.523905015213552705e+00
-3.525481363492299458e+00
-3.527054243752339779e+00
-3.528623654601016568e+00
-3.530189594731057756e+00
-3.531752062920193502e+00
-3.533311058030796925e+00
-3.534866579009487975e+00
-3.536418624886770612e+00
-3.537967194776628244e+00
-3.539512287876134256e+00
-3.541053903465056774e+00
-3.542592040905451434e+00
-3.544126699641259481e+00
-3.545657879197887219e+00
-3.547185579181793891e+00
-3.548709799280071575e+00
-3.550230539260024187e+00
-3.551747798968730940e+00
-3.553261578332622683e+00
-3.554771877357028487e+00
-3.556278696125767524e+00
-3.557782034800668569e+00
-3.559281893621142334e+00
-3.560778272903732500e+00
-3.562271173041656525e+00
-3.563760594504345569e+00
-3.565246537836989305e+00
-3.566729003660071839e+00
-3.568207992668902317e+00
-3.569683505633146847e+00
-3.571155543396355991e+00
-3.572624106875499361e+00
-3.574089197060471790e+00
-3.575550815013622596e+00
-3.577008961869277304e+00
-3.578463638833242477e+00
-3.579914847182334547e+00
-3.581362588263870883e+00
-3.582806863495203498e+00
-3.584247674363195912e+00
-3.585685022423763968e+00
-3.587118909301343805e+00
-3.588549336688422464e+00
-3.589976306345018742e+00
-3.591399820098195139e+00
-3.592819879841545383e+00
-3.594236487534697488e+00
-3.595649645202806166e+00
-3.597059354936040787e+00
-3.598465618889085782e+00
-3.599868439280619281e+00
-3.601267818392833497e+00
-3.602663758570882724e+00
-3.604056262222392615e+00
-3.605445331816963694e+00
-3.606830969885620686e+00
-3.608213179020335115e+00
-3.609591961873486188e+00
-3.610967321157370513e+00
-3.612339259643647438e+00
-3.613707780162870087e+00
-3.615072885603949793e+00
-3.616434578913613862e+00
-3.617792863095943279e+00
-3.619147741211817149e+00
-3.620499216378394003e+00
-3.621847291768631738e+00
-3.623191970610740498e+00
-3.624533256187665753e+00
-3.625871151836593587e+00
-3.627205660948422228e+00
-3.628536786967250016e+00
-3.629864533389861148e+00
-3.631188903765210085e+00
-3.632509901693910415e+00
-3.633827530827718810e+00
-3.635141794869032328e+00
-3.636452697570356829e+00
-3.637760242733826033e+00
-3.639064434210659282e+00
-3.640365275900681485e+00
-3.641662771751791983e+00
-3.642956925759473386e+00
-3.644247741966275544e+00
-3.645535224461314616e+00
-3.646819377379770799e+00
-3.648100204902377186e+00
-3.649377711254934820e+00
-3.650651900707790887e+00
-3.651922777575349777e+00
-3.653190346215590356e+00
-3.654454611029530398e+00
-3.655715576460776273e+00
-3.656973246995002480e+00
-3.658227627159457818e+00
-3.659478721522491540e+00
-3.660726534693057310e+00
-3.661971071320212268e+00
-3.663212336092644517e+00
-3.664450333738198839e+00
-3.665685069023369991e+00
-3.666916546752828854e+00
-3.668144771768967694e+00
-3.669369748951388122e+00
-3.670591483216448569e+00
-3.671809979516773570e+00
-3.673025242840803894e+00
-3.674237278212308055e+00
-3.675446090689920009e+00
-3.676651685366674194e+00
-3.677854067369550339e+00
-3.679053241858993406e+00
-3.680249214028469051e+00
-3.681441989103997781e+00
-3.682631572343705972e+00
-3.683817969037362250e+00
-3.685001184505942717e+00
-3.686181224101160225e+00
-3.687358093205040266e+00
-3.688531797229460452e+00
-3.689702341615709091e+00
-3.690869731834062861e+00
-3.692033973383312073e+00
-3.693195071790365880e+00
-3.694353032609796195e+00
-3.695507861423414919e+00
-3.696659563839836071e+00
-3.697808145494063226e+00
-3.698953612047046757e+00
-3.700095969185282385e+00
-3.701235222620388399e+00
-3.702371378088673559e+00
-3.703504441350738308e+00
-3.704634418191058209e+00
-3.705761314417577168e+00
-3.706885135861297531e+00
-3.708005888375878190e+00
-3.709123577837220243e+00
-3.710238210143104176e+00
-3.711349791212740001e+00
-3.712458326986418644e+00
-3.713563823425098498e+00
-3.714666286510021287e+00
-3.715765722242323044e+00
-3.716862136642648640e+00
-3.717955535750784968e+00
-3.719045925625261706e+00
-3.720133312342983167e+00
-3.721217701998867255e+00
-3.722299100705446673e+00
-3.723377514592528748e+00
-3.724452949806809965e+00
-3.725525412511527801e+00
-3.726594908886087687e+00
-3.727661445125705963e+00
-3.728725027441067930e+00
-3.729785662057956142e+00
-3.730843355216913348e+00
-3.731898113172891662e+00
-3.732949942194905280e+00
-3.733998848565689421e+00
-3.735044838581360604e+00
-3.736087918551080467e+00
-3.737128094796719591e+00
-3.738165373652532875e+00
-3.739199761464808702e+00
-3.740231264591573179e+00
-3.741259889402242855e+00
-3.742285642277309421e+00
-3.743308529608029289e+00
-3.744328557796093637e+00
-3.745345733253325982e+00
-3.746360062401366875e+00
-3.747371551671351053e+00
-3.748380207503644534e+00
-3.749386036347485796e+00
-3.750389044660723314e+00
-3.751389238909513590e+00
-3.752386625567996958e+00
-3.753381211118048011e+00
-3.754373002048957186e+00
-3.755362004857142111e+00
-3.756348226045870486e+00
-3.757331672124976762e+00
-3.758312349610593461e+00
-3.759290265024842537e+00
-3.760265424895591124e+00
-3.761237835756160219e+00
-3.762207504145072878e+00
-3.763174436605753126e+00
-3.764138639686303023e+00
-3.765100119939213563e+00
-3.766058883921107547e+00
-3.767014938192486007e+00
-3.767968289317474184e+00
-3.768918943863560855e+00
-3.769866908401365624e+00
-3.770812189504362255e+00
-3.771754793748666401e+00
-3.772694727712765150e+00
-3.773631997977294539e+00
-3.774566611124780202e+00
-3.775498573739441976e+00
-3.776427892406908793e+00
-3.777354573714021058e+00
-3.778278624248596618e+00
-3.779200050599196281e+00
-3.780118859354916871e+00
-3.781035057105135877e+00
-3.781948650439334259e+00
-3.782859645946844651e+00
-3.783768050216656853e+00
-3.784673869837197557e+00
-3.785577111396118077e+00
-3.786477781480101168e+00
-3.787375886674626546e+00
-3.788271433563797252e+00
-3.789164428730115830e+00
-3.790054878754307577e+00
-3.790942790215094504e+00
-3.791828169689026584e+00
-3.792711023750287680e+00
-3.793591358970476168e+00
-3.794469181918459277e+00
-3.795344499160141716e+00
-3.796217317258332891e+00
-3.797087642772514204e+00
-3.797955482258692506e+00
-3.798820842269213127e+00
-3.799683729352577810e+00
-3.800544150053281722e+00
-3.801402110911639820e+00
-3.802257618463608768e+00
-3.803110679240630176e+00
-3.803961299769454740e+00
-3.804809486571985921e+00
-3.805655246165128069e+00
-3.806498585060599016e+00
-3.807339509764803065e+00
-3.808178026778663572e+00
-3.809014142597456409e+00
-3.809847863710675409e+00
-3.810679196601882257e+00
-3.811508147748550179e+00
-3.812334723621922272e+00
-3.813158930686860071e+00
-3.813980775401724088e+00
-3.814800264218203285e+00
-3.815617403581192502e+00
-3.816432199928658786e+00
-3.817244659691500175e+00
-3.818054789293412910e+00
-3.818862595150763539e+00
-3.819668083672457470e+00
-3.820471261259809737e+00
-3.821272134306419321e+00
-3.822070709198048366e+00
-3.822866992312494716e+00
-3.823660990019476902e+00
-3.824452708680512458e+00
-3.825242154648792248e+00
-3.826029334269075211e+00
-3.826814253877577787e+00
-3.827596919801847797e+00
-3.828377338360662741e+00
-3.829155515863916559e+00
-3.829931458612513495e+00
-3.830705172898269062e+00
-3.831476665003789250e+00
-3.832245941202378603e+00
-3.833013007757949175e+00
-3.833777870924889086e+00
-3.834540536948000344e+00
-3.835301012062377168e+00
-3.836059302493327827e+00
-3.836815414456258733e+00
-3.837569354156610490e+00
-3.838321127789742437e+00
-3.839070741540855369e+00
-3.839818201584906276e+00
-3.840563514086508867e+00
-3.841306685199866955e+00
-3.842047721068670096e+00
-3.842786627826026091e+00
-3.843523411594371719e+00
-3.844258078485411012e+00
-3.844990634599997570e+00
-3.845721086028116353e+00
-3.846449438848740243e+00
-3.847175699129822934e+00
-3.847899872928172815e+00
-3.848621966289405893e+00
-3.849341985247877407e+00
-3.850059935826606328e+00
-3.850775824037203421e+00
-3.851489655879817953e+00
-3.852201437343053758e+00
-3.852911174403931049e+00
-3.853618873027797598e+00
-3.854324539168277219e+00
-3.855028178767218261e+00
-3.855729797754618549e+00
-3.856429402048583199e+00
-3.857126997555245129e+00
-3.857822590168745958e+00
-3.858516185771133866e+00
-3.859207790232360491e+00
-3.859897409410182334e+00
-3.860585049150146997e+00
-3.861270715285515465e+00
-3.861954413637226136e+00
-3.862636150013852632e+00
-3.863315930211534965e+00
-3.863993760013969325e+00
-3.864669645192315706e+00
-3.865343591505205456e+00
-3.866015604698651131e+00
-3.866685690506042494e+00
-3.867353854648083900e+00
-3.868020102832755214e+00
-3.868684440755292719e+00
-3.869346874098122502e+00
-3.870007408530841797e+00
-3.870666049710184797e+00
-3.871322803279978242e+00
-3.871977674871103670e+00
-3.872630670101491646e+00
-3.873281794576050707e+00
-3.873931053886655818e+00
-3.874578453612128826e+00
-3.875223999318193613e+00
-3.875867696557444120e+00
-3.876509550869323917e+00
-3.877149567780110218e+00
-3.877787752802866361e+00
-3.878424111437421384e+00
-3.879058649170365580e+00
-3.879691371475001649e+00
-3.880322283811328710e+00
-3.880951391626032532e+00
-3.881578700352459776e+00
-3.882204215410570036e+00
-3.882827942206971361e+00
-3.883449886134837659e+00
-3.884070052573945997e+00
-3.884688446890617097e+00
-3.885305074437737538e+00
-3.885919940554702912e+00
-3.886533050567432923e+00
-3.887144409788345190e+00
-3.887754023516344581e+00
-3.888361897036808568e+00
-3.888968035621569452e+00
-3.889572444528907713e+00
-3.890175129003555554e+00
-3.890776094276655606e+00
-3.891375345565772470e+00
-3.891972888074886505e+00
-3.892568726994367623e+00
-3.893162867500983726e+00
-3.893755314757880726e+00
-3.894346073914595863e+00
-3.894935150107021737e+00
-3.895522548457427625e+00
-3.896108274074450595e+00
-3.896692332053068863e+00
-3.897274727474634659e+00
-3.897855465406834696e+00
-3.898434550903712381e+00
-3.899011989005662926e+00
-3.899587784739417362e+00
-3.900161943118057195e+00
-3.900734469141005523e+00
-3.901305367794037249e+00
-3.901874644049267093e+00
-3.902442302865158030e+00
-3.903008349186524839e+00
-3.903572787944530553e+00
-3.904135624056695786e+00
-3.904696862426888515e+00
-3.905256507945353839e+00
-3.905814565488703316e+00
-3.906371039919896759e+00
-3.906925936088294193e+00
-3.907479258829622548e+00
-3.908031012966007189e+00
-3.908581203305961704e+00
-3.909129834644398560e+00
-3.909676911762648199e+00
-3.910222439428453267e+00
-3.910766422395977049e+00
-3.911308865405825674e+00
-3.911849773185047674e+00
-3.912389150447138420e+00
-3.912927001892064549e+00
-3.913463332206259082e+00
-3.913998146062647621e+00
-3.914531448120638135e+00
-3.915063243026153383e+00
