1.742887781231835700e-15
-1.303623598440406095e+00
-2.535624136283168184e+00
-3.637343267442778583e+00
-4.571359627889796329e+00
-5.323105975749959029e+00
-5.897081562541777622e+00
-6.310518767097740067e+00
-6.587088495310742253e+00
-6.752061341660724025e+00
-6.829255976008623108e+00
-6.839494621819530273e+00
-6.800093936216224044e+00
-6.724961170673779520e+00
-6.624984397110877943e+00
-6.508523855367372768e+00
-6.381898491501285520e+00
-6.249819089310349796e+00
-6.115751021117274533e+00
-5.982207440466743797e+00
-5.850980181959821280e+00
-5.723319151429985929e+00
-5.600069708576995708e+00
-5.481777608323314510e+00
-5.368768268796167753e+00
-5.261207065788100934e+00
-5.159144681452400683e+00
-5.062552008354183286e+00
-4.971346583447737721e+00
-4.885413103244483857e+00
-4.804617779050635917e+00
-4.728817332767173198e+00
-4.657861705177635869e+00
-4.591592351973990738e+00
-4.529837169254148144e+00
-4.472405713566611318e+00
-4.419085993387870559e+00
-4.369645247811625666e+00
-4.323833672008985829e+00
-4.281391358272824910e+00
-4.242055891657962263e+00
-4.205570463358350608e+00
-4.171690210041800739e+00
-4.140187485139528611e+00
-4.110854575643891451e+00
-4.083505365906903606e+00
-4.057974884612838729e+00
-4.034118545613187834e+00
-4.011810005063916051e+00
-3.990939438744482981e+00
-3.971410962372328601e+00
-3.953140913279602930e+00
-3.936055511250151628e+00
-3.920089567555423482e+00
-3.905184608587770168e+00
-3.891288089301713882e+00
-3.878351960368726203e+00
-3.866332309359388208e+00
-3.855188265948376269e+00
-3.844881956071725337e+00
-3.835377633384302154e+00
-3.826641844500363820e+00
-3.818642697938782860e+00
-3.811350165654217026e+00
-3.804735428049399015e+00
-3.798771262404512683e+00
-3.793431424914581296e+00
-3.788691095624938665e+00
-3.784526274137938628e+00
-3.780914263327550540e+00
-3.777833065404315960e+00
-3.775261894526912076e+00
-3.773180565956570920e+00
-3.771570032282868912e+00
-3.770411761859501887e+00
-3.769688295936348688e+00
-3.769382614462931880e+00
-3.769478712796442199e+00
-3.769960953949599514e+00
-3.770814664245584424e+00
-3.772025471574675048e+00
-3.773579919701008922e+00
-3.775464792315595730e+00
-3.777667745843214409e+00
-3.780176619166711216e+00
-3.782980084834183465e+00
-3.786066944355252595e+00
-3.789426797717189377e+00
-3.793049324153771718e+00
-3.796924969873607836e+00
-3.801044214193633142e+00
-3.805398275373753414e+00
-3.809978361998977547e+00
-3.814776396807874281e+00
-3.819784253201709667e+00
-3.824994496951199530e+00
-3.830399607709605192e+00
-3.835992738482365549e+00
-3.841766922022954223e+00
-3.847715847953132151e+00
-3.853833053924449636e+00
-3.860112720282231180e+00
-3.866548845881775165e+00
-3.873136060195772945e+00
-3.879868783680546773e+00
-3.886742057234720438e+00
-3.893750687018425083e+00
-3.900890091178014440e+00
-3.908155429029363415e+00
-3.915542464970918957e+00
-3.923046681949552195e+00
-3.930664162491907199e+00
-3.938390686378006489e+00
-3.946222628728293991e+00
-3.954156041816758727e+00
-3.962187570157471583e+00
-3.970313516395503672e+00
-3.978530773342504823e+00
-3.986835873889413850e+00
-3.995225939946554394e+00
-4.003697716327060618e+00
-4.012248536551830114e+00
-4.020875340657378061e+00
-4.029575657830927859e+00
-4.038346608100363611e+00
-4.047185901768515670e+00
-4.056090824947148121e+00
-4.065059255763424417e+00
-4.074088633702600326e+00
-4.083176992563097407e+00
-4.092321913576339121e+00
-4.101521575089201122e+00
-4.110773689431865385e+00
-4.120076569309911285e+00
-4.129428048393132045e+00
-4.138826564401759001e+00
-4.148270063391326978e+00
-4.157757099519858279e+00
-4.167285723006004972e+00
-4.176854596565465982e+00
-4.186461867021496808e+00
-4.196106298400856360e+00
-4.205786127176875944e+00
-4.215500212016799253e+00
-4.225246872639420559e+00
-4.235025056207040173e+00
-4.244833159780092124e+00
-4.254670213348603625e+00
-4.264534685867939601e+00
-4.274425684925113877e+00
-4.284341746340659896e+00
-4.294282050466574852e+00
-4.304245195339868602e+00
-4.314230429609963835e+00
-4.324236409230190148e+00
-4.334262447013278674e+00
-4.344307252847866785e+00
-4.354370199881186565e+00
-4.364450048248516012e+00
-4.374546227882867733e+00
-4.384657545745480611e+00
-4.394783485263225487e+00
-4.404922897048825448e+00
-4.415075314967026543e+00
-4.425239630333457796e+00
-4.435415424611644397e+00
-4.445601627079560636e+00
-4.455797864159599442e+00
-4.466003100542847548e+00
-4.476217005154519590e+00
-4.486438575725609113e+00
-4.496667521397291090e+00
-4.506902870729717847e+00
-4.517144370949064403e+00
-4.527391079383993322e+00
-4.537642779358652234e+00
-4.547898555047658498e+00
-4.558158224019305926e+00
-4.568420895499546219e+00
-4.578686419569860000e+00
-4.588953928831082330e+00
-4.599223304260694256e+00
-4.609493700267297100e+00
-4.619765027212531017e+00
-4.630036459847072905e+00
-4.640307936502329866e+00
-4.650578650899293010e+00
-4.660848568015185656e+00
-4.671116899256523958e+00
-4.681383635006477917e+00
-4.691648003153114921e+00
-4.701910018323569140e+00
-4.712168923758503603e+00
-4.722424757239429560e+00
-4.732676776300499988e+00
-4.742925040855204166e+00
-4.753168821737024707e+00
-4.763408200031747697e+00
-4.773642458938222255e+00
-4.783871699813185607e+00
-4.794095217343187443e+00
-4.804313132308826617e+00
-4.814524750059104186e+00
-4.824730210001981767e+00
-4.834928827372563021e+00
-4.845120759456826853e+00
-4.855305330645085959e+00
-4.865482715396249880e+00
-4.875652246567518944e+00
-4.885814115126686730e+00
-4.895967661749182298e+00
-4.906113093286151638e+00
-4.916249757619819860e+00
-4.926377876894992625e+00
-4.936496805623978190e+00
-4.946606780689235983e+00
-4.956707162688961610e+00
-4.966798202718711863e+00
-4.976879266948692759e+00
-4.986950620192529549e+00
-4.997011633707117539e+00
-5.007062585556742995e+00
-5.017102851626346727e+00
-5.027132722789213304e+00
-5.037151579124797607e+00
-5.047159723898230865e+00
-5.057156540973279490e+00
-5.067142345612483112e+00
-5.077116525075759057e+00
-5.087079406250023084e+00
-5.097030379424091429e+00
-5.106969782756189957e+00
-5.116897009216105019e+00
-5.126812407899379309e+00
-5.136715374127056144e+00
-5.146606267615730701e+00
-5.156484485725282063e+00
-5.166350398493722906e+00
-5.176203405023517057e+00
-5.186043885390267505e+00
-5.195871240157903692e+00
-5.205685859170667840e+00
-5.215487144187229696e+00
-5.225275494565345902e+00
-5.235050313005219280e+00
-5.244812008136211290e+00
-5.254559983359600395e+00
-5.264294656346890200e+00
-5.274015430971825680e+00
-5.283722733730265908e+00
-5.293415968751293832e+00
-5.303095571148348952e+00
-5.312760945099400445e+00
-5.322412534139096429e+00
-5.332049742297825468e+00
-5.341673021344985450e+00
-5.351281774976622607e+00
-5.360876463019573990e+00
-5.370456488657600502e+00
-5.380022319606745818e+00
-5.389573358369057487e+00
-5.399110080389579736e+00
-5.408631887327384646e+00
-5.418139262204412887e+00
-5.427631605682962324e+00
-5.437109408216996620e+00
-5.446572069325628540e+00
-5.456020086757092713e+00
-5.465452858747509524e+00
-5.474870890208444862e+00
-5.484273577959770662e+00
-5.493661433951526618e+00
-5.503033853460276958e+00
-5.512391355355800826e+00
-5.521733333249866149e+00
-5.531060312819106706e+00
-5.540371685894563747e+00
-5.549667984851910596e+00
-5.558948599630936016e+00
-5.568214069203759387e+00
-5.577463781513172236e+00
-5.586698282030000406e+00
-5.595916956598942171e+00
-5.605120357096562422e+00
-5.614307867172739108e+00
-5.623480045021043594e+00
-5.632636272004196698e+00
-5.641777112548116868e+00
-5.650901945640007362e+00
-5.660011341857560829e+00
-5.669104677727808017e+00
-5.678182529903314624e+00
-5.687244272369975207e+00
-5.696290487782032841e+00
-5.705320547506630646e+00
-5.714335040129705057e+00
-5.723333334325473309e+00
-5.732316024544832800e+00
-5.741282476697906034e+00
-5.750233291037003980e+00
-5.759167830639861485e+00
-5.768086701499590241e+00
-5.776989263796123097e+00
-5.785876129205395735e+00
-5.794746654946913544e+00
-5.803601458324225248e+00
-5.812439893536080149e+00
-5.821262583461059847e+00
-5.830068879219429512e+00
-5.838859409214369300e+00
-5.847633521432311632e+00
-5.856391849753095791e+00
-5.865133738975953470e+00
-5.873859828411636563e+00
-5.882569459621060481e+00
-5.891263277302160262e+00
-5.899940619728367253e+00
-5.908602136943128080e+00
-5.917247163885068773e+00
-5.925876355903406889e+00
-5.934489044556596760e+00
-5.943085890461587084e+00
-5.951666221752870634e+00
-5.960230704278972169e+00
-5.968778662708401406e+00
-5.977310768086649517e+00
-5.985826341575758214e+00
-5.994326059385270078e+00
-6.002809239131719821e+00
-6.011276562157171988e+00
-6.019727342495183819e+00
-6.028162266590373797e+00
-6.036580644857109768e+00
-6.044983168813932828e+00
-6.053369145221126679e+00
-6.061739270643872857e+00
-6.070092848154811982e+00
-6.078430579339745066e+00
-6.086751763551145444e+00
-6.095057107370648986e+00
-6.103345906399346710e+00
-6.111618872191021623e+00
-6.119875296565196798e+00
-6.128115896025315479e+00
-6.136339958580057541e+00
-6.144548205661119589e+00
-6.152739921438254989e+00
-6.160915832250892343e+00
-6.169075218402666927e+00
-6.177218811121241160e+00
-6.185345886817925631e+00
-6.193457181590071414e+00
-6.201551967931115961e+00
-6.209630986790640073e+00
-6.217693506719506047e+00
-6.225740273502789357e+00
-6.233770551725004161e+00
-6.241785091990746714e+00
-6.249783154895145465e+00
-6.257765495847186443e+00
-6.265731371430407037e+00
-6.273681541843642684e+00
-6.281615259637269411e+00
-6.289533289786390924e+00
-6.297434880787169398e+00
-6.305320802378183487e+00
-6.313190298980979165e+00
-6.321044145085314980e+00
-6.328881581018471536e+00
-6.336703386009712169e+00
-6.344508796272966045e+00
-6.352298595766110445e+00
-6.360072016571044706e+00
-6.367829847363825735e+00
-6.375571316076409367e+00
-6.383297216093194670e+00
-6.391006771178602719e+00
-6.398700779416188311e+00
-6.406378460385806051e+00
-6.414040616861397481e+00
-6.421686464221726176e+00
-6.429316809922870135e+00
-6.436930865126441859e+00
-6.444529441962983718e+00
-6.452111747361088945e+00
-6.459678598118658854e+00
-6.467229196916057354e+00
-6.474764365211604478e+00
-6.482283301422659072e+00
-6.489786831661604083e+00
-6.497274150068245824e+00
-6.504746087403165511e+00
-6.512201833514500215e+00
-6.519642223805387715e+00
-6.527066443818581476e+00
-6.534475333594789603e+00
-6.541868074357757301e+00
-6.549245510781001478e+00
-6.556606819756221505e+00
-6.563952850585343057e+00
-6.571282775815190824e+00
-6.578597449372057149e+00
-6.585896039445302996e+00
-6.593179404581976932e+00
-6.600446708601714896e+00
-6.607698814668887088e+00
-6.614934882221488621e+00
-6.622155779038175538e+00
-6.629360660163535535e+00
-6.636550397987700300e+00
-6.643724143150437023e+00
-6.650882772650984265e+00
-6.658025432712893377e+00
-6.665153004942422577e+00
-6.672264631135871760e+00
-6.679361197504612768e+00
-6.686441841406881359e+00
-6.693507453657600692e+00
-6.700557167166276251e+00
-6.707591877349980081e+00
-6.714610712659201397e+00
-6.721614573112002944e+00
-6.728602582689570788e+00
-6.735575646010133255e+00
-6.742532882575506648e+00
-6.749475201603426733e+00
-6.756401718106542553e+00
-6.763313345901728724e+00
-6.770209195502593147e+00
-6.777090185325007177e+00
-6.783955421374094463e+00
-6.790805826664612077e+00
-6.797640502683870878e+00
-6.804460377045747244e+00
-6.811264546710391166e+00
-6.818053943891307256e+00
-6.824827661012307978e+00
-6.831586634887182541e+00
-6.838329953394400640e+00
-6.845058557948886069e+00
-6.851771531874838672e+00
-6.858469821189164151e+00
-6.865152504653240229e+00
-6.871820532887167765e+00
-6.878472980080730714e+00
-6.885110801458529828e+00
-6.891733066630253646e+00
-6.898340735426545578e+00
-6.904932872868593918e+00
-6.911510443394655034e+00
-6.918072507429099183e+00
-6.924620034019687509e+00
-6.931152078985670428e+00
-6.937669615986281180e+00
-6.944171696227528834e+00
-6.950659297982164198e+00
-6.957131467834963168e+00
-6.963589188674489172e+00
-6.970031502456237149e+00
-6.976459396686946590e+00
-6.982871908684908036e+00
-6.989270030577626969e+00
-6.995652795038423299e+00
-7.002021198818090930e+00
-7.008374269937232448e+00
-7.014713009772845176e+00
-7.021036441685003737e+00
-7.027345571679794567e+00
-7.033639418449181058e+00
-7.039918992631363004e+00
-7.046183308242637722e+00
-7.052433380556458964e+00
-7.058668218905848057e+00
-7.064888843202855817e+00
-7.071094258089824613e+00
-7.077285488120665491e+00
-7.083461533239598040e+00
-7.089623422645954243e+00
-7.095770151578464358e+00
-7.101902753885453556e+00
-7.108020220092768682e+00
-7.114123588701466439e+00
-7.120211845517315119e+00
-7.126286033697749822e+00
-7.132345134321175451e+00
-7.138390195205502664e+00
-7.144420192694467708e+00
-7.150436179270363901e+00
-7.156437126535102777e+00
-7.162424091639501000e+00
-7.168396041436481347e+00
-7.174354037749589352e+00
-7.180297042675567454e+00
-7.186226122714887588e+00
-7.192140235201181397e+00
-7.198040451316183308e+00
-7.203925723623195942e+00
-7.209797127989801879e+00
-7.215653612201891498e+00
-7.221496256817332871e+00
-7.227324004837609728e+00
-7.233137941515595415e+00
-7.238937005061304220e+00
-7.244722285427222630e+00
-7.250492716024937501e+00
-7.256249391511384594e+00
-7.261991240492612576e+00
-7.267719362334949196e+00
-7.273432680831998454e+00
-7.279132300064296679e+00
-7.284817139005976827e+00
-7.290488306456947676e+00
-7.296144716564898935e+00
-7.301787482854085631e+00
-7.307415514638828213e+00
-7.313029930172988635e+00
-7.318629633930489931e+00
-7.324215748900058998e+00
-7.329787174708227937e+00
-7.335345039083889240e+00
-7.340888236799361977e+00
-7.346417900328980011e+00
-7.351932919583874515e+00
-7.357434431789347862e+00
-7.362921321988348033e+00
-7.368394732162684591e+00
-7.373853542480143908e+00
-7.379298899684632040e+00
-7.384729679061875274e+00
-7.390147032123482340e+00
-7.395549829266100161e+00
-7.400939226774862156e+00
-7.406314090150338814e+00
-7.411675580456876133e+00
-7.417022558292118539e+00
-7.422356189505478596e+00
-7.427675329784550584e+00
-7.432981149769804396e+00
-7.438272500231867035e+00
-7.443550556608142799e+00
-7.448814164745237498e+00
-7.454064504883656461e+00
-7.459300417938905525e+00
-7.464523088960602237e+00
-7.469731353926287731e+00
-7.474926402700780237e+00
-7.480107066316540099e+00
-7.485274539459867427e+00
-7.490427648211037237e+00
-7.495567592084138475e+00
-7.500693192200228232e+00
-7.505805652907467262e+00
-7.510903790360586640e+00
-7.515988813748176511e+00
-7.521059534251626211e+00
-7.526117165906416773e+00
-7.531160514913327830e+00
-7.536190800161303827e+00
-7.541206822863419035e+00
-7.546209806768567674e+00
-7.551198548094983920e+00
-7.556174275458136691e+00
-7.561135780074187629e+00
-7.566084295431895868e+00
-7.571018607738126960e+00
-7.575939955361601363e+00
-7.580847119492756470e+00
-7.585741343386994018e+00
-7.590621403211002871e+00
-7.595488547113781408e+00
-7.600341546231042855e+00
-7.605181653612129722e+00
-7.610007635354463673e+00
-7.614820749414843881e+00
-7.619619756845020575e+00
-7.624405920516064583e+00
-7.629177996426842689e+00
-7.633937252369749515e+00
-7.638682439283322800e+00
-7.643414829888462769e+00
-7.648133170055883667e+00
-7.652838737442102079e+00
-7.657530272842673291e+00
-7.662209058856899624e+00
-7.666873831197668743e+00
-7.671525877414341998e+00
-7.676163928129678737e+00
-7.680789275850349540e+00
-7.685400646101414601e+00
-7.689999336354262915e+00
-7.694584067028798380e+00
-7.699156140568377715e+00
-7.703714272280162589e+00
-7.708259769586992327e+00
-7.712791342675663131e+00
-7.717310303955970063e+00
-7.721815358486701086e+00
-7.726307823672205366e+00
-7.730786399435551459e+00
-7.735252408183137973e+00
-7.739704544694690824e+00
-7.744144136386341692e+00
-7.748569872886672982e+00
-7.752983086629287257e+00
-7.757382462083773689e+00
-7.761769336708947087e+00
-7.766142389807704660e+00
-7.770502963871756208e+00
-7.774849733029483900e+00
-7.779184044813345800e+00
-7.783504568169320237e+00
-7.787812655678512108e+00
-7.792106971096524504e+00
-7.796388872061077890e+00
-7.800657017129502435e+00
-7.804912769004071826e+00
-7.809154781035826609e+00
-7.813384420999657465e+00
-7.817600337032236446e+00
-7.821803901989207830e+00
-7.825993758784844267e+00
-7.830171285363558553e+00
-7.834335119409225889e+00
-7.838486643963181066e+00
-7.842624491470717274e+00
-7.846750050078338923e+00
-7.850861946984513118e+00
-7.854961575449318723e+00
-7.859047557416176666e+00
-7.863121291266921276e+00
-7.867181393681708101e+00
-7.871229268172579729e+00
-7.875263526148122750e+00
-7.879285576258878265e+00
-7.883294024633596742e+00
-7.887290285069848750e+00
-7.891272958408104721e+00
-7.895243463601501865e+00
-7.899200396193752916e+00
-7.903145180302120210e+00
-7.907076406165208127e+00
-7.910995503072945745e+00
-7.914901055950272379e+00
-7.918794499268556386e+00
-7.922674412630401619e+00
-7.926542235697360717e+00
-7.930396542741198651e+00
-7.934238778622305865e+00
-7.938067512272968251e+00
-7.941884193761258537e+00
-7.945687386671380636e+00
-7.949478546287862990e+00
-7.953256230837997265e+00
-7.957021900831779071e+00
-7.960774109130919207e+00
-7.964514321479706283e+00
-7.968241085365442622e+00
-7.971955871775803892e+00
-7.975657222814686698e+00
-7.979346614722297559e+00
-7.983022584210305972e+00
-7.986686612780371064e+00
-7.990337231743065871e+00
-7.993975927870710763e+00
-7.997601227063686480e+00
-8.001214621374231228e+00
-8.004814631283458937e+00
-8.008402754132729839e+00
-8.011977504974927555e+00
-8.015540386449799826e+00
-8.019089908172764680e+00
-8.022627578091338307e+00
-8.026151900374301817e+00
-8.029664388286356314e+00
-8.033163540540453340e+00
-8.036650875727861632e+00
-8.040124887096338213e+00
-8.043587098573370398e+00
-8.047035997932153961e+00
-8.050473114445855671e+00
-8.053896930403857013e+00
-8.057308980434523704e+00
-8.060707741333892784e+00
-8.064094753095343293e+00
-8.067468487012083855e+00
-8.070830488452125806e+00
-8.074179223196308541e+00
-8.077516241997075852e+00
-8.080840005113344660e+00
-8.084152068691723869e+00
-8.087450887459523230e+00
-8.090738022967526533e+00
-8.094011924401735669e+00
-8.097274158726847304e+00
-8.100523169577911631e+00
-8.103760529343569274e+00
-8.106984676098056397e+00
-8.110197187663981566e+00
-8.113396496544893921e+00
-8.116584186007452573e+00
-8.119758682974639541e+00
-8.122921576167312807e+00
-8.126071286917872172e+00
-8.129209409411524589e+00
-8.132334359380168465e+00
-8.135447736483586212e+00
-8.138547950842990986e+00
-8.141636607603121689e+00
-8.144712111264416521e+00
-8.147776072466735187e+00
-8.150826890079756026e+00
-8.153866180248877882e+00
-8.156892336202554716e+00
-8.159906979602277843e+00
-8.162908498025142734e+00
-8.165898518659096439e+00
-8.168875423419461157e+00
-8.171840845031342226e+00
-8.174793159737816950e+00
-8.177734005811702289e+00
-8.180661753813511794e+00
-8.183578047574377123e+00
-8.186481251961675198e+00
-8.189373016375629533e+00
-8.192251699979889779e+00
-8.195118957754557343e+00
-8.197973143148955089e+00
-8.200815916733860789e+00
-8.203645626233576849e+00
-8.206463937820409171e+00
-8.209269193482974458e+00
-8.212063065006081075e+00
-8.214843888631701674e+00
-8.217613341768222668e+00
-8.220369754900181292e+00
-8.223114811070509234e+00
-8.225846834995426349e+00
-8.228567515363526041e+00
-8.231275171111656519e+00
-8.233971496585310135e+00
-8.236654804930964247e+00
-8.239326796162179889e+00
-8.241985777623897391e+00
-8.244633455009132916e+00
-8.247268129850169771e+00
-8.249891513530677400e+00
-8.252501901759043079e+00
-8.255101011621155394e+00
-8.257687132990174206e+00
-8.260261988665588362e+00
-8.262823862674029129e+00
-8.265374483540080419e+00
-8.267912129432462010e+00
-8.270438534612436499e+00
-8.272951971379312042e+00
-8.275454179742673944e+00
-8.277943426120824455e+00
-8.280421456283489690e+00
-8.282886530756361054e+00
-8.285340401080954820e+00
-8.287781321878705754e+00
-8.290211050474795229e+00
-8.292627835574643669e+00
-8.295033440299041771e+00
-8.297426107425520669e+00
-8.299807605882330463e+00
-8.302176172507438778e+00
-8.304533582048538420e+00
-8.306878065391966715e+00
-8.309211403117053862e+00
-8.311531820146516480e+00
-8.313841102903340996e+00
-8.316137470334560078e+00
-8.318422714719167388e+00
-8.320695049016322287e+00
-8.322956271373152859e+00
-8.325204588748855272e+00
-8.327441805171044820e+00
-8.329666121586608796e+00
-8.331879347916089529e+00
-8.334079679081710879e+00
-8.336268930909342956e+00
-8.338445292284218269e+00
-8.340610584950079343e+00
-8.342762991742578293e+00
-8.344904340335942194e+00
-8.347032807503731888e+00
-8.349150226863313762e+00
-8.351254769113509724e+00
-8.353348273827533532e+00
-8.355428905616841817e+00
-8.357498510023194882e+00
-8.359555245557960035e+00
-8.361600963744333370e+00
-8.363633816980701852e+00
-8.365655662784584834e+00
-8.367664647428513902e+00
-8.369662634437414539e+00
-8.371647763944880083e+00
-8.373621905496257511e+00
-8.375583193073262933e+00
-8.377533502254680187e+00
-8.379470960857240414e+00
-8.381397450506492319e+00
-8.383311092840823875e+00
-8.385213775545814485e+00
-8.387103614068314172e+00
-8.388982502167172228e+00
-8.390848549084447328e+00
-8.392703654665631063e+00
-8.394545921934472688e+00
-8.396377256836663250e+00
-8.398195756164156478e+00
-8.400003331976305887e+00
-8.401798074819749829e+00
-8.403581902881086307e+00
-8.405352900447967457e+00
-8.407112991848039840e+00
-8.408860255096080039e+00
-8.410596620674526847e+00
-8.412320160311598016e+00
-8.414032810658294892e+00
-8.415732637142422590e+00
-8.417421582597363283e+00
-8.419097706136543735e+00
-8.420762956789834774e+00
-8.422415387342091719e+00
-8.424056953033673523e+00
-8.425685700306953407e+00
-8.427303590626786800e+00
-8.428908664078758051e+00
-8.430502888366541825e+00
-8.432084297204632151e+00
-8.433654864549737340e+00
-8.435212617730911688e+00
-8.436759536972243012e+00
-8.438293643202872119e+00
-8.439816922928777387e+00
-8.441327390664573826e+00
-8.442827039212533080e+00
-8.444313876658341655e+00
-8.445789902115089731e+00
-8.447253117224654773e+00
-8.448705527425696360e+00
-8.450145127901572906e+00
-8.451573930431164783e+00
-8.452989923724476995e+00
-8.454395125915375786e+00
-8.455787519225589577e+00
-8.457169128158870564e+00
-8.458537928433564446e+00
-8.459895950938342679e+00
-8.461241164873003484e+00
-8.462575607526165555e+00
-8.463897241563907770e+00
-8.465208110689889764e+00
-8.466506171021208615e+00
-8.467793472691738543e+00
-8.469067965254199137e+00
-8.470331705287943436e+00
-8.471582635765868119e+00
-8.472822819728241583e+00
-8.474050193552400856e+00
-8.475266826755085248e+00
-8.476470649102497035e+00
-8.477663736603210154e+00
-8.478844012396594465e+00
-8.480013558998690471e+00
-8.481170292906222485e+00
-8.482316303158418336e+00
-8.483449499593405108e+00
-8.484571977789261865e+00
-8.485681640909545465e+00
-8.486780591087212500e+00
-8.487866724795042117e+00
-8.488942150736747294e+00
-8.490004758678118435e+00
-8.491056663909722246e+00
-8.492095749474110278e+00
-8.493124137264768336e+00
-8.494139703584560053e+00
-8.495144576946138670e+00
-8.496136626896252153e+00
-8.497117988582932213e+00
-8.498086524780191553e+00
-8.499044377287956920e+00
-8.499989402090767143e+00
-8.500923747656827345e+00
-8.501845263164495847e+00
-8.502756103766868634e+00
-8.503654111819193062e+00
-8.504541449176009849e+00
-8.505415951352601311e+00
-8.506279786921693287e+00
-8.507130784541461210e+00
-8.507971119519693204e+00
-8.508798613640204067e+00
-8.509615448962867035e+00
-8.510419440379841660e+00
-8.511212776720025630e+00
-8.511993265966594890e+00
-8.512763103734565462e+00
-8.513520091080646779e+00
-8.514266430423216292e+00
-8.514999915874886582e+00
-8.515722756674637850e+00
-8.516432739973382127e+00
-8.517132081848069802e+00
-8.517818562470091948e+00
-8.518494404771896455e+00
-8.519157381927385586e+00
-8.519809723742117313e+00
-8.520449196374530132e+00
-8.521078036520924215e+00
-8.521694003306144793e+00
-8.522299340335049322e+00
-8.522891799680690994e+00
-8.523473631874269429e+00
-8.524042581918756412e+00
-8.524600907289691776e+00
-8.525146345901466916e+00
-8.525681162192064733e+00
-8.526203086968742184e+00
-8.526714391650063618e+00
-8.527212799917551322e+00
-8.527700590188581842e+00
-8.528175479000136505e+00
-8.528639751786775136e+00
-8.529091117922094512e+00
-8.529531869876326056e+00
-8.529959709840579052e+00
-8.530376937339413601e+00
-8.530781247362327235e+00
-8.531174946506840939e+00
-8.531555722541638076e+00
-8.531925889155949960e+00
-8.532283126878343893e+00
-8.532629756508603336e+00
-8.532963451315739078e+00
-8.533286539229063550e+00
-8.533596686238492879e+00
-8.533896227421859493e+00
-8.534182821470267299e+00
-8.534458810629431014e+00
-8.534721846271748902e+00
-8.534974277830052358e+00
-8.535213749338117495e+00
-8.535442617435315071e+00
-8.535658518796797267e+00
-8.535863817287927091e+00
-8.536056142204985875e+00
-8.536237864659081964e+00
-8.536406606547345177e+00
-8.536564746246163793e+00
-8.536709898233164395e+00
-8.536844448170027633e+00
-8.536966003094184074e+00
-8.537076955972446868e+00
-8.537174906381549633e+00
-8.537262254613512624e+00
-8.537336592763372423e+00
-8.537400328468681465e+00
-8.537451046321885784e+00
-8.537491161326213884e+00
-8.537518250550547805e+00
-8.537534736384207790e+00
-8.537538188351266655e+00
-8.537531036247619554e+00
-8.537510842031265312e+00
-8.537480042925329471e+00
-8.537436193300219855e+00
-8.537381737827061556e+00
-8.537314223267102875e+00
-8.537236101760221629e+00
-8.537144912436865241e+00
-8.537043114926694543e+00
-8.536928240707410964e+00
-8.536802756919641411e+00
-8.536664187366241663e+00
-8.536515006719961107e+00
-8.536352731086818579e+00
-8.536179842693025321e+00
-8.535993849925411325e+00
-8.535797242585093869e+00
-8.535587521317355097e+00
-8.535367183519760204e+00
-8.535133722073435791e+00
-8.534889641994153564e+00
-8.534632428376271562e+00
-8.534364593875457317e+00
-8.534083615776403065e+00
-8.533792014396713199e+00
-8.533487259188426322e+00
-8.533171878153115841e+00
-8.532843332887072307e+00
-8.532504159097987539e+00
-8.532151810503075140e+00
-8.531788830538543422e+00
-8.531412665019097119e+00
-8.531025865131802277e+00
-8.530625868765360664e+00
-8.530215234880254016e+00
-8.529791393415381506e+00
-8.529356911127369045e+00
-8.528909209981492268e+00
-8.528450864553233757e+00
-8.527979288810254133e+00
-8.527497065169862722e+00
-8.527001599577790358e+00
-8.526495482316423846e+00
-8.525976111285162418e+00
-8.525446084654566548e+00
-8.524902792253252315e+00
-8.524348840163293417e+00
-8.523781610117927343e+00
-8.523203716134155172e+00
-8.522612531824901083e+00
-8.522010679165795466e+00
-8.521395523624461177e+00
-8.520769695158820767e+00
-8.520130551066136704e+00
-8.519480729310391354e+00
-8.518817578993161277e+00
-8.518143746108588488e+00
-8.517456571536966337e+00
-8.516758709326770926e+00
-8.516047492111310291e+00
-8.515325582017666761e+00
-8.514590303406494698e+00
-8.513844326507701510e+00
-8.513084967383230506e+00
-8.512314904390446912e+00
-8.511531445266481199e+00
-8.510737276520771388e+00
-8.509929697539204696e+00
-8.509111403008182251e+00
-8.508279683935770166e+00
-8.507437243210317135e+00
-8.506581363435417487e+00
-8.505714755726318188e+00
-8.504834694255256622e+00
-8.503943898389779932e+00
-8.503039633843602729e+00
-8.502124628261814365e+00
-8.501196138872439079e+00
-8.500256901623705730e+00
-8.499304165230386232e+00
-8.498340673969497772e+00
-8.497363668015038840e+00
-8.496375899998515280e+00
-8.495374601525254477e+00
-8.494362533607290544e+00
-8.493336919253311024e+00
-8.492300527881866401e+00
-8.491250573876722996e+00
-8.490189835089285708e+00
-8.489115517249995690e+00
-8.488030406669428984e+00
-8.486931700396020517e+00
-8.485822193226145060e+00
-8.484699073497441901e+00
-8.483565144518593115e+00
-8.482417585887469968e+00
-8.481259209451922132e+00
-8.480087186040865532e+00
-8.478904336068222136e+00
-8.477707821564427704e+00
-8.476500471536667192e+00
-8.475279439187275443e+00
-8.474047562143878665e+00
-8.472801984750892856e+00
-8.471545553283748475e+00
-8.470275403198890274e+00
-8.468994389447173532e+00
-8.467699638566646314e+00
-8.466394014211330088e+00
-8.465074633970404605e+00
-8.463744370228875269e+00
-8.462400331596317216e+00
-8.461045399216756024e+00
-8.459676672689120380e+00
-8.458297041944598860e+00
-8.456903597540430084e+00
-8.455499238223163516e+00
-8.454081045476918632e+00
-8.452651926892105649e+00
-8.451208954847968968e+00
-8.449755045807526344e+00
-8.448287263013231296e+00
-8.446808531829393729e+00
-8.445315906329636135e+00
-8.443812320808421035e+00
-8.442294820138188882e+00
-8.440766347572635553e+00
-8.439223938750393117e+00
-8.437670545913693587e+00
-8.436103195434435875e+00
-8.434524848572728217e+00
-8.432932522400744091e+00
-8.431329187225987454e+00
-8.429711850787487748e+00
-8.428083492469919946e+00
-8.426441110645509269e+00
-8.424787693806006672e+00
-8.423120230922940266e+00
-8.421441719625164524e+00
-8.419749139449463016e+00
-8.418045497191828375e+00
-8.416327762920030153e+00
-8.414598952627610373e+00
-8.412856026878502647e+00
-8.411102010894410341e+00
-8.409333855700555915e+00
-8.407554595777344986e+00
-8.405761172576236007e+00
-8.403956629867233019e+00
-8.402137899492421624e+00
-8.400308034542410596e+00
-8.398463957214319819e+00
-8.396608729950548522e+00
-8.394739265267128658e+00
-8.392858634989600830e+00
-8.390963741916728225e+00
-8.389057667288742692e+00
-8.387137304150483530e+00
-8.385205743188500094e+00
-8.383259867656997599e+00
-8.381302777720765818e+00
-8.379331346806102587e+00
-8.377348684588129757e+00
-8.375351654627866793e+00
-8.373343376142965866e+00
-8.371320702791484436e+00
-8.369286763365964887e+00
-8.367238401583593443e+00
-8.365178755844350889e+00
-8.363104659886248626e+00
-8.361019261749500942e+00
-8.358919385154345960e+00
-8.356808187814278810e+00
-8.354682483392815939e+00
-8.352545439309867703e+00
-8.350393859133163232e+00
-8.348230920022276180e+00
-8.346053415409759424e+00
-8.343864532228357334e+00
-8.341661053735597520e+00
-8.339446176671321709e+00
-8.337216674077890133e+00
-8.334975752536102789e+00
-8.332720174832935811e+00
-8.330453157424216215e+00
-8.328171452800766872e+00
-8.325878287328029259e+00
-8.323570403159640918e+00
-8.321251036605108453e+00
-8.318916919439720559e+00
-8.316571297951766084e+00
-8.314210893496705168e+00
-8.311838962376683071e+00
-8.309452215485242377e+00
-8.307053919173728929e+00
-8.304640773831732048e+00
-8.302216055895065949e+00
-8.299776455206947290e+00
-8.297325258323459352e+00
-8.294859144498545334e+00
-8.292381410444574996e+00
-8.289888724783160967e+00
-8.287384394419071043e+00
-8.284865077298251279e+00
-8.282334090554357431e+00
-8.279788081413897771e+00
-8.277230377276175943e+00
-8.274657614604308264e+00
-8.272073131100194487e+00
-8.269473552419256634e+00
-8.266862226603285180e+00
-8.264235768455369779e+00
-8.261597536394731378e+00
-8.258944134327316888e+00
-8.256278931087525308e+00
-8.253598519638980946e+00
-8.250906279269482724e+00
-8.248198791954768794e+00
-8.245479447474444612e+00
-8.242744816770636973e+00
-8.239998300153478894e+00
-8.237236457485481722e+00
-8.234462699646304173e+00
-8.231673575372521867e+00
-8.228872506152688615e+00
-8.226056029550877113e+00
-8.223227577704234292e+00
-8.220383676957299102e+00
-8.217527770136005216e+00
-8.214656372318248856e+00
-8.211772937059031108e+00
-8.208873968122242459e+00
-8.205962929832660180e+00
-8.203036314592468514e+00
-8.200097597537402194e+00
-8.197143259659942061e+00
-8.194176786948387914e+00
-8.191194648937196732e+00
-8.188200342509102114e+00
-8.185190325692166979e+00
-8.182168106305860888e+00
-8.179130130823091704e+00
-8.176079918042756134e+00
-8.173013902833693223e+00
-8.169935615017406505e+00
-8.166841477809343885e+00
-8.163735032097244826e+00
-8.160612689393770935e+00
-8.157478001696935266e+00
-8.154327368766900008e+00
-8.151164353756319869e+00
-8.147985344623103643e+00
-8.144793915719615640e+00
-8.141586443151153318e+00
-8.138366512515277762e+00
-8.135130488014478800e+00
-8.131881966537301665e+00
-8.128617300332937390e+00
-8.125340097627457681e+00
-8.122046698665865705e+00
-8.118740723058726516e+00
-8.115418498995985885e+00
-8.112083657520191338e+00
-8.108732514715066841e+00
-8.105368713103217715e+00
-8.101988556610740133e+00
-8.098595699288928529e+00
-8.095186432854870162e+00
-8.091764422937636425e+00
-8.088325948993496439e+00
-8.084874688279230170e+00
-8.081406907938456285e+00
-8.077926296905900472e+00
-8.074429109960531648e+00
-8.070919047766082599e+00
-8.067392352684702672e+00
-8.063852737160605244e+00
-8.060296431086857893e+00
-8.056727158740505601e+00
-8.053141137492909607e+00
-8.049542103506849955e+00
-8.045926261579550598e+00
-8.042297359812909718e+00
-8.038651590377192235e+00
-8.034992713367850925e+00
-8.031316908275300648e+00
-8.027627947243376028e+00
-8.023921997029667352e+00
-8.020202841882021261e+00
-8.016466635772113491e+00
-8.012717175108178935e+00
-8.008950601022693405e+00
-8.005170722141370376e+00
-8.001373666704143517e+00
-7.997563255612130995e+00
-7.993735604159165398e+00
-7.989894545580276564e+00
-7.986036182169873321e+00
-7.982164359556136901e+00
-7.978275166980334454e+00
-7.974372462524020655e+00
-7.970452322321594174e+00
-7.966518616968874866e+00
-7.962567409439545330e+00
-7.958602582905454526e+00
-7.954620187125668096e+00
-7.950624117910635391e+00
-7.946610411750676839e+00
-7.942582977158341606e+00
-7.938537837301138822e+00
-7.934478913457809313e+00
-7.930402215418976830e+00
-7.926311677294662239e+00
-7.922203295444281146e+00
-7.918081016875108347e+00
-7.913940824461043633e+00
-7.909786678173382768e+00
-7.905614547346075049e+00
-7.901428404982175913e+00
-7.897224206821162440e+00
-7.893005938966454416e+00
-7.888769543508481696e+00
-7.884519019720420907e+00
-7.880250295989077891e+00
-7.875967384827831985e+00
-7.871666200865018226e+00
-7.867350769925493204e+00
-7.863016992824311657e+00
-7.858668908770162886e+00
-7.854302404709830654e+00
-7.849921533308851451e+00
-7.845522167590861073e+00
-7.841108373752432747e+00
-7.836676010838692363e+00
-7.832229158652374679e+00
-7.827763662205006412e+00
-7.823283614981402678e+00
-7.818784847904132640e+00
-7.814271468217004468e+00
-7.809739292698249180e+00
-7.805192442428569244e+00
-7.800626719986209601e+00
-7.796046260367777592e+00
-7.791446851895726944e+00
-7.786832643562400236e+00
-7.782199409378673494e+00
-7.777551312413451434e+00
-7.772884112309957239e+00
-7.768201986295493633e+00
-7.763500679589534492e+00
-7.758784383660454864e+00
-7.754048829247674135e+00
-7.749298222144468618e+00
-7.744528278553607592e+00
-7.739743218677972436e+00
-7.734938744127091148e+00
-7.730119089599136295e+00
-7.725279942053365545e+00
-7.720425550770054102e+00
-7.715551588001066996e+00
-7.710662317696369783e+00
-7.705753397343134914e+00
-7.700829105649670936e+00
-7.695885085280769644e+00
-7.690925629792785045e+00
-7.685946366970260790e+00
-7.680951605308135477e+00
-7.675936957652594650e+00
-7.670906747528759340e+00
-7.665856572785899381e+00
-7.660790772071907284e+00
-7.655704928180382396e+00
-7.650603394975520111e+00
-7.645481740136181870e+00
-7.640344332837207375e+00
-7.635186725583283263e+00
-7.630013302955350518e+00
-7.624819602224116366e+00
-7.619610023472978888e+00
-7.614380088678389669e+00
-7.609134213523616630e+00
-7.603867904630126517e+00
-7.598585593379291403e+00
-7.593282770976603757e+00
-7.587963884600679165e+00
-7.582624409979501046e+00
-7.577268810189051074e+00
-7.571892545417734155e+00
-7.566500094739957660e+00
-7.561086902742093052e+00
-7.555657464598808382e+00
-7.550207209231412975e+00
-7.544740648017680407e+00
-7.539253194150202120e+00
-7.533749375313682606e+00
-7.528224588907775683e+00
-7.522683379028659800e+00
-7.517121127218258536e+00
-7.511542394089847363e+00
-7.505942545262085375e+00
-7.500326157971597851e+00
-7.494688581847881004e+00
-7.489034410858073976e+00
-7.483358978575672893e+00
-7.477666895806392766e+00
-7.471953480000295578e+00
-7.466223358910552221e+00
-7.460471833795478069e+00
-7.454703549465503620e+00
-7.448913790918221700e+00
-7.443107220131804702e+00
-7.437279105773293431e+00
-7.431434127099977083e+00
-7.425567536377755573e+00
-7.419684030255149665e+00
-7.413778844525400480e+00
-7.407856693341220655e+00
-7.401912795950816637e+00
-7.395951884124807307e+00
-7.389969160493047973e+00
-7.383969374558494891e+00
-7.377947712258486668e+00
-7.371908940943510125e+00
-7.365848229783176215e+00
-7.359770364091548167e+00
-7.353670496194129491e+00
-7.347553429485338405e+00
-7.341414299369401597e+00
-7.335257927438462389e+00
-7.329079432097060476e+00
-7.322883653253266623e+00
-7.316665692232573903e+00
-7.310430407377817019e+00
-7.304172882854850002e+00
-7.297897995560847839e+00
-7.291600812420246491e+00
-7.285286229004930725e+00
-7.278949294914951018e+00
-7.272594924517822967e+00
-7.266218150005077980e+00
-7.259823904661493188e+00
-7.253407203184690566e+00
-7.246972997899007396e+00
-7.240516285921466455e+00
-7.234042038738946800e+00
-7.227545235799778034e+00
-7.221030867877102466e+00
-7.214493896661204886e+00
-7.207939332335736360e+00
-7.201362118742173024e+00
-7.194767285599629858e+00
-7.188149758808622281e+00
-7.181514587749356693e+00
-7.174856680287769350e+00
-7.168181105591385993e+00
-7.161482753396424705e+00
-7.154766712784661031e+00
-7.148027855266092523e+00
-7.141271289964183921e+00
-7.134491870064628039e+00
-7.127694724860721642e+00
-7.120874689114151224e+00
-7.114036912416891845e+00
-7.107176211005376665e+00
-7.100297754899634661e+00
-7.093396341708017694e+00
-7.086477162008636199e+00
-7.079534994677270099e+00
-7.072575050980793421e+00
-7.065592090956233307e+00
-7.058591346690621826e+00
-7.051567559274243280e+00
-7.044525981746300403e+00
-7.037461336140729884e+00
-7.030378896581545689e+00
-7.023273365935007284e+00
-7.016150039543140871e+00
-7.009003600991425387e+00
-7.001839366973786838e+00
-6.994652001679978248e+00
-6.987446843290491927e+00
-6.980218536482564851e+00
-6.972972441058390203e+00
-6.965703182064133969e+00
-6.958416141059709403e+00
-6.951105923339627068e+00
-6.943777932358083049e+00
-6.936426753535534395e+00
-6.929057812357878987e+00
-6.921665674247154953e+00
-6.914255786858927166e+00
-6.906822695490510533e+00
-6.899371870105870386e+00
-6.891897835749412948e+00
-6.884406084832973782e+00
-6.876891122017756430e+00
-6.869358462303732260e+00
-6.861802589836470290e+00
-6.854229042345187040e+00
-6.846632283325544854e+00
-6.839017873377683188e+00
-6.831380255210951269e+00
-6.823725012439093796e+00
-6.816046566846637234e+00
-6.808350525204180492e+00
-6.800631288230933436e+00
-6.792894485998631104e+00
-6.785134498018362770e+00
-6.777356977808185690e+00
-6.769556283526107165e+00
-6.761738092282493007e+00
-6.753896740735286564e+00
-6.746037929733969207e+00
-6.738155974287156624e+00
-6.730256599131334561e+00
-6.722334097474404579e+00
-6.714394218088471256e+00
-6.706431232227047623e+00
-6.698450912847711436e+00
-6.690447509093601752e+00
-6.682426818258496048e+00
-6.674383067217028120e+00
-6.666322077750923114e+00
-6.658238054305777531e+00
-6.650136843304162326e+00
-6.642012626599901992e+00
-6.633871275410245794e+00
-6.625706948832196019e+00
-6.617525543032727775e+00
-6.609321194184568427e+00
-6.601099823560709012e+00
-6.592855544239720089e+00
-6.584594302757955653e+00
-6.576310188927795508e+00
-6.568009174707479580e+00
-6.559685326468676081e+00
-6.551344641751366105e+00
-6.542981163309496750e+00
-6.534600914426090590e+00
-6.526197914057791039e+00
-6.517778211393152610e+00
-6.509335801409899425e+00
-6.500876759365783464e+00
-6.492395056075351611e+00
-6.483896793030822003e+00
-6.475375916696686218e+00
-6.466838554966454211e+00
-6.458278629765263013e+00
-6.449702295556089204e+00
-6.441103449532867842e+00
-6.432488272897733061e+00
-6.423850637919212403e+00
-6.415196752709764638e+00
-6.406520464415661920e+00
-6.397828008232593788e+00
-6.389113205985059274e+00
-6.380382320126613216e+00
-6.371629146957875633e+00
-6.362859976366484815e+00
-6.354068578924609412e+00
-6.345261272131905272e+00
-6.336431800624779065e+00
-6.327586509694771877e+00
-6.318719117832505283e+00
-6.309835998303051419e+00
-6.300930843238708334e+00
-6.292010054061532465e+00
-6.283067296330213658e+00
-6.274108999809239862e+00
-6.265128803265592516e+00
-6.256133164993837426e+00
-6.247115696748439362e+00
-6.238082885543353662e+00
-6.229028315897182644e+00
-6.219958503734851263e+00
-6.210867006112706257e+00
-6.201760368060526218e+00
-6.192632118943215858e+00
-6.183488833091288939e+00
-6.174324011946321633e+00
-6.165144259337828281e+00
-6.155943048549160856e+00
-6.146727013109321014e+00
-6.137489597905889660e+00
-6.128237466370169528e+00
-6.118964034753288317e+00
-6.109675996594242875e+00
-6.100366739264194926e+00
-6.091042986617624777e+00
-6.081698096899142314e+00
-6.072338824489093234e+00
-6.062958498256020512e+00
-6.053563903319114203e+00
-6.044148338918315488e+00
-6.034718621127213467e+00
-6.025268019301541322e+00
-6.015803380687698265e+00
-6.006317944498499095e+00
-5.996818589374225184e+00
-5.987298524122967258e+00
-5.977764659002861691e+00
-5.968210172152321746e+00
-5.958642005674171571e+00
-5.949053306768999683e+00
-5.939451049614239864e+00
-5.929828350201122866e+00
-5.920192215014711934e+00
-5.910535728562150481e+00
-5.900865929872060711e+00
-5.891175871689585897e+00
-5.881472625826169143e+00
-5.871749212983489841e+00
-5.862012737998312240e+00
-5.852256189244088525e+00
-5.842486704828609767e+00
-5.832697240508967873e+00
-5.822894967913200936e+00
-5.813072809890202031e+00
-5.803237971840954579e+00
-5.793383343410932085e+00
-5.783516164030238826e+00
-5.773629289842069134e+00
-5.763729994565424342e+00
-5.753811100538835710e+00
-5.743879916033537647e+00
-5.733929229277311634e+00
-5.723966383360937549e+00
-5.713984132091423085e+00
-5.703989853650209163e+00
-5.693976267109812639e+00
-5.683950786017375023e+00
-5.673906094393404764e+00
-5.663849641429597348e+00
-5.653774075773071672e+00
-5.643686882543127226e+00
-5.633580674688047907e+00
-5.623462973542010523e+00
-5.613326356024967545e+00
-5.603178379977377332e+00
-5.593011585957296639e+00
-5.582833568607290076e+00
-5.572636831785819034e+00
-5.562429007237749801e+00
-5.552202561779840728e+00
-5.541965164564058632e+00
-5.531709245019291288e+00
-5.521442510013666372e+00
-5.511157351237668145e+00
-5.500861513589588192e+00
-5.490547350666350468e+00
-5.480222645715127072e+00
-5.469879713879648442e+00
-5.459526377079629178e+00
-5.449154911641338472e+00
-5.438773178485476478e+00
-5.428373414752063475e+00
-5.417963520696398305e+00
-5.407535693898380735e+00
-5.397097874286838071e+00
-5.386642219502968842e+00
-5.376176709493027062e+00
-5.365693461576084289e+00
-5.355200496065228855e+00
-5.344689889568784658e+00
-5.334169703121467876e+00
-5.323631972227238052e+00
-5.313084799002899317e+00
-5.302520177448966976e+00
-5.291946251130459800e+00
-5.281354972140303694e+00
-5.270754525863472040e+00
-5.260136822075568652e+00
-5.249510088359436111e+00
-5.238866191758062563e+00
-5.228213402435853752e+00
-5.217543544282341905e+00
-5.206864930433515504e+00
-5.196169341198628722e+00
-5.185465133081447853e+00
-5.174744042378524256e+00
-5.164014469363937820e+00
-5.153268105882951033e+00
-5.142513396388955549e+00
-5.131741987831246021e+00
-5.120962369258407421e+00
-5.110166142272773548e+00
-5.099361840940503932e+00
-5.088541021059702629e+00
-5.077712262143506017e+00
-5.066867073721934567e+00
-5.056014081191585241e+00
-5.045144747343940139e+00
-5.034267743902550052e+00
-5.023374486443167086e+00
-5.012473693467255131e+00
-5.001556732850593434e+00
-4.990632370330922107e+00
-4.979691925592842239e+00
-4.968744212076407152e+00
-4.957780500776519439e+00
-4.946809653309311550e+00
-4.935822891474114904e+00
-4.924829125544841979e+00
-4.913819527611891225e+00
-4.902803057096738470e+00
-4.891770835859631461e+00
-4.880731872967814411e+00
-4.869677239522360424e+00
-4.858615994742662814e+00
-4.847539158433598949e+00
-4.836455840481885815e+00
-4.825357008850842178e+00
-4.814251824618382081e+00
-4.803131203352595691e+00
-4.792004357855478069e+00
-4.780862150737435812e+00
-4.769713847066593182e+00
-4.758550255924603789e+00
-4.747380695197088052e+00
-4.736195919856738712e+00
-4.725005301167620964e+00
-4.713799539404094574e+00
-4.702588059779341023e+00
-4.691361507270603859e+00
-4.680129361620838147e+00
-4.668882211901689949e+00
-4.657629592976767263e+00
-4.646362037393799049e+00
-4.635089135738302168e+00
-4.623801363405601883e+00
-4.612508367315010460e+00
-4.601200565070691084e+00
-4.589887660548531478e+00
-4.578560012912183730e+00
-4.567227383627977311e+00
-4.555880072758746735e+00
-4.544527900006491095e+00
-4.533161105662089518e+00
-4.521789568319946717e+00
-4.510403467816241019e+00
-4.499012742306584656e+00
-4.487607510478130557e+00
-4.476197770728468583e+00
-4.464773579889624422e+00
-4.453344997294409247e+00
-4.441902017201091013e+00
-4.430454760583919516e+00
-4.418993158396377297e+00
-4.407527393972971552e+00
-4.396047334218829761e+00
-4.384563225560888178e+00
-4.373064870098906098e+00
-4.361562578098314269e+00
-4.350046086083058761e+00
-4.338525768916883685e+00
-4.326991296763663897e+00
-4.315453109859573644e+00
-4.303900811210071176e+00
-4.292344907212515714e+00
-4.280774932901013408e+00
-4.269201461637787354e+00
-4.257613959657877700e+00
-4.246023068107362519e+00
-4.234418183579109929e+00
-4.222810015837829667e+00
-4.211187890975490511e+00
-4.199562588226268822e+00
-4.187923362306388952e+00
-4.176281062786864950e+00
-4.164624872116863052e+00
-4.152965711088532075e+00
-4.141292688975639180e+00
-4.129616798693040103e+00
-4.117927075413625460e+00
-4.106234585094157730e+00
-4.094528287863308691e+00
-4.082819323657362887e+00
-4.071096576598810302e+00
-4.059371261559887145e+00
-4.047632185676373062e+00
-4.035890639731755769e+00
-4.024135352875293670e+00
-4.012377692796970763e+00
-4.000606309639673341e+00
-3.988832649015185972e+00
-3.977045281020087586e+00
-3.965255730223948394e+00
-3.953452485615850165e+00
-3.941647151780640179e+00
-3.929828135517423160e+00
-3.918007122505425599e+00
-3.906172436249014446e+00
-3.894335844623611376e+00
-3.882485586711373227e+00
-3.870633513708616302e+00
-3.858767779124418151e+00
-3.846900318624499437e+00
-3.835019198969990217e+00
-3.823136441468743651e+00
-3.811240024934399617e+00
-3.799342057514731863e+00
-3.787430428850807829e+00
-3.775517335153964371e+00
-3.763590575641338365e+00
-3.751662435837939569e+00
-3.739720623258698140e+00
-3.727777514019689153e+00
-3.715820722627647843e+00
-3.703862717094917656e+00
-3.691891017585543278e+00
-3.679918185342297310e+00
-3.667931644822511661e+00
-3.655944051863266875e+00
-3.643942733820926261e+00
-3.631940442521119916e+00
-3.619924406793779692e+00
-3.607907475879030379e+00
-3.595876778622635328e+00
-3.583845263137367176e+00
-3.571799956794009301e+00
-3.559753908069646311e+00
-3.547694041335125892e+00
-3.535633506957684080e+00
-3.523559124748051996e+00
-3.511484148525112037e+00
-3.499395291942828390e+00
-3.487305913869731988e+00
-3.475202620168915679e+00
-3.463098876394308689e+00
-3.450981178945314198e+00
-3.438863101735725625e+00
-3.426731029988670407e+00
-3.414598647692368427e+00
-3.402452227139836083e+00
-3.390305564149759476e+00
-3.378144816288543240e+00
-3.365983893004020455e+00
-3.353808835295634783e+00
-3.341633668083294761e+00
-3.329444313913580533e+00
-3.317254915066858878e+00
-3.305051273704214143e+00
-3.292847651401817455e+00
-3.280629727954111896e+00
-3.268411886217188922e+00
-3.256179681587451302e+00
-3.243947620235252849e+00
-3.231701131075785494e+00
-3.219454845679932120e+00
-3.207194064344948359e+00
-3.194933546182278317e+00
-3.182658460678871482e+00
-3.170383696682406605e+00
-3.158094290619839928e+00
-3.145805263328249168e+00
-3.133501515865334763e+00
-3.121198203370360247e+00
-3.108880089161117688e+00
-3.096562465053315005e+00
-3.084229954190216727e+00
-3.071897987502464566e+00
-3.059551045457963081e+00
-3.047204700606851890e+00
-3.034843288172480058e+00
-3.022482524897398104e+00
-3.010106598120238619e+00
-2.997731371420311763e+00
-2.985340881537449587e+00
-2.972951141605577163e+00
-2.960546034975341634e+00
-2.948141727129916845e+00
-2.935721945160789659e+00
-2.923303009774297578e+00
-2.910868488850614888e+00
-2.898434861275670738e+00
-2.885985532680252152e+00
-2.873537143172071762e+00
-2.861072933005672336e+00
-2.848609706641652917e+00
-2.836130535738917491e+00
-2.823652392334488503e+00
-2.811158176176210777e+00
-2.798665030197275083e+00
-2.786155678818842851e+00
-2.773647439290165106e+00
-2.761122857186105950e+00
-2.748599427595789457e+00
-2.736059513619785388e+00
-2.723520791819471487e+00
-2.710965439080201378e+00
-2.698411317180732460e+00
-2.685840412932661625e+00
-2.673270777194924008e+00
-2.660684202724416636e+00
-2.648098933445388603e+00
-2.635496563951171378e+00
-2.622895535344508033e+00
-2.610277239812980987e+00
-2.597660319884043556e+00
-2.585025960958201363e+00
-2.572393011373308003e+00
-2.559742445215995144e+00
-2.547093321165229796e+00
-2.534426397315389767e+00
-2.521760947369172001e+00
-2.509077508591293082e+00
-2.496395574549547192e+00
-2.483695456675828250e+00
-2.470996873410167272e+00
-2.458279905174800106e+00
-2.445564500462678925e+00
-2.432830503327924720e+00
-2.420098097678709426e+00
-2.407346885652136503e+00
-2.394597292124354126e+00
-2.381828671566971423e+00
-2.369061695576144988e+00
-2.356275465000506664e+00
-2.343490904117409457e+00
-2.330686853975559192e+00
-2.317884497713856629e+00
-2.305062410173880583e+00
-2.292242039766768436e+00
-2.279401688477649124e+00
-2.266563076642503560e+00
-2.253704226486685336e+00
-2.240847137177464976e+00
-2.227969544009689606e+00
-2.215093732155731132e+00
-2.202197142527893448e+00
-2.189302353758645570e+00
-2.176386504629371998e+00
-2.163472474983899829e+00
-2.150537093412152156e+00
-2.137603549032413675e+00
-2.124648351853594797e+00
-2.111695008660529727e+00
-2.098719702144220989e+00
-2.085746265495330487e+00
-2.072750544983328336e+00
-2.059756709310528677e+00
-2.046740258833763981e+00
-2.033725707260091831e+00
-2.020688199132694152e+00
-2.007652603066331753e+00
-1.994593697455803616e+00
-1.981536716159865819e+00
-1.968456060630731308e+00
-1.955377340766838445e+00
-1.942274569796573314e+00
-1.929173744940574586e+00
-1.916048479405187521e+00
-1.902925169532497796e+00
-1.889777016159821077e+00
-1.876630827098386911e+00
-1.863459377886077517e+00
-1.850289900734336301e+00
-1.837094732330248448e+00
-1.823901542837144119e+00
-1.810682215878769874e+00
-1.797464873782876227e+00
-1.784220932192537523e+00
-1.770978980517082579e+00
-1.757709950749181571e+00
-1.744442915048910470e+00
-1.731148305285144184e+00
-1.717855692841239401e+00
-1.704534992129342452e+00
-1.691216291087944468e+00
-1.677868968418888329e+00
-1.664523646867860807e+00
-1.651149150186043801e+00
-1.637776655164812967e+00
-1.624374410305193139e+00
-1.610974166741449443e+00
-1.597543576286565070e+00
-1.584114985853101176e+00
-1.570655427902751144e+00
-1.557197867786521472e+00
-1.543708694631348521e+00
-1.530221516206742294e+00
-1.516702052896441222e+00
-1.503184580292869610e+00
-1.489634123088264150e+00
-1.476085651641928287e+00
-1.462503466339094560e+00
-1.448923260916448852e+00
-1.435308581029443920e+00
-1.421695874209446098e+00
-1.408047898996411140e+00
-1.394401889096054781e+00
-1.380719781411639646e+00
-1.367039630337734790e+00
-1.353322514292334189e+00
-1.339607345200154676e+00
-1.325854303603906104e+00
-1.312103198340322407e+00
-1.298313269906340661e+00
-1.284525266212479089e+00
-1.270697442490809292e+00
-1.256871530935070647e+00
-1.243004752943818625e+00
-1.229139873552224316e+00
-1.215233028067842280e+00
-1.201328066613370993e+00
-1.187379982075804863e+00
-1.173433765982670796e+00
-1.159443207964320210e+00
-1.145454501775743816e+00
-1.131420167954444223e+00
-1.117387668304445025e+00
-1.103308182870531784e+00
-1.089230512890062785e+00
-1.075104420306430830e+00
-1.060980123381622287e+00
-1.046805881399222482e+00
-1.032633414185896159e+00
-1.018409386001427386e+00
-1.004187110580860853e+00
-9.899115559999416281e-01
-9.756377310404790171e-01
-9.613087964837321309e-01
-9.469815672450998534e-01
-9.325972744015947891e-01
-9.182146613858982453e-01
-9.037728942763181283e-01
-8.893327802892592171e-01
-8.748312704505097903e-01
-8.603313857834228306e-01
-8.457676952205296361e-01
-8.312056005993131436e-01
-8.165771020669594371e-01
-8.019501689307098058e-01
-7.872540230004321238e-01
-7.725594105649296051e-01
-7.577925387941242263e-01
-7.430271672171018249e-01
-7.281862205549963774e-01
-7.133467393374516297e-01
-6.984280606601045438e-01
-6.835108111766444727e-01
-6.685103905213293229e-01
-6.535113612483824941e-01
-6.384247818754383852e-01
-6.233395544468129934e-01
-6.081619272519129815e-01
-5.929856108633040357e-01
-5.777114938134304545e-01
-5.624386446493787606e-01
-5.470619427058815987e-01
-5.316864638525177211e-01
-5.162003030899615652e-01
-5.007153186414431412e-01
-4.851118856675159519e-01
-4.695095801307289096e-01
-4.537799139597438192e-01
-4.380513241099538990e-01
-4.221850414775428773e-01
-4.063197816505170756e-01
-3.903047068380802176e-01
-3.742905987266333945e-01
-3.581122524346272429e-01
-3.419348139263679864e-01
-3.255756870262220271e-01
-3.092174059089512483e-01
-2.926558915521967341e-01
-2.760951575611354514e-01
-2.593039139169081020e-01
-2.425133813864325805e-01
-2.254566870782949151e-01
-2.084006302559252843e-01
-1.910298168563056009e-01
-1.736595622116169080e-01
-1.559043873471793185e-01
-1.381496863765362404e-01
-1.198998486395383145e-01
-1.016503922405377763e-01
-8.270747231226079077e-02
-6.376483079100235540e-02
-4.366608218260178281e-02
-2.356749292470831578e-02
-1.580343187984481662e-15
