3.038974142019544858e-15
-1.951454731334366199e+00
-3.793025928518384493e+00
-5.435455263997514663e+00
-6.822906272042637887e+00
-7.934909902046159758e+00
-8.779865168520334606e+00
-9.384920319499400421e+00
-9.786298485484868692e+00
-1.002209768770699938e+01
-1.012789169541801826e+01
-1.013459066200745795e+01
-1.006780417013816553e+01
-9.948057143824682313e+00
-9.791405911582181432e+00
-9.610181100174127522e+00
-9.413711014505185659e+00
-9.208960203937589739e+00
-9.001062076082648744e+00
-8.793748472973469177e+00
-8.589687885580449489e+00
-8.390748240389115153e+00
-8.198198436970949743e+00
-8.012862405403684107e+00
-7.835235740311658148e+00
-7.665574421349476530e+00
-7.503961676004829329e+00
-7.350359255811019565e+00
-7.204646249584656381e+00
-7.066649013778119048e+00
-6.936162451219871627e+00
-6.812963939691373483e+00
-6.696819143670607488e+00
-6.587482076479039605e+00
-6.484690773637995065e+00
-6.388162896060007867e+00
-6.297592821083384251e+00
-6.212653057793993128e+00
-6.132998854886274387e+00
-6.058276352298929801e+00
-5.988131383090317783e+00
-5.922218794818649101e+00
-5.860209690552398598e+00
-5.801797411319006947e+00
-5.746700572296905563e+00
-5.694664877402094483e+00
-5.645462502753787248e+00
-5.598891123332638387e+00
-5.554771354791486537e+00
-5.512944674769405751e+00
-5.473270365865426257e+00
-5.435623445615934912e+00
-5.399891890361060653e+00
-5.365975061226351706e+00
-5.333781465521469478e+00
-5.303227768410899934e+00
-5.274237070713994058e+00
-5.246738418998495135e+00
-5.220665479191406888e+00
-5.195956413593831869e+00
-5.172552821988253946e+00
-5.150399868440902473e+00
-5.129445387684986812e+00
-5.109640175405433027e+00
-5.090937188849503414e+00
-5.073291943288777084e+00
-5.056661761392061472e+00
-5.041006240306233899e+00
-5.026286522303885285e+00
-5.012465811463278520e+00
-4.999508649654119452e+00
-4.987381470837699560e+00
-4.976051873438154693e+00
-4.965489205618699664e+00
-4.955663829117631813e+00
-4.946547731874358256e+00
-4.938113780647023887e+00
-4.930336359005426772e+00
-4.923190607244531058e+00
-4.916653084624695857e+00
-4.910700995711143158e+00
-4.905312876179124260e+00
-4.900467805014576683e+00
-4.896146113413397671e+00
-4.892328582424534389e+00
-4.888997174571669824e+00
-4.886134216587755041e+00
-4.883723153434027076e+00
-4.881747715807527754e+00
-4.880192696256696827e+00
-4.879043101161701479e+00
-4.878284948662527043e+00
-4.877904404826935547e+00
-4.877888603121278699e+00
-4.878224764496253307e+00
-4.878901038145790459e+00
-4.879905605257122581e+00
-4.881227540820458621e+00
-4.882855900806135629e+00
-4.884780604806127080e+00
-4.886991506419323450e+00
-4.889479296523446372e+00
-4.892234556667843570e+00
-4.895248682792255224e+00
-4.898512921444143409e+00
-4.902019313778581022e+00
-4.905759714433127527e+00
-4.909726755659936437e+00
-4.913912848707472136e+00
-4.918311167950751184e+00
-4.922914634644186549e+00
-4.927716920929968047e+00
-4.932711415839461822e+00
-4.937892249073277284e+00
-4.943253239140667610e+00
-4.948788936816362671e+00
-4.954493555318785880e+00
-4.960362033359354328e+00
-4.966388947270099052e+00
-4.972569593570757007e+00
-4.978898882965387074e+00
-4.985372442361173384e+00
-4.991985490661343228e+00
-4.998733960177587754e+00
-5.005613354153592987e+00
-5.012619887519703887e+00
-5.019749326087803887e+00
-5.026998146602626782e+00
-5.034362357555125733e+00
-5.041838678489972025e+00
-5.049423342388521974e+00
-5.057113294198167353e+00
-5.064904974740447763e+00
-5.072795538431248197e+00
-5.080781618674190980e+00
-5.088860564744572379e+00
-5.097029188631368335e+00
-5.105285021061646056e+00
-5.113625039757066837e+00
-5.122046944578802830e+00
-5.130547867167497778e+00
-5.139125665191109249e+00
-5.147777613339734160e+00
-5.156501716661352930e+00
-5.165295382885104480e+00
-5.174156754831862770e+00
-5.183083364041820573e+00
-5.192073482248716232e+00
-5.201124756288975526e+00
-5.210235578630671327e+00
-5.219403703542591089e+00
-5.228627636670493573e+00
-5.237905232446460779e+00
-5.247235102706122589e+00
-5.256615195319260359e+00
-5.266044221843550588e+00
-5.275520217358708130e+00
-5.285041987153169529e+00
-5.294607647744680179e+00
-5.304216092597446419e+00
-5.313865514313599547e+00
-5.323554889378812049e+00
-5.333282481509472817e+00
-5.343047345426314543e+00
-5.352847811342519968e+00
-5.362683007765365772e+00
-5.372551327111487751e+00
-5.382451967537296156e+00
-5.392383379667773369e+00
-5.402344827457345566e+00
-5.412334816019146011e+00
-5.422352671518363643e+00
-5.432396950089240839e+00
-5.442467036763788180e+00
-5.452561535464163889e+00
-5.462679886969852738e+00
-5.472820739973527360e+00
-5.482983588090292848e+00
-5.493167121965358390e+00
-5.503370885329443851e+00
-5.513593608146792668e+00
-5.523834881721204404e+00
-5.534093472873085950e+00
-5.544369018101236612e+00
-5.554660318777594696e+00
-5.564967054369947874e+00
-5.575288058643848466e+00
-5.585623051951353446e+00
-5.595970898429471596e+00
-5.606331357361125534e+00
-5.616703321358869516e+00
-5.627086586804507462e+00
-5.637480073007701264e+00
-5.647883611730375009e+00
-5.658296147309690660e+00
-5.668717545274103209e+00
-5.679146773420216121e+00
-5.689583729527334377e+00
-5.700027403377752044e+00
-5.710477723577057851e+00
-5.720933700507536024e+00
-5.731395292261454166e+00
-5.741861528517197222e+00
-5.752332395593436232e+00
-5.762806941237196057e+00
-5.773285178807073592e+00
-5.783766172962857333e+00
-5.794249962985324132e+00
-5.804735629357767657e+00
-5.815223236230126602e+00
-5.825711878881940642e+00
-5.836201645339597732e+00
-5.846691644709882674e+00
-5.857181987959143576e+00
-5.867671797106950748e+00
-5.878161205175794990e+00
-5.888649346234554827e+00
-5.899136374527452986e+00
-5.909621435356910091e+00
-5.920104703400699719e+00
-5.930585334423606803e+00
-5.941063522792231488e+00
-5.951538434004699951e+00
-5.962010281412165824e+00
-5.972478239556250124e+00
-5.982942540106769513e+00
-5.993402365995917691e+00
-6.003857966581913175e+00
-6.014308532569383026e+00
-6.024754330408438108e+00
-6.035194557990428699e+00
-6.045629498292446335e+00
-6.056058355837545371e+00
-6.066481429594614561e+00
-6.076897930192154185e+00
-6.087308172083623958e+00
-6.097711371503800493e+00
-6.108107857909877758e+00
-6.118496852669255581e+00
-6.128878699786690198e+00
-6.139252625312525247e+00
-6.149618987366462619e+00
-6.159977016254718940e+00
-6.170327083801119272e+00
-6.180668424162081287e+00
-6.191001422475636673e+00
-6.201325316362755302e+00
-6.211640503905301536e+00
-6.221946225822119203e+00
-6.232242892787096089e+00
-6.242529748268134782e+00
-6.252807215196602542e+00
-6.263074539457800682e+00
-6.273332155922520137e+00
-6.283579312577600717e+00
-6.293816455930849152e+00
-6.304042835769815945e+00
-6.314258909951747434e+00
-6.324463929778369575e+00
-6.334658364182544688e+00
-6.344841465707215633e+00
-6.355013714100221200e+00
-6.365174362885522186e+00
-6.375323902377859397e+00
-6.385461586833954151e+00
-6.395587916899156511e+00
-6.405702147326205242e+00
-6.415804788865965058e+00
-6.425895096541306195e+00
-6.435973590994034765e+00
-6.446039527301534733e+00
-6.456093435792069180e+00
-6.466134571391610741e+00
-6.476163473919930524e+00
-6.486179397954938253e+00
-6.496182892621980898e+00
-6.506173211962931191e+00
-6.516150914231359614e+00
-6.526115252753516671e+00
-6.536066794741977937e+00
-6.546004792635646830e+00
-6.555929822444539035e+00
-6.565841135556003572e+00
-6.575739316623408826e+00
-6.585623615825251242e+00
-6.595494626311142028e+00
-6.605351596900399969e+00
-6.615195129098322191e+00
-6.625024470220969519e+00
-6.634840229995114136e+00
-6.644641654095781114e+00
-6.654429360342906996e+00
-6.664202592638322820e+00
-6.673961976772731397e+00
-6.683706754748176770e+00
-6.693437560208975512e+00
-6.703153633136050615e+00
-6.712855614915527624e+00
-6.722542743390836684e+00
-6.732215667582823748e+00
-6.741873623085939293e+00
-6.751517266453510580e+00
-6.761145830923834588e+00
-6.770759980484921670e+00
-6.780358945916332480e+00
-6.789943398547107378e+00
-6.799512566599358543e+00
-6.809067128653783385e+00
-6.818606310280301841e+00
-6.828130797225685278e+00
-6.837639812316669286e+00
-6.847134048384176275e+00
-6.856612725424386490e+00
-6.866076543273978317e+00
-6.875524719014561192e+00
-6.884957959413573469e+00
-6.894375478557254411e+00
-6.903777990072050841e+00
-6.913164704971149988e+00
-6.922536343671285231e+00
-6.931892114037871977e+00
-6.941232743212168543e+00
-6.950557435839877840e+00
-6.959866925723831699e+00
-6.969160414220797684e+00
-6.978438641734932446e+00
-6.987700806267392650e+00
-6.996947654765965474e+00
-7.006178381811980493e+00
-7.015393740841615156e+00
-7.024592922954546736e+00
-7.033776688022370216e+00
-7.042944223603547549e+00
-7.052096295954476624e+00
-7.061232089034877646e+00
-7.070352375437461312e+00
-7.079456335467767758e+00
-7.088544748008480667e+00
-7.097616789657425151e+00
-7.106673245542723727e+00
-7.115713288503020095e+00
-7.124737709869257252e+00
-7.133745678671103541e+00
-7.142737992401608338e+00
-7.151713816233329801e+00
-7.160673953782360712e+00
-7.169617566317813662e+00
-7.178545463541468052e+00
-7.187456802774015330e+00
-7.196352399767245167e+00
-7.205231407850105185e+00
-7.214094648790035258e+00
-7.222941271882395320e+00
-7.231772104877646434e+00
-7.240586292996819218e+00
-7.249384669942058323e+00
-7.258166376821010068e+00
-7.266932253257374796e+00
-7.275681436207521280e+00
-7.284414771187996962e+00
-7.293131390967116268e+00
-7.301832146926890310e+00
-7.310516167611987193e+00
-7.319184310243580960e+00
-7.327835699108249834e+00
-7.336471197241286823e+00
-7.345089924637802525e+00
-7.353692750123152599e+00
-7.362278789368610354e+00
-7.370848916966685316e+00
-7.379402244233434160e+00
-7.387939651506641781e+00
-7.396460245716669490e+00
-7.404964912925643183e+00
-7.413452755648771486e+00
-7.421924665652423592e+00
-7.430379741008037442e+00
-7.438818879167252263e+00
-7.447241173729751473e+00
-7.455647527814263320e+00
-7.464037030521787131e+00
-7.472410590620731874e+00
-7.480767292687150238e+00
-7.489108051122506104e+00
-7.497431945952420129e+00
-7.505739897195764954e+00
-7.514030980302779383e+00
-7.522306120894659109e+00
-7.530564389822238525e+00
-7.538806718294766007e+00
-7.547032172540125039e+00
-7.555241689341976041e+00
-7.563434330282395202e+00
-7.571611037706599490e+00
-7.579770868528513894e+00
-7.587914770642658624e+00
-7.596041796273210522e+00
-7.604152898852202469e+00
-7.612247125892865007e+00
-7.620325436353885706e+00
-7.628386873016909320e+00
-7.636432400356690131e+00
-7.644461056403224930e+00
-7.652473811137528337e+00
-7.660469697818212964e+00
-7.668449691923176381e+00
-7.676412821920657770e+00
-7.684360068776533659e+00
-7.692290456149886602e+00
-7.700204970486319134e+00
-7.708102630617499784e+00
-7.715984428460851419e+00
-7.723849378002814348e+00
-7.731698476625327388e+00
-7.739530733452108180e+00
-7.747347151322655279e+00
-7.755146734480904414e+00
-7.762930491217485240e+00
-7.770697420879889350e+00
-7.778448537203752622e+00
-7.786182834623758708e+00
-7.793901332315015473e+00
-7.801603019783369675e+00
-7.809288921638045444e+00
-7.816958022440471332e+00
-7.824611352229209338e+00
-7.832247890605819940e+00
-7.839868673033703494e+00
-7.847472674139504889e+00
-7.855060934807408302e+00
-7.862632424674288245e+00
-7.870188190041339737e+00
-7.877727195541304184e+00
-7.885250492888832063e+00
-7.892757041698289733e+00
-7.900247899094766879e+00
-7.907722019660243795e+00
-7.915180465927438291e+00
-7.922622187432258656e+00
-7.930048252112554152e+00
-7.937457604444663417e+00
-7.944851317769406229e+00
-7.952228331490277746e+00
-7.959589724349187101e+00
-7.966934430663718203e+00
-7.974263534575261048e+00
-7.981575965302652342e+00
-7.988872812385467981e+00
-7.996152999931122274e+00
-8.003417622876281001e+00
-8.010665600204527337e+00
-8.017898032248767848e+00
-8.025113832856515472e+00
-8.032314107756375776e+00
-8.039497765647674044e+00
-8.046665917654337363e+00
-8.053817467315633749e+00
-8.060953531150785167e+00
-8.068073007527152285e+00
-8.075177018359370962e+00
-8.082264456831390831e+00
-8.089336450253540534e+00
-8.096391886614954458e+00
-8.103431898622243779e+00
-8.110455369058323427e+00
-8.117463436026946866e+00
-8.124454977093655828e+00
-8.131431135760269768e+00
-8.138390784363918939e+00
-8.145335071805716254e+00
-8.152262865183468321e+00
-8.159175318798890686e+00
-8.166071294499690936e+00
-8.172951951989853470e+00
-8.179816147856199038e+00
-8.186665047206719947e+00
-8.193497501356844737e+00
-8.200314680820413926e+00
-8.207115431631065050e+00
-8.213900929710591825e+00
-8.220670015800397579e+00
-8.227423871232581121e+00
-8.234161331445994492e+00
-8.240883583185445005e+00
-8.247589456577125944e+00
-8.254280143781070223e+00
-8.260954469600765293e+00
-8.267613631614221248e+00
-8.274256449292124671e+00
-8.280884125633473758e+00
-8.287495474766153336e+00
-8.294091705113210367e+00
-8.300671625449874469e+00
-8.307236449626447694e+00
-8.313784981055714951e+00
-8.320318439018535628e+00
-8.326835621555549238e+00
-8.333337753381638180e+00
-8.339823627155672270e+00
-8.346294473030154037e+00
-8.352749078272557526e+00
-8.359188678476783707e+00
-8.365612055509345169e+00
-8.372020450409429770e+00
-8.378412639633079806e+00
-8.384789869668832551e+00
-8.391150911552770708e+00
-8.397497017226903893e+00
-8.403826952297977826e+00
-8.410141974165728840e+00
-8.416440842998264671e+00
-8.422724821657304517e+00
-8.428992664863059758e+00
-8.435245640943847434e+00
-8.441482499162535902e+00
-8.447704513318678110e+00
-8.453910427208667144e+00
-8.460101520107942363e+00
-8.466276530337191630e+00
-8.472436742652618591e+00
-8.478580889890068306e+00
-8.484710262291388361e+00
-8.490823587198384814e+00
-8.496922160343713060e+00
-8.503004703566030997e+00
-8.509072518093844906e+00
-8.515124320253580237e+00
-8.521161416774940989e+00
-8.527182518463044758e+00
-8.533188937554092135e+00
-8.539179379322826335e+00
-8.545155161517445919e+00
-8.551114983873283393e+00
-8.557060169656070414e+00
-8.562989413052708443e+00
-8.568904042852143021e+00
-8.574802747683829551e+00
-8.580686861865665094e+00
-8.586555068460663520e+00
-8.592408707321480321e+00
-8.598246455935774080e+00
-8.604069659696870431e+00
-8.609876990508029238e+00
-8.615669799309314314e+00
-8.621446752410635739e+00
-8.627209206304948808e+00
-8.632955821699766830e+00
-8.638687960647086328e+00
-8.644404278243220219e+00
-8.650106142105377316e+00
-8.655792201709717304e+00
-8.661463830245120121e+00
-8.667119671558523919e+00
-8.672761104416967015e+00
-8.678386767029198978e+00
-8.683998043747001461e+00
-8.689593567131955965e+00
-8.695174727127145786e+00
-8.700740150638093695e+00
-8.706291233205826430e+00
-8.711826596070860518e+00
-8.717347640378971363e+00
-8.722852981696609831e+00
-8.728344026781234888e+00
-8.733819385516254030e+00
-8.739280470277662971e+00
-8.744725885256872999e+00
-8.750157048455443842e+00
-8.755572558363768465e+00
-8.760973838616024523e+00
-8.766359481992628488e+00
-8.771730917767570190e+00
-8.777086733002144925e+00
-8.782428362617400452e+00
-8.787754387946549173e+00
-8.793066249565022474e+00
-8.798362523068778529e+00
-8.803644654695043315e+00
-8.808911214293532410e+00
-8.814163653770664908e+00
-8.819400537220818848e+00
-8.824623322227115096e+00
-8.829830567119486773e+00
-8.835023735165352221e+00
-8.840201378921081599e+00
-8.845364967346139196e+00
-8.850513047214091600e+00
-8.855647093184128238e+00
-8.860765646237910076e+00
-8.865870186742169423e+00
-8.870959249877493846e+00
-8.876034321726015364e+00
-8.881093931657932927e+00
-8.886139571478789634e+00
-8.891169764739226267e+00
-8.896186008976144421e+00
-8.901186821911306168e+00
-8.906173706821103764e+00
-8.911145175589147982e+00
-8.916102737239453901e+00
-8.921044897808169338e+00
-8.925973172075098105e+00
-8.930886060219572542e+00
-8.935785082785571376e+00
-8.940668734086143488e+00
-8.945538540437725672e+00
-8.950392990277791228e+00
-8.955233615703678041e+00
-8.960058899267753674e+00
-8.964870378856737432e+00
-8.969666531128437370e+00
-8.974448899767450527e+00
-8.979215955527646287e+00
-8.983969247900073896e+00
-8.988707241724972263e+00
-8.993431492308673114e+00
-8.998140458568251177e+00
-9.002835701633904009e+00
-9.007515674490035096e+00
-9.012181944099536324e+00
-9.016832957504369972e+00
-9.021470287509099961e+00
-9.026092375203603524e+00
-9.030700799242941557e+00
-9.035293994755244640e+00
-9.039873546255098091e+00
-9.044437882899043046e+00
-9.048988595070294849e+00
-9.053524105944099176e+00
-9.058046011781316409e+00
-9.062552729766073512e+00
-9.067045862046125393e+00
-9.071523819804568234e+00
-9.075988211085281421e+00
-9.080437441060460912e+00
-9.084873123679463092e+00
-9.089293658093572148e+00
-9.093700664166938452e+00
-9.098092535020077420e+00
-9.102470896441291259e+00
-9.106834135510322170e+00
-9.111183883949133033e+00
-9.115518522786546285e+00
-9.119839689687855966e+00
-9.124145759620805762e+00
-9.128438376203554583e+00
-9.132715908332739829e+00
-9.136980005589052212e+00
-9.141229030787743071e+00
-9.145464639481827973e+00
-9.149685188394947488e+00
-9.153892339062224437e+00
-9.158084442105403511e+00
-9.162263165051593106e+00
-9.166426852410264559e+00
-9.170577177710439898e+00
-9.174712479339019566e+00
-9.178834436836931232e+00
-9.182941382458038149e+00
-9.187035001765140763e+00
-9.191113620868598844e+00
-9.195178931363386710e+00
-9.199229253205755796e+00
-9.203266284032915578e+00
-9.207288337636571285e+00
-9.211297117706347848e+00
-9.215290931858742596e+00
-9.219271489846230239e+00
-9.223237093099328376e+00
-9.227189457443680354e+00
-9.231126878113318668e+00
-9.235051077017283561e+00
-9.238960343182291979e+00
-9.242856404611490717e+00
-9.246737544113397433e+00
-9.250605495795724664e+00
-9.254458536237947897e+00
-9.258298405662962693e+00
-9.262123374410359489e+00
-9.265935188828843039e+00
-9.269732113007064456e+00
-9.273515899430389453e+00
-9.277284805925456013e+00
-9.281040591125027106e+00
-9.284781506582747923e+00
-9.288509317089610917e+00
-9.292222267915141387e+00
-9.295922130019476981e+00
-9.299607142376752122e+00
-9.303279082127319910e+00
-9.306936181938766595e+00
-9.310580225142587096e+00
-9.314209438088511206e+00
-9.317825610310348949e+00
-9.321426961828555235e+00
-9.325015288390522628e+00
-9.328588803676002073e+00
-9.332149309657113534e+00
-9.335695013661560182e+00
-9.339227723897447930e+00
-9.342745641328846773e+00
-9.346250580411314957e+00
-9.349740735733664820e+00
-9.353217928010241877e+00
-9.356680345443130875e+00
-9.360129815016925647e+00
-9.363564518535152814e+00
-9.366986289264355392e+00
-9.370393302597676666e+00
-9.373787398095206669e+00
-9.377166744728038239e+00
-9.380533188361354746e+00
-9.383884891532268568e+00
-9.387223706422973990e+00
-9.390547789124580547e+00
-9.393858998148099104e+00
-9.397155483126695685e+00
-9.400439108912024722e+00
-9.403708018667336077e+00
-9.406964083596786708e+00
-9.410205440381481878e+00
-9.413433966590291746e+00
-9.416647792410049789e+00
-9.419848801786244508e+00
-9.423035118399209153e+00
-9.426208632583273683e+00
-9.429367461499852610e+00
-9.432513501884452367e+00
-9.435644864367191076e+00
-9.438763452096921469e+00
-9.441867369160112489e+00
-9.444958525131315952e+00
-9.448035017540814096e+00
-9.451098762401255016e+00
-9.454147850674178954e+00
-9.457184204822874918e+00
-9.460205909227454413e+00
-9.463214892814367118e+00
-9.466209233369639264e+00
-9.469190866295530640e+00
-9.472157862771178216e+00
-9.475112164687317318e+00
-9.478051836603373914e+00
-9.480978826911290014e+00
-9.483891193537933972e+00
-9.486790891389304647e+00
-9.489675971746644123e+00
-9.492548396042954195e+00
-9.495406208900845968e+00
-9.498251378293206315e+00
-9.501081942170952033e+00
-9.503899875059916624e+00
-9.506703208226127799e+00
-9.509493922761478757e+00
-9.512270043233755246e+00
-9.515033557314207968e+00
-9.517782482859095339e+00
-9.520518814132080010e+00
-9.523240562264644993e+00
-9.525949728126263949e+00
-9.528644316110057133e+00
-9.531326333704656761e+00
-9.533993778551309362e+00
-9.536648664771375294e+00
-9.539288983240567177e+00
-9.541916754726470273e+00
-9.544529963325597777e+00
-9.547130636465370301e+00
-9.549716751449368601e+00
-9.552290342378512378e+00
-9.554849379749576599e+00
-9.557395904350780569e+00
-9.559927879858229005e+00
-9.562447353761170277e+00
-9.564952282901112213e+00
-9.567444721482313952e+00
-9.569922619497484462e+00
-9.572388037879886014e+00
-9.574838919759438127e+00
-9.577277332812361266e+00
-9.579701213291537343e+00
-9.582112635630320341e+00
-9.584509529190233579e+00
-9.586893975176071336e+00
-9.589263896043568991e+00
-9.591621379783100920e+00
-9.593964341930377060e+00
-9.596294877275756363e+00
-9.598610894420158246e+00
-9.600914494968396440e+00
-9.603203580572134967e+00
-9.605480259665160503e+00
-9.607742426935121927e+00
-9.609992197659325441e+00
-9.612227459546728525e+00
-9.614450334732840275e+00
-9.616658703932950303e+00
-9.618854696155555217e+00
-9.621036185107497474e+00
-9.623205306684971205e+00
-9.625359927571365048e+00
-9.627502190565474294e+00
-9.629629955312104528e+00
-9.631745371527742350e+00
-9.633846291803356721e+00
-9.635934872788178396e+00
-9.638008960004151859e+00
-9.640070717048379478e+00
-9.642117982358382022e+00
-9.644152926494285794e+00
-9.646173380793941377e+00
-9.648181522795864495e+00
-9.650175176722461501e+00
-9.652156527106082962e+00
-9.654123391038281099e+00
-9.656077960060525101e+00
-9.658018044117856249e+00
-9.659945841776577780e+00
-9.661859155819263023e+00
-9.663760191852718506e+00
-9.665646745481220492e+00
-9.667521029367785346e+00
-9.669380831922495645e+00
-9.671228372880264601e+00
-9.673061433441073831e+00
-9.674882240427622904e+00
-9.676688567813512165e+00
-9.678482649525246728e+00
-9.680262252293996283e+00
-9.682029617166024948e+00
-9.683782503613665327e+00
-9.685523159819210193e+00
-9.687249337979691788e+00
-9.688963293429743828e+00
-9.690662771074542547e+00
-9.692350033417346467e+00
-9.694022818054971680e+00
-9.695683394675695510e+00
-9.697329493551274382e+00
-9.698963391571425063e+00
-9.700582811666194516e+00
-9.702190037943330125e+00
-9.703782785974208736e+00
-9.705363347101354066e+00
-9.706929429520464225e+00
-9.708483331825570772e+00
-9.710022754819743085e+00
-9.711550004365312461e+00
-9.713062773855540399e+00
-9.714563376438066555e+00
-9.716049498079053492e+00
-9.717523459228489813e+00
-9.718982938408073480e+00
-9.720430263387292769e+00
-9.721863105225963864e+00
-9.723283799030237873e+00
-9.724690008380484585e+00
-9.726084075736883605e+00
-9.727463657182756407e+00
-9.728831102549658993e+00
-9.730184060406074309e+00
-9.731524887972456739e+00
-9.732851226284678248e+00
-9.734165439969638456e+00
-9.735465162512589643e+00
-9.736752765964663325e+00
-9.738025876242430101e+00
-9.739286872838951226e+00
-9.740533374084046514e+00
-9.741767766930596650e+00
-9.742987662103326230e+00
-9.744195454032913872e+00
-9.745388745820712018e+00
-9.746569939393321391e+00
-9.747736630210102504e+00
-9.748891227711801832e+00
-9.750031319697239240e+00
-9.751159323139525270e+00
-9.752272818158379764e+00
-9.753374229277591567e+00
-9.754461128918896051e+00
-9.755535949175264676e+00
-9.756596254751643826e+00
-9.757644485328762940e+00
-9.758678197875676474e+00
-9.759699839679594646e+00
-9.760706959954500661e+00
-9.761702013612911344e+00
-9.762682542094589522e+00
-9.763651007956109851e+00
-9.764604944843762624e+00
-9.765546822977130503e+00
-9.766474168189459348e+00
-9.767389458382623957e+00
-9.768290211557211222e+00
-9.769178913316462598e+00
-9.770053073808737665e+00
-9.770915186357907345e+00
-9.771762753240322397e+00
-9.772598275519831290e+00
-9.773419247580871883e+00
-9.774228178246888277e+00
-9.775022553990272201e+00
-9.775804891413688580e+00
-9.776572669057353338e+00
-9.777328411322823598e+00
-9.778069588797984935e+00
-9.778798733703101931e+00
-9.779513308653212889e+00
-9.780215853707330709e+00
-9.780903823487172133e+00
-9.781579765910459301e+00
-9.782241127585047380e+00
-9.782890464307515188e+00
-9.783525214651078272e+00
-9.784147942311397728e+00
-9.784756077806230579e+00
-9.785352192750792710e+00
-9.785933709586283058e+00
-9.786503207867959020e+00
-9.787058101939418719e+00
-9.787600979316504635e+00
-9.788129246223990165e+00
-9.788645498159093350e+00
-9.789147133206267171e+00
-9.789636754864966761e+00
-9.790111753058026167e+00
-9.790574739307912111e+00
-9.791023095354091765e+00
-9.791459440763350841e+00
-9.791881149070013279e+00
-9.792290847906254925e+00
-9.792685902579425061e+00
-9.793068948808370422e+00
-9.793437343651529403e+00
-9.793793730935764330e+00
-9.794135459448423120e+00
-9.794465181146049915e+00
-9.794780236522575123e+00
-9.795083285685830532e+00
-9.795371660813907866e+00
-9.795648030187779298e+00
-9.795909717647194981e+00
-9.796159399668027845e+00
-9.796394391729034368e+00
-9.796617378523087893e+00
-9.796825667145116157e+00
-9.797021950527124545e+00
-9.797203527357208230e+00
-9.797373098828790816e+00
-9.797527955200077798e+00
-9.797670805948254014e+00
-9.797798932878455602e+00
-9.797915053774127969e+00
-9.798016441963952161e+00
-9.798105823560289807e+00
-9.798180463391744865e+00
-9.798243095922495982e+00
-9.798290977457426720e+00
-9.798326850835286095e+00
-9.798347963813455408e+00
-9.798357067628421291e+00
-9.798351401466044663e+00
-9.798333724983622872e+00
-9.798301268771407280e+00
-9.798256800930824184e+00
-9.798197543432353385e+00
-9.798126272844861262e+00
-9.798040202494611606e+00
-9.797942117441575505e+00
-9.797829222343205302e+00
-9.797704310774166814e+00
-9.797564578698541027e+00
-9.797412828229447257e+00
-9.797246246612651532e+00
-9.797067644523806962e+00
-9.796874200465326865e+00
-9.796668733699345211e+00
-9.796448413959879531e+00
-9.796216069119795478e+00
-9.795968860119264932e+00
-9.795709623466326121e+00
-9.795435511281798568e+00
-9.795149368733355288e+00
-9.794848339096942524e+00
-9.794535276224303644e+00
-9.794207314520743779e+00
-9.793867316547039792e+00
-9.793512407811704179e+00
-9.793145459609476688e+00
-9.792763588525980722e+00
-9.792369674614915809e+00
-9.791960825512823874e+00
-9.791539930057444607e+00
-9.791104086909800941e+00
-9.790656193717090616e+00
-9.790193340138065636e+00
-9.789718432654876068e+00
-9.789228551897222630e+00
-9.788726613207849425e+00
-9.788209688160444344e+00
-9.787680700983994342e+00
-9.787136714169133000e+00
-9.786580660857060465e+00
-9.786009594427861558e+00
-9.785426456961058506e+00
-9.784828292698787067e+00
-9.784218052684954259e+00
-9.783592771996183046e+00
-9.782955410667073082e+00
-9.782302994580856392e+00
-9.781638492789415551e+00
-9.780958921954370666e+00
-9.780267260171669363e+00
-9.779560514853166353e+00
-9.778841673165466375e+00
-9.778107733242435984e+00
-9.777361691348284367e+00
-9.776600536310155576e+00
-9.775827273517023741e+00
-9.775038882460608036e+00
-9.774238377681859546e+00
-9.773422729308078871e+00
-9.772594961059608565e+00
-9.771752033670136228e+00
-9.770896980067035997e+00
-9.770026751561035283e+00
-9.769144390314206561e+00
-9.768246838184783343e+00
-9.767337146597348863e+00
-9.766412247927934942e+00
-9.765475202891707340e+00
-9.764522934352559247e+00
-9.763558512344372886e+00
-9.762578850188765145e+00
-9.761587027266701355e+00
-9.760579947327158834e+00
-9.759560699126620165e+00
-9.758526176810992325e+00
-9.757479478540961537e+00
-9.756417488828397211e+00
-9.755343315267156257e+00
-9.754253832704138816e+00
-9.753152158195204535e+00
-9.752035156891258438e+00
-9.750905955339279174e+00
-9.749761408962671183e+00
-9.748604653828879307e+00
-9.747432535602296610e+00
-9.746248199900250597e+00
-9.745048482596198269e+00
-9.743836538887034493e+00
-9.742609194823312890e+00
-9.741369615211221245e+00
-9.740114616246131618e+00
-9.738847372373491851e+00
-9.737564689900958470e+00
-9.736269752943448097e+00
-9.734959357888126164e+00
-9.733636698549666733e+00
-9.732298561361815814e+00
-9.730948149869396602e+00
-9.729582240519610181e+00
-9.728204046618012413e+00
-9.726810334591835527e+00
-9.725404327538241134e+00
-9.723982781830777355e+00
-9.722548930389143251e+00
-9.721099519499292185e+00
-9.719637791934594873e+00
-9.718160483859339394e+00
-9.716670847931840882e+00
-9.715165610160246601e+00
-9.713648033119358871e+00
-9.712114832626586036e+00
-9.710569281204762149e+00
-9.709008084445713394e+00
-9.707434524852089908e+00
-9.705845297754981615e+00
-9.704243695668987257e+00
-9.702626403628920926e+00
-9.700996724193423404e+00
-9.699351332065514697e+00
-9.697693539880177127e+00
-9.696020011972658281e+00
-9.694334071086812443e+00
-9.692632371153937498e+00
-9.690918245059462421e+00
-9.689188336294247250e+00
-9.687445987918128054e+00
-9.685687832944845255e+00
-9.683917224641705346e+00
-9.682130785508254789e+00
-9.680331879052458177e+00
-9.678517117222488864e+00
-9.676689873800338404e+00
-9.674846750145121632e+00
-9.672991130346561661e+00
-9.671119605136915709e+00
-9.669235568947287973e+00
-9.667335601844893489e+00
-9.665423108636225891e+00
-9.663494658685111816e+00
-9.661553667207446239e+00
-9.659596692824939268e+00
-9.657627161197261501e+00
-9.655641620165001271e+00
-9.653643505866032370e+00
-9.651629355320480386e+00
-9.649602615179194487e+00
-9.647559811602297586e+00
-9.645504401788286941e+00
-9.643432900997328971e+00
-9.641348777010824378e+00
-9.639248534148720182e+00
-9.637135650810481735e+00
-9.635006620335312633e+00
-9.632864931776202511e+00
-9.630707067450785530e+00
-9.628536527101177356e+00
-9.626349781982279197e+00
-9.624150342561170746e+00
-9.621934668988540551e+00
-9.619706282492389349e+00
-9.617461632077509037e+00
-9.615204249768959599e+00
-9.612930573383520638e+00
-9.610644145779758674e+00
-9.608341393543943454e+00
-9.606025870404849343e+00
-9.603693991675379849e+00
-9.601349321991390795e+00
-9.598988265349333915e+00
-9.596614397329098267e+00
-9.594224110567338926e+00
-9.591820991625137793e+00
-9.589401421735640696e+00
-9.586968998478591075e+00
-9.584520091639493700e+00
-9.582058309854421196e+00
-9.579580011416794605e+00
-9.577088816056877008e+00
-9.574581070531266391e+00
-9.572060405702538688e+00
-9.569523156745324499e+00
-9.566972965692853492e+00
-9.564406156092310596e+00
-9.561826381186165236e+00
-9.559229952848335543e+00
-9.556620535569287256e+00
-9.553994429503621433e+00
-9.551355310428769840e+00
-9.548699466733527430e+00
-9.546030585521551259e+00
-9.543344943369008959e+00
-9.540646238745287278e+00
-9.537930736366735829e+00
-9.535202146108296972e+00
-9.532456720778895942e+00
-9.529698181699057358e+00
-9.526922769722490969e+00
-9.524134217655488399e+00
-9.521328754348314050e+00
-9.518510124133618078e+00
-9.515674543809685915e+00
-9.512825769276277654e+00
-9.509960005230754021e+00
-9.507081019181129022e+00
-9.504185003674631815e+00
-9.501275737868816407e+00
-9.498349402111180950e+00
-9.495409787250524758e+00
-9.492453061384654944e+00
-9.489483027095548806e+00
-9.486495840181053296e+00
-9.483495314998611647e+00
-9.480477594995425861e+00
-9.477446506346996813e+00
-9.474398180098944522e+00
-9.471336454287712314e+00
-9.468257447506031710e+00
-9.465165009694466391e+00
-9.462055246941217135e+00
-9.458932021134565105e+00
-9.455791425806246764e+00
-9.452637334836110128e+00
-9.449465829147067453e+00
-9.446280794654827062e+00
-9.443078299620900395e+00
-9.439862242041471063e+00
-9.436628677463597015e+00
-9.433381516008951806e+00
-9.430116800456911363e+00
-9.426838453100012671e+00
-9.423542503896362277e+00
-9.420232887355071583e+00
-9.416905620559058221e+00
-9.413564650280212831e+00
-9.410205980672095905e+00
-9.406833570815884116e+00
-9.403443411881246661e+00
-9.400039475305700165e+00
-9.396617739220170407e+00
-9.393182187466006638e+00
-9.389728785080247775e+00
-9.386261528355865025e+00
-9.382776369180707121e+00
-9.379277316347767623e+00
-9.375760308539904386e+00
-9.372229367098972475e+00
-9.368680417446849873e+00
-9.365117493523653636e+00
-9.361536507433989129e+00
-9.357941505765934309e+00
-9.354328387250406607e+00
-9.350701211173744198e+00
-9.347055862836388229e+00
-9.343396414273835049e+00
-9.339718737298920104e+00
-9.336026916747634630e+00
-9.332316810888054093e+00
-9.328592517408594631e+00
-9.324849880974861449e+00
-9.321093012180288184e+00
-9.317317742030333250e+00
-9.313528194076390321e+00
-9.309720185605780074e+00
-9.305897853181589241e+00
-9.302057000314738033e+00
-9.298201776634266835e+00
-9.294327971816191081e+00
-9.290439748610507920e+00
-9.286532882799670929e+00
-9.282611550310090109e+00
-9.278671512971822466e+00
-9.274716959943880568e+00
-9.270743639044844997e+00
-9.266755752723224049e+00
-9.262749034726844855e+00
-9.258727700851302700e+00
-9.254687470714113573e+00
-9.250632573516234913e+00
-9.246558714685365388e+00
-9.242470136886693055e+00
-9.238362531298250246e+00
-9.234240154109196297e+00
-9.230098682188003778e+00
-9.225942385308167459e+00
-9.221766925968418960e+00
-9.217576587587865689e+00
-9.213367018235148365e+00
-9.209142515037042287e+00
-9.204898711571694037e+00
-9.200639918736214895e+00
-9.196361755557681761e+00
-9.192068546767194093e+00
-9.187755896779995268e+00
-9.183428144225516121e+00
-9.179080878846464842e+00
-9.174718453235787052e+00
-9.170336442402643229e+00
-9.165939212969565375e+00
-9.161522325151056023e+00
-9.157090159666344320e+00
-9.152638261873974557e+00
-9.148171026657564653e+00
-9.143683984458540692e+00
-9.139181544393661483e+00
-9.134659221925758743e+00
-9.130121440474331607e+00
-9.125563700462047123e+00
-9.120990439681802897e+00
-9.116397143454433305e+00
-9.111788264017693706e+00
-9.107159271528972866e+00
-9.102514632743147871e+00
-9.097849802592312685e+00
-9.093169262422104993e+00
-9.088468451877332654e+00
-9.083751866968571065e+00
-9.079014931991411075e+00
-9.074262157696837860e+00
-9.069488952969040341e+00
-9.064699843375732868e+00
-9.059890222327563691e+00
-9.055064630286343785e+00
-9.050218445126812838e+00
-9.045356222283233549e+00
-9.040473324032195279e+00
-9.035574320859785402e+00
-9.030654559381817492e+00
-9.025718625216745394e+00
-9.020761849257116438e+00
-9.015788832335092096e+00
-9.010794889557327991e+00
-9.005784637052292041e+00
-9.000753374077868685e+00
-8.995705732142535993e+00
-8.990636994592511755e+00
-8.985551808400890295e+00
-8.980445440939247348e+00
-8.975322554731182123e+00
-8.970178401110340261e+00
-8.965017658237652398e+00
-8.959835561345759203e+00
-8.954636804320793786e+00
-8.949416606230936821e+00
-8.944179676776657928e+00
-8.938921218798121515e+00
-8.933645957900226975e+00
-8.928349080631504009e+00
-8.923035328592527904e+00
-8.917699871976360271e+00
-8.912347468471656597e+00
-8.906973271851946095e+00
-8.901582055987381281e+00
-8.896168958167823604e+00
-8.890738768539637960e+00
-8.885286607844571805e+00
-8.879817282600779293e+00
-8.874325896937355296e+00
-8.868817273841269611e+00
-8.863286500763999598e+00
-8.857738417259177766e+00
-8.852168094035794965e+00
-8.846580387313183635e+00
-8.840970350992542137e+00
-8.835342858059089366e+00
-8.829692945540587701e+00
-8.824025503289561811e+00
-8.818335551394479666e+00
-8.812627996677566244e+00
-8.806897842221840023e+00
-8.801150011922800331e+00
-8.795379491791566196e+00
-8.789591222901483647e+00
-8.783780174124924400e+00
-8.777951303818971596e+00
-8.772099563650076703e+00
-8.766229929365859874e+00
-8.760337335359267286e+00
-8.754426774876382211e+00
-8.748493164968811797e+00
-8.742541516490138775e+00
-8.736566729082195337e+00
-8.730573831316190692e+00
-8.724557705355325155e+00
-8.718523397599669877e+00
-8.712465772664518937e+00
-8.706389894891133352e+00
-8.700290611277003094e+00
-8.694173004217949696e+00
-8.688031903023325953e+00
-8.681872408257897078e+00
-8.675689331472074883e+00
-8.669487791515004815e+00
-8.663262582106593612e+00
-8.657018840496936818e+00
-8.650751342503461672e+00
-8.644465243894586592e+00
-8.638155302512574352e+00
-8.631826692762754050e+00
-8.625474154438885321e+00
-8.619102880702754987e+00
-8.612707593225465530e+00
-8.606293504045925857e+00
-8.599855316637784242e+00
-8.593398262038524749e+00
-8.586917025448929763e+00
-8.580416857027557853e+00
-8.573892423625910197e+00
-8.567348994647158378e+00
-8.560781218516437363e+00
-8.554194384005986862e+00
-8.547583121036547382e+00
-8.540952737874745182e+00
-8.534297845858180409e+00
-8.527623772874219910e+00
-8.520925111597419388e+00
-8.514207209663132048e+00
-8.507464641002261629e+00
-8.500702773126324274e+00
-8.493916161140710130e+00
-8.487110192562242972e+00
-8.480279403588133036e+00
-8.473429201870370520e+00
-8.466554104614219867e+00
-8.459659539737689471e+00
-8.452740005369310694e+00
-8.445800949824722181e+00
-8.438836852069750094e+00
-8.431853180950211524e+00
-8.424844396182091799e+00
-8.417815987274863687e+00
-8.410762394606294379e+00
-8.403689128483724957e+00
-8.396590609857103260e+00
-8.389472369966746612e+00
-8.382328810244134232e+00
-8.375165482998246702e+00
-8.367976770049960322e+00
-8.360768244913700187e+00
-8.353534269706276660e+00
-8.346280439284988972e+00
-8.339001095967818245e+00
-8.331701856093211234e+00
-8.324377042084158518e+00
-8.317032291899169039e+00
-8.309661907968576955e+00
-8.302271550010905443e+00
-8.294855500364704426e+00
-8.287419440648923441e+00
-8.279957633009855655e+00
-8.272475781108242998e+00
-8.264968126795780634e+00
-8.257440395917122089e+00
-8.249886809925737197e+00
-8.242313116992891153e+00
-8.234713518068515370e+00
-8.227093783794101611e+00
-8.219448094509001379e+00
-8.211782243469134102e+00
-8.204090390294650703e+00
-8.196378351000966234e+00
-8.188640264378635791e+00
-8.180881969348302363e+00
-8.173097583758767826e+00
-8.165292969582326421e+00
-8.157462223612158780e+00
-8.149611231019406432e+00
-8.141734067425959509e+00
-8.133836641349681429e+00
-8.125913007123536147e+00
-8.117969096760758063e+00
-8.109998943186049303e+00
-8.102008502057280737e+00
-8.093991784769487552e+00
-8.085954770775487077e+00
-8.077891449817176550e+00
-8.069807825293057846e+00
-8.061697865166843613e+00
-8.053567596934165351e+00
-8.045410966653280482e+00
-8.037234026069299375e+00
-8.029030699205639721e+00
-8.020807062209975413e+00
-8.012557016939572563e+00
-8.004286664098465565e+00
-7.995989883244220664e+00
-7.987672799791912581e+00
-7.979329270863845025e+00
-7.970965446741351101e+00
-7.962575161973799887e+00
-7.954164591864945066e+00
-7.945727548251332983e+00
-7.937270231616063931e+00
-7.928786430940714780e+00
-7.920282372045476471e+00
-7.911751820912623856e+00
-7.903201028858039656e+00
-7.894623738718053119e+00
-7.886026227463720950e+00
-7.877402214636449962e+00
-7.868758003022667147e+00
-7.860087288717878096e+00
-7.851396400484972560e+00
-7.842679010819874286e+00
-7.833941474624064760e+00
-7.825177440638029225e+00
-7.816393290064692856e+00
-7.807582647730813896e+00
-7.798751921304814871e+00
-7.789894711538984495e+00
-7.781017452731971318e+00
-7.772113721398508090e+00
-7.763189978633307398e+00
-7.754239776548025098e+00
-7.745269603200262587e+00
-7.736272986130460438e+00
-7.727256440526989678e+00
-7.718213469188575537e+00
-7.709150614603242246e+00
-7.700061354654915924e+00
-7.690952259301290006e+00
-7.681816781335859545e+00
-7.672661518357084987e+00
-7.663479897889850179e+00
-7.654278545345761131e+00
-7.645050862800130353e+00
-7.635803503651193758e+00
-7.626529844341434661e+00
-7.617236566430265476e+00
-7.607917020541320241e+00
-7.598577916571118251e+00
-7.589212579135768522e+00
-7.579827746646079945e+00
-7.570416717519301564e+00
-7.560986258859030862e+00
-7.551529642689604138e+00
-7.542053664987301786e+00
-7.532551571186747452e+00
-7.523030186318218959e+00
-7.513482729027119333e+00
-7.503916053580343082e+00
-7.494323351631958730e+00
-7.484711506869630604e+00
-7.475073683750888875e+00
-7.465416795570067876e+00
-7.455733979380378074e+00
-7.446032178269857305e+00
-7.436304501676924694e+00
-7.426557922672136769e+00
-7.416785522865579239e+00
-7.406994305500991693e+00
-7.397177324143809685e+00
-7.387341612403014679e+00
-7.377480195580205624e+00
-7.367600137843656860e+00
-7.357694436009020400e+00
-7.347770184999578902e+00
-7.337820352919947275e+00
-7.327852065646086821e+00
-7.317858262343738041e+00
-7.307846100040832127e+00
-7.297808488733331878e+00
-7.287752616802688266e+00
-7.277671364841111767e+00
-7.267571952786933132e+00
-7.257447231591783066e+00
-7.247304452956345067e+00
-7.237136437951709134e+00
-7.226950470248555192e+00
-7.216739340794339874e+00
-7.206510365439474874e+00
-7.196256304761806000e+00
-7.185984507003407629e+00
-7.175687702123338063e+00
-7.165373270969568331e+00
-7.155033912630021753e+00
-7.144677040775155419e+00
-7.134295323366345087e+00
-7.123896207115500090e+00
-7.113472328598758665e+00
-7.103031167790958555e+00
-7.092565329621153047e+00
-7.082082327550971890e+00
-7.071574734597343870e+00
-7.061050097935243741e+00
-7.050500958401074492e+00
-7.039934897112344991e+00
-7.029344422453330132e+00
-7.018737149715821744e+00
-7.008105554557039873e+00
-6.997457286677811972e+00
-6.986784788729806905e+00
-6.976095745060421294e+00
-6.965382565034127005e+00
-6.954652967885210479e+00
-6.943899329405772924e+00
-6.933129403960366588e+00
-6.922335533480086234e+00
-6.911525507706216764e+00
-6.900691634416740605e+00
-6.889841738979148644e+00
-6.878968094722593740e+00
-6.868078562893612293e+00
-6.857165382073294069e+00
-6.846236449643040345e+00
-6.835283969133164383e+00
-6.824315874319252018e+00
-6.813324333374271902e+00
-6.802317316730768226e+00
-6.791286956894055926e+00
-6.780241261219875248e+00
-6.769172326232018477e+00
-6.758088196479114629e+00
-6.746980932185691948e+00
-6.735858615366662860e+00
-6.724713269625752332e+00
-6.713553014721195034e+00
-6.702369837310421019e+00
-6.691171895176075246e+00
-6.679951137699764452e+00
-6.668715760973210394e+00
-6.657457676768973265e+00
-6.646185119776620631e+00
-6.634889963822158343e+00
-6.623580482485675880e+00
-6.612248511305176990e+00
-6.600902363048298582e+00
-6.589533834619243358e+00
-6.578151278274232183e+00
-6.566746451933931361e+00
-6.555327747648472148e+00
-6.543886884000745141e+00
-6.532432293144688984e+00
-6.520955653966930221e+00
-6.509465439039423984e+00
-6.497953287189591087e+00
-6.486427711726291179e+00
-6.474880311050336346e+00
-6.463319639530955563e+00
-6.451737254770453234e+00
-6.440141752526736596e+00
-6.428524649227024490e+00
-6.416894582350897380e+00
-6.405243026769383619e+00
-6.393578662021755399e+00
-6.381892921036770083e+00
-6.370194525756589066e+00
-6.358474866776917089e+00
-6.346742708790880094e+00
-6.334989399665467147e+00
-6.323223747198205125e+00
-6.311437056126620426e+00
-6.299638177711533338e+00
-6.287818373155070084e+00
-6.275986537545617416e+00
-6.264133888138975870e+00
-6.252269364220859771e+00
-6.240384138684452076e+00
-6.228487195388261455e+00
-6.216569662441326471e+00
-6.204640568656197175e+00
-6.192690996930542369e+00
-6.180730021418176179e+00
-6.168748679372784594e+00
-6.156756090682648619e+00
-6.144743246519051461e+00
-6.132719312904050923e+00
-6.120675234482590099e+00
-6.108620223815869110e+00
-6.096545178572573498e+00
-6.084459358264963313e+00
-6.072353613129572558e+00
-6.060237250048190027e+00
-6.048101071362994574e+00
-6.035954431750286453e+00
-6.023788085189791808e+00
-6.011611434584043678e+00
-5.999415185075670287e+00
-5.987208788232112333e+00
-5.974982899877894660e+00
-5.962747020690959410e+00
-5.950491756690014178e+00
-5.938226658116348311e+00
-5.925942280688611952e+00
-5.913648224671466558e+00
-5.901334994982128990e+00
-5.889012242376270301e+00
-5.876670420461610256e+00
-5.864319230959734952e+00
-5.851949075653532617e+00
-5.839569707713375912e+00
-5.827171476574691589e+00
-5.814764187347411628e+00
-5.802338136589301421e+00
-5.789903181848630176e+00
-5.777449566267891967e+00
-5.764987200340711659e+00
-5.752506273248743973e+00
-5.740016748946264791e+00
-5.727508762100971040e+00
-5.714992330651562646e+00
-5.702457534190164878e+00
-5.689914445172623125e+00
-5.677353087545897736e+00
-5.664783588824285232e+00
-5.652195916731415082e+00
-5.639600254390711775e+00
-5.626986512715652644e+00
-5.614364930998504200e+00
-5.601725362747012937e+00
-5.589078103991536928e+00
-5.576412950229595822e+00
-5.563740254808410945e+00
-5.551049754601403485e+00
-5.538351860861478571e+00
-5.525636251214712580e+00
-5.512913395418407525e+00
-5.500172911218457195e+00
-5.487425327485572879e+00
-5.474660201442809182e+00
-5.461888121693633025e+00
-5.449098584285575697e+00
-5.436302238185116487e+00
-5.423488517601068537e+00
-5.410668132504033778e+00
-5.397830454590617499e+00
-5.384986255487647533e+00
-5.372124843695152308e+00
-5.359257053159911521e+00
-5.346372128489920605e+00
-5.333480966627180742e+00
-5.320572747581026718e+00
-5.307658431975769808e+00
-5.294727134503875554e+00
-5.281789880171306351e+00
-5.268835717623630899e+00
-5.255875736960076594e+00
-5.242898920037264432e+00
-5.229916422772170392e+00
-5.216917159477838517e+00
-5.203912352626404392e+00
-5.190890848220171883e+00
-5.177863936037045534e+00
-5.164820392988411335e+00
-5.151771576922300255e+00
-5.138706194865500620e+00
-5.125635673514267410e+00
-5.112548649203850104e+00
-5.099456618270946429e+00
-5.086348145538155840e+00
-5.073234797789423212e+00
-5.060105067499341303e+00
-5.046970592720865234e+00
-5.033819792730495735e+00
-5.020664377686999913e+00
-5.007492692803748646e+00
-4.994316521197887937e+00
-4.981124133139074317e+00
-4.967927385571262455e+00
-4.954714472924168334e+00
-4.941497326853281358e+00
-4.928264065035886432e+00
-4.915026694740334712e+00
-4.901773255962613263e+00
-4.888515832502426051e+00
-4.875242385728273398e+00
-4.861965076907377892e+00
-4.848671787817262491e+00
-4.835374758146525842e+00
-4.822061789100413165e+00
-4.808745199761251143e+00
-4.795412709762203463e+00
-4.782076718570714924e+00
-4.768724863228980482e+00
-4.755369624600143119e+00
-4.741998556097676065e+00
-4.728624221010712780e+00
-4.715234088066047491e+00
-4.701840804029485454e+00
-4.688431751863057606e+00
-4.675019662880695925e+00
-4.661591833180427358e+00
-4.648161079717297639e+00
-4.634714610604679486e+00
-4.621265329553415846e+00
-4.607800355549565019e+00
-4.594332680197227070e+00
-4.580849332189572465e+00
-4.567363392184284443e+00
-4.553861797393088828e+00
-4.540357718711317325e+00
-4.526838000656571381e+00
-4.513315905570276954e+00
-4.499778184038679463e+00
-4.486238191082668081e+00
-4.472682582094595460e+00
-4.459124806033996968e+00
-4.445551421810778336e+00
-4.431975973608399677e+00
-4.418384922539193127e+00
-4.404791909323076737e+00
-4.391183295932025388e+00
-4.377572820962847722e+00
-4.363946745876052802e+00
-4.350318908514273275e+00
-4.336675468426619773e+00
-4.323030364099839318e+00
-4.309369651741505436e+00
-4.295707371911372974e+00
-4.282029476014529656e+00
-4.268350108143342148e+00
-4.254655113408030154e+00
-4.240958740925367287e+00
-4.227246727985440877e+00
-4.213533430254219780e+00
-4.199804475642765489e+00
-4.186074327924860228e+00
-4.172328504039180430e+00
-4.158581577460864764e+00
-4.144818952526994948e+00
-4.131055314043612370e+00
-4.117275952080330370e+00
-4.103495664440571566e+00
-4.089699625222667834e+00
-4.075902746932244192e+00
-4.062090085953365737e+00
-4.048276671237756474e+00
-4.034447439672270264e+00
-4.020617538439212879e+00
-4.006771783103477702e+00
-3.992925440904147916e+00
-3.979063204216796379e+00
-3.965200462206562637e+00
-3.951321782147868777e+00
-3.937442677045792649e+00
-3.923547587116240631e+00
-3.909652151163728995e+00
-3.895740680341218010e+00
-3.881828941259584109e+00
-3.867901113955734882e+00
-3.853973094902622964e+00
-3.840028930917716021e+00
-3.826084650442185264e+00
-3.812124164918905489e+00
-3.798163636915333541e+00
-3.784186840291060783e+00
-3.770210073951676844e+00
-3.756216971909225766e+00
-3.742223971675004091e+00
-3.728214565092016652e+00
-3.714205330602152966e+00
-3.700179615498610630e+00
-3.686154141538290574e+00
-3.672112109022409587e+00
-3.658070385468592978e+00
-3.644012021680761215e+00
-3.629954033446611383e+00
-3.615879319501451139e+00
-3.601805046478165462e+00
-3.587713958404458392e+00
-3.573623375401433488e+00
-3.559515884079828218e+00
-3.545408960762538086e+00
-3.531285031860879275e+00
-3.517161732686321596e+00
-3.503021326592744789e+00
-3.488881610742439410e+00
-3.474724682495740069e+00
-3.460568503806260132e+00
-3.446395003023304593e+00
-3.432222309913957936e+00
-3.418032180714722923e+00
-3.403842916112369110e+00
-3.389636097041452079e+00
-3.375430198302325824e+00
-3.361206622247682407e+00
-3.346984021075873894e+00
-3.332743615183812569e+00
-3.318504237546674673e+00
-3.304246923133559832e+00
-3.289990689173168281e+00
-3.275716381633239749e+00
-3.261443205574382720e+00
-3.247151814283742777e+00
-3.232861604337892825e+00
-3.218553032554217985e+00
-3.204245690819323755e+00
-3.189919835577318619e+00
-3.175595257933214732e+00
-3.161252009935339391e+00
-3.146910085934427670e+00
-3.132549329436892016e+00
-3.118189942190220609e+00
-3.103811554883590507e+00
-3.089434580941553765e+00
-3.075038433826269735e+00
-3.060643743053917731e+00
-3.046229700309873945e+00
-3.031817155756546533e+00
-3.017385074606725226e+00
-3.002954532369652707e+00
-2.988504262937318856e+00
-2.974055572018857507e+00
-2.959586957178089506e+00
-2.945119959336095494e+00
-2.930632834555284116e+00
-2.916147364146585819e+00
-2.901641557324149190e+00
-2.887137441140390060e+00
-2.872612772432736161e+00
-2.858089829528160486e+00
-2.843546111169423796e+00
-2.829004152680329565e+00
-2.814441188792860427e+00
-2.799880017748322736e+00
-2.785297604143745165e+00
-2.770717015266627392e+00
-2.756114939237338302e+00
-2.741514718735417855e+00
-2.726892758835056441e+00
-2.712272684181515459e+00
-2.697630609994279727e+00
-2.682990449697153945e+00
-2.668328021595454125e+00
-2.653667534954800900e+00
-2.638984503843865514e+00
-2.624303440696581280e+00
-2.609599547745750758e+00
-2.594897648196621720e+00
-2.580172624556542171e+00
-2.565449618695145428e+00
-2.550703185199319378e+00
-2.535958792801707773e+00
-2.521190659651965316e+00
-2.506424589865851704e+00
-2.491634456300579892e+00
-2.476846407313442189e+00
-2.462033961257242165e+00
-2.447223619945829043e+00
-2.432388537639484483e+00
-2.417555579199581306e+00
-2.402697524808796281e+00
-2.387841612363824861e+00
-2.372960237565669761e+00
-2.358081021752903794e+00
-2.343175965297805696e+00
-2.328273083830289192e+00
-2.313343971078431149e+00
-2.298417048280917641e+00
-2.283463490710618160e+00
-2.268512137027995479e+00
-2.253533731714466803e+00
-2.238557543190147658e+00
-2.223553872252077124e+00
-2.208552429974419695e+00
-2.193523059986246526e+00
-2.178495929500433359e+00
-2.163440410867284669e+00
-2.148387141550162749e+00
-2.133305007842906331e+00
-2.118225132237803177e+00
-2.103115899484876206e+00
-2.088008932592905431e+00
-2.072872098525333051e+00
-2.057737537050298826e+00
-2.042572580296193596e+00
-2.027409901838722828e+00
-2.012216281063046175e+00
-1.997024943260003571e+00
-1.981802096244757783e+00
-1.966581535849113216e+00
-1.951328878509086540e+00
-1.936078510405293773e+00
-1.920795435733375411e+00
-1.905514651882244781e+00
-1.890200528818366754e+00
-1.874888697125559389e+00
-1.859542869341686000e+00
-1.844199332442530315e+00
-1.828821117036703026e+00
-1.813445190989501521e+00
-1.798033877079547427e+00
-1.782624849959005386e+00
-1.767179697166803010e+00
-1.751736827547631048e+00
-1.736257064362557889e+00
-1.720779579682559790e+00
-1.705264401692696996e+00
-1.689751496483220983e+00
-1.674200064459820725e+00
-1.658650898429804066e+00
-1.643062336250554090e+00
-1.627476032209026036e+00
-1.611849424602049607e+00
-1.596225066201732767e+00
-1.580559456291398490e+00
-1.564896085573327822e+00
-1.549190472204937441e+00
-1.533487086922893150e+00
-1.517740421741525347e+00
-1.501995972439813976e+00
-1.486207156694109743e+00
-1.470420543510542633e+00
-1.454588424548562964e+00
-1.438758493709425768e+00
-1.422881861128551861e+00
-1.407007401097486232e+00
-1.391084982504771972e+00
-1.375164719742006492e+00
-1.359195176074288192e+00
-1.343227770355948980e+00
-1.327209690701607547e+00
-1.311193729939797326e+00
-1.295125625793374091e+00
-1.279059620289915600e+00
-1.262939919160529723e+00
-1.246822295213702025e+00
-1.230649333493316844e+00
-1.214478426264649968e+00
-1.198250441246075937e+00
-1.182024486776717787e+00
-1.165739607690779112e+00
-1.149456733936942143e+00
-1.133112971853322382e+00
-1.116771188584971597e+00
-1.100366424990589564e+00
-1.083963612367901064e+00
-1.067495586199429081e+00
-1.051029481802606691e+00
-1.034495774661436718e+00
-1.017963958703407057e+00
-1.001361977923936664e+00
-9.847618563155324800e-01
-9.680888154813608315e-01
-9.514176003444910767e-01
-9.346704967532885044e-01
-9.179251838820244869e-01
-9.011007723365007660e-01
-8.842781149841594246e-01
-8.673728771280622141e-01
-8.504693553388041893e-01
-8.334794635493626425e-01
-8.164912480454318278e-01
-7.994125226164834341e-01
-7.823354319756448128e-01
-7.651632899566039869e-01
-7.479927394446030942e-01
-7.307221329971065327e-01
-7.134530729166514984e-01
-6.960784143570873939e-01
-6.787052550816536911e-01
-6.612203248078487583e-01
-6.437368446983089409e-01
-6.261346768159711251e-01
-6.085339078350440190e-01
-5.908066462936759633e-01
-5.730807301274604137e-01
-5.552194452001879554e-01
-5.373594497209175369e-01
-5.193539001456046744e-01
-5.013495815321989957e-01
-4.831879005853056963e-01
-4.650273893716191931e-01
-4.466956618105965005e-01
-4.283650397957395328e-01
-4.098467177141710271e-01
-3.913294337769868680e-01
-3.726045066065976630e-01
-3.538805466547322864e-01
-3.349243207189894211e-01
-3.159689871714934650e-01
-2.967502145282274184e-01
-2.775322550603091520e-01
-2.580101111437732575e-01
-2.384886961886503454e-01
-2.186075598033146716e-01
-1.987270623336247211e-01
-1.784066563459785482e-01
-1.580867922220458022e-01
-1.372010577449918056e-01
-1.163157592858654610e-01
-9.463793124823662029e-02
-7.296042152547482784e-02
-4.996164666180039071e-02
-2.696305398074557921e-02
-4.124238149036887290e-15
