8.229653692868408348e-16
-2.612262843138047241e+00
-5.073382837963003489e+00
-7.262000697174414654e+00
-9.104306504318103066e+00
-1.057565277145200966e+01
-1.169031564128526668e+01
-1.248686734478885363e+01
-1.301488614313653436e+01
-1.332549306549911172e+01
-1.346582417541496568e+01
-1.347650134506680963e+01
-1.339100904655269453e+01
-1.323610841958596751e+01
-1.303271200082135906e+01
-1.279688405417077135e+01
-1.254079328429590134e+01
-1.227354445773569047e+01
-1.200186796445506587e+01
-1.173067448222155917e+01
-1.146349131836961810e+01
-1.120280165049525323e+01
-1.095030504746504718e+01
-1.070711705558694682e+01
-1.047392066035319935e+01
-1.025108186741609195e+01
-1.003873707536225268e+01
-9.836860366391983135e+00
-9.645314636989073875e+00
-9.463891217759334396e+00
-9.292338099027460885e+00
-9.130378406985835582e+00
-8.977717970258236591e+00
-8.834045157037580864e+00
-8.699024798935196756e+00
-8.572292101744455550e+00
-8.453448657126363841e+00
-8.342064436596238863e+00
-8.237684197256784913e+00
-8.139838773373254455e+00
-8.048057267912172463e+00
-7.961879960467993733e+00
-7.880868353125291215e+00
-7.804613482960949256e+00
-7.732740178816470689e+00
-7.664909633692427171e+00
-7.600818628798005960e+00
-7.540198261966564175e+00
-7.482810491426062249e+00
-7.428445334175169279e+00
-7.376916714159424515e+00
-7.328059663433574400e+00
-7.281726548074834326e+00
-7.237784943486914813e+00
-7.196114592193528559e+00
-7.156606077832323720e+00
-7.119158486947519293e+00
-7.083678762790008854e+00
-7.050079906329034252e+00
-7.018280829996067283e+00
-6.988204922359217974e+00
-6.959780241554656577e+00
-6.932938303799919488e+00
-6.907614498508867662e+00
-6.883747003554974597e+00
-6.861277343820769481e+00
-6.840149371192000061e+00
-6.820309918095992074e+00
-6.801707804834870252e+00
-6.784294559577038974e+00
-6.768023431446236415e+00
-6.752850160793350653e+00
-6.738731986001638141e+00
-6.725628455146865470e+00
-6.713500419973456701e+00
-6.702310884156398529e+00
-6.692023980939300287e+00
-6.682605855436439590e+00
-6.674023624037393354e+00
-6.666246289344829101e+00
-6.659243680272271426e+00
-6.652987398789669271e+00
-6.647449740039416355e+00
-6.642604670334145034e+00
-6.638426726798312139e+00
-6.634892026184260772e+00
-6.631977143625776172e+00
-6.629660151889013697e+00
-6.627919478858078861e+00
-6.626734976860233495e+00
-6.626086758519639019e+00
-6.625956295810166097e+00
-6.626325233926063873e+00
-6.627176519728650739e+00
-6.628493193296987052e+00
-6.630259545450464032e+00
-6.632459886658736536e+00
-6.635079733340957908e+00
-6.638104553834010879e+00
-6.641520983188692107e+00
-6.645315545916308686e+00
-6.649475899024619885e+00
-6.653989531283853509e+00
-6.658845034266853702e+00
-6.664030777897687052e+00
-6.669536209282128425e+00
-6.675350504322667966e+00
-6.681463894145957205e+00
-6.687866292588378059e+00
-6.694548650046514560e+00
-6.701501556655777847e+00
-6.708716623408353286e+00
-6.716185060864352963e+00
-6.723899087398299557e+00
-6.731850483298234877e+00
-6.740032026016951505e+00
-6.748436019528565311e+00
-6.757055756474568575e+00
-6.765884022660127783e+00
-6.774914585997427352e+00
-6.784140676035930184e+00
-6.793556499616324018e+00
-6.803155695338999998e+00
-6.812932875852431458e+00
-6.822882057173326409e+00
-6.832998227541852820e+00
-6.843275751515478511e+00
-6.853709965331455045e+00
-6.864295555703329832e+00
-6.875028181638730196e+00
-6.885902827873903398e+00
-6.896915453100850968e+00
-6.908061317981556648e+00
-6.919336659743939855e+00
-6.930736994722414224e+00
-6.942258819287787652e+00
-6.953897886864898403e+00
-6.965650935165848878e+00
-6.977513937640154040e+00
-6.989483856984818111e+00
-7.001556870985142567e+00
-7.013730152279294749e+00
-7.026000068551717881e+00
-7.038363988532201354e+00
-7.050818456506841692e+00
-7.063361024534864363e+00
-7.075988401244463155e+00
-7.088698310253003676e+00
-7.101487613217517314e+00
-7.114354194446645074e+00
-7.127295058176706277e+00
-7.140308239366165211e+00
-7.153390875170551055e+00
-7.166541141911435098e+00
-7.179756300725164131e+00
-7.193034660700380556e+00
-7.206373598676542258e+00
-7.219771548545800499e+00
-7.233225995178504064e+00
-7.246735489886438231e+00
-7.260297618453968482e+00
-7.273911042760623502e+00
-7.287573442897477882e+00
-7.301283584948621730e+00
-7.315039237172886288e+00
-7.328839263944667337e+00
-7.342681515982302010e+00
-7.356564950449627105e+00
-7.370487495212435292e+00
-7.384448195103400892e+00
-7.398445050189141448e+00
-7.412477188201337164e+00
-7.426542676797105891e+00
-7.440640722160653198e+00
-7.454769455240207066e+00
-7.468928156524519579e+00
-7.483115016240248885e+00
-7.497329385308517224e+00
-7.511569509486900387e+00
-7.525834806511787711e+00
-7.540123574169310672e+00
-7.554435293630050730e+00
-7.568768311433296425e+00
-7.583122169021036640e+00
-7.597495258620793557e+00
-7.611887178985837110e+00
-7.626296365161548962e+00
-7.640722470440318048e+00
-7.655163969996046092e+00
-7.669620569061922133e+00
-7.684090780419082556e+00
-7.698574358805368334e+00
-7.713069852243518376e+00
-7.727577062690138554e+00
-7.742094571189185537e+00
-7.756622224770229224e+00
-7.771158635412670712e+00
-7.785703693203264386e+00
-7.800256039096939986e+00
-7.814815604343136712e+00
-7.829381057029110913e+00
-7.843952367785626656e+00
-7.858528230098190015e+00
-7.873108652302720500e+00
-7.887692351650583689e+00
-7.902279372604988694e+00
-7.916868454645719311e+00
-7.931459676877225640e+00
-7.946051799558855322e+00
-7.960644935035909420e+00
-7.975237862981258807e+00
-7.989830727660958587e+00
-8.004422326872692395e+00
-8.019012835557987273e+00
-8.033601068423218194e+00
-8.048187229910304552e+00
-8.062770150485862430e+00
-8.077350062982739942e+00
-8.091925812542974938e+00
-8.106497659342396744e+00
-8.121064462173061216e+00
-8.135626507563538112e+00
-8.150182666986321323e+00
-8.164733252386607631e+00
-8.179277146999966774e+00
-8.193814687302797495e+00
-8.208344767425728605e+00
-8.222867747538636252e+00
-8.237382531844977152e+00
-8.251889503415187122e+00
-8.266387575746941607e+00
-8.280877154060320322e+00
-8.295357160409185582e+00
-8.309828021451876268e+00
-8.324288667098764805e+00
-8.338739544772403534e+00
-8.353179591575944585e+00
-8.367609275057128926e+00
-8.382027538882081075e+00
-8.396434870117571947e+00
-8.410830218395062730e+00
-8.425214089725148625e+00
-8.439585439136923384e+00
-8.453944791039241125e+00
-8.468291105319298850e+00
-8.482624924266117361e+00
-8.496945212112462897e+00
-8.511252528535347750e+00
-8.525545841625836729e+00
-8.539825727981369852e+00
-8.554091159087763074e+00
-8.568342728018688348e+00
-8.582579409213549226e+00
-8.596801811799895887e+00
-8.611008912751026756e+00
-8.625201336846537004e+00
-8.639378063193978718e+00
-8.653539731843062910e+00
-8.667685323654616525e+00
-8.681815493584975840e+00
-8.695929223885499937e+00
-8.710027184073101836e+00
-8.724108357443824957e+00
-8.738173427745696387e+00
-8.752221378989744949e+00
-8.766252908841384084e+00
-8.780267001712012132e+00
-8.794264368885599481e+00
-8.808243994873727445e+00
-8.822206604294244414e+00
-8.836151181472418514e+00
-8.850078464088461772e+00
-8.863987436007933596e+00
-8.877878847714644195e+00
-8.891751682352964536e+00
-8.905606702963750010e+00
-8.919442891720660072e+00
-8.933261023986151628e+00
-8.947060080724469344e+00
-8.960840849395301788e+00
-8.974602309525337773e+00
-8.988345260457284880e+00
-9.002068680062132344e+00
-9.015773379361071704e+00
-9.029458334360679572e+00
-9.043124367565582133e+00
-9.056770452918117442e+00
-9.070397424219969196e+00
-9.084004253157974773e+00
-9.097591784652985680e+00
-9.111158987953265509e+00
-9.124706718928816684e+00
-9.138233944213826732e+00
-9.151741530465098862e+00
-9.165228441534788217e+00
-9.178695554711261195e+00
-9.192141830903453936e+00
-9.205568157883103453e+00
-9.218973493461428248e+00
-9.232358735751882151e+00
-9.245722839319697073e+00
-9.259066712484571582e+00
-9.272389306423749034e+00
-9.285691539533514671e+00
-9.298972359466759485e+00
-9.312232694572539771e+00
-9.325471488848293689e+00
-9.338689680477520128e+00
-9.351886209676589345e+00
-9.365062024349898095e+00
-9.378216060812013311e+00
-9.391349276580015726e+00
-9.404460603950518305e+00
-9.417551009949546525e+00
-9.430619422744269897e+00
-9.443666818770562799e+00
-9.456692121958813146e+00
-9.469696318059721563e+00
-9.482678326663965152e+00
-9.495639142746201244e+00
-9.508577681458078246e+00
-9.521494946911367663e+00
-9.534389849723257981e+00
-9.547263403059391251e+00
-9.560114512910548257e+00
-9.572944201416682120e+00
-9.585751369853742432e+00
-9.598537049259730836e+00
-9.611300136110497050e+00
-9.624041670269148696e+00
-9.636760543329387474e+00
-9.649457803909614384e+00
-9.662132338642262397e+00
-9.674785204834032371e+00
-9.687415284079870403e+00
-9.700023642310961591e+00
-9.712609156011110301e+00
-9.725172899674630500e+00
-9.737713744603253119e+00
-9.750232773795939778e+00
-9.762728853303840992e+00
-9.775203074574294604e+00
-9.787654298341919912e+00
-9.800083624448776121e+00
-9.812489908248954507e+00
-9.824874257927955767e+00
-9.837235523397756864e+00
-9.849574821138011416e+00
-9.861890995559065232e+00
-9.874185171387678039e+00
-9.886456187475030077e+00
-9.898705176749878376e+00
-9.910930972448657172e+00
-9.923134715659051253e+00
-9.935315233948887936e+00
-9.947473676523639341e+00
-9.959608865230398678e+00
-9.971721957352958299e+00
-9.983811768967473910e+00
-9.995879465398331831e+00
-1.000792385690186492e+01
-1.001994611680708225e+01
-1.003194504950324806e+01
-1.004392183628961099e+01
-1.005587527564266459e+01
-1.006780655679879644e+01
-1.007971447227750694e+01
-1.009160021922101969e+01
-1.010346258414868359e+01
-1.011530277207847028e+01
-1.012711956348807973e+01
-1.013891417124251326e+01
-1.015068536973732094e+01
-1.016243437965725072e+01
-1.017415996927650035e+01
-1.018586336707335427e+01
-1.019754333516258527e+01
-1.020920110979114348e+01
-1.022083544687744627e+01
-1.023244759041331697e+01
-1.024403629008487293e+01
-1.025560279760622961e+01
-1.026714585639622790e+01
-1.027866672586977970e+01
-1.029016414314462757e+01
-1.030163937531579066e+01
-1.031309115316691205e+01
-1.032452075145371140e+01
-1.033592689459362290e+01
-1.034731086498443808e+01
-1.035867138064616455e+01
-1.037000973160102646e+01
-1.038132462944119183e+01
-1.039261737179666767e+01
-1.040388666380211014e+01
-1.041513381067932009e+01
-1.042635751107665598e+01
-1.043755907779274850e+01
-1.044873720296146047e+01
-1.045989320694397762e+01
-1.047102577533225087e+01
-1.048213623603656330e+01
-1.049322326808017181e+01
-1.050428820690973453e+01
-1.051532972495376228e+01
-1.052634916518323038e+01
-1.053734519340640219e+01
-1.054831916010720860e+01
-1.055926972444881784e+01
-1.057019824441754174e+01
-1.058110337250706756e+01
-1.059198647419605877e+01
-1.060284619528498418e+01
-1.061368390873549217e+01
-1.062449825363152911e+01
-1.063529061040897794e+01
-1.064605961141261758e+01
-1.065680664454435700e+01
-1.066753033538743978e+01
-1.067823207930221940e+01
-1.068891049508868996e+01
-1.069956698555852270e+01
-1.071020016270715303e+01
-1.072081143679105431e+01
-1.073139941298007116e+01
-1.074196550896949631e+01
-1.075250832308319993e+01
-1.076302928044965235e+01
-1.077352697252664271e+01
-1.078400283187079189e+01
-1.079445544305407267e+01
-1.080488624605668946e+01
-1.081529381854543814e+01
-1.082567960791992157e+01
-1.083604218492276949e+01
-1.084638300436933989e+01
-1.085670063005931496e+01
-1.086699652422053752e+01
-1.087726924369155768e+01
-1.088752025810967439e+01
-1.089774811733424720e+01
-1.090795429840960296e+01
-1.091813734419817372e+01
-1.092829873914921279e+01
-1.093843701911075428e+01
-1.094855367593531170e+01
-1.095864723843927457e+01
-1.096871920587700089e+01
-1.097876810001646142e+01
-1.098879542751273419e+01
-1.099879970306869836e+01
-1.100878244073960310e+01
-1.101874214814667319e+01
-1.102868034674497721e+01
-1.103859553705802199e+01
-1.104848924794060849e+01
-1.105835997280250105e+01
-1.106820924789854566e+01
-1.107803555950901320e+01
-1.108784045128941642e+01
-1.109762240237496123e+01
-1.110738296382262114e+01
-1.111712060760730303e+01
-1.112683689218860650e+01
-1.113653028236582898e+01
-1.114620234400271137e+01
-1.115585153470797586e+01
-1.116547942775124902e+01
-1.117508447353577594e+01
-1.118466825273907084e+01
-1.119422920854431780e+01
-1.120376892903902188e+01
-1.121328585017178980e+01
-1.122278156744271627e+01
-1.123225450955148652e+01
-1.124170627941342815e+01
-1.125113529846506388e+01
-1.126054317703997398e+01
-1.126992832929748545e+01
-1.127929237299253273e+01
-1.128863371499329027e+01
-1.129795398047955857e+01
-1.130725156901446837e+01
-1.131652811320630292e+01
-1.132578200529949086e+01
-1.133501488533464574e+01
-1.134422513822385170e+01
-1.135341441144415775e+01
-1.136258108256176058e+01
-1.137172680649440260e+01
-1.138084995344906147e+01
-1.138995218578864410e+01
-1.139903186634753318e+01
-1.140809066493853230e+01
-1.141712693701018999e+01
-1.142614235982994053e+01
-1.143513528144758951e+01
-1.144410738659014015e+01
-1.145305701589548164e+01
-1.146198586155560228e+01
-1.147089225678345947e+01
-1.147977790124136277e+01
-1.148864112070447696e+01
-1.149748362231093068e+01
-1.150630372438533300e+01
-1.151510314154745807e+01
-1.152388018465843622e+01
-1.153263657582563440e+01
-1.154137061843406720e+01
-1.155008404208468953e+01
-1.155877514267376860e+01
-1.156744565730208230e+01
-1.157609387436458981e+01
-1.158472153846829400e+01
-1.159332693049411667e+01
-1.160191180256195054e+01
-1.161047442802628638e+01
-1.161901656652644199e+01
-1.162753648387802130e+01
-1.163603594724662749e+01
-1.164451321489662661e+01
-1.165297006152685988e+01
-1.166140473783793219e+01
-1.166981902606917565e+01
-1.167821116934507053e+01
-1.168658295745268916e+01
-1.169493262592808591e+01
-1.170326197211337771e+01
-1.171156922394396105e+01
-1.171985618632454695e+01
-1.172812107957757100e+01
-1.173636571617801394e+01
-1.174458830882305982e+01
-1.175279067756585860e+01
-1.176097102746605572e+01
-1.176913118616275611e+01
-1.177726935106598383e+01
-1.178538735740891674e+01
-1.179348339493961184e+01
-1.180155930649354801e+01
-1.180961327414463646e+01
-1.181764714833891716e+01
-1.182565910346397331e+01
-1.183365099758483296e+01
-1.184162099739058860e+01
-1.184957096857377934e+01
-1.185749907011278026e+01
-1.186540717533639366e+01
-1.187329343550004346e+01
-1.188115973157749394e+01
-1.188900420708915107e+01
-1.189682875066261580e+01
-1.190463149807104593e+01
-1.191241434560488166e+01
-1.192017542127785923e+01
-1.192791662905237793e+01
-1.193563608917051511e+01
-1.194333571327592303e+01
-1.195101361382675798e+01
-1.195867171015725283e+01
-1.196630810692951385e+01
-1.197392473117768574e+01
-1.198151967975557852e+01
-1.198909488740688190e+01
-1.199664844316489898e+01
-1.200418228949239285e+01
-1.201169450758994373e+01
-1.201918704764921841e+01
-1.202665798302568767e+01
-1.203410927164981992e+01
-1.204153897901971781e+01
-1.204894907081460964e+01
-1.205633760466283633e+01
-1.206370655400244551e+01
-1.207105396857983060e+01
-1.207838182960187723e+01
-1.208568817892070157e+01
-1.209297500552229643e+01
-1.210024034335204668e+01
-1.210748618918555941e+01
-1.211471056904895960e+01
-1.212191548751787984e+01
-1.212909896268692300e+01
-1.213626300694214599e+01
-1.214340563043411692e+01
-1.215052885337009236e+01
-1.215763067794405217e+01
-1.216471313219519423e+01
-1.217177421034842588e+01
-1.217881594828564040e+01
-1.218583633225010487e+01
-1.219283740597734855e+01
-1.219981714771643766e+01
-1.220677760906756326e+01
-1.221371676027291997e+01
-1.222063666080847000e+01
-1.222753527289685493e+01
-1.223441466390102228e+01
-1.224127278801141649e+01
-1.224811172048914365e+01
-1.225492940747972703e+01
-1.226172793215393853e+01
-1.226850523259945902e+01
-1.227526339990820503e+01
-1.228200036409729101e+01
-1.228871822419128002e+01
-1.229541490212378996e+01
-1.230209250486363182e+01
-1.230874894624823668e+01
-1.231538634120236253e+01
-1.232200259545402865e+01
-1.232859983189595532e+01
-1.233517594813387319e+01
-1.234173307504017636e+01
-1.234826910208525774e+01
-1.235478616813328756e+01
-1.236128215450626122e+01
-1.236775920807205154e+01
-1.237421520199118774e+01
-1.238065229114755716e+01
-1.238706834052680250e+01
-1.239346551304111621e+01
-1.239984166548813782e+01
-1.240619896882067330e+01
-1.241253527163506654e+01
-1.241885275293710400e+01
-1.242514925310852725e+01
-1.243142695922064789e+01
-1.243768370342712259e+01
-1.244392168087743578e+01
-1.245013871548380635e+01
-1.245633701048643616e+01
-1.246251438154261493e+01
-1.246867303999612808e+01
-1.247481079323569730e+01
-1.248092986072153820e+01
-1.248702804156023660e+01
-1.249310756334132932e+01
-1.249916621687563634e+01
-1.250520623789504349e+01
-1.251122540890079371e+01
-1.251722597378029356e+01
-1.252320570671149369e+01
-1.252916685975040600e+01
-1.253510719873775869e+01
-1.254102898391160892e+01
-1.254692997276155708e+01
-1.255281243372098565e+01
-1.255867411591436955e+01
-1.256451729598383515e+01
-1.257033971467487277e+01
-1.257614365685183877e+01
-1.258192685486694629e+01
-1.258769160182058222e+01
-1.259343562165752317e+01
-1.259916121572771530e+01
-1.260486609955447967e+01
-1.261055258275103697e+01
-1.261621837240489441e+01
-1.262186578640648804e+01
-1.262749252339309081e+01
-1.263310090954638198e+01
-1.263868863503896733e+01
-1.264425803435772089e+01
-1.264980678919617318e+01
-1.265533724236047775e+01
-1.266084706705055751e+01
-1.266633861440612030e+01
-1.267180954911869861e+01
-1.267726223067590219e+01
-1.268269431524621815e+01
-1.268810817067949337e+01
-1.269350144460645957e+01
-1.269887651325363187e+01
-1.270423101569913094e+01
-1.270956733656062454e+01
-1.271488310634885188e+01
-1.272018071808722794e+01
-1.272545779370403807e+01
-1.273071673464323439e+01
-1.273595515423559021e+01
-1.274117546236039011e+01
-1.274637526373577145e+01
-1.275155697669122823e+01
-1.275671819731703671e+01
-1.276186135240789277e+01
-1.276698402941098642e+01
-1.277208866360125938e+01
-1.277717283376740731e+01
-1.278223898367975053e+01
-1.278728468345311953e+01
-1.279231238536841886e+01
-1.279731965085114531e+01
-1.280230894070809278e+01
-1.280727780765979773e+01
-1.281222872105437283e+01
-1.281715922489176229e+01
-1.282207179707684475e+01
-1.282696397287324608e+01
-1.283183823875821439e+01
-1.283669212124321390e+01
-1.284152811539353678e+01
-1.284634373895260140e+01
-1.285114149558940966e+01
-1.285591889426344636e+01
-1.286067844726334641e+01
-1.286541765474842691e+01
-1.287013903764291278e+01
-1.287484008728992890e+01
-1.287952333326520993e+01
-1.288418625807946860e+01
-1.288883139997606797e+01
-1.289345623261699991e+01
-1.289806330292947578e+01
-1.290265007571038858e+01
-1.290721910658703031e+01
-1.291176785147472827e+01
-1.291629887471721716e+01
-1.292080962333174377e+01
-1.292530267039492742e+01
-1.292977545400926509e+01
-1.293423055600087679e+01
-1.293866540554071776e+01
-1.294308259322102650e+01
-1.294747953926444417e+01
-1.295185884304612145e+01
-1.295621791582338567e+01
-1.296055936577109158e+01
-1.296488059516437730e+01
-1.296918422099466106e+01
-1.297346763653775703e+01
-1.297773346761873725e+01
-1.298197909849693588e+01
-1.298620716384807139e+01
-1.299041503889776727e+01
-1.299460536718959958e+01
-1.299877551489814032e+01
-1.300292813445218698e+01
-1.300706058295769196e+01
-1.301117552174601499e+01
-1.301527029883704500e+01
-1.301934758448218687e+01
-1.302340471759762153e+01
-1.302744437737231209e+01
-1.303146389360102830e+01
-1.303546595442798051e+01
-1.303944788050875125e+01
-1.304341236896046929e+01
-1.304735673128159412e+01
-1.305128367358013897e+01
-1.305519049817935873e+01
-1.305907992019606922e+01
-1.306294923276027475e+01
-1.306680116001568948e+01
-1.307063298588076528e+01
-1.307444744354418020e+01
-1.307824180769471134e+01
-1.308201882058420829e+01
-1.308577574765330098e+01
-1.308951534023537988e+01
-1.309323485450441282e+01
-1.309693705089380167e+01
-1.310061917629226080e+01
-1.310428400025169715e+01
-1.310792876035684351e+01
-1.311155623529683112e+01
-1.311516365333361556e+01
-1.311875380231218990e+01
-1.312232390115292269e+01
-1.312587674687544670e+01
-1.312940954903947244e+01
-1.313292511385841088e+01
-1.313642064151210143e+01
-1.313989894742664966e+01
-1.314335722238301507e+01
-1.314679829103899067e+01
-1.315021933475737370e+01
-1.315362318744696779e+01
-1.315700702103289821e+01
-1.316037367869434327e+01
-1.316372032289917193e+01
-1.316704980611649844e+01
-1.317035928133727474e+01
-1.317365161034000742e+01
-1.317692393661912398e+01
-1.318017913128209884e+01
-1.318341432830692916e+01
-1.318663240814989379e+01
-1.318983049525262530e+01
-1.319301147944010566e+01
-1.319617247559745010e+01
-1.319931638293822296e+01
-1.320244030677100433e+01
-1.320554715571800486e+01
-1.320863402549092847e+01
-1.321170383414083815e+01
-1.321475366776215488e+01
-1.321778645385511375e+01
-1.322079926887627011e+01
-1.322379504979543619e+01
-1.322677086341079722e+01
-1.322972965618219376e+01
-1.323266848522859718e+01
-1.323559030652060464e+01
-1.323849216747712276e+01
-1.324137703360013951e+01
-1.324424194258765475e+01
-1.324708986949379153e+01
-1.324991784227453095e+01
-1.325272884555723252e+01
-1.325551989753452453e+01
-1.325829399242805451e+01
-1.326104813864589538e+01
-1.326378534002503962e+01
-1.326650259516760677e+01
-1.326920291754726478e+01
-1.327188329593856153e+01
-1.327454675347328461e+01
-1.327719026907666056e+01
-1.327981687556017043e+01
-1.328242354197797859e+01
-1.328501331084274639e+01
-1.328758314131574281e+01
-1.329013608563258231e+01
-1.329266909303955657e+01
-1.329518522551707171e+01
-1.329768142237425721e+01
-1.330016075535837494e+01
-1.330262015381913976e+01
-1.330506269929263041e+01
-1.330748531114670641e+01
-1.330989108072860461e+01
-1.331227691740175523e+01
-1.331464592234685007e+01
-1.331699499490028771e+01
-1.331932724609864138e+01
-1.332163956522844117e+01
-1.332393507320468728e+01
-1.332621064924117249e+01
-1.332846942415407909e+01
-1.333070826706134682e+01
-1.333293031870312539e+01
-1.333513243807833426e+01
-1.333731777587407308e+01
-1.333948318094693342e+01
-1.334163181395391717e+01
-1.334376051358593429e+01
-1.334587245049312010e+01
-1.334796445317700275e+01
-1.335003970230422965e+01
-1.335209501616324523e+01
-1.335413358546060003e+01
-1.335615221824782495e+01
-1.335815411529495833e+01
-1.336013607439266693e+01
-1.336210130639808114e+01
-1.336404659881690371e+01
-1.336597517261720647e+01
-1.336788380499541518e+01
-1.336977572705460915e+01
-1.337164770565747851e+01
-1.337350298206606425e+01
-1.337533831278498475e+01
-1.337715694925932475e+01
-1.337895563761094486e+01
-1.338073763949241801e+01
-1.338249969061794964e+01
-1.338424506287207905e+01
-1.338597048153639157e+01
-1.338767922875197947e+01
-1.338936801934276311e+01
-1.339104014573110923e+01
-1.339269231225796375e+01
-1.339432782165186886e+01
-1.339594336774542427e+01
-1.339754226359841738e+01
-1.339912119250945466e+01
-1.340068347789461001e+01
-1.340222579249304680e+01
-1.340375147010232126e+01
-1.340525717287622243e+01
-1.340674624501930445e+01
-1.340821533807397437e+01
-1.340966780667729097e+01
-1.341110029173418994e+01
-1.341251615833992972e+01
-1.341391203673568100e+01
-1.341529130250072477e+01
-1.341665057518605053e+01
-1.341799324088087531e+01
-1.341931590841940647e+01
-1.342062197442700722e+01
-1.342190803699437041e+01
-1.342317750330915871e+01
-1.342442696069162800e+01
-1.342565982691821347e+01
-1.342687267851172450e+01
-1.342806894386382588e+01
-1.342924518867261341e+01
-1.343040485197178135e+01
-1.343154448860731698e+01
-1.343266754828174392e+01
-1.343377057496144644e+01
-1.343485702904468226e+01
-1.343592344359058544e+01
-1.343697328972027094e+01
-1.343800308955775868e+01
-1.343901632497436260e+01
-1.344000950713092735e+01
-1.344098612867630571e+01
-1.344194268978004203e+01
-1.344288269389612367e+01
-1.344380263017441379e+01
-1.344470601290180056e+01
-1.344558932017994302e+01
-1.344645607715647984e+01
-1.344730275085616356e+01
-1.344813287731546225e+01
-1.344894291245334728e+01
-1.344973640322325181e+01
-1.345050979440942385e+01
-1.345126664391057858e+01
-1.345200338534694140e+01
-1.345272358759117282e+01
-1.345342367307008935e+01
-1.345410722165877537e+01
-1.345477064456123628e+01
-1.345541753268375729e+01
-1.345604428597780178e+01
-1.345665450640986016e+01
-1.345724458264892753e+01
-1.345781812775084951e+01
-1.345837151907200990e+01
-1.345890838078698870e+01
-1.345942507890928042e+01
-1.345992524876160878e+01
-1.346040524498417668e+01
-1.346086871407749186e+01
-1.346131199927781275e+01
-1.346173875829317979e+01
-1.346214532292515642e+01
-1.346253536211921720e+01
-1.346290519621128112e+01
-1.346325850541440339e+01
-1.346359159856756627e+01
-1.346390816718175465e+01
-1.346420450856769513e+01
-1.346448432556470465e+01
-1.346474390392367049e+01
-1.346498695784285182e+01
-1.346520976148159576e+01
-1.346541604042792528e+01
-1.346560205721763914e+01
-1.346577154885949490e+01
-1.346592076623364775e+01
-1.346605345780067076e+01
-1.346616586275273519e+01
-1.346626174103365159e+01
-1.346633732011500229e+01
-1.346639637145521640e+01
-1.346643511077271071e+01
-1.346645732107220184e+01
-1.346645920628589543e+01
-1.346644456099673626e+01
-1.346640957731750810e+01
-1.346635806144135117e+01
-1.346628619362848234e+01
-1.346619779171428810e+01
-1.346608902407287189e+01
-1.346596372021437737e+01
-1.346581803659285725e+01
-1.346565581442588666e+01
-1.346547319821354627e+01
-1.346527404091338909e+01
-1.346505447503753850e+01
-1.346481836531651588e+01
-1.346456183223987857e+01
-1.346428875234428979e+01
-1.346399523406228305e+01
-1.346368516576987595e+01
-1.346335464380765856e+01
-1.346300756842461688e+01
-1.346264002383440506e+01
-1.346225592219253819e+01
-1.346185133555052893e+01
-1.346143018800427349e+01
-1.346098853940765494e+01
-1.346053032583102826e+01
-1.346005159489489245e+01
-1.345955629467846215e+01
-1.345904046053287217e+01
-1.345850805258045213e+01
-1.345795509386702449e+01
-1.345738555659262659e+01
-1.345679545146133016e+01
-1.345618876278575549e+01
-1.345556148889154358e+01
-1.345491762623906595e+01
-1.345425316073863442e+01
-1.345357210103345125e+01
-1.345287042058158100e+01
-1.345215214024443107e+01
-1.345141322099048153e+01
-1.345065769593504079e+01
-1.344988151351930306e+01
-1.344908871914836723e+01
-1.344827524869840296e+01
-1.344744515990030997e+01
-1.344659437602714469e+01
-1.344572696717176896e+01
-1.344483884396596629e+01
-1.344393408890094577e+01
-1.344300859992859642e+01
-1.344206647197527538e+01
-1.344110359027412827e+01
-1.344012406222336153e+01
-1.343912376029843259e+01
-1.343810680440651417e+01
-1.343706905422603448e+01
-1.343601464221035080e+01
-1.343493941520132395e+01
-1.343384751823597867e+01
-1.343273478527977716e+01
-1.343160537399106325e+01
-1.343045510541886856e+01
-1.342928814988076702e+01
-1.342810031546889604e+01
-1.342689578519830107e+01
-1.342567035416353605e+01
-1.342442821811537002e+01
-1.342316515911006647e+01
-1.342188538567250866e+01
-1.342058466677954875e+01
-1.341926722376891767e+01
-1.341792881249659075e+01
-1.341657366715227440e+01
-1.341519753042912022e+01
-1.341380464940809958e+01
-1.341239075357764854e+01
-1.341096010294920049e+01
-1.340950841376431413e+01
-1.340803995900448520e+01
-1.340655044162180509e+01
-1.340504414760776442e+01
-1.340351676658202074e+01
-1.340197259758611104e+01
-1.340040731686417530e+01
-1.339882523654807756e+01
-1.339722201946291946e+01
-1.339560199087146586e+01
-1.339396080013605150e+01
-1.339230278569100818e+01
-1.339062358339184478e+01
-1.338892754488546721e+01
-1.338721029247620109e+01
-1.338547619106467934e+01
-1.338372084935937956e+01
-1.338194864555606678e+01
-1.338015517472236304e+01
-1.337834482839090278e+01
-1.337651318794311806e+01
-1.337466465829029794e+01
-1.337279480708209434e+01
-1.337090805265060922e+01
-1.336899994886775467e+01
-1.336707492752873527e+01
-1.336512852868144030e+01
-1.336316519762682731e+01
-1.336118046054207120e+01
-1.335917877627672112e+01
-1.335715565709034180e+01
-1.335511557542395167e+01
-1.335305402957237142e+01
-1.335097550561141588e+01
-1.334887548782328714e+01
-1.334675847596229481e+01
-1.334461994025006071e+01
-1.334246439416298458e+01
-1.334028729381399181e+01
-1.333809316644545895e+01
-1.333587745401279179e+01
-1.333364469756875970e+01
-1.333139032486221076e+01
-1.332911889080064682e+01
-1.332682580887702706e+01
-1.332451564789833753e+01
-1.332218380705186611e+01
-1.331983486908892189e+01
-1.331746421884103881e+01
-1.331507645304913368e+01
-1.331266694213837987e+01
-1.331024029688478549e+01
-1.330779187325628854e+01
-1.330532629610955375e+01
-1.330283890690409088e+01
-1.330033434462320940e+01
-1.329780793616631662e+01
-1.329526433468947388e+01
-1.329269885247988192e+01
-1.329011615691289805e+01
-1.328751154561113346e+01
-1.328488970021577309e+01
-1.328224590363201152e+01
-1.327958485181384241e+01
-1.327690181289582405e+01
-1.327420149719181808e+01
-1.327147915801221423e+01
-1.326873952007824364e+01
-1.326597782182182073e+01
-1.326319880241935678e+01
-1.326039768536996810e+01
-1.325757922435299641e+01
-1.325473862787995039e+01
-1.325188066418126454e+01
-1.324900052672552953e+01
-1.324610299834284710e+01
-1.324318325740311053e+01
-1.324024610138467573e+01
-1.323728669350264653e+01
-1.323430984593271731e+01
-1.323131070667855980e+01
-1.322829410266243677e+01
-1.322525516661956679e+01
-1.322219874026832542e+01
-1.321911994101798626e+01
-1.321602362543277387e+01
-1.321290489553825864e+01
-1.320976862279451503e+01
-1.320660989378494854e+01
-1.320343359491600133e+01
-1.320023479727002602e+01
-1.319701840225044087e+01
-1.319377946537935031e+01
-1.319052290310794540e+01
-1.318724375533851934e+01
-1.318394695362117730e+01
-1.318062752217815436e+01
-1.317729040771012450e+01
-1.317393061869846527e+01
-1.317055311704621268e+01
-1.316715289543304657e+01
-1.316373493101619019e+01
-1.316029420061201449e+01
-1.315683569668454567e+01
-1.315335438012473190e+01
-1.314985525875610506e+01
-1.314633327748166103e+01
-1.314279345953738165e+01
-1.313923073377548256e+01
-1.313565013889771826e+01
-1.313204658764201227e+01
-1.312842513422957325e+01
-1.312478067522014236e+01
-1.312111828040831085e+01
-1.311743283011127836e+01
-1.311372940975138057e+01
-1.311000288333835506e+01
-1.310625835197699907e+01
-1.310249066330421464e+01
-1.309870493416222992e+01
-1.309489599574945551e+01
-1.309106898070074898e+01
-1.308721870370972873e+01
-1.308335031325984410e+01
-1.307945860747291356e+01
-1.307554875073710576e+01
-1.307161552453535158e+01
-1.306766410921698629e+01
-1.306368926955822829e+01
-1.305969620192644065e+01
-1.305567965432308952e+01
-1.305164483919081952e+01
-1.304758648768755513e+01
-1.304350982838897721e+01
-1.303940957554035585e+01
-1.303529097390840086e+01
-1.303114872075624930e+01
-1.302698807710024553e+01
-1.302280372315110846e+01
-1.301860093623386661e+01
-1.301437437943633668e+01
-1.301012934645160790e+01
-1.300586048317362753e+01
-1.300157309972338737e+01
-1.299726182472950065e+01
-1.299293198480128986e+01
-1.298857819123009349e+01
-1.298420578717432328e+01
-1.297980936651578077e+01
-1.297539428902336489e+01
-1.297095513109638887e+01
-1.296649726917611289e+01
-1.296201526210617594e+01
-1.295751450306260466e+01
-1.295298953325962010e+01
-1.294844576267091796e+01
-1.294387771480720417e+01
-1.293929081650333224e+01
-1.293467957349199970e+01
-1.293004942953314185e+01
-1.292539487250655661e+01
-1.292072136316201636e+01
-1.291602337145074486e+01
-1.291130637517772684e+01
-1.290656482628997281e+01
-1.290180421971336244e+01
-1.289701898931457968e+01
-1.289221464720679933e+01
-1.288738560909979292e+01
-1.288253740436131167e+01
-1.287766443046715992e+01
-1.287277223410742266e+01
-1.286785519444657311e+01
-1.286291887556564006e+01
-1.285795763824002158e+01
-1.285297706401068751e+01
-1.284797149518606929e+01
-1.284294653083705029e+01
-1.283789649472652172e+01
-1.283282700352595107e+01
-1.282773236237390080e+01
-1.282261820561384091e+01
-1.281747881968097502e+01
-1.281231985666285844e+01
-1.280713558421186882e+01
-1.280193167223271544e+01
-1.279670236951518625e+01
-1.279145336385490772e+01
-1.278617888509898215e+01
-1.278088463900862948e+01
-1.277556483640785956e+01
-1.277022520109903603e+01
-1.276485992480237464e+01
-1.275947474943771098e+01
-1.275406384754060340e+01
-1.274863297922559724e+01
-1.274317629776228777e+01
-1.273769958153824788e+01
-1.273219696447560345e+01
-1.272667424331399033e+01
-1.272112553254638634e+01
-1.271555664734458801e+01
-1.270996168269043025e+01
-1.270434647226895564e+01
-1.269870509146860371e+01
-1.269304339256973257e+01
-1.268735543128496168e+01
-1.268164707857304485e+01
-1.267591237038810625e+01
-1.267015719645151428e+01
-1.266437557287590998e+01
-1.265857340823052191e+01
-1.265274469870344021e+01
-1.264689537179803658e+01
-1.264101940369457111e+01
-1.263512274091798027e+01
-1.262919933955724083e+01
-1.262325516524735569e+01
-1.261728415390235725e+01
-1.261129229035702615e+01
-1.260527349026664901e+01
-1.259923375775663601e+01
-1.259316698813948676e+01
-1.258707920492331844e+01
-1.258096428299374381e+01
-1.257482826533480669e+01
-1.256866500632088623e+01
-1.256248056850653505e+01
-1.255626878567038496e+01
-1.255003574003324474e+01
-1.254377524469341409e+01
-1.253749340163489734e+01
-1.253118400319101333e+01
-1.252485317120725306e+01
-1.251849467716707309e+01
-1.251211466287704788e+01
-1.250570687888562205e+01
-1.249927748706152464e+01
-1.249282021693310440e+01
-1.248634125053334110e+01
-1.247983429628532903e+01
-1.247330555648992423e+01
-1.246674871837948295e+01
-1.246017000462775215e+01
-1.245356308119085753e+01
-1.244693419122181766e+01
-1.244027697931480070e+01
-1.243359770920992347e+01
-1.242689000405366606e+01
-1.242016014828228876e+01
-1.241340174350882997e+01
-1.240662109497626986e+01
-1.239981178267798079e+01
-1.239298013277588772e+01
-1.238611970355757208e+01
-1.237923684221730447e+01
-1.237232508525050179e+01
-1.236539080099883137e+01
-1.235842750407907253e+01
-1.235144158409671356e+01
-1.234442653370320464e+01
-1.233738876388592587e+01
-1.233032174524416114e+01
-1.232323191026637765e+01
-1.231611270741297837e+01
-1.230897059079449285e+01
-1.230179898664509253e+01
-1.229460437081981894e+01
-1.228738014723939287e+01
-1.228013281362729714e+01
-1.227285575150315111e+01
-1.226555548058436962e+01
-1.225822535990172746e+01
-1.225087193129369467e+01
-1.224348853121403558e+01
-1.223608172375084457e+01
-1.222864482269265629e+01
-1.222118441450711934e+01
-1.221369379022915247e+01
-1.220617955883763628e+01
-1.219863498852491723e+01
-1.219106671091430449e+01
-1.218346797126643288e+01
-1.217584542398371283e+01
-1.216819229130571145e+01
-1.216051525055014970e+01
-1.215280750084568950e+01
-1.214507574256314548e+01
-1.213731315163014557e+01
-1.212952645160991771e+01
-1.212170879513846522e+01
-1.211386692911231577e+01
-1.210599398278487193e+01
-1.209809672652826684e+01
-1.209016826612198692e+01
-1.208221539555770185e+01
-1.207423119704905723e+01
-1.206622248835265232e+01
-1.205818232802395329e+01
-1.205011755773145410e+01
-1.204202121227951316e+01
-1.203390015739696040e+01
-1.202574740404367937e+01
-1.201756984215869295e+01
-1.200936045876339620e+01
-1.200112616815850153e+01
-1.199285993333216105e+01
-1.198456869309980455e+01
-1.197624538632101654e+01
-1.196789697648025630e+01
-1.195951637821263169e+01
-1.195111057982748726e+01
-1.194267247163878487e+01
-1.193420906693797612e+01
-1.192571323162040819e+01
-1.191719200411845137e+01
-1.190863822581056475e+01
-1.190005896043026468e+01
-1.189144702473995707e+01
-1.188280950793590307e+01
-1.187413920206449447e+01
-1.186544322194772683e+01
-1.185671433481517134e+01
-1.184795968127888699e+01
-1.183917200364976630e+01
-1.183035846849580608e+01
-1.182151179310632649e+01
-1.181263917017230902e+01
-1.180373329185777287e+01
-1.179480137714508636e+01
-1.178583609296799750e+01
-1.177684468477016111e+01
-1.176781979414896817e+01
-1.175876869318042495e+01
-1.174968399801832319e+01
-1.174057300754346045e+01
-1.173142831235764305e+01
-1.172225723832011113e+01
-1.171305235037099379e+01
-1.170382100152299287e+01
-1.169455573094353440e+01
-1.168526391897492367e+01
-1.167593807889953439e+01
-1.166658561856690035e+01
-1.165719902526057439e+01
-1.164778573451578403e+01
-1.163833820750227588e+01
-1.162886390762087352e+01
-1.161935526981065081e+01
-1.160981978551926197e+01
-1.160024986333694663e+01
-1.159065302294028044e+01
-1.158102164645086596e+01
-1.157136328195780450e+01
-1.156167028499251792e+01
-1.155195023224112738e+01
-1.154219545252190748e+01
-1.153241355130350954e+01
-1.152259683056626294e+01
-1.151275292474832135e+01
-1.150287410886531880e+01
-1.149296804651278237e+01
-1.148302698561320767e+01
-1.147305861910852975e+01
-1.146305516769784028e+01
-1.145302435385952222e+01
-1.144295837093687140e+01
-1.143286497113594713e+01
-1.142273632031019126e+01
-1.141258020058542577e+01
-1.140238875018884634e+01
-1.139216978135941005e+01
-1.138191540455976813e+01
-1.137163346233630001e+01
-1.136131603724661510e+01
-1.135097100233986467e+01
-1.134059041212601748e+01
-1.133018217035327346e+01
-1.131973830333918229e+01
-1.130926674572841328e+01
-1.129875949549887970e+01
-1.128822451839013752e+01
-1.127765378389112705e+01
-1.126705528903557152e+01
-1.125642097467167169e+01
-1.124575886932777991e+01
-1.123506088505714295e+01
-1.122433508208410124e+01
-1.121357334351035995e+01
-1.120278376145862431e+01
-1.119195818991999580e+01
-1.118110475311879171e+01
-1.117021527577388795e+01
-1.115929791441567076e+01
-1.114834446432649706e+01
-1.113736311454826122e+01
-1.112634563075985383e+01
-1.111530023472104745e+01
-1.110421866233784627e+01
-1.109310916829515392e+01
-1.108196345855387399e+01
-1.107078982093251796e+01
-1.105957993127188033e+01
-1.104834211073345784e+01
-1.103706800486004980e+01
-1.102576596836667910e+01
-1.101442761631762046e+01
-1.100306133719279700e+01
-1.099165871539444694e+01
-1.098022817337996315e+01
-1.096876126470309032e+01
-1.095726644601238853e+01
-1.094573523982366225e+01
-1.093417613719128667e+01
-1.092258062940086027e+01
-1.091095724212828522e+01
-1.089929743523354233e+01
-1.088760976923103740e+01
-1.087588567235660264e+01
-1.086413374018116151e+01
-1.085234536911482550e+01
-1.084052919000429682e+01
-1.082867656722926775e+01
-1.081679616713241643e+01
-1.080487932185519107e+01
-1.079293473345796528e+01
-1.078095370163268463e+01
-1.076894496438021775e+01
-1.075689978872874164e+01
-1.074482694884360612e+01
-1.073271767887160522e+01
-1.072058078936789549e+01
-1.070840748137695009e+01
-1.069620660207042206e+01
-1.068396931916615422e+01
-1.067170451668035192e+01
-1.065940332877642938e+01
-1.064707467654462114e+01
-1.063470966036291010e+01
-1.062231723862619504e+01
-1.060988847769256438e+01
-1.059743237349401745e+01
-1.058493995813059918e+01
-1.057242026530507850e+01
-1.055986429261818493e+01
-1.054728111177866801e+01
-1.053466168564286498e+01
-1.052201512416247375e+01
-1.050933235520074760e+01
-1.049662252719094546e+01
-1.048387653275104014e+01
-1.047110355903585521e+01
-1.045829446316247591e+01
-1.044545847124927640e+01
-1.043258640465282738e+01
-1.041968752869859038e+01
-1.040675262871970475e+01
-1.039379100949420121e+01
-1.038079342006488659e+01
-1.036776920490968656e+01
-1.035470907651049544e+01
-1.034162241929443837e+01
-1.032849990890823833e+01
-1.031535096997932044e+01
-1.030216624104121514e+01
-1.028895518717484059e+01
-1.027570840951860198e+01
-1.026243541386237013e+01
-1.024912676366364828e+01
-1.023579200567865755e+01
-1.022242166539436070e+01
-1.020902533079306274e+01
-1.019559348909773533e+01
-1.018213576977863610e+01
-1.016864262149727161e+01
-1.015512371547618464e+01
-1.014156946151409144e+01
-1.012798957285250090e+01
-1.011437442012182331e+01
-1.010073375885159308e+01
-1.008705792019478409e+01
-1.007335670224068025e+01
-1.005962039635111971e+01
-1.004585884344947466e+01
-1.003206229478905520e+01
-1.001824063440425761e+01
-1.000438407311822431e+01
-9.990502538356043516e+00
-9.976586200184922149e+00
-9.962645029703249833e+00
-9.948669155892448046e+00
-9.934668593809494297e+00
-9.920633431015875914e+00
-9.906573726815647518e+00
-9.892479527012058682e+00
-9.878360935447567215e+00
-9.864207955824673135e+00
-9.850030736818840893e+00
-9.835819239684672866e+00
-9.821583658228671965e+00
-9.807313910906255927e+00
-9.793020236955875646e+00
-9.778692511678375610e+00
-9.764341020048510345e+00
-9.749955593852346780e+00
-9.735546564109112566e+00
-9.721103718725526477e+00
-9.706637435076659770e+00
-9.692137456821033226e+00
-9.677614208004555962e+00
-9.663057387664069964e+00
-9.648477466835190697e+00
-9.633864099554834581e+00
-9.619227804171115892e+00
-9.604558189338359142e+00
-9.589865821043547456e+00
-9.575140262171062844e+00
-9.560392126677426106e+00
-9.545610931284953082e+00
-9.530807338254163597e+00
-9.515970817748543809e+00
-9.501112080671539672e+00
-9.486220550226061476e+00
-9.471306986301575748e+00
-9.456360764733856783e+00
-9.441392694745900371e+00
-9.426392104395013405e+00
-9.411369852589530183e+00
-9.396315219191841095e+00
-9.381239113152368247e+00
-9.366130765717009865e+00
-9.351001136239512235e+00
-9.335839406922753270e+00
-9.320656587889821765e+00
-9.305441811868945479e+00
-9.290206140123405731e+00
-9.274938655469892268e+00
-9.259650470687869728e+00
-9.244330618240272912e+00
-9.228990262803698386e+00
-9.213618386039916786e+00
-9.198226204908865000e+00
-9.182802649818212259e+00
-9.167358990402844299e+00
-9.151884105357895649e+00
-9.136389317390225528e+00
-9.120863453018436928e+00
-9.105317888423867245e+00
-9.089741397479127016e+00
-9.074145410248275923e+00
-9.058518647482465269e+00
-9.042872593542597315e+00
-9.027195915577310714e+00
-9.011500152664208230e+00
-8.995773917862406321e+00
-8.980028805392249680e+00
-8.964253373730379337e+00
-8.948459272671955844e+00
-8.932635005612157286e+00
-8.916792278359288559e+00
-8.900919538722021684e+00
-8.885028548966605655e+00
-8.869107700803782635e+00
-8.853168813409082460e+00
-8.837200221877491657e+00
-8.821213802751900701e+00
-8.805197833987469025e+00
-8.789164249959114272e+00
-8.773101270951372044e+00
-8.757020889643055028e+00
-8.740911268110753696e+00
-8.724784457815813354e+00
-8.708628562082825653e+00
-8.692455691641679749e+00
-8.676253890513928368e+00
-8.660035329191352105e+00
-8.643787991834399165e+00
-8.627524109197750590e+00
-8.611231605015523982e+00
-8.594922770813791857e+00
-8.578585469327999036e+00
-8.562232053371880980e+00
-8.545850324102449491e+00
-8.529452696145323642e+00
-8.513026908491928779e+00
-8.496585438112051136e+00
-8.480115961236611710e+00
-8.463631017720077310e+00
-8.447118220430366975e+00
-8.430590172655703540e+00
-8.414034423290157605e+00
-8.397463639613366837e+00
-8.380865305927025943e+00
-8.364252154068472223e+00
-8.347611603120043355e+00
-8.330956450052191542e+00
-8.314274048092558544e+00
-8.297577259929020954e+00
-8.280853372290778225e+00
-8.264115314176768479e+00
-8.247350305165136675e+00
-8.230571341169047983e+00
-8.213765573954249888e+00
-8.196946066960743238e+00
-8.180099903471367284e+00
-8.163240215075672879e+00
-8.146354015893804146e+00
-8.129454506297449257e+00
-8.112528630554908915e+00
-8.095589658462868599e+00
-8.078624463738940165e+00
-8.061646386258072283e+00
-8.044642228478640078e+00
-8.027625401017706608e+00
-8.010582634355813525e+00
-7.993527410526853672e+00
-7.976446387304616970e+00
-7.959353118825718276e+00
-7.942234189417891166e+00
-7.925103226017450986e+00
-7.907946738756184146e+00
-7.890778428078760065e+00
-7.873584729160023166e+00
-7.856379416673312299e+00
-7.839148850064702856e+00
-7.821906878968404087e+00
-7.804639786318353423e+00
-7.787361497454239334e+00
-7.770058218002807493e+00
-7.752743949766234266e+00
-7.735404820257366865e+00
-7.718054908510431744e+00
-7.700680263105487811e+00
-7.683295041091602329e+00
-7.665885211284560796e+00
-7.648465009544310966e+00
-7.631020324078416017e+00
-7.613565470367052335e+00
-7.596086255152771471e+00
-7.578597074359144870e+00
-7.561083652393515209e+00
-7.543560466460439429e+00
-7.526013157748199234e+00
-7.508456285593957169e+00
-7.490875407069651715e+00
-7.473285164511456635e+00
-7.455671029963144569e+00
-7.438047729641504624e+00
-7.420400649635912060e+00
-7.402744600940621922e+00
-7.385064882749618143e+00
-7.367376391747019859e+00
-7.349664339275307157e+00
-7.331943708636973867e+00
-7.314199622351323704e+00
-7.296447151284000121e+00
-7.278671328143562214e+00
-7.260887312320479126e+00
-7.243080045708793158e+00
-7.225264777202144550e+00
-7.207426356859810923e+00
-7.189580124074712586e+00
-7.171710836033735603e+00
-7.153833923643189152e+00
-7.135934050162618725e+00
-7.118026739043783913e+00
-7.100096558546146852e+00
-7.082159125717790715e+00
-7.064198912727010615e+00
-7.046231631288155661e+00
-7.028241656368515500e+00
-7.010244795438061338e+00
-6.992225325134226566e+00
-6.974199149791949992e+00
-6.956150446570094736e+00
-6.938095217798387893e+00
-6.920017539988339017e+00
-6.901933514615261167e+00
-6.883827116353751663e+00
-6.865714546996822598e+00
-6.847579678171552331e+00
-6.829438813182751034e+00
-6.811275719377581694e+00
-6.793106802789088405e+00
-6.774915725229875285e+00
-6.756718996700827873e+00
-6.738500172202535055e+00
-6.720275866966439082e+00
-6.702029527880560167e+00
-6.683777876693962838e+00
-6.665504250857052781e+00
-6.647225479948390969e+00
-6.628924790631388397e+00
-6.610619121651020613e+00
-6.592291587509045314e+00
-6.573959237479858331e+00
-6.555605072502754815e+00
-6.537246253771253457e+00
-6.518865667234960526e+00
-6.500480587423090206e+00
-6.482073783841254766e+00
-6.463662645799016282e+00
-6.445229824875287505e+00
-6.426792826633378475e+00
-6.408334183214204671e+00
-6.389871517937546486e+00
-6.371387241965360104e+00
-6.352899097906807846e+00
-6.334389374373628812e+00
-6.315875934828090621e+00
-6.297340943729389906e+00
-6.278802386988410866e+00
-6.260242303277271603e+00
-6.241678802583695784e+00
-6.223093796125319876e+00
-6.204505519628194854e+00
-6.185895755154371400e+00
-6.167282865864184949e+00
-6.148648502928056203e+00
-6.130011158671798910e+00
-6.111352351602583610e+00
-6.092690704979159655e+00
-6.074007602836880793e+00
-6.055321801172182106e+00
-6.036614547702431999e+00
-6.017904733004674434e+00
-5.999173466593114235e+00
-5.980439775507727873e+00
-5.961684629134484936e+00
-5.942927192899171374e+00
-5.924148294093027012e+00
-5.905367238492048365e+00
-5.886564709284257901e+00
-5.867760154602936318e+00
-5.848934111480567744e+00
-5.830106172459099234e+00
-5.811256726318243082e+00
-5.792405512105025522e+00
-5.773532768203072152e+00
-5.754658382307616726e+00
-5.735762440215222746e+00
-5.716864980460501400e+00
-5.697945934012724756e+00
-5.679025492486584170e+00
-5.660083429733508531e+00
-5.641140092739615142e+00
-5.622175095895846297e+00
-5.603208943903608130e+00
-5.584221089296952378e+00
-5.565232196890669947e+00
-5.546221554909989138e+00
-5.527209990736704270e+00
-5.508176625778476776e+00
-5.489142452495166857e+00
-5.470086422908928547e+00
-5.451029697128092266e+00
-5.431951055160709529e+00
-5.412871827394964086e+00
-5.393770619133369415e+00
-5.374668933738473875e+00
-5.355545199051134020e+00
-5.336421094167602241e+00
-5.317274866644233100e+00
-5.298128374137533569e+00
-5.278959681027232342e+00
-5.259790826426004706e+00
-5.240599688573566617e+00
-5.221408491006243047e+00
-5.202194922786607556e+00
-5.182981394916004625e+00
-5.163745404166627750e+00
-5.144509552122636720e+00
-5.125251140073737055e+00
-5.105992963383678251e+00
-5.086712124586160400e+00
-5.067431616103005965e+00
-5.048128338354051614e+00
-5.028825484182097405e+00
-5.009499748448073220e+00
-4.990174527866148679e+00
-4.970826308202936694e+00
-4.951478693584709490e+00
-4.932107957055145597e+00
-4.912737913786739519e+00
-4.893344620374799447e+00
-4.873952106769421810e+00
-4.854536209291686610e+00
-4.835121176500769558e+00
-4.815682620513928036e+00
-4.796245012435177202e+00
-4.776783736140585823e+00
-4.757323489322311971e+00
-4.737839423466160937e+00
-4.718356467007897237e+00
-4.698849534778153370e+00
-4.679343790227212807e+00
-4.659813907145636591e+00
-4.640285288389732976e+00
-4.620732362200019594e+00
-4.601180775355212305e+00
-4.581604705906419106e+00
-4.562030049200461512e+00
-4.542430728325366651e+00
-4.522832891976428016e+00
-4.503210203364834463e+00
-4.483589069454755993e+00
-4.463942888521485131e+00
-4.444298330863639457e+00
-4.424628524610681346e+00
-4.404960408612418554e+00
-4.385266835485012393e+00
-4.365575018003651664e+00
-4.345857527740291992e+00
-4.326141856932999907e+00
-4.306400290408441300e+00
-4.286660605575386640e+00
-4.266894794636690413e+00
-4.247130926057094413e+00
-4.227340693352331868e+00
-4.207552462113045344e+00
-4.187737620911978098e+00
-4.167924838728222170e+00
-4.148085192734752624e+00
-4.128247661762631360e+00
-4.108383004918610304e+00
-4.088520517558579925e+00
-4.068630633838181687e+00
-4.048742972529625561e+00
-4.028827635724079315e+00
-4.008914572729846526e+00
-3.988973546221656452e+00
-3.969034843402466706e+00
-3.949067879929021530e+00
-3.929103288506505809e+00
-3.909110129911789411e+00
-3.889119390220654449e+00
-3.869099767194906114e+00
-3.849082608422147000e+00
-3.829036240228534282e+00
-3.808992380140083345e+00
-3.788918974327672551e+00
-3.768848118981268147e+00
-3.748747371083256841e+00
-3.728649214526530642e+00
-3.708520807743250103e+00
-3.688395031696709570e+00
-3.668238636562069388e+00
-3.648084910085176436e+00
-3.627900184115726567e+00
-3.607718163256112387e+00
-3.587504750581690605e+00
-3.567294078005223579e+00
-3.547051608979757908e+00
-3.526811913581499702e+00
-3.506540004372771246e+00
-3.486270900866545563e+00
-3.465969153023904514e+00
-3.445670241509601439e+00
-3.425338241507557946e+00
-3.405009107014680403e+00
-3.384646425771286715e+00
-3.364286637777034183e+00
-3.343892830145009931e+00
-3.323501942065215431e+00
-3.303076546294088978e+00
-3.282654094945109957e+00
-3.262196632112464911e+00
-3.241742137142202385e+00
-3.221252110551481529e+00
-3.200765073836879360e+00
-3.180241968379865725e+00
-3.159721873389077729e+00
-3.139165154869979268e+00
-3.118611465986216302e+00
-3.098020580404984070e+00
-3.077432742209436967e+00
-3.056807115000779174e+00
-3.036184551511319274e+00
-3.015523586736493566e+00
-2.994865700599310898e+00
-2.974168780086758890e+00
-2.953474951716455355e+00
-2.932741434147572601e+00
-2.912011020812506512e+00
-2.891240240747729562e+00
-2.870472575595826914e+00
-2.849663842436723993e+00
-2.828858233457060667e+00
-2.808010830338564467e+00
-2.787166559253332565e+00
-2.766279741861071617e+00
-2.745396062942217608e+00
-2.724469058247755537e+00
-2.703545197051871796e+00
-2.682577201959328583e+00
-2.661612353973768830e+00
-2.640602533869551571e+00
-2.619595863061695340e+00
-2.598543350259368001e+00
-2.577493987520713681e+00
-2.556397879590471156e+00
-2.535304921065739236e+00
-2.514164279038523908e+00
-2.493026784329049228e+00
-2.471840630763087798e+00
-2.450657620992666264e+00
-2.429424937889061109e+00
-2.408195393619097846e+00
-2.386915120171976490e+00
-2.365637979150527759e+00
-2.344309009314469616e+00
-2.322983164043198379e+00
-2.301604343899765315e+00
-2.280228638999544533e+00
-2.258798763901572748e+00
-2.237371993255870439e+00
-2.215889804725656997e+00
-2.194410708377897645e+00
-2.172874890732362729e+00
-2.151342151510001077e+00
-2.129751328182434733e+00
-2.108163568018006195e+00
-2.086516297541411546e+00
-2.064872073454114609e+00
-2.043166845066290538e+00
-2.021464644766695518e+00
-1.999699873592170496e+00
-1.977938110662302407e+00
-1.956112132418393212e+00
-1.934289141016648728e+00
-1.912400206183966445e+00
-1.890514235214115990e+00
-1.868560502601748663e+00
-1.846609709276785694e+00
-1.824589238902025956e+00
-1.802571681622007649e+00
-1.780482426810789276e+00
-1.758396057261526924e+00
-1.736235855859755040e+00
-1.714078510222228013e+00
-1.691845074789586789e+00
-1.669614463931776926e+00
-1.647305370766762422e+00
-1.624999069266048535e+00
-1.602611746081811672e+00
-1.580227179898754830e+00
-1.557758891936898538e+00
-1.535293324526006087e+00
-1.512741158851893752e+00
-1.490191675454151321e+00
-1.467552523126401498e+00
-1.444916012935390404e+00
-1.422186548676709128e+00
-1.399459684505937718e+00
-1.376636343421817177e+00
-1.353815558419408038e+00
-1.330894509208090826e+00
-1.307975970062382975e+00
-1.284953084028890524e+00
-1.261932659977492266e+00
-1.238803474996216014e+00
-1.215676701783090063e+00
-1.192436380134947571e+00
-1.169198417841585069e+00
-1.145841696565882861e+00
-1.122487279955998840e+00
-1.099008411977513200e+00
-1.075531791616228805e+00
-1.051924475398587466e+00
-1.028319347296961173e+00
-1.004576642083080396e+00
-9.808360629280181708e-01
-9.569502856735430107e-01
-9.330665697492834809e-01
-9.090291685218507833e-01
-8.849937610952153255e-01
-8.607951578109287460e-01
-8.365984778511987852e-01
-8.122278704612635458e-01
-7.878591128075552730e-01
-7.633042229580540017e-01
-7.387511059553354409e-01
-7.139978519314916783e-01
-6.892462903463594248e-01
-6.642783554240100363e-01
-6.393120287611546715e-01
-6.141102795023334338e-01
-5.889100502561341877e-01
-5.634517333101177750e-01
-5.379948437096289116e-01
-5.122524445656625458e-01
-4.865113752544861780e-01
-4.604509401280060255e-01
-4.343917319529135845e-01
-4.079702949439527049e-01
-3.815499759790157985e-01
-3.547114033303432334e-01
-3.278738329417741904e-01
-3.005416455300876089e-01
-2.732103365758892233e-01
-2.452741533632133986e-01
-2.173387151719514965e-01
-1.886252052091102749e-01
-1.599122947400223316e-01
-1.301096560748048192e-01
-1.003074550719122021e-01
-6.868851448482234112e-02
-3.706982438852646222e-02
-2.298347622987085320e-15
