-3.022142083049941001e-17
-2.590964766423394128e+00
-5.030783030957061364e+00
-7.198091835254401438e+00
-9.019077570676685696e+00
-1.046908900391086661e+01
-1.156239848843777906e+01
-1.233757437466322315e+01
-1.284419097325396564e+01
-1.313336522897523295e+01
-1.325222901932266062e+01
-1.324139984695998251e+01
-1.313435767244167884e+01
-1.295785888015653953e+01
-1.273281105578712058e+01
-1.247527319180883332e+01
-1.219740845179885547e+01
-1.190831563851245356e+01
-1.161471880211702157e+01
-1.132152171412602470e+01
-1.103224423912453211e+01
-1.074936132981627068e+01
-1.047456353516032124e+01
-1.020895624545866731e+01
-9.953211031625684768e+00
-9.707680668643094535e+00
-9.472486051410262675e+00
-9.247582350440000099e+00
-9.032808991734702531e+00
-8.827927712633677260e+00
-8.632650371147747137e+00
-8.446658490091538241e+00
-8.269614942511175570e+00
-8.101169932573229815e+00
-7.940962633300568285e+00
-7.788621570346668577e+00
-7.643765020590054249e+00
-7.506003424457391660e+00
-7.374943275249180807e+00
-7.250192836465038759e+00
-7.131367977324502228e+00
-7.018098121343305351e+00
-6.910030739883101347e+00
-6.806834948872838353e+00
-6.708203186327729384e+00
-6.613852074408515413e+00
-6.523521728227517968e+00
-6.436974822686631903e+00
-6.353994659611807094e+00
-6.274383533787593059e+00
-6.197960491644143310e+00
-6.124559715543647087e+00
-6.054028477545845277e+00
-5.986225857708411091e+00
-5.921021060701371574e+00
-5.858292528682759404e+00
-5.797926609919715979e+00
-5.739817012478280134e+00
-5.683863749103037932e+00
-5.629972848320408119e+00
-5.578055493585887703e+00
-5.528027916406446529e+00
-5.479810663432025386e+00
-5.433328615082684721e+00
-5.388510333545200481e+00
-5.345288168455992306e+00
-5.303597654798216432e+00
-5.263377680901244027e+00
-5.224569916637947564e+00
-5.187119028292766387e+00
-5.150972124903305804e+00
-5.116079010436243024e+00
-5.082391640725549387e+00
-5.049864406970749009e+00
-5.018453598480651756e+00
-4.988117713624853344e+00
-4.958816925210695281e+00
-4.930513416256985693e+00
-4.903170845779524889e+00
-4.876754707483456741e+00
-4.851231794295269850e+00
-4.826570578508366793e+00
-4.802740673745223177e+00
-4.779713235367887947e+00
-4.757460418778725497e+00
-4.735955799094886842e+00
-4.715173824854747231e+00
-4.695090256091449810e+00
-4.675681612632148543e+00
-4.656925629813401635e+00
-4.638800700657467857e+00
-4.621286348561606694e+00
-4.604362662717982779e+00
-4.588010787185664796e+00
-4.572212348992928277e+00
-4.556949963068386289e+00
-4.542206652527695177e+00
-4.527966369000623992e+00
-4.514213404660986306e+00
-4.500932927539409434e+00
-4.488110384905891870e+00
-4.475732053206423977e+00
-4.463784432451761930e+00
-4.452254810458105005e+00
-4.441130647936381237e+00
-4.430400156754688901e+00
-4.420051675457169260e+00
-4.410074261299412157e+00
-4.400457055957566865e+00
-4.391189891117147859e+00
-4.382262644160326737e+00
-4.373665857114800382e+00
-4.365390082131458627e+00
-4.357426513622738362e+00
-4.349766323364283593e+00
-4.342401305672328959e+00
-4.335323201981871044e+00
-4.328524358930248894e+00
-4.321997042280536050e+00
-4.315734107794471974e+00
-4.309728304384564446e+00
-4.303972957672597133e+00
-4.298461262266748406e+00
-4.293186977914494662e+00
-4.288143710811910481e+00
-4.283325622270241162e+00
-4.278726698974908871e+00
-4.274341474094042859e+00
-4.270164286413208110e+00
-4.266190013823016436e+00
-4.262413321262910060e+00
-4.258829406532037787e+00
-4.255433236982645084e+00
-4.252220307604575922e+00
-4.249185866414585178e+00
-4.246325684771025344e+00
-4.243635271410347798e+00
-4.241110654953301307e+00
-4.238747586545017931e+00
-4.236542334518562214e+00
-4.234490875598488024e+00
-4.232589701691894746e+00
-4.230834999619409231e+00
-4.229223470006825636e+00
-4.227751495510798208e+00
-4.226415971787554682e+00
-4.225213464183292800e+00
-4.224141050758968063e+00
-4.223195467418365823e+00
-4.222373962970606520e+00
-4.221673432670393744e+00
-4.221091285302637885e+00
-4.220624565111373627e+00
-4.220270830892641989e+00
-4.220027266290769852e+00
-4.219891570887091881e+00
-4.219861058843866530e+00
-4.219933561978415959e+00
-4.220106516735897983e+00
-4.220377879239994634e+00
-4.220745200577492362e+00
-4.221206553817376417e+00
-4.221759597591367097e+00
-4.222402515074877627e+00
-4.223133065848322154e+00
-4.223949536834367358e+00
-4.224849782426030487e+00
-4.225832187375550220e+00
-4.226894695175783312e+00
-4.228035782897183736e+00
-4.229253477809980843e+00
-4.230546344166072004e+00
-4.231912488049919041e+00
-4.233350556103574469e+00
-4.234858728594764088e+00
-4.236435730083144335e+00
-4.238079810695075444e+00
-4.239789768730132913e+00
-4.241563920131954823e+00
-4.243401133034722328e+00
-4.245299785420118432e+00
-4.247258811603850326e+00
-4.249276648068915918e+00
-4.251352291892944280e+00
-4.253484234748537318e+00
-4.255671533272142426e+00
-4.257912731222404545e+00
-4.260206941792486823e+00
-4.262552757917131174e+00
-4.264949346530095831e+00
-4.267395347012086226e+00
-4.269889977394852210e+00
-4.272431920941485828e+00
-4.275020444299987510e+00
-4.277654272207810138e+00
-4.280332717597324255e+00
-4.283054544416553533e+00
-4.285819109689756878e+00
-4.288625214446483369e+00
-4.291472257740242213e+00
-4.294359075678281457e+00
-4.297285107402027293e+00
-4.300249222209578726e+00
-4.303250897501708749e+00
-4.306289033989673776e+00
-4.309363145610523915e+00
-4.312472162812811760e+00
-4.315615634445312487e+00
-4.318792519113263673e+00
-4.322002399044571952e+00
-4.325244259509470446e+00
-4.328517714668655536e+00
-4.331821775048862122e+00
-4.335156085377688484e+00
-4.338519680107848941e+00
-4.341912233243482078e+00
-4.345332801905657405e+00
-4.348781088155237562e+00
-4.352256170592577966e+00
-4.355757778181647666e+00
-4.359285009876993300e+00
-4.362837620454360632e+00
-4.366414728157570480e+00
-4.370016112541029507e+00
-4.373640910129346082e+00
-4.377288924277155324e+00
-4.380959308834574628e+00
-4.384651890029557464e+00
-4.388365838131917052e+00
-4.392101001364377311e+00
-4.395856565557815898e+00
-4.399632400096526119e+00
-4.403427705557702687e+00
-4.407242371696847627e+00
-4.411075613064236123e+00
-4.414927339036482046e+00
-4.418796777402722142e+00
-4.422683856448570872e+00
-4.426587816504525819e+00
-4.430508604088677416e+00
-4.434445471410294104e+00
-4.438398382577059209e+00
-4.442366601046897401e+00
-4.446350107906246407e+00
-4.450348177262304361e+00
-4.454360806599217071e+00
-4.458387280103399242e+00
-4.462427611103960245e+00
-4.466481093323851681e+00
-4.470547755411113044e+00
-4.474626900108507499e+00
-4.478718570882362471e+00
-4.482822079002969140e+00
-4.486937482278057665e+00
-4.491064100036519235e+00
-4.495202003973066240e+00
-4.499350521028182115e+00
-4.503509736350752135e+00
-4.507678984066339822e+00
-4.511858362365298802e+00
-4.516047212151616641e+00
-4.520245644263630069e+00
-4.524453005995520805e+00
-4.528669420458153461e+00
-4.532894240965588573e+00
-4.537127602542910587e+00
-4.541368864170142849e+00
-4.545618172444725325e+00
-4.549874891674673627e+00
-4.554139179703280860e+00
-4.558410405843638991e+00
-4.562688738872935801e+00
-4.566973552800769554e+00
-4.571265027040251283e+00
-4.575562540002117373e+00
-4.579866281450813759e+00
-4.584175633916000692e+00
-4.588490797241117747e+00
-4.592811157804488786e+00
-4.597136925268424434e+00
-4.601467489601304806e+00
-4.605803070035316082e+00
-4.610143059881431249e+00
-4.614487687703388019e+00
-4.618836349917679662e+00
-4.623189284191819404e+00
-4.627545889820558145e+00
-4.631906413356937868e+00
-4.636270256756333197e+00
-4.640637675248403760e+00
-4.645008073240559199e+00
-4.649381714438941771e+00
-4.653758005502860229e+00
-4.658137218423255455e+00
-4.662518761919568711e+00
-4.666902916083818909e+00
-4.671289091511337865e+00
-4.675677576219281484e+00
-4.680067782502232099e+00
-4.684460006133684296e+00
-4.688853660937765788e+00
-4.693249050282553014e+00
-4.697645589358915963e+00
-4.702043588974168742e+00
-4.706442465529555363e+00
-4.710842537122804430e+00
-4.715243221215062341e+00
-4.719644843051691296e+00
-4.724046821009432406e+00
-4.728449487343970858e+00
-4.732852261208789990e+00
-4.737255481738423590e+00
-4.741658568729516077e+00
-4.746061868069048728e+00
-4.750464800068407989e+00
-4.754867717245766734e+00
-4.759270040303634097e+00
-4.763672128274738071e+00
-4.768073402133940597e+00
-4.772474227316557460e+00
-4.776874024955273690e+00
-4.781273166780452222e+00
-4.785671073972467937e+00
-4.790068124453276788e+00
-4.794463739344721809e+00
-4.798858302661110464e+00
-4.803251235363557470e+00
-4.807642927463116500e+00
-4.812032799661620786e+00
-4.816421247875022793e+00
-4.820807692450993720e+00
-4.825192535122045712e+00
-4.829575195790158482e+00
-4.833956081919351888e+00
-4.838334612877623009e+00
-4.842711201778959307e+00
-4.847085267372174044e+00
-4.851457228342423100e+00
-4.855826502737296657e+00
-4.860193514737587428e+00
-4.864557681610270912e+00
-4.868919432958842108e+00
-4.873278185193307799e+00
-4.877634373269831514e+00
-4.881987412667375459e+00
-4.886337743627423791e+00
-4.890684780626598283e+00
-4.895028969126612672e+00
-4.899369722532886939e+00
-4.903707491464866841e+00
-4.908041688190133200e+00
-4.912372768425622205e+00
-4.916700143236732323e+00
-4.921024273379924097e+00
-4.925344568656126576e+00
-4.929661494805504418e+00
-4.933974460304350274e+00
-4.938283935822637361e+00
-4.942589328453962594e+00
-4.946891113746237245e+00
-4.951188697353989809e+00
-4.955482559653194841e+00
-4.959772104804778259e+00
-4.964057817964693697e+00
-4.968339101747591080e+00
-4.972616446042906091e+00
-4.976889251868027664e+00
-4.981158013801299411e+00
-4.985422131213254282e+00
-4.989682103328042295e+00
-4.993937327821626582e+00
-4.998188308522399481e+00
-5.002434441365293694e+00
-5.006676234743009601e+00
-5.010913082804492547e+00
-5.015145498468156937e+00
-5.019372874053387612e+00
-5.023595726967147179e+00
-5.027813447657038637e+00
-5.032026557982693937e+00
-5.036234446478961679e+00
-5.040437639423655192e+00
-5.044635523399035648e+00
-5.048828629067853235e+00
-5.053016341021288049e+00
-5.057199194274790699e+00
-5.061376571391087431e+00
-5.065549011707375371e+00
-5.069715895721595089e+00
-5.073877767062882960e+00
-5.078034004129074575e+00
-5.082185154812441930e+00
-5.086330595376484354e+00
-5.090470877948984452e+00
-5.094605376625752413e+00
-5.098734647743177639e+00
-5.102858063197182936e+00
-5.106976183507105915e+00
-5.111088378337378835e+00
-5.115195212365414079e+00
-5.119296052993682622e+00
-5.123391469033744983e+00
-5.127480825596289371e+00
-5.131564695603945125e+00
-5.135642441846837158e+00
-5.139714641336291301e+00
-5.143780654513713912e+00
-5.147841062457783501e+00
-5.151895223233749377e+00
-5.155943721966991689e+00
-5.159985914319971556e+00
-5.164022389444800964e+00
-5.168052500575249120e+00
-5.172076840870994729e+00
-5.176094761111748710e+00
-5.180106858446301032e+00
-5.184112481175770171e+00
-5.188112230420218296e+00
-5.192105451978112463e+00
-5.196092750923642534e+00
-5.200073470529280151e+00
-5.204048219806836073e+00
-5.208016339479932810e+00
-5.211978442482169349e+00
-5.215933866966008914e+00
-5.219883229771498989e+00
-5.223825866458390976e+00
-5.227762397758351831e+00
-5.231692156617229195e+00
-5.235615767644207885e+00
-5.239532561150508805e+00
-5.243443165609206424e+00
-5.247346908676730592e+00
-5.251244422676921708e+00
-5.255135032591717881e+00
-5.259019374583163042e+00
-5.262896770939369695e+00
-5.266767861648452786e+00
-5.270631966285984404e+00
-5.274489728654507381e+00
-5.278340465598598819e+00
-5.282184824724002858e+00
-5.286022120126393276e+00
-5.289853003203980109e+00
-5.293676785285915898e+00
-5.297494121552643875e+00
-5.301304320549522942e+00
-5.305108041229303240e+00
-5.308904589336798985e+00
-5.312694627587500662e+00
-5.316477458909289133e+00
-5.320253749771310936e+00
-5.324022800268246591e+00
-5.327785280614282470e+00
-5.331540488055150462e+00
-5.335289096541664833e+00
-5.339030400455087921e+00
-5.342765077474957103e+00
-5.346492419102887972e+00
-5.350213106739458269e+00
-5.353926428991838904e+00
-5.357633070974284095e+00
-5.361332318384971707e+00
-5.365024860044897537e+00
-5.368709978728853471e+00
-5.372388366957995487e+00
-5.376059304569705155e+00
-5.379723487778943714e+00
-5.383380193471899666e+00
-5.387030121551313222e+00
-5.390672545938702598e+00
-5.394308170218773846e+00
-5.397936265335069983e+00
-5.401557538548885873e+00
-5.405171257812797947e+00
-5.408778134059389231e+00
-5.412377432237433617e+00
-5.415969866945970601e+00
-5.419554700117435786e+00
-5.423132650012552958e+00
-5.426702975535007134e+00
-5.430266398602922706e+00
-5.433822175079054517e+00
-5.437371030534682070e+00
-5.440912217779677817e+00
-5.444446466034611909e+00
-5.447973025044668738e+00
-5.451492627676029379e+00
-5.455004520597518614e+00
-5.458509440317521388e+00
-5.462006630417152842e+00
-5.465496831043719084e+00
-5.468979282679319098e+00
-5.472454729107234073e+00
-5.475922407699477468e+00
-5.479383065872348801e+00
-5.482835937877035271e+00
-5.486281774760218610e+00
-5.489719807641347593e+00
-5.493150791195277272e+00
-5.496573953399057189e+00
-5.499990052553393127e+00
-5.503398313482549931e+00
-5.506799498111038638e+00
-5.510192828100034745e+00
-5.513579068996062205e+00
-5.516957439286890974e+00
-5.520328708139455642e+00
-5.523692090858128623e+00
-5.527048360228679513e+00
-5.530396728362153347e+00
-5.533737971661896182e+00
-5.537071299035792649e+00
-5.540397490503653266e+00
-5.543715751760406540e+00
-5.547026866441369997e+00
-5.550330037019021390e+00
-5.553626050743309506e+00
-5.556914106854783597e+00
-5.560194996217346031e+00
-5.563467914830256156e+00
-5.566733657170894745e+00
-5.569991415987874284e+00
-5.573241989371755523e+00
-5.576484566811343413e+00
-5.579719950010128215e+00
-5.582947325188071908e+00
-5.586167497661407744e+00
-5.589379650372320540e+00
-5.592584592249947306e+00
-5.595781502949717989e+00
-5.598971195013817237e+00
-5.602152844802129827e+00
-5.605327268470326807e+00
-5.608493639073924619e+00
-5.611652776382476837e+00
-5.614803850138556207e+00
-5.617947683726207231e+00
-5.621083443566430304e+00
-5.624211956658465184e+00
-5.627332386093259586e+00
-5.630445562486082522e+00
-5.633550645589354033e+00
-5.636648469635336056e+00
-5.639738191029581849e+00
-5.642820647622385444e+00
-5.645894992464067563e+00
-5.648962067024275058e+00
-5.652021020989767663e+00
-5.655072699450760076e+00
-5.658116248722400599e+00
-5.661152517516819138e+00
-5.664180648769385762e+00
-5.667201494815715890e+00
-5.670214195203296725e+00
-5.673219605892828810e+00
-5.676216863035882909e+00
-5.679206826220045023e+00
-5.682188628192931468e+00
-5.685163132170800715e+00
-5.688129467489457802e+00
-5.691088500995741484e+00
-5.694039358605682999e+00
-5.696982910798788602e+00
-5.699918280063542397e+00
-5.702846340514141410e+00
-5.705766211203703975e+00
-5.708678769883394288e+00
-5.711583132163148946e+00
-5.714480179433478746e+00
-5.717369023853363430e+00
-5.720250550455059368e+00
-5.723123867938881837e+00
-5.725989864981317901e+00
-5.728847646816474182e+00
-5.731698105767534912e+00
-5.734540343594753509e+00
-5.737375256270739854e+00
-5.740201942074283359e+00
-5.743021300630185344e+00
-5.745832426728139097e+00
-5.748636223648015964e+00
-5.751431782682947969e+00
-5.754220010770710658e+00
-5.756999995700292416e+00
-5.759772648070457635e+00
-5.762537052158567263e+00
-5.765294122227474283e+00
-5.768042939035431971e+00
-5.770784420512472757e+00
-5.773517643890310858e+00
-5.776243530769421319e+00
-5.778961154847577220e+00
-5.781671441399007350e+00
-5.784373460580101600e+00
-5.787068141342239791e+00
-5.789754550293023883e+00
-5.792433620064453947e+00
-5.795104413707992563e+00
-5.797767867539766584e+00
-5.800423041047735317e+00
-5.803070874235824128e+00
-5.805710423021059441e+00
-5.808342631098868836e+00
-5.810966550808045916e+00
-5.813583129539244609e+00
-5.816191416045680462e+00
-5.818792361416994297e+00
-5.821385010813651562e+00
-5.823970319028219045e+00
-5.826547327620843930e+00
-5.829116995091068176e+00
-5.831678359391613498e+00
-5.834232382732873035e+00
-5.836778099452751611e+00
-5.839316475476701740e+00
-5.841846541520597569e+00
-5.844369267228965548e+00
-5.846883679688395397e+00
-5.849390752266823590e+00
-5.851889508414078733e+00
-5.854380925225873611e+00
-5.856864022508077028e+00
-5.859339781088467092e+00
-5.861807217121689284e+00
-5.864267315171940886e+00
-5.866719087735421390e+00
-5.869163523117257419e+00
-5.871599630147799509e+00
-5.874028400877727485e+00
-5.876448840464306045e+00
-5.878861944708267728e+00
-5.881266715086538532e+00
-5.883664151154601285e+00
-5.886053250701719364e+00
-5.888435017042849218e+00
-5.890808444272280120e+00
-5.893174539469238304e+00
-5.895532293025792292e+00
-5.897882715790210284e+00
-5.900224794445001919e+00
-5.902559543612451165e+00
-5.904885946258248808e+00
-5.907205020783558247e+00
-5.909515746429818250e+00
-5.911819145382272822e+00
-5.914114193150778576e+00
-5.916401915709674775e+00
-5.918681284829871103e+00
-5.920953330279838056e+00
-5.923217020084404538e+00
-5.925473387811340586e+00
-5.927721397731825270e+00
-5.929962087218337174e+00
-5.932194416781019441e+00
-5.934419427602251496e+00
-5.936636076423885910e+00
-5.938845408243522250e+00
-5.941046376027308007e+00
-5.943240028593427482e+00
-5.945425315124927224e+00
-5.947603288266138044e+00
-5.949772893409469354e+00
-5.951935187030944263e+00
-5.954089110724930300e+00
-5.956235724804617604e+00
-5.958373967059009679e+00
-5.960504901644076980e+00
-5.962627462535807332e+00
-5.964742717738776179e+00
-5.966849597408488748e+00
-5.968949173403784059e+00
-5.971040372052229372e+00
-5.973124269072690673e+00
-5.975199786957232639e+00
-5.977268005290572006e+00
-5.979327842721864350e+00
-5.981380382707505383e+00
-5.983424540046064166e+00
-5.985461402071653225e+00
-5.987489879724690489e+00
-5.989511064222941883e+00
-5.991523862641132681e+00
-5.993529370086701391e+00
-5.995526489760971245e+00
-5.997516320667257261e+00
-5.999497762125859168e+00
-6.001471917042041859e+00
-6.003437680847388158e+00
-6.005396160355366497e+00
-6.007346247101168935e+00
-6.009289051812635840e+00
-6.011223462120961258e+00
-6.013150592674628925e+00
-6.015069327192996695e+00
-6.016980784251663827e+00
-6.018883843650375098e+00
-6.020779627898170894e+00
-6.022667012867458425e+00
-6.024547125007172710e+00
-6.026418836254541667e+00
-6.028283277004923946e+00
-6.030139315252513121e+00
-6.031988085345616035e+00
-6.033828451327621245e+00
-6.035661551506378508e+00
-6.037486245966437792e+00
-6.039303676981925051e+00
-6.041112700670742797e+00
-6.042914463279873694e+00
-6.044707816952608503e+00
-6.046493911915626462e+00
-6.048271596329606759e+00
-6.050042024407684238e+00
-6.051804040319987088e+00
-6.053558802272945627e+00
-6.055305150438069717e+00
-6.057044247021970307e+00
-6.058774928189547104e+00
-6.060498360154534581e+00
-6.062213375067075916e+00
-6.063921143155112325e+00
-6.065620492545845011e+00
-6.067312597488455417e+00
-6.068996282079109683e+00
-6.070672724595311820e+00
-6.072340745094003012e+00
-6.074001525888177433e+00
-6.075653882987323229e+00
-6.077299002747104772e+00
-6.078935697121330861e+00
-6.080565156515588043e+00
-6.082186188819741268e+00
-6.083799988496597422e+00
-6.085405359363694977e+00
-6.087003499948433927e+00
-6.088593209987753774e+00
-6.090175692081070125e+00
-6.091749741876228086e+00
-6.093316566052084937e+00
-6.094874956159095802e+00
-6.096426122963020333e+00
-6.097968853908449560e+00
-6.099504363855611899e+00
-6.101031436134691788e+00
-6.102551289708052273e+00
-6.104062703783016630e+00
-6.105566901431575211e+00
-6.107062657729663613e+00
-6.108551199866718129e+00
-6.110031298778583420e+00
-6.111504185779874199e+00
-6.112968627657773268e+00
-6.114425859859913714e+00
-6.115874645016061706e+00
-6.117316222714674900e+00
-6.118749351419536353e+00
-6.120175274867773574e+00
-6.121592747348364227e+00
-6.123003016755130368e+00
-6.124404833193464626e+00
-6.125799448721877205e+00
-6.127185609253314347e+00
-6.128564571019044394e+00
-6.129935075730704064e+00
-6.131298383800439566e+00
-6.132653232729683879e+00
-6.134000887119580803e+00
-6.135340080252450257e+00
-6.136672080926555140e+00
-6.137995618196136149e+00
-6.139311965065012089e+00
-6.140619846350125144e+00
-6.141920539269117185e+00
-6.143212764392765202e+00
-6.144497803160737348e+00
-6.145774371888554910e+00
-6.147043756246413970e+00
-6.148304668285327956e+00
-6.149558397914489660e+00
-6.150803652911209340e+00
-6.152041727432263407e+00
-6.153271324971977485e+00
-6.154493743943217687e+00
-6.155707683548140352e+00
-6.156914446464273105e+00
-6.158112727592207847e+00
-6.159303833882876056e+00
-6.160486455925968663e+00
-6.161661904954536695e+00
-6.162828867237858610e+00
-6.163988658299905055e+00
-6.165139960080161963e+00
-6.166284092402287698e+00
-6.167419732866485482e+00
-6.168548205604942325e+00
-6.169668183869035261e+00
-6.170780996108509164e+00
-6.171885311216179559e+00
-6.172982461968364198e+00
-6.174071112889757629e+00
-6.175152601092237070e+00
-6.176225586722613237e+00
-6.177291411237488816e+00
-6.178348730396090005e+00
-6.179398890008787504e+00
-6.180440541437492108e+00
-6.181475034855560935e+00
-6.182501017217649775e+00
-6.183519843069483102e+00
-6.184530154948541636e+00
-6.185533311782146271e+00
-6.186527951680750093e+00
-6.187515437962609610e+00
-6.188494404301172480e+00
-6.189466218415041077e+00
-6.190429509530560814e+00
-6.191385649776250943e+00
-6.192333263921201869e+00
-6.193273728513413623e+00
-6.194205663854606136e+00
-6.195130450921740639e+00
-6.196046705539046684e+00
-6.196955813122131396e+00
-6.197856385007415092e+00
-6.198749811058880788e+00
-6.199634698114796727e+00
-6.200512440497312205e+00
-6.201381640536293816e+00
-6.202243697021728508e+00
-6.203097207764624699e+00
-6.203943576032846074e+00
-6.204781395107984210e+00
-6.205612072745706698e+00
-6.206434197687776155e+00
-6.207249182187552172e+00
-6.208055610436371552e+00
-6.208854899195345389e+00
-6.209645628094795811e+00
-6.210429218413745289e+00
-6.211204245210710795e+00
-6.211972134292802039e+00
-6.212731456136067365e+00
-6.213483641085860931e+00
-6.214227255024959540e+00
-6.214963732847258449e+00
-6.215691635831429807e+00
-6.216412403430233269e+00
-6.217124592307288644e+00
-6.217829646484711148e+00
-6.218526118000019309e+00
-6.219215455455124442e+00
-6.219896206250481896e+00
-6.220569823578274260e+00
-6.221234850190859866e+00
-6.221892743881246801e+00
-6.222542042742491120e+00
-6.223184209179104087e+00
-6.223817776613659092e+00
-6.224444212072887339e+00
-6.225062044297541952e+00
-6.225672744947348569e+00
-6.226274838070023243e+00
-6.226869799968961061e+00
-6.227456149987468770e+00
-6.228035369083619877e+00
-6.228605971884761949e+00
-6.229169444014610590e+00
-6.229724295373059384e+00
-6.230272016260438583e+00
-6.230811111837655680e+00
-6.231343077092700966e+00
-6.231866412435835834e+00
-6.232382617553915871e+00
-6.232890188094786232e+00
-6.233390628455457438e+00
-6.233882429509520762e+00
-6.234367100375297177e+00
-6.234843127140526242e+00
-6.235312023656033098e+00
-6.235772271211737383e+00
-6.236225388402548475e+00
-6.236669851708513512e+00
-6.237107184480003674e+00
-6.237535858375256481e+00
-6.237957401511628142e+00
-6.238370280713407823e+00
-6.238776028876561242e+00
-6.239173107979280708e+00
-6.239563055707729511e+00
-6.239944329181763116e+00
-6.240318470889573810e+00
-6.240683933080337198e+00
-6.241042263056005623e+00
-6.241391908182723824e+00
-6.241734420588090693e+00
-6.242068242742819351e+00
-6.242394931612004427e+00
-6.242712924758394344e+00
-6.243023783996636489e+00
-6.243325941968932646e+00
-6.243620965351550645e+00
-6.243907281853484648e+00
-6.244186463024709255e+00
-6.244456931628286078e+00
-6.244720264100123153e+00
-6.244974878244598848e+00
-6.245222355395819491e+00
-6.245461108386581195e+00
-6.245692723461453433e+00
-6.245915608468783020e+00
-6.246131354576018424e+00
-6.246338364634004492e+00
-6.246538234745614204e+00
-6.246729362751059611e+00
-6.246913349701157081e+00
-6.247088588412365695e+00
-6.247256684896052903e+00
-6.247416026931639443e+00
-6.247568225503800754e+00
-6.247711663341624977e+00
-6.247847956415784054e+00
-6.247975482391636248e+00
-6.248095862238771225e+00
-6.248207468545320609e+00
-6.248311927292632184e+00
-6.248407605978154145e+00
-6.248496135607909174e+00
-6.248575878575056919e+00
-6.248648470923381382e+00
-6.248712269928017982e+00
-6.248768916683658858e+00
-6.248816763333596036e+00
-6.248857456036690294e+00
-6.248889341790479612e+00
-6.248914071831284112e+00
-6.248929987996975299e+00
-6.248938746614645545e+00
-6.248938684348511963e+00
-6.248931462629834677e+00
-6.248915412935083680e+00
-6.248892201813172953e+00
-6.248860155538671357e+00
-6.248820945791760728e+00
-6.248772893630715863e+00
-6.248717675880731015e+00
-6.248653608369442836e+00
-6.248582373080803443e+00
-6.248502280597342917e+00
-6.248415018075459848e+00
-6.248318890838199025e+00
-6.248215591228403198e+00
-6.248103419294853467e+00
-6.247984072580761605e+00
-6.247855845846043366e+00
-6.247720441848346518e+00
-6.247576150043859577e+00
-6.247424678418880717e+00
-6.247264311110980906e+00
-6.247096761349260063e+00
-6.246920307937738670e+00
-6.246736669362614514e+00
-6.246544119079332269e+00
-6.246344380845583188e+00
-6.246135722752963915e+00
-6.245919873845135584e+00
-6.245695096834784188e+00
-6.245463126065959436e+00
-6.245222218857047203e+00
-6.244974114867254400e+00
-6.244717066005104122e+00
-6.244452817259748656e+00
-6.244179615114357595e+00
-6.243899209902647129e+00
-6.243609842667020793e+00
-6.243313269100667640e+00
-6.243007724789251256e+00
-6.242694970800575227e+00
-6.242373237247851314e+00
-6.242044290588366628e+00
-6.241706355447017351e+00
-6.241361203685760195e+00
-6.241007054425129930e+00
-6.240645684947043748e+00
-6.240275308851545688e+00
-6.239897708855735914e+00
-6.239511093023057064e+00
-6.239117249521175523e+00
-6.238714380860545639e+00
-6.238304280675079916e+00
-6.237885145905767814e+00
-6.237458775668164535e+00
-6.237023361317455716e+00
-6.236580707466500506e+00
-6.236128999868030931e+00
-6.235670048648004560e+00
-6.235202033939876820e+00
-6.234726771398674039e+00
-6.234242435521780479e+00
-6.233750847509052839e+00
-6.233250176204997217e+00
-6.232742248370336746e+00
-6.232225227179638338e+00
-6.231700944970627098e+00
-6.231167559230742725e+00
-6.230626907890942867e+00
-6.230077142734283591e+00
-6.229520107301365961e+00
-6.228953947653376844e+00
-6.228380512956895210e+00
-6.227797943533952996e+00
-6.227208094193505517e+00
-6.226609099500788780e+00
-6.226002819923832199e+00
-6.225387384253329159e+00
-6.224764658633032965e+00
-6.224132766061262423e+00
-6.223493578374303503e+00
-6.222845212760254263e+00
-6.222189546764719914e+00
-6.221524691747507774e+00
-6.220852530980539363e+00
-6.220171169977182224e+00
-6.219482497752731653e+00
-6.218784613955797624e+00
-6.218079413362251451e+00
-6.217364989737549585e+00
-6.216643243635389560e+00
-6.215912262919517595e+00
-6.215173953938792017e+00
-6.214426398636706317e+00
-6.213671509174686136e+00
-6.212907361557144625e+00
-6.212135873775675776e+00
-6.211355115876731503e+00
-6.210567011699759554e+00
-6.209769625314081054e+00
-6.208964886424842788e+00
-6.208150853105221856e+00
-6.207329460943721955e+00
-6.206498761998118674e+00
-6.205660697758268896e+00
-6.204813314247167533e+00
-6.203958558874108853e+00
-6.203094471607661475e+00
-6.202223005794719413e+00
-6.201342195329813123e+00
-6.200453999515720405e+00
-6.199556446153047240e+00
-6.198651500518839619e+00
-6.197737184299898061e+00
-6.196815468765906054e+00
-6.195884369469782271e+00
-6.194945863692478127e+00
-6.193997960832811955e+00
-6.193042644201649516e+00
-6.192077917023330436e+00
-6.191105768657388708e+00
-6.190124196133211854e+00
-6.189135194877936286e+00
-6.188136755705306413e+00
-6.187130880129012134e+00
-6.186115552726393574e+00
-6.185092781116755312e+00
-6.184060543620162775e+00
-6.183020853980700338e+00
-6.181971684239976561e+00
-6.180915054286308497e+00
-6.179848929861568863e+00
-6.178775337017667901e+00
-6.177692235175395119e+00
-6.176601656569652654e+00
-6.175501554278772787e+00
-6.174393966740292505e+00
-6.173276840668155074e+00
-6.172152220722463056e+00
-6.171018047230917958e+00
-6.169876371095862844e+00
-6.168725126236932255e+00
-6.167566369818616501e+00
-6.166398029330176556e+00
-6.165222168218419618e+00
-6.164036707519931824e+00
-6.162843716983916309e+00
-6.161641111171817009e+00
-6.160430966155534982e+00
-6.159211189998681668e+00
-6.157983865116271716e+00
-6.156746893051186831e+00
-6.155502362582039311e+00
-6.154248168708100764e+00
-6.152986406592157564e+00
-6.151714964666619601e+00
-6.150435944499176522e+00
-6.149147227932065363e+00
-6.147850922958750353e+00
-6.146544904807758058e+00
-6.145231287919216356e+00
-6.143907940884212771e+00
-6.142576984610690793e+00
-6.141236281028484179e+00
-6.139887957534392982e+00
-6.138529869372912451e+00
-6.137164150451065225e+00
-6.135788649303814957e+00
-6.134405506369712491e+00
-6.133012563449817378e+00
-6.131611967535785190e+00
-6.130201553670007186e+00
-6.128783475418938309e+00
-6.127355561041593290e+00
-6.125919970700925532e+00
-6.124474525847579898e+00
-6.123021393262830792e+00
-6.121558387563831083e+00
-6.120087682172201227e+00
-6.118607084846189537e+00
-6.117118775669843522e+00
-6.115620555516942503e+00
-6.114114611156250767e+00
-6.112598736551316136e+00
-6.111075125177899636e+00
-6.109541564063390773e+00
-6.108000253413075065e+00
-6.106448973292003757e+00
-6.104889930657486197e+00
-6.103320898585988807e+00
-6.101744090809559040e+00
-6.100157273389428703e+00
-6.098562666855380954e+00
-6.096958030226545588e+00
-6.095345590853414208e+00
-6.093723100686128546e+00
-6.092092793918864935e+00
-6.090452415405715136e+00
-6.088804206207749203e+00
-6.087145904055546453e+00
-6.085479756900610049e+00
-6.083803495322265498e+00
-6.082119374185940508e+00
-6.080425116892138604e+00
-6.078722985243609322e+00
-6.077010695433973098e+00
-6.075290516227299875e+00
-6.073560156582010983e+00
-6.071821892247433183e+00
-6.070073424918321692e+00
-6.068317037353255117e+00
-6.066550423954781834e+00
-6.064775874514948484e+00
-6.062991076115160638e+00
-6.061198325605332116e+00
-6.059395302716630738e+00
-6.057584311381283726e+00
-6.055763023951029389e+00
-6.053933751465033097e+00
-6.052094158866008655e+00
-6.050246564325024501e+00
-6.048388625345971548e+00
-6.046522667256686745e+00
-6.044646340092493020e+00
-6.042761976363014043e+00
-6.040867218604798694e+00
-6.038964406534748974e+00
-6.037051175160052630e+00
-6.035129871430410908e+00
-6.033198122793185014e+00
-6.031258283456420344e+00
-6.029307973276834431e+00
-6.027349553746661037e+00
-6.025380637100955283e+00
-6.023403592142169138e+00
-6.021416023452426991e+00
-6.019420307170562090e+00
-6.017414040194354996e+00
-6.015399606025362722e+00
-6.013374593845411731e+00
-6.011341394545388184e+00
-6.009297589559189134e+00
-6.007245577193865316e+00
-6.005182931103246524e+00
-6.003112057037562010e+00
-6.001030520838331661e+00
-5.998940735726103313e+00
-5.996840259697547637e+00
-5.994731513470967776e+00
-5.992612047165505551e+00
-5.990484289024763598e+00
-5.988345781257547351e+00
-5.986198959660635310e+00
-5.984041358499186281e+00
-5.981875421151370276e+00
-5.979698673905436301e+00
-5.977513567749173085e+00
-5.975317620960445275e+00
-5.973113292165260546e+00
-5.970898091597335977e+00
-5.968674485549708031e+00
-5.966439976178104843e+00
-5.964197037471633323e+00
-5.961943163473953256e+00
-5.959680835899683338e+00
-5.957407540645894173e+00
-5.955125767182461338e+00
-5.952832993225555924e+00
-5.950531716030041274e+00
-5.948219405096534906e+00
-5.945898565495108201e+00
-5.943566658476002296e+00
-5.941226196955047278e+00
-5.938874633897043509e+00
-5.936514490094332963e+00
-5.934143210191100692e+00
-5.931763322887389833e+00
-5.929372264471412635e+00
-5.926972571582217242e+00
-5.924561672116630540e+00
-5.922142110684478489e+00
-5.919711306755495173e+00
-5.917271812942404452e+00
-5.914821040251927009e+00
-5.912361549332163513e+00
-5.909890742690922849e+00
-5.907411189044355915e+00
-5.904920282365273998e+00
-5.902420599471065010e+00
-5.899909525763192164e+00
-5.897389646193885504e+00
-5.894858337556803995e+00
-5.892318192972873625e+00
-5.889766580591420997e+00
-5.887206101736466302e+00
-5.884634115876228755e+00
-5.882053232572440393e+00
-5.879460802575531275e+00
-5.876859443720004350e+00
-5.874246498001509664e+00
-5.871624591562906836e+00
-5.868991057608002215e+00
-5.866348530623908708e+00
-5.863694334985450674e+00
-5.861031113560379424e+00
-5.858356181857230283e+00
-5.855672191161279017e+00
-5.852976448077286342e+00
-5.850271612345377292e+00
-5.847554981629130566e+00
-5.844829224161133929e+00
-5.842091628626249644e+00
-5.839344871787810476e+00
-5.836586233314130290e+00
-5.833818398538118011e+00
-5.831038638073771985e+00
-5.828249645862688233e+00
-5.825448683426682983e+00
-5.822638453355815535e+00
-5.819816208041778793e+00
-5.816984658763248106e+00
-5.814141048743748819e+00
-5.811288097991387680e+00
-5.808423040523391201e+00
-5.805548605118524108e+00
-5.802662016549528623e+00
-5.799766012407710392e+00
-5.796857808183019323e+00
-5.793940150321666316e+00
-5.791010244992478739e+00
-5.788070847539503738e+00
-5.785119154772081274e+00
-5.782157930975565741e+00
-5.779184363561296500e+00
-5.776201225800027039e+00
-5.773205695666590920e+00
-5.770200555461842740e+00
-5.767182973685486935e+00
-5.764155741713679504e+00
-5.761116018532293381e+00
-5.758066604638782948e+00
-5.755004649466477495e+00
-5.751932962680438521e+00
-5.748848684122767061e+00
-5.745754632673267359e+00
-5.742647938543925967e+00
-5.739531429876955748e+00
-5.736402227215358529e+00
-5.733263168012133981e+00
-5.730111363102298405e+00
-5.726949659298663065e+00
-5.723775157689244608e+00
-5.720590714496150753e+00
-5.717393421021530919e+00
-5.714186142947014879e+00
-5.710965961749556286e+00
-5.707735752621373670e+00
-5.704492587175130858e+00
-5.701239350165110409e+00
-5.697973103300367548e+00
-5.694696740949576785e+00
-5.691407314878877521e+00
-5.688107729124192602e+00
-5.684795025469323804e+00
-5.681472117671160227e+00
-5.678136037491655408e+00
-5.674789708462808058e+00
-5.671430152285275028e+00
-5.668060302321151767e+00
-5.664677170170163478e+00
-5.661283699080020604e+00
-5.657876890509881740e+00
-5.654459697649480532e+00
-5.651029111777466696e+00
-5.647588096082637676e+00
-5.644133631623260428e+00
-5.640668691644952659e+00
-5.637190246945486649e+00
-5.633701280885780704e+00
-5.630198753962964098e+00
-5.626685659712252097e+00
-5.623158948290035042e+00
-5.619621623465643978e+00
-5.616070625014219608e+00
-5.612508966999780746e+00
-5.608933578775698869e+00
-5.605347484761868948e+00
-5.601747603849251966e+00
-5.598136970875519758e+00
-5.594512494228430555e+00
-5.590877219225975914e+00
-5.587228043711701453e+00
-5.583568023547337944e+00
-5.579894045991002471e+00
-5.576209177512144066e+00
-5.572510294742084369e+00
-5.568800474822674929e+00
-5.565076583716941805e+00
-5.561341709304555181e+00
-5.557592706838447860e+00
-5.553832675002150943e+00
-5.550058458296501129e+00
-5.546273166275734745e+00
-5.542473632646353288e+00
-5.538662977900677298e+00
-5.534838024908480314e+00
-5.531001905168293931e+00
-5.527151430670353527e+00
-5.523289743988278211e+00
-5.519413646189679667e+00
-5.515526290992838199e+00
-5.511624468499391583e+00
-5.507711343642367474e+00
-5.503783695513837948e+00
-5.499844700332453762e+00
-5.495891126136774218e+00
-5.491926160502445420e+00
-5.487946560370208005e+00
-5.483955524744957621e+00
-5.479949799424901791e+00
-5.475932594916995022e+00
-5.471900645831826004e+00
-5.467857174251830266e+00
-5.463798903554539343e+00
-5.459729067471943864e+00
-5.455644378102714853e+00
-5.451548080903079629e+00
-5.447436876646493786e+00
-5.443314022588833900e+00
-5.439176208131579315e+00
-5.435026702406125843e+00
-5.430862183394846276e+00
-5.426685932181218419e+00
-5.422494615280744945e+00
-5.418291525806167463e+00
-5.414073318757949060e+00
-5.409843299355865831e+00
-5.405598111036506559e+00
-5.401341071205094657e+00
-5.397068811685047152e+00
-5.392784662145936103e+00
-5.388485242748207504e+00
-5.384173895505315777e+00
-5.379847228864219844e+00
-5.375508597262273369e+00
-5.371154597381900153e+00
-5.366788596165146252e+00
-5.362407178478144409e+00
-5.358013723848668697e+00
-5.353604805274369660e+00
-5.349183814950514204e+00
-5.344747313953041257e+00
-5.340298707227188579e+00
-5.335834543873479774e+00
-5.331358241669771125e+00
-5.326866337686700703e+00
-5.322362262618292483e+00
-5.317842541450043647e+00
-5.313310617875926845e+00
-5.308763004740417735e+00
-5.304203158821726660e+00
-5.299627580766587798e+00
-5.295039740522472727e+00
-5.290436126480730472e+00
-5.285820221843437139e+00
-5.281188502688147324e+00
-5.276544465557531538e+00
-5.271884574156135095e+00
-5.267212338453506781e+00
-5.262524209721031632e+00
-5.257823711442113357e+00
-5.253107282393983724e+00
-5.248378459661142692e+00
-5.243633669464718317e+00
-5.238876462578253346e+00
-5.234103252603827805e+00
-5.229317604092320160e+00
-5.224515917962926359e+00
-5.219701772632641124e+00
-5.214871556272941966e+00
-5.210028861256144062e+00
-5.205170062940196019e+00
-5.200298767742479455e+00
-5.195411338140448976e+00
-5.190511394686740054e+00
-5.185595286910472446e+00
-5.180666649590046191e+00
-5.175721819237269372e+00
-5.170764444947471006e+00
-5.165790850144963642e+00
-5.160804698333536500e+00
-5.155802299778905251e+00
-5.150787332485180059e+00
-5.145756093487210414e+00
-5.140712275381919660e+00
-5.135652161899672663e+00
-5.130579460323113850e+00
-5.125490441003531572e+00
-5.120388826002674421e+00
-5.115270872216802545e+00
-5.110140316580558562e+00
-5.104993402458188001e+00
-5.099833881751426823e+00
-5.094657984214227220e+00
-5.089469476810116966e+00
-5.084264575603231862e+00
-5.079047062714103333e+00
-5.073813140436119085e+00
-5.068566606142502096e+00
-5.063303648273865143e+00
-5.058028079552164158e+00
-5.052736074481856576e+00
-5.047431461230218908e+00
-5.042110400280736648e+00
-5.036776735343249989e+00
-5.031426612794075659e+00
-5.026063891983171494e+00
-5.020684705092347322e+00
-5.015292927209622498e+00
-5.009884676233541612e+00
-5.004463843088812425e+00
-4.999026531300414078e+00
-4.993576647728877660e+00
-4.988110281433934645e+00
-4.982631355311645471e+00
-4.977135943863461698e+00
-4.971627986120965126e+00
-4.966103541932906040e+00
-4.960566566567180757e+00
-4.955013105123763140e+00
-4.949447129208171425e+00
-4.943864669074189422e+00
-4.938269712766732766e+00
-4.932658275594509867e+00
-4.927034362144217639e+00
-4.921393972679072526e+00
-4.915741128430558327e+00
-4.910071814514449962e+00
-4.904390068910731593e+00
-4.898691861484103072e+00
-4.892981247067385908e+00
-4.887254180169214202e+00
-4.881514732580000349e+00
-4.875758843345769478e+00
-4.869990601320223433e+00
-4.864205929978468568e+00
-4.858408935343699220e+00
-4.852595525210469773e+00
-4.846769822878333578e+00
-4.840927720349879948e+00
-4.835073358308766167e+00
-4.829202612852527388e+00
-4.823319642157420262e+00
-4.817420306301273492e+00
-4.811508781061961670e+00
-4.805580910381520354e+00
-4.799640887749388796e+00
-4.793684540853745624e+00
-4.787716081006340829e+00
-4.781731319521976609e+00
-4.775734485646242256e+00
-4.769721374199280994e+00
-4.763696232472983461e+00
-4.757654838669717279e+00
-4.751601458241054843e+00
-4.745531852646947435e+00
-4.739450305612716186e+00
-4.733352561729582852e+00
-4.727242923111628414e+00
-4.721117117353204939e+00
-4.714979465073334985e+00
-4.708825676739515131e+00
-4.702660091592723468e+00
-4.696478402841969491e+00
-4.690284968468189319e+00
-4.684075464288567581e+00
-4.677854267143000122e+00
-4.671617035321557587e+00
-4.665368164643345139e+00
-4.659103295734371208e+00
-4.652826843514079158e+00
-4.646534430805495219e+00
-4.640230491750742203e+00
-4.633910631229421817e+00
-4.627579302729772692e+00
-4.621232093045359868e+00
-4.614873475135283343e+00
-4.608499017562739830e+00
-4.602113212883576665e+00
-4.595711611284468034e+00
-4.589298725045077632e+00
-4.582870085827439155e+00
-4.576430225763564508e+00
-4.569974657840894849e+00
-4.563507934173439473e+00
-4.557025548922147173e+00
-4.550532074314089570e+00
-4.544022985530062897e+00
-4.537502875042616957e+00
-4.530967198896616921e+00
-4.524420569944012094e+00
-4.517858424935949913e+00
-4.511285397239289452e+00
-4.504696904151716197e+00
-4.498097599691715409e+00
-4.491482881542139260e+00
-4.484857424511368151e+00
-4.478216606503524488e+00
-4.471565123257154717e+00
-4.464898332731901398e+00
-4.458220951737917659e+00
-4.451528318122779382e+00
-4.444825169911350571e+00
-4.438106824669423744e+00
-4.431378041781526278e+00
-4.424634118359660917e+00
-4.417879835294797886e+00
-4.411110469071198636e+00
-4.404330822234571841e+00
-4.397536150465418459e+00
-4.390731278114484049e+00
-4.383911439880208150e+00
-4.377081482070464880e+00
-4.370236618221244207e+00
-4.363381716751554507e+00
-4.356511969852438604e+00
-4.349632268209923325e+00
-4.342737782485242448e+00
-4.335833425789437534e+00
-4.328914347067013502e+00
-4.321985482013912083e+00
-4.315041957668521277e+00
-4.308088732473927429e+00
-4.301120911370748701e+00
-4.294143475713388725e+00
-4.287151508150878421e+00
-4.280150013115215479e+00
-4.273134050767650294e+00
-4.266108648786440583e+00
-4.259068844646405338e+00
-4.252019689442922079e+00
-4.244956197763389838e+00
-4.237883444293490065e+00
-4.230796420529836510e+00
-4.223700224923860880e+00
-4.216589825675612246e+00
-4.209470345180281292e+00
-4.202336728132846311e+00
-4.195194121052814751e+00
-4.188037444919187280e+00
-4.180871870558691583e+00
-4.173692295020995147e+00
-4.166503913625581035e+00
-4.159301599276632899e+00
-4.152090571974683009e+00
-4.144865680259763430e+00
-4.137632169004253235e+00
-4.130384862162632231e+00
-4.123129029672826462e+00
-4.115859470679729348e+00
-4.108581480383147522e+00
-4.101289832891552578e+00
-4.093989848865907000e+00
-4.086676277148701963e+00
-4.079354464064190111e+00
-4.072019132956424592e+00
-4.064675656018118310e+00
-4.057318730859518219e+00
-4.049953755749975848e+00
-4.042575402327714507e+00
-4.035189095149939398e+00
-4.027789479641564085e+00
-4.020382006862168289e+00
-4.012961295779088999e+00
-4.005532824171843309e+00
-3.998091184302861034e+00
-3.990641880892506155e+00
-3.983179479247895394e+00
-3.975709511254427841e+00
-3.968226515010224276e+00
-3.960736049793488700e+00
-3.953232626236385716e+00
-3.945721831241062461e+00
-3.938198147713560804e+00
-3.930667190414659729e+00
-3.923123414260740738e+00
-3.915572462109465857e+00
-3.908008760620699018e+00
-3.900437980990904663e+00
-3.892854521353025454e+00
-3.885264081487963761e+00
-3.877661030727900027e+00
-3.870051097687813080e+00
-3.862428622621386864e+00
-3.854799363231191212e+00
-3.847157630411250473e+00
-3.839509211209055639e+00
-3.831848386874037171e+00
-3.824180974060215732e+00
-3.816501224083594934e+00
-3.808814983470224735e+00
-3.801116473310129695e+00
-3.793411570271292277e+00
-3.785694464921002922e+00
-3.777971064343360386e+00
-3.770235528282369408e+00
-3.762493794516660994e+00
-3.754739991662136678e+00
-3.746980088475031945e+00
-3.739208182134203362e+00
-3.731430272660957392e+00
-3.723640425483850880e+00
-3.715844672181519481e+00
-3.708037046114516677e+00
-3.700223610715735578e+00
-3.692398366955694566e+00
-3.684567410423299272e+00
-3.676724709372357403e+00
-3.668876391854417385e+00
-3.661016393075323894e+00
-3.653150873861083614e+00
-3.645273736033425749e+00
-3.637391173509671560e+00
-3.629497054386544797e+00
-3.621597605994772540e+00
-3.613686662360211521e+00
-3.605770484554402966e+00
-3.597842872181503449e+00
-3.589910120386633263e+00
-3.581965993996213182e+00
-3.574016822567415819e+00
-3.566056335787496145e+00
-3.558090897969737210e+00
-3.550114203295609006e+00
-3.542132651184307424e+00
-3.534139899939224616e+00
-3.526142384441329991e+00
-3.518133726737946443e+00
-3.510120397533697645e+00
-3.502095982236227645e+00
-3.494066987741602848e+00
-3.486026962428428799e+00
-3.477982449758352246e+00
-3.469926960685365991e+00
-3.461867075617497846e+00
-3.453796267682275545e+00
-3.445721154621185889e+00
-3.437635171327549255e+00
-3.429544973270066688e+00
-3.421443956693353439e+00
-3.413338815194122411e+00
-3.405222905947205447e+00
-3.397102961085004758e+00
-3.388972298284865570e+00
-3.380837688629520610e+00
-3.372692409864285867e+00
-3.364543272444315392e+00
-3.356383513741162172e+00
-3.348219984011846506e+00
-3.340045879805248141e+00
-3.331868091617432803e+00
-3.323679774718332425e+00
-3.315487860287654520e+00
-3.307285461852766506e+00
-3.299079551729731108e+00
-3.290863201231636559e+00
-3.282643424272018606e+00
-3.274413249470033538e+00
-3.266179732805771341e+00
-3.257935859716966309e+00
-3.249688728727880616e+00
-3.241431281598853520e+00
-3.233170659884640141e+00
-3.224899761163749101e+00
-3.216625770516572835e+00
-3.208341540826634475e+00
-3.200054301204305673e+00
-3.191756859315930228e+00
-3.183456488815347818e+00
-3.175145951620502505e+00
-3.166832566451818654e+00
-3.158509048938110908e+00
-3.150182763399103969e+00
-3.141846378624276515e+00
-3.133507305075448723e+00
-3.125158164142486150e+00
-3.116806412982287000e+00
-3.108444625014782581e+00
-3.100080304655394414e+00
-3.091705976773527098e+00
-3.083329193617007746e+00
-3.074942430913557345e+00
-3.066553289328454834e+00
-3.058154194845458473e+00
-3.049752797143602479e+00
-3.041341471849262401e+00
-3.032927918262939837e+00
-3.024504461028850066e+00
-3.016078849688460739e+00
-3.007643357267020257e+00
-2.999205784178752054e+00
-2.990758351181160624e+00
-2.982308910205056840e+00
-2.973849629079239776e+00
-2.965388411907750044e+00
-2.956917372916660902e+00
-2.948444469053006056e+00
-2.939961760253226863e+00
-2.931477256990270952e+00
-2.922982964210591561e+00
-2.914486946609944340e+00
-2.905981153430376995e+00
-2.897473704301239295e+00
-2.888956492031999002e+00
-2.880437691910784803e+00
-2.871909139571447334e+00
-2.863379066700998621e+00
-2.854839250999765987e+00
-2.846297981308886449e+00
-2.837746976621950523e+00
-2.829194583705094690e+00
-2.820632462056017697e+00
-2.812069017152747818e+00
-2.803495848191886353e+00
-2.794921420166745385e+00
-2.786337271150629569e+00
-2.777751926472536326e+00
-2.769156862243379980e+00
-2.760560664965414190e+00
-2.751954747930323908e+00
-2.743347759669251040e+00
-2.734731049779528522e+00
-2.726113329695263321e+00
-2.717485884425575815e+00
-2.708857489200437119e+00
-2.700219363527801786e+00
-2.691580347345833957e+00
-2.682931593728433928e+00
-2.674282008254357024e+00
-2.665622676610211350e+00
-2.656962570968252724e+00
-2.648292708653541272e+00
-2.639622129405987838e+00
-2.630941781193180340e+00
-2.622260772318715016e+00
-2.613569980374398583e+00
-2.604878583245967771e+00
-2.596177387108339563e+00
-2.587475640470933591e+00
-2.578764077026894252e+00
-2.570052016974666564e+00
-2.561330120436387414e+00
-2.552607780389613445e+00
-2.543875582270932245e+00
-2.535142992952268415e+00
-2.526400522044318642e+00
-2.517657711454746927e+00
-2.508904993801158501e+00
-2.500151987195326608e+00
-2.491389046066889268e+00
-2.482625865927841957e+00
-2.473852721796483856e+00
-2.465079387809793854e+00
-2.456296058321938869e+00
-2.447512587349111701e+00
-2.438719087298280908e+00
-2.429925493349659238e+00
-2.421121834648341409e+00
-2.412318128854896493e+00
-2.403504320505572611e+00
-2.394690511090144192e+00
-2.385866559155524147e+00
-2.377042651403074025e+00
-2.368208558975259059e+00
-2.359374555202284451e+00
-2.350530322371160885e+00
-2.341686221893970465e+00
-2.332831845714350649e+00
-2.323977644816479948e+00
-2.315113119274342601e+00
-2.306248811172743718e+00
-2.297374127150096257e+00
-2.288499701960263977e+00
-2.279614847198942140e+00
-2.270730291898557240e+00
-2.261835250962797694e+00
-2.252940549354405686e+00
-2.244035303591680020e+00
-2.235130436263777831e+00
-2.226214963764618027e+00
-2.217299908051340473e+00
-2.208374183607267227e+00
-2.199448913546494300e+00
-2.190512908606641052e+00
-2.181577394896598410e+00
-2.172631077522248155e+00
-2.163685287476221131e+00
-2.154728622294078466e+00
-2.145772519793463395e+00
-2.136805467946480519e+00
-2.127839013391904288e+00
-2.118861532488417243e+00
-2.109884682748869533e+00
-2.100896726809633908e+00
-2.091909435169327480e+00
-2.082910954572254614e+00
-2.073913170675574236e+00
-2.064904112098031153e+00
-2.055895781891919238e+00
-2.046876088250759729e+00
-2.037857153924587994e+00
-2.028826764313570674e+00
-2.019797164236619480e+00
-2.010756013860820701e+00
-2.001715682516858497e+00
-1.992663702624612121e+00
-1.983612570543589859e+00
-1.974549688355089927e+00
-1.965487682041843653e+00
-1.956413820674572701e+00
-1.947340862534348682e+00
-1.938255940925212473e+00
-1.929171949185678470e+00
-1.920075882009534940e+00
-1.910980770639306936e+00
-1.901873468223622687e+00
-1.892767146847079029e+00
-1.883648515082877672e+00
-1.874530888890675762e+00
-1.865400829138910810e+00
-1.856271798794841388e+00
-1.847130207788631573e+00
-1.837989669331414389e+00
-1.828836439073390885e+00
-1.819684283814320791e+00
-1.810519301469143638e+00
-1.801355415884248634e+00
-1.792178563665742352e+00
-1.783002829283225621e+00
-1.773813984336074512e+00
-1.764626277617630246e+00
-1.755425311893091367e+00
-1.746225504109772952e+00
-1.737012284235208259e+00
-1.727800241336875819e+00
-1.718574628478575006e+00
-1.709350210956557925e+00
-1.700112060675662118e+00
-1.690875123418806858e+00
-1.681624285519612627e+00
-1.672374677662365361e+00
-1.663110996032911570e+00
-1.653848560795926126e+00
-1.644571873239996762e+00
-1.635296447761941829e+00
-1.626006585822194150e+00
-1.616718000982946934e+00
-1.607414789754431750e+00
-1.598112869988445706e+00
-1.588796127922105672e+00
-1.579480691021784011e+00
-1.570150229716959833e+00
-1.560821086625164611e+00
-1.551476710610691923e+00
-1.542133665201605330e+00
-1.532775171704555461e+00
-1.523418020552355534e+00
-1.514045199253394536e+00
-1.504673731387664803e+00
-1.495286364162673909e+00
-1.485900360809736531e+00
-1.476498221455985416e+00
-1.467097455764963643e+00
-1.457680309711358424e+00
-1.448264546464362201e+00
-1.438832150464219417e+00
-1.429401145768906867e+00
-1.419953247574149202e+00
-1.410506748537810218e+00
-1.401043086553054540e+00
-1.391580830936555602e+00
-1.382101133851762365e+00
-1.372622849702120007e+00
-1.363126836101896000e+00
-1.353632241361363731e+00
-1.344119619309507740e+00
-1.334608421399822831e+00
-1.325078887996535171e+00
-1.315550783376097543e+00
-1.306004024286284260e+00
-1.296458697978168928e+00
-1.286894386927751821e+00
-1.277331512016024684e+00
-1.267749310254519202e+00
-1.258168547346323773e+00
-1.248568103071866275e+00
-1.238969099722403877e+00
-1.229350047466541085e+00
-1.219732437563604277e+00
-1.210094397532165411e+00
-1.200457800636784311e+00
-1.190800378002876192e+00
-1.181144398641995608e+00
-1.171467182786768202e+00
-1.161791409693804455e+00
-1.152093973390064363e+00
-1.142397978688239224e+00
-1.132679877221614673e+00
-1.122963215544749982e+00
-1.113223985766248036e+00
-1.103486193311139285e+00
-1.093725352614490554e+00
-1.083965946117729118e+00
-1.074182991333540116e+00
-1.064401466965571252e+00
-1.054595873164466902e+00
-1.044791705332126064e+00
-1.034962924526552364e+00
-1.025135564574605196e+00
-1.015283024308999194e+00
-1.005431899109812566e+00
-9.955550009264773070e-01
-9.856795113455453228e-01
-9.757776291128258395e-01
-9.658771483364884114e-01
-9.559496264229048190e-01
-9.460234981317580116e-01
-9.360696494083950991e-01
-9.261171857794879836e-01
-9.161362894298664683e-01
-9.061567689457642460e-01
-8.961480680596004555e-01
-8.861407331015601629e-01
-8.761034320248648477e-01
-8.660674862223420867e-01
-8.560007476326348952e-01
-8.459353529377742209e-01
-8.358382946074405240e-01
-8.257425680577175076e-01
-8.156142592634535449e-01
-8.054872693901180547e-01
-7.953267269179278287e-01
-7.851674897503775341e-01
-7.749736734382401959e-01
-7.647811480456850886e-01
-7.545529557950071409e-01
-7.443260392966074557e-01
-7.340623014702378768e-01
-7.237998234323640423e-01
-7.134992965426786293e-01
-7.032000126655101324e-01
-6.928613722359920901e-01
-6.825239572138503963e-01
-6.721457896742120131e-01
-6.617688290891827751e-01
-6.513496225348640589e-01
-6.409316036146874840e-01
-6.304697372243933673e-01
-6.200090382582268411e-01
-6.095027701167846645e-01
-5.989976482758649912e-01
-5.884451012894617028e-01
-5.778936785404148457e-01
-5.672928240561277979e-01
-5.566930707777359988e-01
-5.460417094184779607e-01
-5.353914252340367108e-01
-5.246871643313281153e-01
-5.139839555379919211e-01
-5.032241823714326268e-01
-4.924654351763746996e-01
-4.816472849978976067e-01
-4.708301335383821007e-01
-4.599504510452981920e-01
-4.490717388568208346e-01
-4.381270313432275021e-01
-4.271832645057064282e-01
-4.161696443167766657e-01
-4.051569339023606275e-01
-3.940700469508857662e-01
-3.829840375329544577e-01
-3.718189733841781863e-01
-3.606547531134566831e-01
-3.494059302849376047e-01
-3.381579161785603360e-01
-3.268189334785198685e-01
-3.154807227453657603e-01
-3.040441630687887864e-01
-2.926083368896969517e-01
-2.810655028071571970e-01
-2.695233619038592265e-01
-2.578639105711790780e-01
-2.462051100903449585e-01
-2.344165344997509726e-01
-2.226285652310642793e-01
-2.106954314322322386e-01
-1.987628569851112859e-01
-1.866656346116936649e-01
-1.745689218807640608e-01
-1.622820951767878772e-01
-1.499957252803609808e-01
-1.374845305962587028e-01
-1.249737362399747920e-01
-1.121879999650176457e-01
-9.940260315930084245e-02
-8.626353808675299439e-02
-7.312474612872746360e-02
-5.949062368690747477e-02
-4.585670059406575516e-02
-3.139698708979422187e-02
-1.693738765078394923e-02
-4.139274545726001711e-17
