4.000000000000015987e+00
3.960904721280613661e+00
3.848360109909576110e+00
3.675150506126048988e+00
3.458576291307293715e+00
3.216552787059885787e+00
2.964738834707865145e+00
2.715159318197220006e+00
2.476045634416477181e+00
2.252366933115918624e+00
2.046605754632560892e+00
1.859512180477518095e+00
1.690722042563531868e+00
1.539215498709194163e+00
1.403634243904981149e+00
1.282488731112723990e+00
1.174286137710838895e+00
1.077604177925315154e+00
9.911294403733322822e-01
9.136733783138116793e-01
8.441748170729218570e-01
7.816947789048523942e-01
7.254073144052674005e-01
6.745886181561021600e-01
6.286057845748036499e-01
5.869059694686052930e-01
5.490063479333390228e-01
5.144850163956355971e-01
4.829728234635156658e-01
4.541460190225602989e-01
4.277196037444657706e-01
4.034413472524739919e-01
3.810865689320891980e-01
3.604538465226347355e-01
3.413617709024681646e-01
3.236467182841361589e-01
3.071614428063920155e-01
2.917741845431282011e-01
2.773679766989075035e-01
2.638399065145757838e-01
2.511001943778741197e-01
2.390710618355763872e-01
2.276854349766148089e-01
2.168855673918090865e-01
2.066216724323353127e-01
1.968506393739951066e-01
1.875348838816593144e-01
1.786413583705021846e-01
1.701407273244807949e-01
1.620066981796284278e-01
1.542154898668454122e-01
1.467454174069517669e-01
1.395765706377010695e-01
1.326905669147758482e-01
1.260703604330404015e-01
1.197000939427829702e-01
1.135649816445952059e-01
1.076512147006941506e-01
1.019458830077588085e-01
9.643690863253143175e-02
9.111298765899270014e-02
8.596353819926402795e-02
8.097865304656240437e-02
7.614905596061977144e-02
7.146606092754816120e-02
6.692153397091374356e-02
6.250785724222052142e-02
5.821789521366289161e-02
5.404496285151719204e-02
4.998279567936103618e-02
4.602552165536132056e-02
4.216763479347621080e-02
3.840397045911314589e-02
3.472968226808298420e-02
3.114022051528542862e-02
2.763131205728266288e-02
2.419894157166823517e-02
2.083933411535142388e-02
1.754893890453099875e-02
1.432441424017521364e-02
1.116261350494317239e-02
8.060572159978129925e-03
5.015495672966066576e-03
2.024748312194638022e-03
-9.141572551786616985e-04
-3.803569618934410368e-03
-6.645707590315186319e-03
-9.442668526344399904e-03
-1.219643606166999350e-02
-1.490888729219991965e-02
-1.758179945174782183e-02
-2.021685611979333330e-02
-2.281565299570226246e-02
-2.537970327196519688e-02
-2.791044263669509307e-02
-3.040923393310223516e-02
-3.287737150166627348e-02
-3.531608522860284205e-02
-3.772654432253535334e-02
-4.010986083930497687e-02
-4.246709297358654267e-02
-4.479924813431181846e-02
-4.710728581963312400e-02
-4.939212030592454034e-02
-5.165462316421921135e-02
-5.389562561638663873e-02
-5.611592074244520223e-02
-5.831626554947449276e-02
-6.049738291187720107e-02
-6.265996339189304487e-02
-6.480466694865200106e-02
-6.693212454343036577e-02
-6.904293964815144680e-02
-7.113768966369538038e-02
-7.321692725405910818e-02
-7.528118160199626097e-02
-7.733095959129615560e-02
-7.936674692059361713e-02
-8.138900915306260253e-02
-8.339819270625847825e-02
-8.539472578588916396e-02
-8.737901926711703904e-02
-8.935146752669577419e-02
-9.131244922906649186e-02
-9.326232806926013086e-02
-9.520145347527532442e-02
-9.713016127248369491e-02
-9.904877431229541784e-02
-1.009576030673320635e-01
-1.028569461950673003e-01
-1.047470910718753534e-01
-1.066283142991665961e-01
-1.085008821833694237e-01
-1.103650511911587750e-01
-1.122210683814768017e-01
-1.140691718156375545e-01
-1.159095909467733054e-01
-1.177425469898173288e-01
-1.195682532730814873e-01
-1.213869155725730981e-01
-1.231987324298238068e-01
-1.250038954543599146e-01
-1.268025896114846895e-01
-1.285949934962979935e-01
-1.303812795946126257e-01
-1.321616145315364643e-01
-1.339361593083704394e-01
-1.357050695283804065e-01
-1.374684956121488277e-01
-1.392265830029554008e-01
-1.409794723627409707e-01
-1.427272997591693959e-01
-1.444701968441965412e-01
-1.462082910246280398e-01
-1.479417056250365015e-01
-1.496705600434724281e-01
-1.513949699002551386e-01
-1.531150471803057467e-01
-1.548309003691938912e-01
-1.565426345833615396e-01
-1.582503516946943412e-01
-1.599541504497789535e-01
-1.616541265840753250e-01
-1.633503729312754671e-01
-1.650429795280453915e-01
-1.667320337144032050e-01
-1.684176202299113578e-01
-1.700998213059221886e-01
-1.717787167540012760e-01
-1.734543840507526413e-01
-1.751268984192136668e-01
-1.767963329069559275e-01
-1.784627584610329054e-01
-1.801262439999522791e-01
-1.817868564828106215e-01
-1.834446609756477942e-01
-1.850997207152569046e-01
-1.867520971704461630e-01
-1.884018501009782354e-01
-1.900490376141783788e-01
-1.916937162194163602e-01
-1.933359408804798951e-01
-1.949757650659724173e-01
-1.966132407977756735e-01
-1.982484186977481744e-01
-1.998813480326344094e-01
-2.015120767572877170e-01
-2.031406515563611848e-01
-2.047671178844100159e-01
-2.063915200045091380e-01
-2.080139010255415699e-01
-2.096343029380554612e-01
-2.112527666488863698e-01
-2.128693320144747214e-01
-2.144840378730763775e-01
-2.160969220757540388e-01
-2.177080215163247345e-01
-2.193173721602128534e-01
-2.209250090723459681e-01
-2.225309664440200952e-01
-2.241352776188761664e-01
-2.257379751179743321e-01
-2.273390906639918552e-01
-2.289386552046151768e-01
-2.305366989351226303e-01
-2.321332513202100101e-01
-2.337283411150800072e-01
-2.353219963858245445e-01
-2.369142445291431975e-01
-2.385051122913695032e-01
-2.400946257869138734e-01
-2.416828105160739038e-01
-2.432696913822636753e-01
-2.448552927086943554e-01
-2.464396382544918607e-01
-2.480227512303332105e-01
-2.496046543135346796e-01
-2.511853696626870081e-01
-2.527649189318230682e-01
-2.543433232841224023e-01
-2.559206034051955125e-01
-2.574967795159481265e-01
-2.590718713850421184e-01
-2.606458983409706831e-01
-2.622188792837628069e-01
-2.637908326962979944e-01
-2.653617766553325041e-01
-2.669317288421350076e-01
-2.685007065528129955e-01
-2.700687267083312082e-01
-2.716358058642363016e-01
-2.732019602200688735e-01
-2.747672056285089814e-01
-2.763315576042444377e-01
-2.778950313325667110e-01
-2.794576416777370675e-01
-2.810194031910689394e-01
-2.825803301188274941e-01
-2.841404364098348290e-01
-2.856997357228989731e-01
-2.872582414340242307e-01
-2.888159666433877115e-01
-2.903729241821325635e-01
-2.919291266189926182e-01
-2.934845862666607408e-01
-2.950393151880564280e-01
-2.965933252023481015e-01
-2.981466278908586620e-01
-2.996992346027692600e-01
-3.012511564606819570e-01
-3.028024043660148545e-01
-3.043529890042759867e-01
-3.059029208501477526e-01
-3.074522101724670997e-01
-3.090008670390723688e-01
-3.105489013214646210e-01
-3.120963226994180606e-01
-3.136431406654172638e-01
-3.151893645289809975e-01
-3.167350034208850085e-01
-3.182800662972414818e-01
-3.198245619435283738e-01
-3.213684989784330037e-01
-3.229118858576589535e-01
-3.244547308776006278e-01
-3.259970421789440409e-01
-3.275388277501278256e-01
-3.290800954307830373e-01
-3.306208529150082009e-01
-3.321611077546283153e-01
-3.337008673623250710e-01
-3.352401390146897975e-01
-3.367789298552358312e-01
-3.383172468972884261e-01
-3.398550970268158777e-01
-3.413924870051993632e-01
-3.429294234719386658e-01
-3.444659129472646963e-01
-3.460019618346953929e-01
-3.475375764235498210e-01
-3.490727628913648517e-01
-3.506075273062751463e-01
-3.521418756293429597e-01
-3.536758137167899108e-01
-3.552093473222180942e-01
-3.567424820987623035e-01
-3.582752236011742530e-01
-3.598075772878808753e-01
-3.613395485229726201e-01
-3.628711425781490085e-01
-3.644023646346375989e-01
-3.659332197850334589e-01
-3.674637130351225967e-01
-3.689938493056326152e-01
-3.705236334339886972e-01
-3.720530701759786063e-01
-3.735821642074002025e-01
-3.751109201256824788e-01
-3.766393424514395405e-01
-3.781674356300269713e-01
-3.796952040330118239e-01
-3.812226519596573215e-01
-3.827497836383498830e-01
-3.842766032279866795e-01
-3.858031148193473148e-01
-3.873293224364382503e-01
-3.888552300377697835e-01
-3.903808415176479585e-01
-3.919061607074340592e-01
-3.934311913767258306e-01
-3.949559372345736730e-01
-3.964804019306368277e-01
-3.980045890563204125e-01
-3.995285021458876429e-01
-4.010521446775373033e-01
-4.025755200744906004e-01
-4.040986317060091260e-01
-4.056214828884131540e-01
-4.071440768860872250e-01
-4.086664169124504253e-01
-4.101885061308976343e-01
-4.117103476557376629e-01
-4.132319445531117963e-01
-4.147532998418771433e-01
-4.162744164944661152e-01
-4.177952974377651674e-01
-4.193159455539290370e-01
-4.208363636812157416e-01
-4.223565546147685645e-01
-4.238765211074091988e-01
-4.253962658704030786e-01
-4.269157915742035625e-01
-4.284351008492070512e-01
-4.299541962864418809e-01
-4.314730804382894691e-01
-4.329917558191729299e-01
-4.345102249062414712e-01
-4.360284901400068858e-01
-4.375465539250085190e-01
-4.390644186304487606e-01
-4.405820865908167683e-01
-4.420995601064712233e-01
-4.436168414442701602e-01
-4.451339328381448412e-01
-4.466508364896493721e-01
-4.481675545685559481e-01
-4.496840892133828205e-01
-4.512004425319377510e-01
-4.527166166018430915e-01
-4.542326134710583108e-01
-4.557484351583844795e-01
-4.572640836539575981e-01
-4.587795609197368174e-01
-4.602948688899883289e-01
-4.618100094717392801e-01
-4.633249845452532822e-01
-4.648397959644693378e-01
-4.663544455574348269e-01
-4.678689351267606988e-01
-4.693832664500244833e-01
-4.708974412801965603e-01
-4.724114613460481116e-01
-4.739253283525385330e-01
-4.754390439812202773e-01
-4.769526098906293199e-01
-4.784660277166388198e-01
-4.799792990728456998e-01
-4.814924255509411277e-01
-4.830054087210522429e-01
-4.845182501320856594e-01
-4.860309513120932845e-01
-4.875435137685910636e-01
-4.890559389888911590e-01
-4.905682284404325189e-01
-4.920803835710934049e-01
-4.935924058095058631e-01
-4.951042965653578709e-01
-4.966160572296981490e-01
-4.981276891752293157e-01
-4.996391937566007635e-01
-5.011505723106817189e-01
-5.026618261568611690e-01
-5.041729565972903337e-01
-5.056839649171848139e-01
-5.071948523850724477e-01
-5.087056202530449989e-01
-5.102162697570329364e-01
-5.117268021170328085e-01
-5.132372185373742512e-01
-5.147475202069431433e-01
-5.162577082994335154e-01
-5.177677839735644882e-01
-5.192777483733179711e-01
-5.207876026281638149e-01
-5.222973478532866309e-01
-5.238069851497768603e-01
-5.253165156048674733e-01
-5.268259402921419143e-01
-5.283352602717245050e-01
-5.298444765904972709e-01
-5.313535902822834611e-01
-5.328626023680615997e-01
-5.343715138561356826e-01
-5.358803257423332411e-01
-5.373890390101990766e-01
-5.388976546311581295e-01
-5.404061735647074372e-01
-5.419145967585893287e-01
-5.434229251489564039e-01
-5.449311596605506125e-01
-5.464393012068665678e-01
-5.479473506903123070e-01
-5.494553090023722719e-01
-5.509631770237716220e-01
-5.524709556246177877e-01
-5.539786456645634516e-01
-5.554862479929559838e-01
-5.569937634489883216e-01
-5.585011928618359711e-01
-5.600085370508065541e-01
-5.615157968254748111e-01
-5.630229729858321486e-01
-5.645300663224013249e-01
-5.660370776164033169e-01
-5.675440076398542422e-01
-5.690508571557101325e-01
-5.705576269180047122e-01
-5.720643176719518719e-01
-5.735709301540895533e-01
-5.750774650923866638e-01
-5.765839232063708630e-01
-5.780903052072415838e-01
-5.795966117979861609e-01
-5.811028436734934077e-01
-5.826090015206628614e-01
-5.841150860185273519e-01
-5.856210978383394883e-01
-5.871270376436938943e-01
-5.886329060906265731e-01
-5.901387038277211561e-01
-5.916444314962114870e-01
-5.931500897300685526e-01
-5.946556791561167232e-01
-5.961612003941159088e-01
-5.976666540568639219e-01
-5.991720407502928447e-01
-6.006773610735558488e-01
-6.021826156191130153e-01
-6.036878049728425788e-01
-6.051929297140893338e-01
-6.066979904157958625e-01
-6.082029876445618211e-01
-6.097079219607282052e-01
-6.112127939184658354e-01
-6.127176040658600664e-01
-6.142223529449852837e-01
-6.157270410919827297e-01
-6.172316690371432157e-01
-6.187362373049801745e-01
-6.202407464143007143e-01
-6.217451968782986560e-01
-6.232495892045942787e-01
-6.247539238953412344e-01
-6.262582014472792835e-01
-6.277624223518012414e-01
-6.292665870950342466e-01
-6.307706961578891658e-01
-6.322747500161564060e-01
-6.337787491405351137e-01
-6.352826939967306519e-01
-6.367865850454975662e-01
-6.382904227427155242e-01
-6.397942075394376094e-01
-6.412979398819572685e-01
-6.428016202118809197e-01
-6.443052489661685867e-01
-6.458088265771997349e-01
-6.473123534728276729e-01
-6.488158300764510500e-01
-6.503192568070476076e-01
-6.518226340792405704e-01
-6.533259623033521590e-01
-6.548292418854629870e-01
-6.563324732274495865e-01
-6.578356567270482458e-01
-6.593387927779076341e-01
-6.608418817696232184e-01
-6.623449240878175326e-01
-6.638479201141483932e-01
-6.653508702263930541e-01
-6.668537747984714104e-01
-6.683566342005167193e-01
-6.698594487988902557e-01
-6.713622189562595821e-01
-6.728649450316288583e-01
-6.743676273803648202e-01
-6.758702663542827116e-01
-6.773728623016495032e-01
-6.788754155672444002e-01
-6.803779264924010306e-01
-6.818803954150484126e-01
-6.833828226697419295e-01
-6.848852085877220608e-01
-6.863875534969302583e-01
-6.878898577220673438e-01
-6.893921215846287032e-01
-6.908943454029307096e-01
-6.923965294921613500e-01
-6.938986741644115330e-01
-6.954007797287122816e-01
-6.969028464910669296e-01
-6.984048747544945313e-01
-6.999068648190543973e-01
-7.014088169818989416e-01
-7.029107315372810083e-01
-7.044126087766103828e-01
-7.059144489884734419e-01
-7.074162524586742329e-01
-7.089180194702603410e-01
-7.104197503035577510e-01
-7.119214452362019330e-01
-7.134231045431760343e-01
-7.149247284968170968e-01
-7.164263173668790063e-01
-7.179278714205367118e-01
-7.194293909224291905e-01
-7.209308761346868710e-01
-7.224323273169508397e-01
-7.239337447264120318e-01
-7.254351286178301050e-01
-7.269364792435741851e-01
-7.284377968536336345e-01
-7.299390816956503603e-01
-7.314403340149540078e-01
-7.329415540545812791e-01
-7.344427420552934738e-01
-7.359438982556173459e-01
-7.374450228918573158e-01
-7.389461161981288884e-01
-7.404471784063755280e-01
-7.419482097464028536e-01
-7.434492104458894079e-01
-7.449501807304210743e-01
-7.464511208235069528e-01
-7.479520309466098915e-01
-7.494529113191606973e-01
-7.509537621585780087e-01
-7.524545836803100407e-01
-7.539553760978358055e-01
-7.554561396226849856e-01
-7.569568744644830094e-01
-7.584575808309408362e-01
-7.599582589279044731e-01
-7.614589089593490900e-01
-7.629595311274250946e-01
-7.644601256324519145e-01
-7.659606926729570775e-01
-7.674612324456885348e-01
-7.689617451456330910e-01
-7.704622309660338342e-01
-7.719626900984176698e-01
-7.734631227326006497e-01
-7.749635290567171708e-01
-7.764639092572245271e-01
-7.779642635189443212e-01
-7.794645920250511395e-01
-7.809648949571121879e-01
-7.824651724950949516e-01
-7.839654248173780760e-01
-7.854656521007868930e-01
-7.869658545205854283e-01
-7.884660322505184782e-01
-7.899661854628038382e-01
-7.914663143281583935e-01
-7.929664190158239867e-01
-7.944664996935615342e-01
-7.959665565276895505e-01
-7.974665896830750444e-01
-7.989665993231696017e-01
-8.004665856100132704e-01
-8.019665487042501040e-01
-8.034664887651391529e-01
-8.049664059505855507e-01
-8.064663004171328531e-01
-8.079661723199860202e-01
-8.094660218130311780e-01
-8.109658490488349525e-01
-8.124656541786722252e-01
-8.139654373525321285e-01
-8.154651987191346985e-01
-8.169649384259390912e-01
-8.184646566191551287e-01
-8.199643534437623948e-01
-8.214640290435227810e-01
-8.229636835609844825e-01
-8.244633171375045366e-01
-8.259629299132523750e-01
-8.274625220272239234e-01
-8.289620936172596988e-01
-8.304616448200479173e-01
-8.319611757711319333e-01
-8.334606866049474316e-01
-8.349601774547937838e-01
-8.364596484528834530e-01
-8.379590997303223432e-01
-8.394585314171489898e-01
-8.409579436423209042e-01
-8.424573365337310049e-01
-8.439567102182246039e-01
-8.454560648216220553e-01
-8.469554004686904447e-01
-8.484547172831868878e-01
-8.499540153878643034e-01
-8.514532949044717469e-01
-8.529525559537662893e-01
-8.544517986555166811e-01
-8.559510231285434312e-01
-8.574502294906810596e-01
-8.589494178588207296e-01
-8.604485883489246811e-01
-8.619477410759970315e-01
-8.634468761541361781e-01
-8.649459936965100404e-01
-8.664450938153882564e-01
-8.679441766221420718e-01
-8.694432422272475591e-01
-8.709422907403028269e-01
-8.724413222700375670e-01
-8.739403369243068376e-01
-8.754393348101146000e-01
-8.769383160336201577e-01
-8.784372807001363803e-01
-8.799362289141470228e-01
-8.814351607793090571e-01
-8.829340763984698803e-01
-8.844329758736574343e-01
-8.859318593061121794e-01
-8.874307267962610046e-01
-8.889295784437656334e-01
-8.904284143474968660e-01
-8.919272346055583389e-01
-8.934260393152787527e-01
-8.949248285732465114e-01
-8.964236024752962884e-01
-8.979223611165051411e-01
-8.994211045912289260e-01
-9.009198329930830917e-01
-9.024185464149740987e-01
-9.039172449490868733e-01
-9.054159286868813661e-01
-9.069145977191360730e-01
-9.084132521359284951e-01
-9.099118920266332511e-01
-9.114105174799569387e-01
-9.129091285839229242e-01
-9.144077254258751175e-01
-9.159063080925082811e-01
-9.174048766698420510e-01
-9.189034312432596829e-01
-9.204019718974818520e-01
-9.219004987165962950e-01
-9.233990117840547018e-01
-9.248975111826766016e-01
-9.263959969946589101e-01
-9.278944693015847012e-01
-9.293929281844113266e-01
-9.308913737235003927e-01
-9.323898059986164277e-01
-9.338882250889090075e-01
-9.353866310729574973e-01
-9.368850240287366349e-01
-9.383834040336545002e-01
-9.398817711645377493e-01
-9.413801254976433830e-01
-9.428784671086689606e-01
-9.443767960727356137e-01
-9.458751124644291242e-01
-9.473734163577742784e-01
-9.488717078262530746e-01
-9.503699869428029467e-01
-9.518682537798333065e-01
-9.533665084092122211e-01
-9.548647509022920588e-01
-9.563629813298982763e-01
-9.578611997623363017e-01
-9.593594062694019708e-01
-9.608576009203803059e-01
-9.623557837840615026e-01
-9.638539549287243879e-01
-9.653521144221575145e-01
-9.668502623316642675e-01
-9.683483987240470992e-01
-9.698465236656410582e-01
-9.713446372222982461e-01
-9.728427394593911481e-01
-9.743408304418286203e-01
-9.758389102340531140e-01
-9.773369789000421193e-01
-9.788350365033178235e-01
-9.803330831069478890e-01
-9.818311187735483392e-01
-9.833291435652905532e-01
-9.848271575439053738e-01
-9.863251607706778890e-01
-9.878231533064627534e-01
-9.893211352116889623e-01
-9.908191065463484160e-01
-9.923170673700115740e-01
-9.938150177418331177e-01
-9.953129577205467315e-01
-9.968108873644757617e-01
-9.983088067315259995e-01
-9.998067158792113274e-01
-1.001304614864621856e+00
-1.002802503744473439e+00
-1.004300382575060047e+00
-1.005798251412308719e+00
-1.007296110311729942e+00
-1.008793959328470047e+00
-1.010291798517278350e+00
-1.011789627932531133e+00
-1.013287447628224314e+00
-1.014785257657984108e+00
-1.016283058075062140e+00
-1.017780848932343218e+00
-1.019278630282350440e+00
-1.020776402177240971e+00
-1.022274164668817376e+00
-1.023771917808525167e+00
-1.025269661647458586e+00
-1.026767396236356822e+00
-1.028265121625618894e+00
-1.029762837865295655e+00
-1.031260545005103335e+00
-1.032758243094408890e+00
-1.034255932182253312e+00
-1.035753612317331651e+00
-1.037251283548027203e+00
-1.038748945922384426e+00
-1.040246599488122925e+00
-1.041744244292641675e+00
-1.043241880383020570e+00
-1.044739507806022649e+00
-1.046237126608096091e+00
-1.047734736835375102e+00
-1.049232338533682585e+00
-1.050729931748545898e+00
-1.052227516525174433e+00
-1.053725092908479821e+00
-1.055222660943080815e+00
-1.056720220673287303e+00
-1.058217772143124291e+00
-1.059715315396315249e+00
-1.061212850476301650e+00
-1.062710377426237418e+00
-1.064207896288978494e+00
-1.065705407107112146e+00
-1.067202909922935872e+00
-1.068700404778471169e+00
-1.070197891715462646e+00
-1.071695370775378464e+00
-1.073192841999419667e+00
-1.074690305428509962e+00
-1.076187761103313267e+00
-1.077685209064214833e+00
-1.079182649351350776e+00
-1.080680082004583431e+00
-1.082177507063522670e+00
-1.083674924567521680e+00
-1.085172334555672968e+00
-1.086669737066808583e+00
-1.088167132139528537e+00
-1.089664519812167720e+00
-1.091161900122809003e+00
-1.092659273109310991e+00
-1.094156638809262283e+00
-1.095653997260026324e+00
-1.097151348498719647e+00
-1.098648692562224083e+00
-1.100146029487184096e+00
-1.101643359310000791e+00
-1.103140682066855227e+00
-1.104637997793689097e+00
-1.106135306526214279e+00
-1.107632608299921495e+00
-1.109129903150071428e+00
-1.110627191111698497e+00
-1.112124472219615967e+00
-1.113621746508414168e+00
-1.115119014012471377e+00
-1.116616274765944494e+00
-1.118113528802768597e+00
-1.119610776156676257e+00
-1.121108016861173118e+00
-1.122605250949569422e+00
-1.124102478454953147e+00
-1.125599699410208654e+00
-1.127096913848021797e+00
-1.128594121800859718e+00
-1.130091323300995931e+00
-1.131588518380496344e+00
-1.133085707071236126e+00
-1.134582889404880612e+00
-1.136080065412903517e+00
-1.137577235126585817e+00
-1.139074398577006209e+00
-1.140571555795056646e+00
-1.142068706811439904e+00
-1.143565851656658028e+00
-1.145062990361035871e+00
-1.146560122954707328e+00
-1.148057249467615337e+00
-1.149554369929528974e+00
-1.151051484370022138e+00
-1.152548592818494644e+00
-1.154045695304168007e+00
-1.155542791856077889e+00
-1.157039882503087203e+00
-1.158536967273877449e+00
-1.160034046196960267e+00
-1.161531119300673653e+00
-1.163028186613176196e+00
-1.164525248162460835e+00
-1.166022303976350205e+00
-1.167519354082495964e+00
-1.169016398508387011e+00
-1.170513437281337721e+00
-1.172010470428498596e+00
-1.173507497976864489e+00
-1.175004519953265492e+00
-1.176501536384356950e+00
-1.177998547296653209e+00
-1.179495552716492091e+00
-1.180992552670062201e+00
-1.182489547183394274e+00
-1.183986536282362279e+00
-1.185483519992687418e+00
-1.186980498339935242e+00
-1.188477471349513648e+00
-1.189974439046689980e+00
-1.191471401456570822e+00
-1.192968358604119983e+00
-1.194465310514151613e+00
-1.195962257211330648e+00
-1.197459198720177920e+00
-1.198956135065067041e+00
-1.200453066270227742e+00
-1.201949992359752528e+00
-1.203446913357578252e+00
-1.204943829287519197e+00
-1.206440740173231774e+00
-1.207937646038248491e+00
-1.209434546905950203e+00
-1.210931442799586755e+00
-1.212428333742274322e+00
-1.213925219756992524e+00
-1.215422100866583532e+00
-1.216918977093760512e+00
-1.218415848461095630e+00
-1.219912714991042701e+00
-1.221409576705916766e+00
-1.222906433627897860e+00
-1.224403285779053885e+00
-1.225900133181307083e+00
-1.227396975856464900e+00
-1.228893813826200443e+00
-1.230390647112067137e+00
-1.231887475735490955e+00
-1.233384299717778632e+00
-1.234881119080107448e+00
-1.236377933843539667e+00
-1.237874744029012763e+00
-1.239371549657341420e+00
-1.240868350749231963e+00
-1.242365147325250829e+00
-1.243861939405872530e+00
-1.245358727011443678e+00
-1.246855510162182101e+00
-1.248352288878214811e+00
-1.249849063179534037e+00
-1.251345833086028314e+00
-1.252842598617467385e+00
-1.254339359793517739e+00
-1.255836116633722188e+00
-1.257332869157526067e+00
-1.258829617384250810e+00
-1.260326361333122147e+00
-1.261823101023243465e+00
-1.263319836473627999e+00
-1.264816567703167305e+00
-1.266313294730649908e+00
-1.267810017574761527e+00
-1.269306736254081303e+00
-1.270803450787087119e+00
-1.272300161192146728e+00
-1.273796867487530848e+00
-1.275293569691409612e+00
-1.276790267821847902e+00
-1.278286961896809570e+00
-1.279783651934161215e+00
-1.281280337951664183e+00
-1.282777019966989451e+00
-1.284273697997704522e+00
-1.285770372061284084e+00
-1.287267042175101128e+00
-1.288763708356432502e+00
-1.290260370622459796e+00
-1.291757028990272449e+00
-1.293253683476868421e+00
-1.294750334099144418e+00
-1.296246980873910326e+00
-1.297743623817880332e+00
-1.299240262947675140e+00
-1.300736898279829745e+00
-1.302233529830783221e+00
-1.303730157616888707e+00
-1.305226781654408086e+00
-1.306723401959519082e+00
-1.308220018548298169e+00
-1.309716631436749879e+00
-1.311213240640779709e+00
-1.312709846176219219e+00
-1.314206448058794940e+00
-1.315703046304167678e+00
-1.317199640927903204e+00
-1.318696231945482467e+00
-1.320192819372310256e+00
-1.321689403223696324e+00
-1.323185983514880038e+00
-1.324682560261009057e+00
-1.326179133477154881e+00
-1.327675703178307964e+00
-1.329172269379372162e+00
-1.330668832095182719e+00
-1.332165391340480731e+00
-1.333661947129941572e+00
-1.335158499478152461e+00
-1.336655048399626455e+00
-1.338151593908805559e+00
-1.339648136020038294e+00
-1.341144674747617671e+00
-1.342641210105740779e+00
-1.344137742108539868e+00
-1.345634270770076357e+00
-1.347130796104323736e+00
-1.348627318125191765e+00
-1.350123836846508274e+00
-1.351620352282038695e+00
-1.353116864445472745e+00
-1.354613373350420424e+00
-1.356109879010419350e+00
-1.357606381438947629e+00
-1.359102880649404321e+00
-1.360599376655120984e+00
-1.362095869469354792e+00
-1.363592359105300078e+00
-1.365088845576071019e+00
-1.366585328894725171e+00
-1.368081809074243704e+00
-1.369578286127544509e+00
-1.371074760067474640e+00
-1.372571230906813877e+00
-1.374067698658276271e+00
-1.375564163334517476e+00
-1.377060624948117429e+00
-1.378557083511586345e+00
-1.380053539037384924e+00
-1.381549991537894595e+00
-1.383046441025437945e+00
-1.384542887512282938e+00
-1.386039331010613163e+00
-1.387535771532568685e+00
-1.389032209090223180e+00
-1.390528643695575273e+00
-1.392025075360569630e+00
-1.393521504097102071e+00
-1.395017929916983146e+00
-1.396514352831978112e+00
-1.398010772853788275e+00
-1.399507189994056988e+00
-1.401003604264360547e+00
-1.402500015676225065e+00
-1.403996424241106933e+00
-1.405492829970411917e+00
-1.406989232875487827e+00
-1.408485632967617418e+00
-1.409982030258031038e+00
-1.411478424757905081e+00
-1.412974816478339113e+00
-1.414471205430400280e+00
-1.415967591625088451e+00
-1.417463975073343319e+00
-1.418960355786056615e+00
-1.420456733774056346e+00
-1.421953109048120112e+00
-1.423449481618974666e+00
-1.424945851497273930e+00
-1.426442218693635855e+00
-1.427938583218621771e+00
-1.429434945082724173e+00
-1.430931304296400475e+00
-1.432427660870036590e+00
-1.433924014813979797e+00
-1.435420366138516091e+00
-1.436916714853879284e+00
-1.438413060970253898e+00
-1.439909404497757839e+00
-1.441405745446480369e+00
-1.442902083826440141e+00
-1.444398419647603848e+00
-1.445894752919895776e+00
-1.447391083653182697e+00
-1.448887411857272989e+00
-1.450383737541938167e+00
-1.451880060716882026e+00
-1.453376381391771499e+00
-1.454872699576210904e+00
-1.456369015279753709e+00
-1.457865328511907643e+00
-1.459361639282126033e+00
-1.460857947599808915e+00
-1.462354253474306365e+00
-1.463850556914917611e+00
-1.465346857930890145e+00
-1.466843156531415726e+00
-1.468339452725639038e+00
-1.469835746522647701e+00
-1.471332037931484038e+00
-1.472828326961133971e+00
-1.474324613620524360e+00
-1.475820897918542762e+00
-1.477317179864009455e+00
-1.478813459465703195e+00
-1.480309736732341452e+00
-1.481806011672583079e+00
-1.483302284295053175e+00
-1.484798554608292243e+00
-1.486294822620804590e+00
-1.487791088341034573e+00
-1.489287351777367485e+00
-1.490783612938135771e+00
-1.492279871831603266e+00
-1.493776128465985620e+00
-1.495272382849434312e+00
-1.496768634990042202e+00
-1.498264884895839311e+00
-1.499761132574788158e+00
-1.501257378034799528e+00
-1.502753621283709595e+00
-1.504249862329290810e+00
-1.505746101179253449e+00
-1.507242337841234958e+00
-1.508738572322804172e+00
-1.510234804631457317e+00
-1.511731034774618898e+00
-1.513227262759639702e+00
-1.514723488593797907e+00
-1.516219712284285981e+00
-1.517715933838219788e+00
-1.519212153262633036e+00
-1.520708370564478606e+00
-1.522204585750616568e+00
-1.523700798827828606e+00
-1.525197009802786496e+00
-1.526693218682088737e+00
-1.528189425472224361e+00
-1.529685630179582256e+00
-1.531181832810456278e+00
-1.532678033371025705e+00
-1.534174231867363680e+00
-1.535670428305438096e+00
-1.537166622691080953e+00
-1.538662815030018338e+00
-1.540159005327854214e+00
-1.541655193590044437e+00
-1.543151379821932734e+00
-1.544647564028713393e+00
-1.546143746215432602e+00
-1.547639926386997988e+00
-1.549136104548161974e+00
-1.550632280703511778e+00
-1.552128454857469642e+00
-1.553624627014292159e+00
-1.555120797178052072e+00
-1.556616965352638715e+00
-1.558113131541753349e+00
-1.559609295748890734e+00
-1.561105457977350897e+00
-1.562601618230209155e+00
-1.564097776510322113e+00
-1.565593932820311007e+00
-1.567090087162565037e+00
-1.568586239539218719e+00
-1.570082389952150992e+00
-1.571578538402960801e+00
-1.573074684892983965e+00
-1.574570829423253215e+00
-1.576066971994512400e+00
-1.577563112607175633e+00
-1.579059251261338392e+00
-1.580555387956765312e+00
-1.582051522692862644e+00
-1.583547655468671378e+00
-1.585043786282850364e+00
-1.586539915133678758e+00
-1.588036042019005611e+00
-1.589532166936266977e+00
-1.591028289882465696e+00
-1.592524410854129657e+00
-1.594020529847318235e+00
-1.595516646857598753e+00
-1.597012761880018505e+00
-1.598508874909106758e+00
-1.600004985938821012e+00
-1.601501094962556104e+00
-1.602997201973107799e+00
-1.604493306962658794e+00
-1.605989409922744082e+00
-1.607485510844238519e+00
-1.608981609717319294e+00
-1.610477706531458386e+00
-1.611973801275375928e+00
-1.613469893937029775e+00
-1.614965984503570873e+00
-1.616462072961339036e+00
-1.617958159295795229e+00
-1.619454243491529777e+00
-1.620950325532204417e+00
-1.622446405400521430e+00
-1.623942483078210097e+00
-1.625438558545962309e+00
-1.626934631783413909e+00
-1.628430702769113836e+00
-1.629926771480454839e+00
-1.631422837893673261e+00
-1.632918901983779314e+00
-1.634414963724518222e+00
-1.635911023088348903e+00
-1.637407080046368923e+00
-1.638903134568277187e+00
-1.640399186622353955e+00
-1.641895236175372919e+00
-1.643391283192564334e+00
-1.644887327637578389e+00
-1.646383369472405267e+00
-1.647879408657350053e+00
-1.649375445150955244e+00
-1.650871478909947232e+00
-1.652367509889176356e+00
-1.653863538041570047e+00
-1.655359563318043348e+00
-1.656855585667464714e+00
-1.658351605036569865e+00
-1.659847621369892279e+00
-1.661343634609711462e+00
-1.662839644695967900e+00
-1.664335651566184682e+00
-1.665831655155413316e+00
-1.667327655396140029e+00
-1.668823652218198061e+00
-1.670319645548724807e+00
-1.671815635312032589e+00
-1.673311621429546703e+00
-1.674807603819735924e+00
-1.676303582397978165e+00
-1.677799557076510961e+00
-1.679295527764313789e+00
-1.680791494367031902e+00
-1.682287456786856650e+00
-1.683783414922441324e+00
-1.685279368668787692e+00
-1.686775317917154959e+00
-1.688271262554941865e+00
-1.689767202465576101e+00
-1.691263137528415283e+00
-1.692759067618608171e+00
-1.694254992607002741e+00
-1.695750912360020513e+00
-1.697246826739520875e+00
-1.698742735602695175e+00
-1.700238638801923940e+00
-1.701734536184657864e+00
-1.703230427593273699e+00
-1.704726312864960569e+00
-1.706222191831554102e+00
-1.707718064319412754e+00
-1.709213930149276806e+00
-1.710709789136102943e+00
-1.712205641088933916e+00
-1.713701485810749103e+00
-1.715197323098284876e+00
-1.716693152741901596e+00
-1.718188974525407531e+00
-1.719684788225904315e+00
-1.721180593613613086e+00
-1.722676390451709283e+00
-1.724172178496148788e+00
-1.725667957495481852e+00
-1.727163727190695885e+00
-1.728659487315007848e+00
-1.730155237593690165e+00
-1.731650977743903308e+00
-1.733146707474451986e+00
-1.734642426485641264e+00
-1.736138134469050298e+00
-1.737633831107343818e+00
-1.739129516074058301e+00
-1.740625189033403020e+00
-1.742120849640031555e+00
-1.743616497538855947e+00
-1.745112132364800672e+00
-1.746607753742603242e+00
-1.748103361286563739e+00
-1.749598954600353418e+00
-1.751094533276751131e+00
-1.752590096897422178e+00
-1.754085645032686269e+00
-1.755581177241261726e+00
-1.757076693070038109e+00
-1.758572192053818650e+00
-1.760067673715070224e+00
-1.761563137563664005e+00
-1.763058583096641874e+00
-1.764554009797914880e+00
-1.766049417138041200e+00
-1.767544804573930151e+00
-1.769040171548579954e+00
-1.770535517490815502e+00
-1.772030841814989266e+00
-1.773526143920721942e+00
-1.775021423192596481e+00
-1.776516678999901178e+00
-1.778011910696312370e+00
-1.779507117619612000e+00
-1.781002299091395624e+00
-1.782497454416767546e+00
-1.783992582884037059e+00
-1.785487683764417577e+00
-1.786982756311719323e+00
-1.788477799762027809e+00
-1.789972813333406743e+00
-1.791467796225558295e+00
-1.792962747619525121e+00
-1.794457666677354180e+00
-1.795952552541774772e+00
-1.797447404335863919e+00
-1.798942221162734834e+00
-1.800437002105170770e+00
-1.801931746225319264e+00
-1.803426452564338645e+00
-1.804921120142051860e+00
-1.806415747956613860e+00
-1.807910334984160539e+00
-1.809404880178457464e+00
-1.810899382470550378e+00
-1.812393840768407260e+00
-1.813888253956579710e+00
-1.815382620895818588e+00
-1.816876940422741171e+00
-1.818371211349446348e+00
-1.819865432463171784e+00
-1.821359602525910448e+00
-1.822853720274055789e+00
-1.824347784418027141e+00
-1.825841793641900246e+00
-1.827335746603038880e+00
-1.828829641931711825e+00
-1.830323478230730494e+00
-1.831817254075061685e+00
-1.833310968011462760e+00
-1.834804618558087963e+00
-1.836298204204121376e+00
-1.837791723409385236e+00
-1.839285174603974893e+00
-1.840778556187856463e+00
-1.842271866530517110e+00
-1.843765103970522512e+00
-1.845258266815205772e+00
-1.846751353340226220e+00
-1.848244361789218360e+00
-1.849737290373385745e+00
-1.851230137271136833e+00
-1.852722900627681302e+00
-1.854215578554663013e+00
-1.855708169129756113e+00
-1.857200670396307318e+00
-1.858693080362919359e+00
-1.860185397003101482e+00
-1.861677618254874433e+00
-1.863169742020367448e+00
-1.864661766165483181e+00
-1.866153688519481602e+00
-1.867645506874614947e+00
-1.869137218985744697e+00
-1.870628822569980976e+00
-1.872120315306296634e+00
-1.873611694835153996e+00
-1.875102958758142924e+00
-1.876594104637604676e+00
-1.878085129996272418e+00
-1.879576032316893075e+00
-1.881066809041885390e+00
-1.882557457572970439e+00
-1.884047975270801034e+00
-1.885538359454635771e+00
-1.887028607401953328e+00
-1.888518716348147608e+00
-1.890008683486123608e+00
-1.891498505966014099e+00
-1.892988180894796368e+00
-1.894477705335980477e+00
-1.895967076309266197e+00
-1.897456290790212163e+00
-1.898945345709927013e+00
-1.900434237954720773e+00
-1.901922964365817759e+00
-1.903411521739026391e+00
-1.904899906824424116e+00
-1.906388116326068305e+00
-1.907876146901698489e+00
-1.909363995162415950e+00
-1.910851657672432369e+00
-1.912339130948747634e+00
-1.913826411460890498e+00
-1.915313495630640128e+00
-1.916800379831752332e+00
-1.918287060389700649e+00
-1.919773533581417002e+00
-1.921259795635029466e+00
-1.922745842729629784e+00
-1.924231670995020682e+00
-1.925717276511492049e+00
-1.927202655309577572e+00
-1.928687803369844023e+00
-1.930172716622665874e+00
-1.931657390948025466e+00
-1.933141822175306057e+00
-1.934626006083090211e+00
-1.936109938398978603e+00
-1.937593614799397068e+00
-1.939077030909440946e+00
-1.940560182302676795e+00
-1.942043064501014271e+00
-1.943525672974527385e+00
-1.945008003141324160e+00
-1.946490050367404523e+00
-1.947971809966516643e+00
-1.949453277200060120e+00
-1.950934447276948536e+00
-1.952415315353513980e+00
-1.953895876533403353e+00
-1.955376125867486659e+00
-1.956856058353790617e+00
-1.958335668937401852e+00
-1.959814952510413155e+00
-1.961293903911867975e+00
-1.962772517927704019e+00
-1.964250789290732158e+00
-1.965728712680579360e+00
-1.967206282723694466e+00
-1.968683493993310218e+00
-1.970160341009452809e+00
-1.971636818238943878e+00
-1.973112920095426714e+00
-1.974588640939356265e+00
-1.976063975078077961e+00
-1.977538916765829491e+00
-1.979013460203813635e+00
-1.980487599540251331e+00
-1.981961328870460504e+00
-1.983434642236916234e+00
-1.984907533629364451e+00
-1.986379996984896978e+00
-1.987852026188088983e+00
-1.989323615071077134e+00
-1.990794757413731464e+00
-1.992265446943752849e+00
-1.993735677336845313e+00
-1.995205442216861913e+00
-1.996674735155981928e+00
-1.998143549674871844e+00
-1.999611879242889190e+00
-2.001079717278250847e+00
-2.002547057148269527e+00
-2.004013892169564048e+00
-2.005480215608253403e+00
-2.006946020680234088e+00
-2.008411300551407486e+00
-2.009876048337916554e+00
-2.011340257106444263e+00
-2.012803919874465830e+00
-2.014267029610543602e+00
-2.015729579234597946e+00
-2.017191561618250528e+00
-2.018652969585102763e+00
-2.020113795911072430e+00
-2.021574033324740061e+00
-2.023033674507658031e+00
-2.024492712094728031e+00
-2.025951138674558560e+00
-2.027408946789836630e+00
-2.028866128937698576e+00
-2.030322677570125744e+00
-2.031778585094341949e+00
-2.033233843873232694e+00
-2.034688446225747516e+00
-2.036142384427330754e+00
-2.037595650710357642e+00
-2.039048237264592167e+00
-2.040500136237620499e+00
-2.041951339735326165e+00
-2.043401839822357235e+00
-2.044851628522605491e+00
-2.046300697819706471e+00
-2.047749039657517756e+00
-2.049196645940643879e+00
-2.050643508534939485e+00
-2.052089619268037346e+00
-2.053534969929868836e+00
-2.054979552273225707e+00
-2.056423358014282776e+00
-2.057866378833164589e+00
-2.059308606374511630e+00
-2.060750032248045205e+00
-2.062190648029139872e+00
-2.063630445259428292e+00
-2.065069415447372325e+00
-2.066507550068876764e+00
-2.067944840567897735e+00
-2.069381278357044884e+00
-2.070816854818218200e+00
-2.072251561303230183e+00
-2.073685389134436008e+00
-2.075118329605380563e+00
-2.076550373981439268e+00
-2.077981513500493094e+00
-2.079411739373559165e+00
-2.080841042785476880e+00
-2.082269414895579818e+00
-2.083696846838360539e+00
-2.085123329724171359e+00
-2.086548854639896255e+00
-2.087973412649661409e+00
-2.089396994795529316e+00
-2.090819592098194235e+00
-2.092241195557700717e+00
-2.093661796154160371e+00
-2.095081384848460182e+00
-2.096499952582999704e+00
-2.097917490282410036e+00
-2.099333988854275912e+00
-2.100749439189901313e+00
-2.102163832165013790e+00
-2.103577158640530076e+00
-2.104989409463300820e+00
-2.106400575466850000e+00
-2.107810647472137422e+00
-2.109219616288315446e+00
-2.110627472713481723e+00
-2.112034207535452346e+00
-2.113439811532506596e+00
-2.114844275474176527e+00
-2.116247590122011690e+00
-2.117649746230332752e+00
-2.119050734547024639e+00
-2.120450545814304810e+00
-2.121849170769499082e+00
-2.123246600145817009e+00
-2.124642824673148134e+00
-2.126037835078813831e+00
-2.127431622088380880e+00
-2.128824176426409753e+00
-2.130215488817279290e+00
-2.131605549985924331e+00
-2.132994350658656835e+00
-2.134381881563938155e+00
-2.135768133433147309e+00
-2.137153097001394997e+00
-2.138536763008284325e+00
-2.139919122198704393e+00
-2.141300165323600346e+00
-2.142679883140780728e+00
-2.144058266415675096e+00
-2.145435305922118729e+00
-2.146810992443144883e+00
-2.148185316771744180e+00
-2.149558269711649761e+00
-2.150929842078121101e+00
-2.152300024698689640e+00
-2.153668808413959912e+00
-2.155036184078362282e+00
-2.156402142560908342e+00
-2.157766674745978275e+00
-2.159129771534073594e+00
-2.160491423842567649e+00
-2.161851622606465462e+00
-2.163210358779163123e+00
-2.164567623333184976e+00
-2.165923407260941236e+00
-2.167277701575474946e+00
-2.168630497311175631e+00
-2.169981785524547568e+00
-2.171331557294923886e+00
-2.172679803725189984e+00
-2.174026515942533599e+00
-2.175371685099129149e+00
-2.176715302372879357e+00
-2.178057358968117807e+00
-2.179397846116314597e+00
-2.180736755076786437e+00
-2.182074077137380552e+00
-2.183409803615177225e+00
-2.184743925857177249e+00
-2.186076435240982718e+00
-2.187407323175465379e+00
-2.188736581101449197e+00
-2.190064200492378710e+00
-2.191390172854977170e+00
-2.192714489729899796e+00
-2.194037142692369713e+00
-2.195358123352851631e+00
-2.196677423357670023e+00
-2.197995034389642388e+00
-2.199310948168709423e+00
-2.200625156452548747e+00
-2.201937651037199739e+00
-2.203248423757654617e+00
-2.204557466488477502e+00
-2.205864771144375069e+00
-2.207170329680804954e+00
-2.208474134094547736e+00
-2.209776176424280258e+00
-2.211076448751150281e+00
-2.212374943199313826e+00
-2.213671651936524043e+00
-2.214966567174639689e+00
-2.216259681170202445e+00
-2.217550986224937848e+00
-2.218840474686287312e+00
-2.220128138947942364e+00
-2.221413971450335367e+00
-2.222697964681137783e+00
-2.223980111175783758e+00
-2.225260403517942631e+00
-2.226538834339972794e+00
-2.227815396323448383e+00
-2.229090082199573608e+00
-2.230362884749671259e+00
-2.231633796805627679e+00
-2.232902811250315089e+00
-2.234169921018053895e+00
-2.235435119095024348e+00
-2.236698398519677333e+00
-2.237959752383162026e+00
-2.239219173829726905e+00
-2.240476656057096783e+00
-2.241732192316881811e+00
-2.242985775914941637e+00
-2.244237400211771760e+00
-2.245487058622847254e+00
-2.246734744618998469e+00
-2.247980451726730777e+00
-2.249224173528604709e+00
-2.250465903663525058e+00
-2.251705635827098373e+00
-2.252943363771912733e+00
-2.254179081307885024e+00
-2.255412782302532726e+00
-2.256644460681266118e+00
-2.257874110427695147e+00
-2.259101725583864795e+00
-2.260327300250565941e+00
-2.261550828587560069e+00
-2.262772304813852386e+00
-2.263991723207917417e+00
-2.265209078107957907e+00
-2.266424363912099782e+00
-2.267637575078647050e+00
-2.268848706126268766e+00
-2.270057751634205978e+00
-2.271264706242486220e+00
-2.272469564652074947e+00
-2.273672321625097137e+00
-2.274872971984982950e+00
-2.276071510616642701e+00
-2.277267932466614742e+00
-2.278462232543234212e+00
-2.279654405916743176e+00
-2.280844447719459378e+00
-2.282032353145885040e+00
-2.283218117452810336e+00
-2.284401735959463942e+00
-2.285583204047578754e+00
-2.286762517161520236e+00
-2.287939670808338821e+00
-2.289114660557889369e+00
-2.290287482042881351e+00
-2.291458130958959227e+00
-2.292626603064752189e+00
-2.293792894181929221e+00
-2.294957000195256835e+00
-2.296118917052616393e+00
-2.297278640765059610e+00
-2.298436167406813002e+00
-2.299591493115311636e+00
-2.300744614091190687e+00
-2.301895526598320973e+00
-2.303044226963771202e+00
-2.304190711577819961e+00
-2.305334976893932630e+00
-2.306477019428751607e+00
-2.307616835762042573e+00
-2.308754422536686945e+00
-2.309889776458615263e+00
-2.311022894296781871e+00
-2.312153772883096092e+00
-2.313282409112357385e+00
-2.314408799942213157e+00
-2.315532942393052629e+00
-2.316654833547961090e+00
-2.317774470552602217e+00
-2.318891850615165673e+00
-2.320006971006230767e+00
-2.321119829058695405e+00
-2.322230422167653074e+00
-2.323338747790280046e+00
-2.324444803445737673e+00
-2.325548586714995647e+00
-2.326650095240768046e+00
-2.327749326727332146e+00
-2.328846278940408077e+00
-2.329940949707001163e+00
-2.331033336915269150e+00
-2.332123438514345448e+00
-2.333211252514189926e+00
-2.334296776985421928e+00
-2.335380010059158185e+00
-2.336460949926815189e+00
-2.337539594839949775e+00
-2.338615943110071260e+00
-2.339689993108438948e+00
-2.340761743265884043e+00
-2.341831192072608481e+00
-2.342898338077974429e+00
-2.343963179890304005e+00
-2.345025716176666108e+00
-2.346085945662663708e+00
-2.347143867132213124e+00
-2.348199479427318881e+00
-2.349252781447853877e+00
-2.350303772151319137e+00
-2.351352450552611106e+00
-2.352398815723786729e+00
-2.353442866793823640e+00
-2.354484602948371919e+00
-2.355524023429496072e+00
-2.356561127535432565e+00
-2.357595914620338018e+00
-2.358628384094013430e+00
-2.359658535421664372e+00
-2.360686368123606105e+00
-2.361711881775031774e+00
-2.362735076005700208e+00
-2.363755950499691227e+00
-2.364774504995125870e+00
-2.365790739283861299e+00
-2.366804653211235010e+00
-2.367816246675772618e+00
-2.368825519628890319e+00
-2.369832472074604901e+00
-2.370837104069253076e+00
-2.371839415721184618e+00
-2.372839407190460381e+00
-2.373837078688576518e+00
-2.374832430478117207e+00
-2.375825462872497962e+00
-2.376816176235629907e+00
-2.377804570981610244e+00
-2.378790647574432704e+00
-2.379774406527654484e+00
-2.380755848404077835e+00
-2.381734973815464063e+00
-2.382711783422187590e+00
-2.383686277932910880e+00
-2.384658458104292666e+00
-2.385628324740641126e+00
-2.386595878693590134e+00
-2.387561120861797725e+00
-2.388524052190578839e+00
-2.389484673671617987e+00
-2.390442986342608211e+00
-2.391398991286941556e+00
-2.392352689633356455e+00
-2.393304082555627321e+00
-2.394253171272209268e+00
-2.395199957045925920e+00
-2.396144441183599927e+00
-2.397086625035750984e+00
-2.398026509996249001e+00
-2.398964097501947279e+00
-2.399899389032391639e+00
-2.400832386109437611e+00
-2.401763090296925363e+00
-2.402691503200355960e+00
-2.403617626466522772e+00
-2.404541461783182843e+00
-2.405463010878712282e+00
-2.406382275521768310e+00
-2.407299257520935765e+00
-2.408213958724392256e+00
-2.409126381019566665e+00
-2.410036526332780316e+00
-2.410944396628921016e+00
-2.411849993911086454e+00
-2.412753320220258235e+00
-2.413654377634927073e+00
-2.414553168270777483e+00
-2.415449694280331183e+00
-2.416343957852606028e+00
-2.417235961212767847e+00
-2.418125706621789828e+00
-2.419013196376120334e+00
-2.419898432807315203e+00
-2.420781418281725550e+00
-2.421662155200123401e+00
-2.422540645997385500e+00
-2.423416893142150474e+00
-2.424290899136447575e+00
-2.425162666515403131e+00
-2.426032197846856864e+00
-2.426899495731057232e+00
-2.427764562800295067e+00
-2.428627401718586931e+00
-2.429488015181318517e+00
-2.430346405914926677e+00
-2.431202576676557925e+00
-2.432056530253712712e+00
-2.432908269463946560e+00
-2.433757797154510349e+00
-2.434605116202018138e+00
-2.435450229512133635e+00
-2.436293140019222481e+00
-2.437133850686028502e+00
-2.437972364503336653e+00
-2.438808684489671474e+00
-2.439642813690924061e+00
-2.440474755180069177e+00
-2.441304512056819753e+00
-2.442132087447311140e+00
-2.442957484503756937e+00
-2.443780706404162117e+00
-2.444601756351973965e+00
-2.445420637575777878e+00
-2.446237353328972297e+00
-2.447051906889455619e+00
-2.447864301559303346e+00
-2.448674540664465660e+00
-2.449482627554441461e+00
-2.450288565601981272e+00
-2.451092358202755506e+00
-2.451894008775068023e+00
-2.452693520759536394e+00
-2.453490897618787692e+00
-2.454286142837141416e+00
-2.455079259920337709e+00
-2.455870252395189635e+00
-2.456659123809334488e+00
-2.457445877730885186e+00
-2.458230517748162036e+00
-2.459013047469394753e+00
-2.459793470522412484e+00
-2.460571790554362703e+00
-2.461348011231416777e+00
-2.462122136238479087e+00
-2.462894169278888601e+00
-2.463664114074157307e+00
-2.464431974363654465e+00
-2.465197753904343259e+00
-2.465961456470489033e+00
-2.466723085853380848e+00
-2.467482645861045043e+00
-2.468240140317989884e+00
-2.468995573064894256e+00
-2.469748947958368301e+00
-2.470500268870654992e+00
-2.471249539689372110e+00
-2.471996764317248463e+00
-2.472741946671832558e+00
-2.473485090685248800e+00
-2.474226200303924372e+00
-2.474965279488329895e+00
-2.475702332212709411e+00
-2.476437362464836145e+00
-2.477170374245739826e+00
-2.477901371569457112e+00
-2.478630358462782457e+00
-2.479357338965001212e+00
-2.480082317127662694e+00
-2.480805297014295530e+00
-2.481526282700204256e+00
-2.482245278272183331e+00
-2.482962287828295089e+00
-2.483677315477621939e+00
-2.484390365340035434e+00
-2.485101441545933820e+00
-2.485810548236036865e+00
-2.486517689561117628e+00
-2.487222869681799953e+00
-2.487926092768302677e+00
-2.488627363000220694e+00
-2.489326684566295356e+00
-2.490024061664191990e+00
-2.490719498500267193e+00
-2.491412999289348118e+00
-2.492104568254514874e+00
-2.492794209626876256e+00
-2.493481927645359253e+00
-2.494167726556488773e+00
-2.494851610614157167e+00
-2.495533584079458134e+00
-2.496213651220412277e+00
-2.496891816311810786e+00
-2.497568083634984060e+00
-2.498242457477597878e+00
-2.498914942133454442e+00
-2.499585541902280550e+00
-2.500254261089547736e+00
-2.500921104006250673e+00
-2.501586074968719320e+00
-2.502249178298423526e+00
-2.502910418321786956e+00
-2.503569799369989024e+00
-2.504227325778752622e+00
-2.504883001888204230e+00
-2.505536832042643436e+00
-2.506188820590383948e+00
-2.506838971883545319e+00
-2.507487290277910397e+00
-2.508133780132686841e+00
-2.508778445810402324e+00
-2.509421291676657617e+00
-2.510062322099991583e+00
-2.510701541451708430e+00
-2.511338954105683641e+00
-2.511974564438207214e+00
-2.512608376827825563e+00
-2.513240395655147896e+00
-2.513870625302703665e+00
-2.514499070154773364e+00
-2.515125734597228657e+00
-2.515750623017345866e+00
-2.516373739803700271e+00
-2.516995089345951175e+00
-2.517614676034732657e+00
-2.518232504261465721e+00
-2.518848578418229511e+00
-2.519462902897593004e+00
-2.520075482092480001e+00
-2.520686320396008817e+00
-2.521295422201357717e+00
-2.521902791901607266e+00
-2.522508433889611545e+00
-2.523112352557835170e+00
-2.523714552298248481e+00
-2.524315037502152581e+00
-2.524913812560053206e+00
-2.525510881861540824e+00
-2.526106249795132541e+00
-2.526699920748166406e+00
-2.527291899106634432e+00
-2.527882189255085787e+00
-2.528470795576484687e+00
-2.529057722452090040e+00
-2.529642974261307131e+00
-2.530226555381593023e+00
-2.530808470188322890e+00
-2.531388723054666112e+00
-2.531967318351461049e+00
-2.532544260447112894e+00
-2.533119553707457339e+00
-2.533693202495665986e+00
-2.534265211172111787e+00
-2.534835584094276228e+00
-2.535404325616605004e+00
-2.535971440090443174e+00
-2.536536931863890842e+00
-2.537100805281708116e+00
-2.537663064685207637e+00
-2.538223714412149778e+00
-2.538782758796642725e+00
-2.539340202169035887e+00
-2.539896048855810218e+00
-2.540450303179498270e+00
-2.541002969458573624e+00
-2.541554052007348741e+00
-2.542103555135892368e+00
-2.542651483149919844e+00
-2.543197840350718497e+00
-2.543742631035027735e+00
-2.544285859494982649e+00
-2.544827530017992778e+00
-2.545367646886665725e+00
-2.545906214378735655e+00
-2.546443236766940732e+00
-2.546978718318974710e+00
-2.547512663297372804e+00
-2.548045075959456174e+00
-2.548575960557237341e+00
-2.549105321337325147e+00
-2.549633162540875020e+00
-2.550159488403481500e+00
-2.550684303155127619e+00
-2.551207611020087196e+00
-2.551729416216858670e+00
-2.552249722958099820e+00
-2.552768535450532283e+00
-2.553285857894902033e+00
-2.553801694485865692e+00
-2.554316049411969658e+00
-2.554828926855545745e+00
-2.555340330992649900e+00
-2.555850265993015569e+00
-2.556358736019959998e+00
-2.556865745230342046e+00
-2.557371297774486241e+00
-2.557875397796117056e+00
-2.558378049432320278e+00
-2.558879256813458181e+00
-2.559379024063111352e+00
-2.559877355298036505e+00
-2.560374254628097201e+00
-2.560869726156204340e+00
-2.561363773978273972e+00
-2.561856402183150916e+00
-2.562347614852582112e+00
-2.562837416061136686e+00
-2.563325809876175310e+00
-2.563812800357782695e+00
-2.564298391558732515e+00
-2.564782587524416790e+00
-2.565265392292827240e+00
-2.565746809894476232e+00
-2.566226844352372805e+00
-2.566705499681965374e+00
-2.567182779891102218e+00
-2.567658688979978177e+00
-2.568133230941101353e+00
-2.568606409759242037e+00
-2.569078229411406955e+00
-2.569548693866778866e+00
-2.570017807086675266e+00
-2.570485573024534176e+00
-2.570951995625844866e+00
-2.571417078828133196e+00
-2.571880826560908773e+00
-2.572343242745635195e+00
-2.572804331295702518e+00
-2.573264096116375743e+00
-2.573722541104769057e+00
-2.574179670149811638e+00
-2.574635487132212575e+00
-2.575089995924445319e+00
-2.575543200390699727e+00
-2.575995104386831880e+00
-2.576445711760381840e+00
-2.576895026350509710e+00
-2.577343051987980083e+00
-2.577789792495124743e+00
-2.578235251685828455e+00
-2.578679433365488993e+00
-2.579122341331010038e+00
-2.579563979370742555e+00
-2.580004351264501672e+00
-2.580443460783518272e+00
-2.580881311690409241e+00
-2.581317907739170359e+00
-2.581753252675162091e+00
-2.582187350235052747e+00
-2.582620204146838017e+00
-2.583051818129799226e+00
-2.583482195894472255e+00
-2.583911341142666629e+00
-2.584339257567408676e+00
-2.584765948852939310e+00
-2.585191418674699371e+00
-2.585615670699312307e+00
-2.586038708584557977e+00
-2.586460535979362430e+00
-2.586881156523793912e+00
-2.587300573849025564e+00
-2.587718791577349187e+00
-2.588135813322127277e+00
-2.588551642687817900e+00
-2.588966283269933832e+00
-2.589379738655032792e+00
-2.589792012420725875e+00
-2.590203108135647359e+00
-2.590613029359451591e+00
-2.591021779642793899e+00
-2.591429362527340352e+00
-2.591835781545739348e+00
-2.592241040221622050e+00
-2.592645142069587738e+00
-2.593048090595207356e+00
-2.593449889295009747e+00
-2.593850541656457676e+00
-2.594250051157980685e+00
-2.594648421268935579e+00
-2.595045655449606414e+00
-2.595441757151209838e+00
-2.595836729815888422e+00
-2.596230576876695118e+00
-2.596623301757602142e+00
-2.597014907873487211e+00
-2.597405398630139306e+00
-2.597794777424245360e+00
-2.598183047643411125e+00
-2.598570212666115875e+00
-2.598956275861760812e+00
-2.599341240590633095e+00
-2.599725110203914724e+00
-2.600107888043690085e+00
-2.600489577442936628e+00
-2.600870181725520425e+00
-2.601249704206220592e+00
-2.601628148190695100e+00
-2.602005516975511856e+00
-2.602381813848132719e+00
-2.602757042086925043e+00
-2.603131204961159906e+00
-2.603504305731013879e+00
-2.603876347647573919e+00
-2.604247333952844023e+00
-2.604617267879733689e+00
-2.604986152652080555e+00
-2.605353991484650855e+00
-2.605720787583130527e+00
-2.606086544144142092e+00
-2.606451264355240660e+00
-2.606814951394946789e+00
-2.607177608432698523e+00
-2.607539238628921119e+00
-2.607899845134974637e+00
-2.608259431093204572e+00
-2.608617999636919205e+00
-2.608975553890421129e+00
-2.609332096968985049e+00
-2.609687631978896416e+00
-2.610042162017435441e+00
