4.000000000000015987e+00
3.960904721280613661e+00
3.848360109909576110e+00
3.675150506126048988e+00
3.458576291307293715e+00
3.216552787059885787e+00
2.964738834707865145e+00
2.715159318197220006e+00
2.476045634416477181e+00
2.252366933115918624e+00
2.046605754632560892e+00
1.859512180477518095e+00
1.690722042563531868e+00
1.539215498709194163e+00
1.403634243904981149e+00
1.282488731112723990e+00
1.174286137710838895e+00
1.077604177925315154e+00
9.911294403733322822e-01
9.136733783138116793e-01
8.441748170729219680e-01
7.816947789048643846e-01
7.254073144059076661e-01
6.745886181740912146e-01
6.286057848745073562e-01
5.869059727197318832e-01
5.490063726730551874e-01
5.144851566035923973e-01
4.829734446397455083e-01
4.541482571272697499e-01
4.277263778149540396e-01
4.034590379776843427e-01
3.811273271318582623e-01
3.605382391535461029e-01
3.415212694891812117e-01
3.239254876464875421e-01
3.076170180355362049e-01
2.924768708064591216e-01
2.783990722471102464e-01
2.652890514073927841e-01
2.530622458730592550e-01
2.416428950502763073e-01
2.309629940093715361e-01
2.209613849483478554e-01
2.115829667585088225e-01
2.027780060822647612e-01
1.945015357204003814e-01
1.867128283369700048e-01
1.793749351807809589e-01
1.724542810425598871e-01
1.659203079378014367e-01
1.597451610830153135e-01
1.539034116473922131e-01
1.483718115390549597e-01
1.431290761456931460e-01
1.381556915121826545e-01
1.334337429179327517e-01
1.289467622266850522e-01
1.246795917322184588e-01
1.206182625241779827e-01
1.167498856560171550e-01
1.130625546189916453e-01
1.095452578170196672e-01
1.061877999019391894e-01
1.029807309709617480e-01
9.991528275136425663e-02
9.698331100392293402e-02
9.417724346955660963e-02
9.149003276392259076e-02
8.891511369498028561e-02
8.644636453977540269e-02
8.407807187004769089e-02
8.180489856308613417e-02
7.962185467524848792e-02
7.752427089153780815e-02
7.550777429613202141e-02
7.356826623677931165e-02
7.170190208023370648e-02
6.990507267779449974e-02
6.817438737892485279e-02
6.650665844798900328e-02
6.489888675408456153e-02
6.334824861722702927e-02
6.185208370601644884e-02
6.040788389242630896e-02
5.901328297865489347e-02
5.766604721938779765e-02
5.636406657029487122e-02
5.510534660014659858e-02
5.388800101003263926e-02
5.271024470837799153e-02
5.157038739533956195e-02
5.046682761438307796e-02
4.939804723282163051e-02
4.836260631639875684e-02
4.735913836632826140e-02
4.638634588986705748e-02
4.544299627816582310e-02
4.452791796728105406e-02
4.363999686058202959e-02
4.277817299235738002e-02
4.194143741434879641e-02
4.112882928841650465e-02
4.033943316995165090e-02
3.957237646789486113e-02
3.882682706843459952e-02
3.810199111046741471e-02
3.739711090191704529e-02
3.671146296679288212e-02
3.604435621377406751e-02
3.539513021776914681e-02
3.476315360656576092e-02
3.414782254534053096e-02
3.354855931230555505e-02
3.296481095931470817e-02
3.239604805168631863e-02
3.184176348198355933e-02
3.130147135277901171e-02
3.077470592397845567e-02
3.026102062037845999e-02
2.975998709562571037e-02
2.927119434893165825e-02
2.879424789119938363e-02
2.832876895740672404e-02
2.787439376236947736e-02
2.743077279719112471e-02
2.699757016382702685e-02
2.657446294551108271e-02
2.616114061078273281e-02
2.575730444914039324e-02
2.536266703636878145e-02
2.497695172785151588e-02
2.459989217810051865e-02
2.423123188509434395e-02
2.387072375787279571e-02
2.351812970609057363e-02
2.317322025026714166e-02
2.283577415153349721e-02
2.250557805981320478e-02
2.218242617929076788e-02
2.186611995039021775e-02
2.155646774713332672e-02
2.125328458920355476e-02
2.095639186778859228e-02
2.066561708454083338e-02
2.038079360288437905e-02
2.010176041101756350e-02
1.982836189605152732e-02
1.956044762857835767e-02
1.929787215721754864e-02
1.904049481258693680e-02
1.878817952018211127e-02
1.854079462175365831e-02
1.829821270470178771e-02
1.806031043911515699e-02
1.782696842202074333e-02
1.759807102855731262e-02
1.737350626960969951e-02
1.715316565573319491e-02
1.693694406690264206e-02
1.672473962791684240e-02
1.651645358911938560e-02
1.631199021220631692e-02
1.611125666084861630e-02
1.591416289593412109e-02
1.572062157517378073e-02
1.553054795689574191e-02
1.534385980778716317e-02
1.516047731445896440e-02
1.498032299861037919e-02
1.480332163562394013e-02
1.462940017645611782e-02
1.445848767268087184e-02
1.429051520451071929e-02
1.412541581165430681e-02
1.396312442695610279e-02
1.380357781258082298e-02
1.364671449874577808e-02
1.349247472477701701e-02
1.334080038249621687e-02
1.319163496173520779e-02
1.304492349795796473e-02
1.290061252186004356e-02
1.275865001090206036e-02
1.261898534260854320e-02
1.248156924965607151e-02
1.234635377664742781e-02
1.221329223841837418e-02
1.208233917993356381e-02
1.195345033766628817e-02
1.182658260230851424e-02
1.170169398291197663e-02
1.157874357226431478e-02
1.145769151357012468e-02
1.133849896823898966e-02
1.122112808489261586e-02
1.110554196941623828e-02
1.099170465610471888e-02
1.087958107976506016e-02
1.076913704885078260e-02
1.066033921948402081e-02
1.055315507038105671e-02
1.044755287865270846e-02
1.034350169641239797e-02
1.024097132819219713e-02
1.013993230911697935e-02
1.004035588381381461e-02
9.942213986029870693e-03
9.845479218912758443e-03
9.750124835984402133e-03
9.656124722696836707e-03
9.563453378622148796e-03
9.472085900222804167e-03
9.381997964169743603e-03
9.293165811225764447e-03
9.205566230607625106e-03
9.119176544898298029e-03
9.033974595411243050e-03
8.949938728022249421e-03
8.867047779465111676e-03
8.785281064046910823e-03
8.704618360783051775e-03
8.625039900936713397e-03
8.546526355943565023e-03
8.469058825706400617e-03
8.392618827280992969e-03
8.317188283849207692e-03
8.242749514083491658e-03
8.169285221819963527e-03
8.096778486040180980e-03
8.025212751146244480e-03
7.954571817548551985e-03
7.884839832520052286e-03
7.816001281328577993e-03
7.748040978639665274e-03
7.680944060151303522e-03
7.614695974510836927e-03
7.549282475415746742e-03
7.484689614008209826e-03
7.420903731445951945e-03
7.357911451691800248e-03
7.295699674537419951e-03
7.234255568809229084e-03
7.173566565744969245e-03
7.113620352623847842e-03
7.054404866499931932e-03
6.995908288179565615e-03
6.938119036315590696e-03
6.881025761703243697e-03
6.824617341717985342e-03
6.768882874920354419e-03
6.713811675781623453e-03
6.659393269599650327e-03
6.605617387518236509e-03
6.552473961680842229e-03
6.499953120568786880e-03
6.448045184390991530e-03
6.396740660646682043e-03
6.346030239801332337e-03
6.295904791064312750e-03
6.246355358308719810e-03
6.197373156042831378e-03
6.148949565566183204e-03
6.101076131161884721e-03
6.053744556423466122e-03
6.006946700652698173e-03
5.960674575399676697e-03
5.914920341021862385e-03
5.869676303410481522e-03
5.824934910730109744e-03
5.780688750289020121e-03
5.736930545486356933e-03
5.693653152799496922e-03
5.650849558894504784e-03
5.608512877794167607e-03
5.566636348109371864e-03
5.525213330331943395e-03
5.484237304223615363e-03
5.443701866258746601e-03
5.403600727111180016e-03
5.363927709237241090e-03
5.324676744495183793e-03
5.285841871816482178e-03
5.247417234973311521e-03
5.209397080357418795e-03
5.171775754828212938e-03
5.134547703628156330e-03
5.097707468324981159e-03
5.061249684823137737e-03
5.025169081417516295e-03
4.989460476875916609e-03
4.954118778598500319e-03
4.919138980794451714e-03
4.884516162731755359e-03
4.850245486981065272e-03
4.816322197750059000e-03
4.782741619236938711e-03
4.749499154008888016e-03
4.716590281447883767e-03
4.684010556194473894e-03
4.651755606678196868e-03
4.619821133632484068e-03
4.588202908667292877e-03
4.556896772882131942e-03
4.525898635494414457e-03
4.495204472494716136e-03
4.464810325369419387e-03
4.434712299809775472e-03
4.404906564451742390e-03
4.375389349694773500e-03
4.346156946485839681e-03
4.317205705163137258e-03
4.288532034319006252e-03
4.260132399687837322e-03
4.232003323068623743e-03
4.204141381237803260e-03
4.176543204931437714e-03
4.149205477827343225e-03
4.122124935538722459e-03
4.095298364644370075e-03
4.068722601747747428e-03
4.042394532537922983e-03
4.016311090871679812e-03
3.990469257890268129e-03
3.964866061159243518e-03
3.939498573790913699e-03
3.914363913628427817e-03
3.889459242412474701e-03
3.864781764998060851e-03
3.840328728561609103e-03
3.816097421836939577e-03
3.792085174368554912e-03
3.768289355759115930e-03
3.744707374978563721e-03
3.721336679644292669e-03
3.698174755332138235e-03
3.675219124891181566e-03
3.652467347808655094e-03
3.629917019543961367e-03
3.607565770893520971e-03
3.585411267367145070e-03
3.563451208604875593e-03
3.541683327747524330e-03
3.520105390863094864e-03
3.498715196396314907e-03
3.477510574573799192e-03
3.456489386876669678e-03
3.435649525495795571e-03
3.414988912808220381e-03
3.394505500853566438e-03
3.374197270829698298e-03
3.354062232599928570e-03
3.334098424204063986e-03
3.314303911375213792e-03
3.294676787085495592e-03
3.275215171070519453e-03
3.255917209390480748e-03
3.236781073997022258e-03
3.217804962278869325e-03
3.198987096657576398e-03
3.180325724162049675e-03
3.161819116020406131e-03
3.143465567273023061e-03
3.125263396366292305e-03
3.107210944763719521e-03
3.089306576591700163e-03
3.071548678252516117e-03
3.053935658054668292e-03
3.036465945870184171e-03
3.019137992791918416e-03
3.001950270767701854e-03
2.984901272280751205e-03
2.967989510018498225e-03
2.951213516541409312e-03
2.934571843971074418e-03
2.918063063674424494e-03
2.901685765963369756e-03
2.885438559788637471e-03
2.869320072447101126e-03
2.853328949289093541e-03
2.837463853444999705e-03
2.821723465524839103e-03
2.806106483377611427e-03
2.790611621787014371e-03
2.775237612224982792e-03
2.759983202599444740e-03
2.744847156978930634e-03
2.729828255367298170e-03
2.714925293434115091e-03
2.700137082293227377e-03
2.685462448250471902e-03
2.670900232586093104e-03
2.656449291317866494e-03
2.642108494975783234e-03
2.627876728374806993e-03
2.613752890424250828e-03
2.599735893890875102e-03
2.585824665190904984e-03
2.572018144199389542e-03
2.558315284034494951e-03
2.544715050872634575e-03
2.531216423734679484e-03
2.517818394316506756e-03
2.504519966790620406e-03
2.491320157611622964e-03
2.478217995354463354e-03
2.465212520521825774e-03
2.452302785370800466e-03
2.439487853749181760e-03
2.426766800914419760e-03
2.414138713371838732e-03
2.401602688712857654e-03
2.389157835453204707e-03
2.376803272867269393e-03
2.364538130847520549e-03
2.352361549740777935e-03
2.340272680199911165e-03
2.328270683031671492e-03
2.316354729059951802e-03
2.304523998977470352e-03
2.292777683209019923e-03
2.281114981763147660e-03
2.269535104116606437e-03
2.258037269048674463e-03
2.246620704542954313e-03
2.235284647642895618e-03
2.224028344315024698e-03
2.212851049344953958e-03
2.201752026194820147e-03
2.190730546895431827e-03
2.179785891919128020e-03
2.168917350066136042e-03
2.158124218348992946e-03
2.147405801878899019e-03
2.136761413755919325e-03
2.126190374947617250e-03
2.115692014200463902e-03
2.105265667920394167e-03
2.094910680070715629e-03
2.084626402068081967e-03
2.074412192678472440e-03
2.064267417930514686e-03
2.054191450999889260e-03
2.044183672126507860e-03
2.034243468512407504e-03
2.024370234225428711e-03
2.014563370112532666e-03
2.004822283713117090e-03
1.995146389149188727e-03
1.985535107075313103e-03
1.975987864549502964e-03
1.966504094971592651e-03
1.957083238000402892e-03
1.947724739465114211e-03
1.938428051280501399e-03
1.929192631371804811e-03
1.920017943597668308e-03
1.910903457667299278e-03
1.901848649067260045e-03
1.892852998990191124e-03
1.883915994242321180e-03
1.875037127203037571e-03
1.866215895718895817e-03
1.857451803049690745e-03
1.848744357802956356e-03
1.840093073851109366e-03
1.831497470283303041e-03
1.822957071309068942e-03
1.814471406229452213e-03
1.806040009338722146e-03
1.797662419882006118e-03
1.789338181980139851e-03
1.781066844579584207e-03
1.772847961386914443e-03
1.764681090795597752e-03
1.756565795845546445e-03
1.748501644157605256e-03
1.740488207877679584e-03
1.732525063607363251e-03
1.724611792369273519e-03
1.716747979539608518e-03
1.708933214796125267e-03
1.701167092058406211e-03
1.693449209449335996e-03
1.685779169233438341e-03
1.678156577760994304e-03
1.670581045437231644e-03
1.663052186639445368e-03
1.655569619709324619e-03
1.648132966870072789e-03
1.640741854201376330e-03
1.633395911570023401e-03
1.626094772614512319e-03
1.618838074667954593e-03
1.611625458725328332e-03
1.604456569420372163e-03
1.597331054936916572e-03
1.590248567008915349e-03
1.583208760856845638e-03
1.576211295147241821e-03
1.569255831950306258e-03
1.562342036711012469e-03
1.555469578189359100e-03
1.548638128443042411e-03
1.541847362771565444e-03
1.535096959679626682e-03
1.528386600850151818e-03
1.521715971096113118e-03
1.515084758325846003e-03
1.508492653508365210e-03
1.501939350640609308e-03
1.495424546703113958e-03
1.488947941636898026e-03
1.482509238289492865e-03
1.476108142407254889e-03
1.469744362581394421e-03
1.463417610224859418e-03
1.457127599533791437e-03
1.450874047460551331e-03
1.444656673679031288e-03
1.438475200553822287e-03
1.432329353101669629e-03
1.426218858985707364e-03
1.420143448451844682e-03
1.414102854324928490e-03
1.408096811966340692e-03
1.402125059245091197e-03
1.396187336520482609e-03
1.390283386601633055e-03
1.384412954728212516e-03
1.378575788531892499e-03
1.372771638022865937e-03
1.367000255559010745e-03
1.361261395811198382e-03
1.355554815742096185e-03
1.349880274590759335e-03
1.344237533830221643e-03
1.338626357155943587e-03
1.333046510453044691e-03
1.327497761777034430e-03
1.321979881322976873e-03
1.316492641412004075e-03
1.311035816458549965e-03
1.305609182953009840e-03
1.300212519432829674e-03
1.294845606467090720e-03
1.289508226637243234e-03
1.284200164494693356e-03
1.278921206560816983e-03
1.273671141305762321e-03
1.268449759104108183e-03
1.263256852244519675e-03
1.258092214881551939e-03
1.252955643039517725e-03
1.247846934568148285e-03
1.242765889148389306e-03
1.237712308251917885e-03
1.232685995131510689e-03
1.227686754799844990e-03
1.222714394014080656e-03
1.217768721246947732e-03
1.212849546682897737e-03
1.207956682187263323e-03
1.203089941302408917e-03
1.198249139207247264e-03
1.193434092726890347e-03
1.188644620294091684e-03
1.183880541941542859e-03
1.179141679290312671e-03
1.174427855515145294e-03
1.169738895352184782e-03
1.165074625056556528e-03
1.160434872410093720e-03
1.155819466696273844e-03
1.151228238673231803e-03
1.146661020579553460e-03
1.142117646097643704e-03
1.137597950359521288e-03
1.133101769914043617e-03
1.128628942721129251e-03
1.124179308136339685e-03
1.119752706901244472e-03
1.115348981110646231e-03
1.110967974220302334e-03
1.106609531025719208e-03
1.102273497640947515e-03
1.097959721498590170e-03
1.093668051324739061e-03
1.089398337129341256e-03
1.085150430192705680e-03
1.080924183055868891e-03
1.076719449509031413e-03
1.072536084572279971e-03
1.068373944484022741e-03
1.064232886695212505e-03
1.060112769850066932e-03
1.056013453778362069e-03
1.051934799483867592e-03
1.047876669126997836e-03
1.043838926019031695e-03
1.039821434616333175e-03
1.035824060483718587e-03
1.031846670321457955e-03
1.027889131917072247e-03
1.023951314164621342e-03
1.020033087026141986e-03
1.016134321543224256e-03
1.012254889823516061e-03
1.008394665021446028e-03
1.004553521317014557e-03
1.000731333942797606e-03
9.969279791415262045e-04
9.931433341603054799e-04
9.893772772506203000e-04
9.856296876548406409e-04
9.819004456042975618e-04
9.781894322787912897e-04
9.744965298432357349e-04
9.708216214071660336e-04
9.671645910073865425e-04
9.635253236407593895e-04
9.599037052082833857e-04
9.562996225420971642e-04
9.527129633726994125e-04
9.491436163289524493e-04
9.455914709342307057e-04
9.420564175909963223e-04
9.385383475692323386e-04
9.350371530141612366e-04
9.315527269211777532e-04
9.280849631319967093e-04
9.246337563327282263e-04
9.211990020403816853e-04
9.177805965970847616e-04
9.143784371565871674e-04
9.109924216900498577e-04
9.076224489571222027e-04
9.042684185310142717e-04
9.009302307502894090e-04
8.976077867439381450e-04
8.943009884082387187e-04
8.910097384144750800e-04
8.877339401742275664e-04
8.844734978528754482e-04
8.812283163734563633e-04
8.779983013800297161e-04
8.747833592569630081e-04
8.715833970980806479e-04
8.683983227182369424e-04
8.652280446571761815e-04
8.620724721371092166e-04
8.589315150800722965e-04
8.558050841117874775e-04
8.526930905250235289e-04
8.495954462969554193e-04
8.465120640833820494e-04
8.434428571898003888e-04
8.403877395964801447e-04
8.373466259198950046e-04
8.343194314397251246e-04
8.313060720680035551e-04
8.283064643529757833e-04
8.253205254752449607e-04
8.223481732381321537e-04
8.193893260580362679e-04
8.164439029779360516e-04
8.135118236365359787e-04
8.105930082682695015e-04
8.076873777245137430e-04
8.047948534253802303e-04
8.019153573963578923e-04
7.990488122297458203e-04
7.961951410981546202e-04
7.933542677448665549e-04
7.905261164722658055e-04
7.877106121591974158e-04
7.849076802204715819e-04
7.821172466300067069e-04
7.793392379073323844e-04
7.765735811137340844e-04
7.738202038406842825e-04
7.710790342194871966e-04
7.683500008981381186e-04
7.656330330509677172e-04
7.629280603728594463e-04
7.602350130676786139e-04
7.575538218502046468e-04
7.548844179307032196e-04
7.522267330303567283e-04
7.495806993600525247e-04
7.469462496165276029e-04
7.443233169977977711e-04
7.417118351684471363e-04
7.391117382769856392e-04
7.365229609500652686e-04
7.339454382789820704e-04
7.313791058216067859e-04
7.288238996004567068e-04
7.262797560930559252e-04
7.237466122319363097e-04
7.212244054007816482e-04
7.187130734286444056e-04
7.162125545841608546e-04
7.137227875832668003e-04
7.112437115699141773e-04
7.087752661160724591e-04
7.063173912294432987e-04
7.038700273399634043e-04
7.014331152920910912e-04
6.990065963525220064e-04
6.965904121986190656e-04
6.941845049241997072e-04
6.917888170144658854e-04
6.894032913807193567e-04
6.870278713063641832e-04
6.846625004970486976e-04
6.823071230266695248e-04
6.799616833836561727e-04
6.776261264227598138e-04
6.753003973939819679e-04
6.729844419213621949e-04
6.706782060087641568e-04
6.683816360302355418e-04
6.660946787338643555e-04
6.638172812340676406e-04
6.615493910096627902e-04
6.592909559019410285e-04
6.570419241088822169e-04
6.548022441851563714e-04
6.525718650363386856e-04
6.503507359227680973e-04
6.481388064460482127e-04
6.459360265548344526e-04
6.437423465332629043e-04
6.415577170144518915e-04
6.393820889573603294e-04
6.372154136660738381e-04
6.350576427589489995e-04
6.329087281898290252e-04
6.307686222403295498e-04
6.286372775101971462e-04
6.265146469211676757e-04
6.244006837092528402e-04
6.222953414266694117e-04
6.201985739379829417e-04
6.181103354220377497e-04
6.160305803507432065e-04
6.139592635141461266e-04
6.118963400011456300e-04
6.098417651937089240e-04
6.077954947803712463e-04
6.057574847369521370e-04
6.037276913400551649e-04
6.017060711477836572e-04
5.996925810074556652e-04
5.976871780613903515e-04
5.956898197237662368e-04
5.937004636960500469e-04
5.917190679573553370e-04
5.897455907625139123e-04
5.877799906440053833e-04
5.858222264003869932e-04
5.838722571078650914e-04
5.819300421029392247e-04
5.799955409997595637e-04
5.780687136631278839e-04
5.761495202297123655e-04
5.742379210906913608e-04
5.723338768917543692e-04
5.704373485408158109e-04
5.685482972060883992e-04
5.666666842871546754e-04
5.647924714496818611e-04
5.629256206099939866e-04
5.610660939100016670e-04
5.592138537615586567e-04
5.573688628001780172e-04
5.555310839101030998e-04
5.537004802088808667e-04
5.518770150531466514e-04
5.500606520405541475e-04
5.482513549904908124e-04
5.464490879614343185e-04
5.446538152413112847e-04
5.428655013397828532e-04
5.410841109959603056e-04
5.393096091745477969e-04
5.375419610639145356e-04
5.357811320722380595e-04
5.340270878217194756e-04
5.322797941562978832e-04
5.305392171397222290e-04
5.288053230401235441e-04
5.270780783512297443e-04
5.253574497634371648e-04
5.236434041888830609e-04
5.219359087421596025e-04
5.202349307383865966e-04
5.185404377105685882e-04
5.168523973845243116e-04
5.151707776943149951e-04
5.134955467648885620e-04
5.118266729313652010e-04
5.101641247197523377e-04
5.085078708488734297e-04
5.068578802400118370e-04
5.052141220014817573e-04
5.035765654305579975e-04
5.019451800250476639e-04
5.003199354601473242e-04
4.987008016019440354e-04
4.970877485074151267e-04
4.954807464070719661e-04
4.938797657281027978e-04
4.922847770693023015e-04
4.906957512107140533e-04
4.891126591155600797e-04
4.875354719205982350e-04
4.859641609457651494e-04
4.843986976787484659e-04
4.828390537807725766e-04
4.812852010943135888e-04
4.797371116257422236e-04
4.781947575530385111e-04
4.766581112238639159e-04
4.751271451497755469e-04
4.736018320158694303e-04
4.720821446730667369e-04
4.705680561246140554e-04
4.690595395415122397e-04
4.675565682683024710e-04
4.660591157902809053e-04
4.645671557701416170e-04
4.630806620190488381e-04
4.615996085062795814e-04
4.601239693572959288e-04
4.586537188518160731e-04
4.571888314238152940e-04
4.557292816653829527e-04
4.542750443093659875e-04
4.528260942486545936e-04
4.513824065207540804e-04
4.499439563097138838e-04
4.485107189519131404e-04
4.470826699264187146e-04
4.456597848588420311e-04
4.442420395194110927e-04
4.428294098171850143e-04
4.414218718135542920e-04
4.400194016952409162e-04
4.386219758051557410e-04
4.372295706115422536e-04
4.358421627330471225e-04
4.344597289194357653e-04
4.330822460554491259e-04
4.317096911608043260e-04
4.303420413940515512e-04
4.289792740410035537e-04
4.276213665301636328e-04
4.262682964076553024e-04
4.249200413584361164e-04
4.235765792024411068e-04
4.222378878714401094e-04
4.209039454437522366e-04
4.195747301114603083e-04
4.182502202016255446e-04
4.169303941608590975e-04
4.156152305630364746e-04
4.143047081015837664e-04
4.129988055991202687e-04
4.116975019939590817e-04
4.104007763478213170e-04
4.091086078458365852e-04
4.078209757830430528e-04
4.065378595913874370e-04
4.052592387972969766e-04
4.039850930544653805e-04
4.027154021438523936e-04
4.014501459389705710e-04
4.001893044483133071e-04
3.989328577825699716e-04
3.976807861719824141e-04
3.964330699509174718e-04
3.951896895752236914e-04
3.939506256010172867e-04
3.927158587058969400e-04
3.914853696638722225e-04
3.902591393723637528e-04
3.890371488174894279e-04
3.878193791087785171e-04
3.866058114560289873e-04
3.853964271750937812e-04
3.841912076859519136e-04
3.829901345107803801e-04
3.817931892816684184e-04
3.806003537290465234e-04
3.794116096816860673e-04
3.782269390744144285e-04
3.770463239442573998e-04
3.758697464246541029e-04
3.746971887531710867e-04
3.735286332599309627e-04
3.723640623772560580e-04
3.712034586300249793e-04
3.700468046453158320e-04
3.688940831466209721e-04
3.677452769519179931e-04
3.666003689717419606e-04
3.654593422091849788e-04
3.643221797656822519e-04
3.631888648332980943e-04
3.620593806966545094e-04
3.609337107348598766e-04
3.598118384137944737e-04
3.586937472938257678e-04
3.575794210220932870e-04
3.564688433363665367e-04
3.553619980592590466e-04
3.542588691136574347e-04
3.531594404957209788e-04
3.520636962999537916e-04
3.509716206941331873e-04
3.498831979520953053e-04
3.487984124132357134e-04
3.477172485114377650e-04
3.466396907654300304e-04
3.455657237710718188e-04
3.444953322187109838e-04
3.434285008681120196e-04
3.423652145715994403e-04
3.413054582586290409e-04
3.402492169377168557e-04
3.391964757060818357e-04
3.381472197265033902e-04
3.371014342601068477e-04
3.360591046297212170e-04
3.350202162488072734e-04
3.339847546041008371e-04
3.329527052536845194e-04
3.319240538482014940e-04
3.308987860961419450e-04
3.298768877985571064e-04
3.288583448239879004e-04
3.278431431103938950e-04
3.268312686844388219e-04
3.258227076364193222e-04
3.248174461376222648e-04
3.238154704229675909e-04
3.228167668025799493e-04
3.218213216656457465e-04
3.208291214746279512e-04
3.198401527517655014e-04
3.188544020964310011e-04
3.178718561774165679e-04
3.168925017367908280e-04
3.159163255802562389e-04
3.149433145925777198e-04
3.139734557163685559e-04
3.130067359694474992e-04
3.120431424332674041e-04
3.110826622606297593e-04
3.101252826698990060e-04
3.091709909469307909e-04
3.082197744354299397e-04
3.072716205543070704e-04
3.063265167918931818e-04
3.053844506866539737e-04
3.044454098561185837e-04
3.035093819756651116e-04
3.025763547765925824e-04
3.016463160731205082e-04
3.007192537238179619e-04
2.997951556528175650e-04
2.988740098594587610e-04
2.979558043970733402e-04
2.970405273671998655e-04
2.961281669562267245e-04
2.952187113968206614e-04
2.943121489833553533e-04
2.934084680699829400e-04
2.925076570764199770e-04
2.916097044725187511e-04
2.907145987975530139e-04
2.898223286409325195e-04
2.889328826499172305e-04
2.880462495354031639e-04
2.871624180622795505e-04
2.862813770475003102e-04
2.854031153832272153e-04
2.845276219963294639e-04
2.836548858773127414e-04
2.827848960783905337e-04
2.819176416980556589e-04
2.810531118984374772e-04
2.801912958898733139e-04
2.793321829347655632e-04
2.784757623649393313e-04
2.776220235488561627e-04
2.767709559109003160e-04
2.759225489410213877e-04
2.750767921658058457e-04
2.742336751793344541e-04
2.733931876142533190e-04
2.725553191629885813e-04
2.717200595681035767e-04
2.708873986203700940e-04
2.700573261741974398e-04
2.692298321109888441e-04
2.684049063815710078e-04
2.675825389849793563e-04
2.667627199607437239e-04
2.659454394043173097e-04
2.651306874651479365e-04
2.643184543273922622e-04
2.635087302388448957e-04
2.627015054820091731e-04
2.618967703972406992e-04
2.610945153731042368e-04
2.602947308386593375e-04
2.594974072731036146e-04
2.587025352038438398e-04
2.579101052045676889e-04
2.571201078933150010e-04
2.563325339344066280e-04
2.555473740423013754e-04
2.547646189700249089e-04
2.539842595245980056e-04
2.532062865477511453e-04
2.524306909313530863e-04
2.516574636174108664e-04
2.508865955787840680e-04
2.501180778461850303e-04
2.493519014831071623e-04
2.485880576012538981e-04
2.478265373624673304e-04
2.470673319497990400e-04
2.463104326176539043e-04
2.455558306435751386e-04
2.448035173513875675e-04
2.440534841092688832e-04
2.433057223220355474e-04
2.425602234465714757e-04
2.418169789706133726e-04
2.410759804262512711e-04
2.403372193860711583e-04
2.396006874631549481e-04
2.388663763168665704e-04
2.381342776335657486e-04
2.374043831516800670e-04
2.366766846462760418e-04
2.359511739252019634e-04
2.352278428425883005e-04
2.345066832892045081e-04
2.337876871963165100e-04
2.330708465318292435e-04
2.323561533022155360e-04
2.316435995486588117e-04
2.309331773566963115e-04
2.302248788465757648e-04
2.295186961771130351e-04
2.288146215399061126e-04
2.281126471689780895e-04
2.274127653272772439e-04
2.267149683298201211e-04
2.260192485089766810e-04
2.253255982453280745e-04
2.246340099560951162e-04
2.239444760854951194e-04
2.232569891220994305e-04
2.225715415872620104e-04
2.218881260274046857e-04
2.212067350448752227e-04
2.205273612613037337e-04
2.198499973291741770e-04
2.191746359549678717e-04
2.185012698586627196e-04
2.178298918026623748e-04
2.171604945898675297e-04
2.164930710463186514e-04
2.158276140327675628e-04
2.151641164485347090e-04
2.145025712257233122e-04
2.138429713234337435e-04
2.131853097393349421e-04
2.125295795019502081e-04
2.118757736687285694e-04
2.112238853376164716e-04
2.105739076258430586e-04
2.099258336930634981e-04
2.092796567278589024e-04
2.086353699515933505e-04
2.079929666126282607e-04
2.073524399921080718e-04
2.067137834020319365e-04
2.060769901929679002e-04
2.054420537328383175e-04
2.048089674300632862e-04
2.041777247123458460e-04
2.035483190536725977e-04
2.029207439492418255e-04
2.022949929193206008e-04
2.016710595188880828e-04
2.010489373337781170e-04
2.004286199806793432e-04
1.998101010936350090e-04
1.991933743529720308e-04
1.985784334602291173e-04
1.979652721342997201e-04
1.973538841403608512e-04
1.967442632648016675e-04
1.961364033190802483e-04
1.955302981512956105e-04
1.949259416211155608e-04
1.943233276364205060e-04
1.937224501205169359e-04
1.931233030275664869e-04
1.925258803348714378e-04
1.919301760525177116e-04
1.913361842137319005e-04
1.907438988845245394e-04
1.901533141482608246e-04
1.895644241249472154e-04
1.889772229519448327e-04
1.883917048032560603e-04
1.878078638625238451e-04
1.872256943616037344e-04
1.866451905381347350e-04
1.860663466663969813e-04
1.854891570495973384e-04
1.849136160025119217e-04
1.843397178784865801e-04
1.837674570540082379e-04
1.831968279171330158e-04
1.826278249041299599e-04
1.820604424551230786e-04
1.814946750449490101e-04
1.809305171773712589e-04
1.803679633657941637e-04
1.798070081602633262e-04
1.792476461416799829e-04
1.786898718909430393e-04
1.781336800294501196e-04
1.775790652055971898e-04
1.770260220793496288e-04
1.764745453492429553e-04
1.759246297215250521e-04
1.753762699332992738e-04
1.748294607448104034e-04
1.742841969452301712e-04
1.737404733314427529e-04
1.731982847427596215e-04
1.726576260223475375e-04
1.721184920442288963e-04
1.715808777113533119e-04
1.710447779382401367e-04
1.705101876644785400e-04
1.699771018605136515e-04
1.694455155064315973e-04
1.689154236073885378e-04
1.683868212032538052e-04
1.678597033319660929e-04
1.673340650719630572e-04
1.668099015228953117e-04
1.662872077863400974e-04
1.657659790101595173e-04
1.652462103479996757e-04
1.647278969824340314e-04
1.642110341076059442e-04
1.636956169465860465e-04
1.631816407398007436e-04
1.626691007527467190e-04
1.621579922644190812e-04
1.616483105769544754e-04
1.611400510156313273e-04
1.606332089172978546e-04
1.601277796535157186e-04
1.596237586074164810e-04
1.591211411756303189e-04
1.586199227875721381e-04
1.581200988803696961e-04
1.576216649200782129e-04
1.571246163862516322e-04
1.566289487854428085e-04
1.561346576299887609e-04
1.556417384630828479e-04
1.551501868452743365e-04
1.546599983486823945e-04
1.541711685762827734e-04
1.536836931445496770e-04
1.531975676795989025e-04
1.527127878403311653e-04
1.522293492952887740e-04
1.517472477361558447e-04
1.512664788700438228e-04
1.507870384252775454e-04
1.503089221436805728e-04
1.498321257863611427e-04
1.493566451394980955e-04
1.488824759950544904e-04
1.484096141739213914e-04
1.479380555143457979e-04
1.474677958526446667e-04
1.469988310714203316e-04
1.465311570532738252e-04
1.460647697039479877e-04
1.455996649426846809e-04
1.451358387080105251e-04
1.446732869538796596e-04
1.442120056593169898e-04
1.437519908072031418e-04
1.432932384074180868e-04
1.428357444775549723e-04
1.423795050679920544e-04
1.419245162252490220e-04
1.414707740247735416e-04
1.410182745593695133e-04
1.405670139314826471e-04
1.401169882667007587e-04
1.396681937021820798e-04
1.392206263905125508e-04
1.387742825016343459e-04
1.383291582286318806e-04
1.378852497626596632e-04
1.374425533334433177e-04
1.370010651668500639e-04
1.365607815157464659e-04
1.361216986484269325e-04
1.356838128389703893e-04
1.352471203884553501e-04
1.348116176037449543e-04
1.343773008206304272e-04
1.339441663729731954e-04
1.335122106197056142e-04
1.330814299351878289e-04
1.326518207053504822e-04
1.322233793315521426e-04
1.317961022325076664e-04
1.313699858404313112e-04
1.309450265991077506e-04
1.305212209735354828e-04
1.300985654344977399e-04
1.296770564778486551e-04
1.292566906052272039e-04
1.288374643356288390e-04
1.284193742015482791e-04
1.280024167566939865e-04
1.275865885528447061e-04
1.271718861745648062e-04
1.267583062083460412e-04
1.263458452561082540e-04
1.259344999390563710e-04
1.255242668880374266e-04
1.251151427473977753e-04
1.247071241749830915e-04
1.243002078440670567e-04
1.238943904452799113e-04
1.234896686711795259e-04
1.230860392413234410e-04
1.226834988771969084e-04
1.222820443234276652e-04
1.218816723284996302e-04
1.214823796621107099e-04
1.210841631016722724e-04
1.206870194400237468e-04
1.202909454835039503e-04
1.198959380480939030e-04
1.195019939690598844e-04
1.191091100874531246e-04
1.187172832636101678e-04
1.183265103617239024e-04
1.179367882672010962e-04
1.175481138731621951e-04
1.171604840920129184e-04
1.167738958380867375e-04
1.163883460507883369e-04
1.160038316579497353e-04
1.156203496375463806e-04
1.152378969444092837e-04
1.148564705661552415e-04
1.144760674923288031e-04
1.140966847336885050e-04
1.137183193029207037e-04
1.133409682319971238e-04
1.129646285586745217e-04
1.125892973419236954e-04
1.122149716387859969e-04
1.118416485352313251e-04
1.114693251153001325e-04
1.110979984726751695e-04
1.107276657338250537e-04
1.103583240097885253e-04
1.099899704366757134e-04
1.096226021602390589e-04
1.092562163435878457e-04
1.088908101517592052e-04
1.085263807632898324e-04
1.081629253721447546e-04
1.078004411780739634e-04
1.074389253962558234e-04
1.070783752476537308e-04
1.067187879744452864e-04
1.063601608207358971e-04
1.060024910364161646e-04
1.056457759003052912e-04
1.052900126835073103e-04
1.049351986860548429e-04
1.045813311925507949e-04
1.042284075300271861e-04
1.038764250100862401e-04
1.035253809694016780e-04
1.031752727485036876e-04
1.028260977014222100e-04
1.024778531956868454e-04
1.021305365988265295e-04
1.017841453034416148e-04
1.014386766982745505e-04
1.010941281855674714e-04
1.007504971868481249e-04
1.004077811275008600e-04
1.000659774367665194e-04
9.972508356895757892e-05
9.938509697067125044e-05
9.904601511164762393e-05
9.870783546741206506e-05
9.837055552313238641e-05
9.803417277361891518e-05
9.769868472525312627e-05
9.736408888827308302e-05
9.703038279220251505e-05
9.669756396849314803e-05
9.636562996402510785e-05
9.603457832567789698e-05
9.570440661961669769e-05
9.537511241779195442e-05
9.504669330372527282e-05
9.471914686865219439e-05
9.439247070959348208e-05
9.406666243899842106e-05
9.374171967317288488e-05
9.341764004577984815e-05
9.309442118662443662e-05
9.277206075058338206e-05
9.245055638867558101e-05
9.212990576734833017e-05
9.181010656076294340e-05
9.149115644693740432e-05
9.117305312703266953e-05
9.085579429449460787e-05
9.053937766205488995e-05
9.022380094630176128e-05
8.990906187539484545e-05
8.959515819099353321e-05
8.928208762897078766e-05
8.896984794641399320e-05
8.865843690619585053e-05
8.834785227890307755e-05
8.803809184862225413e-05
8.772915339558216559e-05
8.742103472315465151e-05
8.711373362892512384e-05
8.680724792976476922e-05
8.650157544833019907e-05
8.619671401692060718e-05
8.589266146590606647e-05
8.558941565458564390e-05
8.528697442682880005e-05
8.498533565157669642e-05
8.468449719777004726e-05
8.438445694784946953e-05
8.408521278425502453e-05
8.378676260871271086e-05
8.348910432101933846e-05
8.319223583832889958e-05
8.289615507200905368e-05
8.260085996042784836e-05
8.230634842652369775e-05
8.201261842216413201e-05
8.171966789921616633e-05
8.142749481726087367e-05
8.113609713973613229e-05
8.084547284357979091e-05
8.055561990380056376e-05
8.026653632240763453e-05
7.997822009369519401e-05
7.969066921388552388e-05
7.940388170813003545e-05
7.911785559386514712e-05
7.883258889045544949e-05
7.854807964619460860e-05
7.826432589780403146e-05
7.798132569550512267e-05
7.769907709144748616e-05
7.741757816285256230e-05
7.713682697344088587e-05
7.685682160621891542e-05
7.657756015190722153e-05
7.629904069351140894e-05
7.602126134103757895e-05
7.574422020449135854e-05
7.546791539773527483e-05
7.519234504041727972e-05
7.491750726375678447e-05
7.464340020668732594e-05
7.437002201585656653e-05
7.409737083598307483e-05
7.382544482721418555e-05
7.355424215548267170e-05
7.328376099829276571e-05
7.301399952543372062e-05
7.274495592598076747e-05
7.247662839286603742e-05
7.220901512480716773e-05
7.194211433016456782e-05
7.167592421729828116e-05
7.141044301192568265e-05
7.114566893397785503e-05
7.088160022074326667e-05
7.061823510758129209e-05
7.035557184720875920e-05
7.009360868462748942e-05
6.983234388412536348e-05
6.957177571191847500e-05
6.931190243807987196e-05
6.905272233846810844e-05
6.879423370629915121e-05
6.853643482514538174e-05
6.827932399786521369e-05
6.802289952924534140e-05
6.776715972600073988e-05
6.751210291027512312e-05
6.725772740421186635e-05
6.700403153381124491e-05
6.675101363664507487e-05
6.649867205414203178e-05
6.624700514123093784e-05
6.599601124319711125e-05
6.574568872461184822e-05
6.549603595390346704e-05
6.524705129949989301e-05
6.499873314525783110e-05
6.475107987117636782e-05
6.450408987461204308e-05
6.425776154906377832e-05
6.401209329381605531e-05
6.376708352165351597e-05
6.352273064728913713e-05
6.327903308929282286e-05
6.303598927973466453e-05
6.279359764489848849e-05
6.255185662263963470e-05
6.231076466624229054e-05
6.207032021356115900e-05
6.183052172752296922e-05
6.159136766912550560e-05
6.135285650129486032e-05
6.111498670045733997e-05
6.087775674496755210e-05
6.064116511703708577e-05
6.040521030852043769e-05
6.016989080934313951e-05
5.993520512871687702e-05
5.970115177006705747e-05
5.946772924067612377e-05
5.923493606325531881e-05
5.900277075858696111e-05
5.877123185516763701e-05
5.854031788920821430e-05
5.831002740077655577e-05
5.808035892801158626e-05
5.785131103026701100e-05
5.762288225146709828e-05
5.739507116639413651e-05
5.716787632668639079e-05
5.694129631484013955e-05
5.671532970563680385e-05
5.648997507578619383e-05
5.626523102128421958e-05
5.604109612848334141e-05
5.581756899530760101e-05
5.559464822353803507e-05
5.537233242845591503e-05
5.515062021569902865e-05
5.492951020440540522e-05
5.470900102335600880e-05
5.448909129554561974e-05
5.426977965746923957e-05
5.405106474947891904e-05
5.383294520806915147e-05
5.361541969094922415e-05
5.339848684618498135e-05
5.318214532955658266e-05
5.296639381227305542e-05
5.275123096168588986e-05
5.253665544707499240e-05
5.232266594736323135e-05
5.210926114918775642e-05
5.189643973532824799e-05
5.168420040399323385e-05
5.147254185339102497e-05
5.126146277787240873e-05
5.105096189493161987e-05
5.084103791049081030e-05
5.063168954204376752e-05
5.042291551672724092e-05
5.021471455010588351e-05
5.000708538088783630e-05
4.980002674392373707e-05
4.959353737792124571e-05
4.938761603123103145e-05
4.918226144834625347e-05
4.897747238533167269e-05
4.877324760403779324e-05
4.856958586438622197e-05
4.836648593015564204e-05
4.816394658055365183e-05
4.796196659478764641e-05
4.776054475206477693e-05
4.755967983352063781e-05
4.735937062800517268e-05
4.715961593979725391e-05
4.696041456353232439e-05
4.676176530156018980e-05
4.656366696394501851e-05
4.636611836075076883e-05
4.616911831361303467e-05
4.597266564030994055e-05
4.577675916826260002e-05
4.558139772296328348e-05
4.538658014340455032e-05
4.519230526857878372e-05
4.499857193940678984e-05
4.480537900259509097e-05
4.461272530485003323e-05
4.442060971216419145e-05
4.422903107510078478e-05
4.403798826736656782e-05
4.384748014916759287e-05
4.365750559228157490e-05
4.346806348005789836e-05
4.327915268620253857e-05
4.309077209406450050e-05
4.290292060435040510e-05
4.271559710233749059e-05
4.252880047716013927e-05
4.234252964688218151e-05
4.215678350256625318e-05
4.197156096227581875e-05
4.178686093635958015e-05
4.160268233709470294e-05
4.141902409411597546e-05
4.123588512741477015e-05
4.105326436469684928e-05
4.087116074331104544e-05
4.068957320060597436e-05
4.050850067200146290e-05
4.032794210834630055e-05
4.014789645663182098e-05
3.996836267156374771e-05
3.978933970399034845e-05
3.961082652018887388e-05
3.943282207679317910e-05
3.925532535358069531e-05
3.907833531297085823e-05
3.890185093474074669e-05
3.872587119288133713e-05
3.855039508066990245e-05
3.837542157788299970e-05
3.820094967586892994e-05
3.802697837369037727e-05
3.785350666076664380e-05
3.768053354966062127e-05
3.750805803750585930e-05
3.733607913879357097e-05
3.716459586030022036e-05
3.699360722808855447e-05
3.682311225279201206e-05
3.665310996818760801e-05
3.648359939455168876e-05
3.631457956373231087e-05
3.614604951529196819e-05
3.597800827722109885e-05
3.581045490451107121e-05
3.564338843479523109e-05
3.547680791920734876e-05
3.531071240888099120e-05
3.514510096266419654e-05
3.497997263361889375e-05
3.481532649409332860e-05
3.465116160486371146e-05
3.448747703249206373e-05
3.432427186089804990e-05
3.416154515857203303e-05
3.399929601136205315e-05
3.383752349547274117e-05
3.367622670639507868e-05
3.351540472997665849e-05
3.335505666363681738e-05
3.319518160093743635e-05
3.303577864315486077e-05
3.287684689735123346e-05
3.271838546673124144e-05
3.256039346799998943e-05
3.240287001014783316e-05
3.224581421373687914e-05
3.208922519547180517e-05
3.193310208748631268e-05
3.177744400648482197e-05
3.162225008845804983e-05
3.146751946746795123e-05
3.131325128336229897e-05
3.115944467020276341e-05
3.100609877748007246e-05
3.085321274504159231e-05
3.070078573202101273e-05
3.054881688405138896e-05
3.039730535833750331e-05
3.024625031979860922e-05
3.009565092371058829e-05
2.994550634270702621e-05
2.979581573784949363e-05
2.964657829334321179e-05
2.949779317024949047e-05
2.934945955855923318e-05
2.920157663476269198e-05
2.905414358306457654e-05
2.890715959538406427e-05
2.876062384821102775e-05
2.861453555467952987e-05
2.846889390092243558e-05
2.832369808850167413e-05
2.817894732090769260e-05
2.803464080548813636e-05
2.789077774573320856e-05
2.774735735670489360e-05
2.760437885539370725e-05
2.746184146071869333e-05
2.731974438774148047e-05
2.717808686502411162e-05
2.703686811919988489e-05
2.689608737497330948e-05
2.675574387054933264e-05
2.661583684220413643e-05
2.647636552428514451e-05
2.633732915885424154e-05
2.619872699183052063e-05
2.606055827106160293e-05
2.592282224439498419e-05
2.578551816739265844e-05
2.564864529561650450e-05
2.551220288462828940e-05
2.537619019770427501e-05
2.524060650004924107e-05
2.510545106072517915e-05
2.497072314879395888e-05
2.483642203138869485e-05
2.470254698914294307e-05
2.456909730269014774e-05
2.443607224880634809e-05
2.430347111583937476e-05
2.417129318442236364e-05
2.403953775254616824e-05
2.390820410084371439e-05
2.377729153502025899e-05
2.364679935113770065e-05
2.351672684332919993e-05
2.338707332115700198e-05
2.325783809032595036e-05
2.312902045654078697e-05
2.300061972936346221e-05
2.287263522799905436e-05
2.274506626586662064e-05
2.261791216217103604e-05
2.249117224383169415e-05
2.236484582426734725e-05
2.223893224389772869e-05
2.211343082578463395e-05
2.198834090070437032e-05
2.186366181100503312e-05
2.173939288746272637e-05
2.161553347242536582e-05
2.149208291595535871e-05
2.136904055461447436e-05
2.124640573460764051e-05
2.112417781564023304e-05
2.100235614584564670e-05
2.088094007914311772e-05
2.075992898295235425e-05
2.063932220540646304e-05
2.051911912356821235e-05
2.039931909328512928e-05
2.027992148776249919e-05
2.016092567441957621e-05
2.004233103224740590e-05
1.992413693252235939e-05
1.980634275809261955e-05
1.968894788216302453e-05
1.957195169915347749e-05
1.945535359191189704e-05
1.933915293942880357e-05
1.922334914769574938e-05
1.910794159763172867e-05
1.899292968751351764e-05
1.887831282526105766e-05
1.876409039950768874e-05
1.865026182010183281e-05
1.853682648917722044e-05
1.842378381851075077e-05
1.831113321409328829e-05
1.819887409155886946e-05
1.808700586654143924e-05
1.797552795081756811e-05
1.786443977159294844e-05
1.775374074835858458e-05
1.764343030831999948e-05
1.753350787289669502e-05
1.742397287507998143e-05
1.731482474593244784e-05
1.720606292037390539e-05
1.709768683139542715e-05
1.698969591970261495e-05
1.688208963178694939e-05
1.677486740063926975e-05
1.666802868046549731e-05
1.656157291197091878e-05
1.645549955321861307e-05
1.634980805262830757e-05
1.624449786054832205e-05
1.613956844468474811e-05
1.603501925345709631e-05
1.593084975649995916e-05
1.582705941187595477e-05
1.572364768921952319e-05
1.562061405430773336e-05
1.551795798256083635e-05
1.541567894361305197e-05
1.531377640709853227e-05
1.521224986000921131e-05
1.511109877583639204e-05
1.501032263385725953e-05
1.490992092492084112e-05
1.480989313216147618e-05
1.471023874257073792e-05
1.461095724699743686e-05
1.451204814400491393e-05
1.441351091479857222e-05
1.431534506951352715e-05
1.421755010285559951e-05
1.412012551531650407e-05
1.402307080545923280e-05
1.392638548920456816e-05
1.383006906704401487e-05
1.373412105104092160e-05
1.363854095325855909e-05
1.354332828576013880e-05
1.344848256639475943e-05
1.335400331494010018e-05
1.325989004924511915e-05
1.316614229487332181e-05
1.307275957160218918e-05
1.297974141270969448e-05
1.288708734375914160e-05
1.279479689417107508e-05
1.270286959529461658e-05
1.261130499005074358e-05
1.252010260400249908e-05
1.242926199164263842e-05
1.233878267853407246e-05
1.224866421724078123e-05
1.215890615261206520e-05
1.206950802756851562e-05
1.198046939467392106e-05
1.189178980456334899e-05
1.180346880980046094e-05
1.171550596680616248e-05
1.162790083585859478e-05
1.154065297337853805e-05
1.145376194157266652e-05
1.136722730457624343e-05
1.128104862652447101e-05
1.119522547348114728e-05
1.110975742115326420e-05
1.102464403174719109e-05
1.093988488675576312e-05
1.085547955802848936e-05
1.077142762512942966e-05
1.068772866762258625e-05
1.060438226121459366e-05
1.052138799318394902e-05
1.043874545080908335e-05
1.035645421943972013e-05
1.027451388635418029e-05
1.019292404654532875e-05
1.011168428922002631e-05
1.003079421129967435e-05
9.950253409705628549e-06
9.870061481359176790e-06
9.790218032824821271e-06
9.710722655237786461e-06
9.631574966734371068e-06
9.552774562306991091e-06
9.474321056234533481e-06
9.396214057009870887e-06
9.318453180840428427e-06
9.241038034290315273e-06
9.163968241281463271e-06
9.087243410306518066e-06
9.010863171073263172e-06
8.934827137860197599e-06
8.859134934589032962e-06
8.783786189038730007e-06
8.708780528988202042e-06
8.634117580287648029e-06
8.559796974573179586e-06
8.485818345409504093e-06
8.412181326361276417e-06
8.338885556779058997e-06
8.265930672156056726e-06
8.193316307985418589e-06
8.121042119046776385e-06
8.049107731189908947e-06
7.977512804980304824e-06
7.906256981696866418e-06
7.835339908404403704e-06
7.764761237953637617e-06
7.694520623195238274e-06
7.624617722765780822e-06
7.555052185658527852e-06
7.485823672438609620e-06
7.416931843671106406e-06
7.348376363778354394e-06
7.280156893325333068e-06
7.212273090948321115e-06
7.144724638427387605e-06
7.077511192470055370e-06
7.010632429070335982e-06
6.944088016507576739e-06
6.877877636561649353e-06
6.812000949797191953e-06
6.746457655351860807e-06
6.681247411861542424e-06
6.616369910749183057e-06
6.551824837651723975e-06
6.487611870491439633e-06
6.423730696833830642e-06
6.360181008101651825e-06
6.296962488003000507e-06
6.234074833746500969e-06
6.171517738683421635e-06
6.109290894236335217e-06
6.047393991827762757e-06
5.985826744095370788e-06
5.924588838604285535e-06
5.863679986063426148e-06
5.803099881752439129e-06
5.742848238308809747e-06
5.682924756798053118e-06
5.623329149857561334e-06
5.564061124338723204e-06
5.505120394807494400e-06
5.446506671972478129e-06
5.388219674256851239e-06
5.330259114297779668e-06
5.272624720161619839e-06
5.215316202556797926e-06
5.158333283763619629e-06
5.101675693776957515e-06
5.045343154877034271e-06
4.989335395129980163e-06
4.933652136815928094e-06
4.878293119572848039e-06
4.823258071466744902e-06
4.768546728278196381e-06
4.714158816144468465e-06
4.660094082417974329e-06
4.606352264807817980e-06
4.552933099094406016e-06
4.499836326844064466e-06
4.447061695409037947e-06
4.394608946355568632e-06
4.342477832821780759e-06
4.290668096373830951e-06
4.239179490149758743e-06
4.188011759572947862e-06
4.137164671281932613e-06
4.086637968771359506e-06
4.036431410965062991e-06
3.986544756786841101e-06
3.936977767089101182e-06
3.887730202724211618e-06
3.838801826473153501e-06
3.790192399188213051e-06
3.741901693293562366e-06
3.693929473498714349e-06
3.646275508370452210e-06
3.598939570332825649e-06
3.551921429881191192e-06
3.505220865225482399e-06
3.458837644932320693e-06
3.412771556854831910e-06
3.367022369559558701e-06
3.321589867042238860e-06
3.276473837155879638e-06
3.231674050395560158e-06
3.187190304257481219e-06
3.143022378879913376e-06
3.099170067901672775e-06
3.055633159175570577e-06
3.012411438625726043e-06
2.969504705676800212e-06
2.926912750110144530e-06
2.884635373278996743e-06
2.842672368821940487e-06
2.801023536163483910e-06
2.759688680514059253e-06
2.718667597440791283e-06
2.677960097939999062e-06
2.637565977578731547e-06
2.597485056996506006e-06
2.557717133688948950e-06
2.518262018652231635e-06
2.479119530597104887e-06
2.440289474733700674e-06
2.401771669772696553e-06
2.363565930567423547e-06
2.325672073899829618e-06
2.288089926195098203e-06
2.250819300377795153e-06
2.213860017087068431e-06
2.177211906605300627e-06
2.140874791500219801e-06
2.104848496268173492e-06
2.069132855048743868e-06
2.033727690409550990e-06
1.998632840347414722e-06
1.963848133215845756e-06
1.929373407011591959e-06
1.895208493945402140e-06
1.861353235871261011e-06
1.827807464999845810e-06
1.794571030899688630e-06
1.761643767710049982e-06
1.729025523070736175e-06
1.696716140764209949e-06
1.664715466501552889e-06
1.633023345993811215e-06
1.601639632666614323e-06
1.570564176088248032e-06
1.539796833541580912e-06
1.509337450737519425e-06
1.479185883030208047e-06
1.449341995417029489e-06
1.419805639394749715e-06
1.390576678032027555e-06
1.361654970540178688e-06
1.333040381916447122e-06
1.304732777158043403e-06
1.276732017404834298e-06
1.249037971511270375e-06
1.221650508331768750e-06
1.194569500578021075e-06
1.167794824818995024e-06
1.141326344123040895e-06
1.115163929273094275e-06
1.089307470338602995e-06
1.063756838102435091e-06
1.038511911062042831e-06
1.013572569643500292e-06
9.889386981301565139e-07
9.646101769480182365e-07
9.405868942376768524e-07
9.168687304250721846e-07
8.934555832940027267e-07
8.703473332703409628e-07
8.475438704232001471e-07
8.250450925362788233e-07
8.028508954645880788e-07
7.809611634911769988e-07
7.593758040429188288e-07
7.380947091174157561e-07
7.171177745695463073e-07
6.964449136120492679e-07
6.760760182424277224e-07
6.560109939587356403e-07
6.362497481876490144e-07
6.167921883558108029e-07
5.976382180325219800e-07
5.787877485016699737e-07
5.602406949044192926e-07
5.419969646672823462e-07
5.240564767886682187e-07
5.064191386950247331e-07
4.890848770993149230e-07
4.720536013565766061e-07
4.553252323937439574e-07
4.388996969236832368e-07
4.227769139446093460e-07
4.069568063120144264e-07
3.914392988100132774e-07
3.762243239373079998e-07
3.613118045492943846e-07
3.467016712159553124e-07
3.323938545072417942e-07
3.183882907790373494e-07
3.046849106012289319e-07
2.912836445436715203e-07
2.781844424627367858e-07
2.653872329995610161e-07
2.528919544385230164e-07
2.406985547072440033e-07
2.288069740186940208e-07
2.172171525858112960e-07
2.059290402647766529e-07
1.949425791971196898e-07
1.842577230962676592e-07
1.738744179609965613e-07
1.637926194333251787e-07
1.540122696546564780e-07
1.445333358388754232e-07
1.353557639846315157e-07
1.264795135911270474e-07
1.179045441575327190e-07
1.096308151829877715e-07
1.016582842379449823e-07
9.398692239341007858e-08
8.661668143380817030e-08
7.954753435873700420e-08
7.277944452448826893e-08
6.631238493059687195e-08
6.014632086194666709e-08
5.428122338935485707e-08
4.871706744091712797e-08
4.345382601604289401e-08
3.849147018545531738e-08
3.382998259177575702e-08
2.946934009162950950e-08
2.540951761295560945e-08
2.165049972693645583e-08
1.819226714741329373e-08
1.503481216012567419e-08
1.217810583557764586e-08
9.622146245411026493e-09
7.366910246032134777e-09
5.412397837675210065e-09
3.758591662648872510e-09
2.405491721124886165e-09
1.353082584004321747e-09
6.013681087063437229e-10
1.503405806892894687e-10
0.000000000000000000e+00
