4.000000000000015987e+00
3.960904721280613661e+00
3.848360109909576110e+00
3.675150506126048988e+00
3.458576291307293715e+00
3.216552787059885787e+00
2.964738834707865145e+00
2.715159318197220006e+00
2.476045634416477181e+00
2.252366933115918624e+00
2.046605754632560892e+00
1.859512180477518095e+00
1.690722042563531868e+00
1.539215498709194163e+00
1.403634243904981149e+00
1.282488731112723990e+00
1.174286137710838895e+00
1.077604177925315154e+00
9.911294403733322822e-01
9.136733783138116793e-01
8.441748170729219680e-01
7.816947789048603878e-01
7.254073144056942812e-01
6.745886181680949001e-01
6.286057847746061578e-01
5.869059716360229828e-01
5.490063644264830955e-01
5.144851098676067602e-01
4.829732375810022460e-01
4.541475110923666181e-01
4.277241197914579685e-01
4.034531410692808739e-01
3.811137410652685742e-01
3.605101082765756471e-01
3.414681032936102145e-01
3.238325645257037477e-01
3.074651596258214936e-01
2.922426420520154999e-01
2.780553737310426654e-01
2.648060031097871359e-01
2.524082287079975617e-01
2.407856173120430099e-01
2.298704743317859511e-01
2.196027790961682657e-01
2.099292019831176526e-01
2.008022171795082189e-01
1.921793184408200350e-01
1.840223383481474073e-01
1.762968658953475709e-01
1.689717534215827432e-01
1.620187019141494100e-01
1.554119131909941220e-01
1.491277979774951745e-01
1.431447299976285892e-01
1.374428375748089071e-01
1.320038256557160838e-01
1.268108224934869077e-01
1.218482463846880803e-01
1.171016888240652420e-01
1.125578112269624703e-01
1.082042529903423367e-01
1.040295491457491062e-01
1.000230562268672463e-01
9.617488525483272599e-02
9.247584095649055702e-02
8.891736649121408098e-02
8.549149308335546316e-02
8.219079405092537260e-02
7.900834279312078656e-02
7.593767435644054042e-02
7.297275024497071327e-02
7.010792617785720215e-02
6.733792252842847603e-02
6.465779720619331539e-02
6.206292076612035524e-02
5.954895354984890421e-02
5.711182468174228616e-02
5.474771275860627895e-02
5.245302808670666839e-02
5.022439633267497539e-02
4.805864346697372863e-02
4.595278188938241304e-02
4.390399763580670606e-02
4.190963857474251653e-02
3.996720350989131643e-02
3.807433211279179219e-02
3.622879561615346966e-02
3.442848820474844751e-02
3.267141904620773918e-02
3.095570490928845064e-02
2.927956332166938708e-02
2.764130622362860265e-02
2.603933407768796449e-02
2.447213039789268574e-02
2.293825666536747701e-02
2.143634759985142690e-02
1.996510675935594947e-02
1.852330244257627268e-02
1.710976387067558030e-02
1.572337762728635846e-02
1.436308433704273912e-02
1.302787556479526390e-02
1.171679091906663306e-02
1.042891534465958947e-02
9.163376590523505949e-03
7.919342840160856906e-03
6.696020492829878046e-03
5.492652084786532607e-03
4.308514340569523371e-03
3.142916345218370322e-03
1.995197828962097519e-03
8.647275565670520248e-04
-2.490981858234569968e-04
-1.346857013028085470e-03
-2.429101778476563944e-03
-3.496361832874536613e-03
-4.549144209109672043e-03
-5.587934738345193275e-03
-6.613199101701904004e-03
-7.625383821833846970e-03
-8.624917198212581071e-03
-9.612210189751248940e-03
-1.058765724809900347e-02
-1.155163710475102037e-02
-1.250451351484038742e-02
-1.344663596029768704e-02
-1.437834031494321374e-02
-1.529994947375774503e-02
-1.621177394858886942e-02
-1.711411243226218515e-02
-1.800725233304592554e-02
-1.889147028115452029e-02
-1.976703260905612880e-02
-2.063419580699002442e-02
-2.149320695524373909e-02
-2.234430413448546676e-02
-2.318771681541301893e-02
-2.402366622891676656e-02
-2.485236571781836504e-02
-2.567402107133052308e-02
-2.648883084301447213e-02
-2.729698665336442384e-02
-2.809867347769251858e-02
-2.889406992024026385e-02
-2.968334847517700367e-02
-3.046667577525591711e-02
-3.124421282877844902e-02
-3.201611524542578857e-02
-3.278253345166402821e-02
-3.354361289617342756e-02
-3.429949424585569673e-02
-3.505031357293504624e-02
-3.579620253356306792e-02
-3.653728853840815249e-02
-3.727369491560205556e-02
-3.800554106647698049e-02
-3.873294261438017805e-02
-3.945601154702880337e-02
-4.017485635257583843e-02
-4.088958214985208284e-02
-4.160029081295354980e-02
-4.230708109051339871e-02
-4.301004871988754752e-02
-4.370928653652607354e-02
-4.440488457872571182e-02
-4.509693018801853859e-02
-4.578550810537328208e-02
-4.647070056344928396e-02
-4.715258737502778241e-02
-4.783124601784395635e-02
-4.850675171598860247e-02
-4.917917751801456627e-02
-4.984859437189040343e-02
-5.051507119697695725e-02
-5.117867495316732324e-02
-5.183947070724517769e-02
-5.249752169669841262e-02
-5.315288939098487125e-02
-5.380563355047471297e-02
-5.445581228306199673e-02
-5.510348209864866093e-02
-5.574869796152134849e-02
-5.639151334075076516e-02
-5.703198025865718196e-02
-5.767014933751037770e-02
-5.830606984444075547e-02
-5.893978973466428017e-02
-5.957135569317480867e-02
-6.020081317484762828e-02
-6.082820644305884927e-02
-6.145357860697485408e-02
-6.207697165741050960e-02
-6.269842650145260321e-02
-6.331798299577816314e-02
-6.393567997886613619e-02
-6.455155530198959657e-02
-6.516564585916410912e-02
-6.577798761600113508e-02
-6.638861563760527218e-02
-6.699756411543950074e-02
-6.760486639330272329e-02
-6.821055499240405440e-02
-6.881466163556214377e-02
-6.941721727059677050e-02
-7.001825209291274998e-02
-7.061779556732533658e-02
-7.121587644915078341e-02
-7.181252280458826076e-02
-7.240776203043924886e-02
-7.300162087313356862e-02
-7.359412544717340576e-02
-7.418530125294323097e-02
-7.477517319393933715e-02
-7.536376559345162041e-02
-7.595110221068010481e-02
-7.653720625637265573e-02
-7.712210040791270260e-02
-7.770580682395482330e-02
-7.828834715859285531e-02
-7.886974257506408625e-02
-7.945001375903390506e-02
-8.002918093146066392e-02
-8.060726386105622476e-02
-8.118428187636117510e-02
-8.176025387745000650e-02
-8.233519834724532804e-02
-8.290913336254471244e-02
-8.348207660465600810e-02
-8.405404536972435614e-02
-8.462505657875028786e-02
-8.519512678731461230e-02
-8.576427219499059562e-02
-8.633250865448963141e-02
-8.689985168052907771e-02
-8.746631645842913028e-02
-8.803191785247813095e-02
-8.859667041401574072e-02
-8.916058838933199615e-02
-8.972368572727282277e-02
-9.028597608666902308e-02
-9.084747284354685593e-02
-9.140818909810427551e-02
-9.196813768150469137e-02
-9.252733116250087819e-02
-9.308578185380433911e-02
-9.364350181835220943e-02
-9.420050287532966138e-02
-9.475679660607581878e-02
-9.531239435978758334e-02
-9.586730725908196304e-02
-9.642154620539138132e-02
-9.697512188423756951e-02
-9.752804477031613850e-02
-9.808032513247687267e-02
-9.863197303857024201e-02
-9.918299836010902037e-02
-9.973341077687869483e-02
-1.002832197813745968e-01
-1.008324346831260959e-01
-1.013810646129187643e-01
-1.019291185268746541e-01
-1.024766052104808950e-01
-1.030235332824335492e-01
-1.035699111984450943e-01
-1.041157472549179286e-01
-1.046610495925462125e-01
-1.052058261997761701e-01
-1.057500849162464479e-01
-1.062938334360624126e-01
-1.068370793110560435e-01
-1.073798299539156925e-01
-1.079220926412390452e-01
-1.084638745165456275e-01
-1.090051825931664664e-01
-1.095460237570758666e-01
-1.100864047696601955e-01
-1.106263322704249263e-01
-1.111658127796058132e-01
-1.117048527007259706e-01
-1.122434583231091271e-01
-1.127816358242967471e-01
-1.133193912724282243e-01
-1.138567306285699909e-01
-1.143936597489477458e-01
-1.149301843871677192e-01
-1.154663101963686045e-01
-1.160020427313059738e-01
-1.165373874504102986e-01
-1.170723497177754285e-01
-1.176069348051046598e-01
-1.181411478936285758e-01
-1.186749940759455058e-01
-1.192084783578445800e-01
-1.197416056600563994e-01
-1.202743808200088249e-01
-1.208068085934928121e-01
-1.213388936563087744e-01
-1.218706406058882169e-01
-1.224020539628478954e-01
-1.229331381725460026e-01
-1.234638976065518118e-01
-1.239943365641307804e-01
-1.245244592736717282e-01
-1.250542698940741437e-01
-1.255837725161195184e-01
-1.261129711638162842e-01
-1.266418697956770145e-01
-1.271704723060094744e-01
-1.276987825261768905e-01
-1.282268042257787566e-01
-1.287545411138673324e-01
-1.292819968401035247e-01
-1.298091749958941166e-01
-1.303360791155040166e-01
-1.308627126771333693e-01
-1.313890791040049910e-01
-1.319151817653820835e-01
-1.324410239775861697e-01
-1.329666090050032889e-01
-1.334919400610539153e-01
-1.340170203091340384e-01
-1.345418528635539401e-01
-1.350664407904561548e-01
-1.355907871086988736e-01
-1.361148947907158957e-01
-1.366387667633943981e-01
-1.371624059088907277e-01
-1.376858150654635682e-01
-1.382089970282575075e-01
-1.387319545500953488e-01
-1.392546903422430538e-01
-1.397772070751554796e-01
-1.402995073792295821e-01
-1.408215938454949190e-01
-1.413434690263336291e-01
-1.418651354361695760e-01
-1.423865955521530224e-01
-1.429078518147965104e-01
-1.434289066286401904e-01
-1.439497623628872569e-01
-1.444704213520275060e-01
-1.449908858964204794e-01
-1.455111582629250722e-01
-1.460312406854728795e-01
-1.465511353656189231e-01
-1.470708444731360920e-01
-1.475903701465431095e-01
-1.481097144936487087e-01
-1.486288795920755468e-01
-1.491478674897837309e-01
-1.496666802055750256e-01
-1.501853197295859033e-01
-1.507037880237762362e-01
-1.512220870224126601e-01
-1.517402186325227664e-01
-1.522581847343707495e-01
-1.527759871818961113e-01
-1.532936278031468980e-01
-1.538111084007343088e-01
-1.543284307522364562e-01
-1.548455966106241921e-01
-1.553626077046691145e-01
-1.558794657393308136e-01
-1.563961723961626027e-01
-1.569127293337006512e-01
-1.574291381878184792e-01
-1.579454005721135368e-01
-1.584615180782772415e-01
-1.589774922764372878e-01
-1.594933247155006228e-01
-1.600090169235192927e-01
-1.605245704080098534e-01
-1.610399866562847171e-01
-1.615552671357832759e-01
-1.620704132943837361e-01
-1.625854265607190319e-01
-1.631003083444770574e-01
-1.636150600367069219e-01
-1.641296830101117155e-01
-1.646441786193408863e-01
-1.651585482012638550e-01
-1.656727930752704969e-01
-1.661869145435117268e-01
-1.667009138912036448e-01
-1.672147923868741448e-01
-1.677285512826153235e-01
-1.682421918143583994e-01
-1.687557152020993934e-01
-1.692691226501686907e-01
-1.697824153474522257e-01
-1.702955944676441957e-01
-1.708086611694640822e-01
-1.713216165968940996e-01
-1.718344618794041267e-01
-1.723471981321790525e-01
-1.728598264563094289e-01
-1.733723479390285316e-01
-1.738847636539199992e-01
-1.743970746611085976e-01
-1.749092820074760746e-01
-1.754213867268460125e-01
-1.759333898401974072e-01
-1.764452923558342545e-01
-1.769570952695840305e-01
-1.774687995649919525e-01
-1.779804062134830445e-01
-1.784919161745545657e-01
-1.790033303959492339e-01
-1.795146498138193714e-01
-1.800258753529072886e-01
-1.805370079267076266e-01
-1.810480484376288945e-01
-1.815589977771552843e-01
-1.820698568260123440e-01
-1.825806264543075319e-01
-1.830913075216939467e-01
-1.836019008775187089e-01
-1.841124073609749778e-01
-1.846228278012387314e-01
-1.851331630176172305e-01
-1.856434138196856043e-01
-1.861535810074352870e-01
-1.866636653713893979e-01
-1.871736676927686638e-01
-1.876835887435894246e-01
-1.881934292868080727e-01
-1.887031900764582215e-01
-1.892128718577539559e-01
-1.897224753672333009e-01
-1.902320013328652748e-01
-1.907414504741775929e-01
-1.912508235023697711e-01
-1.917601211204293943e-01
-1.922693440232452478e-01
-1.927784928977170353e-01
-1.932875684228773649e-01
-1.937965712699795395e-01
-1.943055021026177109e-01
-1.948143615768283821e-01
-1.953231503411949899e-01
-1.958318690369515447e-01
-1.963405182980692276e-01
-1.968490987513722701e-01
-1.973576110166209985e-01
-1.978660557066129755e-01
-1.983744334272806720e-01
-1.988827447777769264e-01
-1.993909903505623193e-01
-1.998991707315147248e-01
-2.004072864999796033e-01
-2.009153382288989265e-01
-2.014233264848729055e-01
-2.019312518282424529e-01
-2.024391148131785834e-01
-2.029469159877663742e-01
-2.034546558940805716e-01
-2.039623350682624459e-01
-2.044699540406028637e-01
-2.049775133356152579e-01
-2.054850134721068200e-01
-2.059924549632713431e-01
-2.064998383167293838e-01
-2.070071640346344832e-01
-2.075144326137266237e-01
-2.080216445453983709e-01
-2.085288003157773074e-01
-2.090359004057741610e-01
-2.095429452911795054e-01
-2.100499354426920706e-01
-2.105568713260176916e-01
-2.110637534019111916e-01
-2.115705821262517661e-01
-2.120773579500928596e-01
-2.125840813197278079e-01
-2.130907526767632232e-01
-2.135973724581591848e-01
-2.141039410962948530e-01
-2.146104590190240913e-01
-2.151169266497454380e-01
-2.156233444074363570e-01
-2.161297127067204060e-01
-2.166360319579199722e-01
-2.171423025671153639e-01
-2.176485249361836405e-01
-2.181546994628604241e-01
-2.186608265407952167e-01
-2.191669065595829857e-01
-2.196729399048462095e-01
-2.201789269582432873e-01
-2.206848680975508903e-01
-2.211907636966895241e-01
-2.216966141257921963e-01
-2.222024197512204313e-01
-2.227081809356412367e-01
-2.232138980380593551e-01
-2.237195714138412728e-01
-2.242252014148029549e-01
-2.247307883892105673e-01
-2.252363326818436207e-01
-2.257418346340354931e-01
-2.262472945837159521e-01
-2.267527128654399926e-01
-2.272580898104477332e-01
-2.277634257466813472e-01
-2.282687209988413235e-01
-2.287739758884231034e-01
-2.292791907337435042e-01
-2.297843658499896247e-01
-2.302895015492532615e-01
-2.307945981405651881e-01
-2.312996559299285437e-01
-2.318046752203627991e-01
-2.323096563119268765e-01
-2.328145995017732728e-01
-2.333195050841554985e-01
-2.338243733504825062e-01
-2.343292045893412279e-01
-2.348339990865355165e-01
-2.353387571251130961e-01
-2.358434789853999514e-01
-2.363481649450313860e-01
-2.368528152789908803e-01
-2.373574302596152263e-01
-2.378620101566584211e-01
-2.383665552372956076e-01
-2.388710657661654579e-01
-2.393755420053988725e-01
-2.398799842146366601e-01
-2.403843926510695617e-01
-2.408887675694579289e-01
-2.413931092221700825e-01
-2.418974178591959401e-01
-2.424016937281774642e-01
-2.429059370744438284e-01
-2.434101481410324008e-01
-2.439143271687039538e-01
-2.444184743959856299e-01
-2.449225900591817939e-01
-2.454266743924076177e-01
-2.459307276276071486e-01
-2.464347499945856446e-01
-2.469387417210217872e-01
-2.474427030325012933e-01
-2.479466341525336515e-01
-2.484505353025814600e-01
-2.489544067020755258e-01
-2.494582485684345985e-01
-2.499620611171069207e-01
-2.504658445615713380e-01
-2.509695991133578108e-01
-2.514733249820915728e-01
-2.519770223754838612e-01
-2.524806914993804607e-01
-2.529843325577567081e-01
-2.534879457527628999e-01
-2.539915312847182971e-01
-2.544950893521510382e-01
-2.549986201518085194e-01
-2.555021238786777671e-01
-2.560056007260019251e-01
-2.565090508853078988e-01
-2.570124745464116844e-01
-2.575158718974476235e-01
-2.580192431248732321e-01
-2.585225884135099461e-01
-2.590259079465324077e-01
-2.595292019055079891e-01
-2.600324704704039536e-01
-2.605357138195991684e-01
-2.610389321299188548e-01
-2.615421255766270381e-01
-2.620452943334684592e-01
-2.625484385726613024e-01
-2.630515584649220084e-01
-2.635546541794924758e-01
-2.640577258841342312e-01
-2.645607737451647901e-01
-2.650637979274519385e-01
-2.655667985944471510e-01
-2.660697759081903646e-01
-2.665727300293257995e-01
-2.670756611171122841e-01
-2.675785693294547851e-01
-2.680814548228974692e-01
-2.685843177526448522e-01
-2.690871582725830047e-01
-2.695899765352792743e-01
-2.700927726920075433e-01
-2.705955468927578322e-01
-2.710982992862498442e-01
-2.716010300199424576e-01
-2.721037392400457167e-01
-2.726064270915392052e-01
-2.731090937181848699e-01
-2.736117392625314060e-01
-2.741143638659348514e-01
-2.746169676685651928e-01
-2.751195508094188003e-01
-2.756221134263353023e-01
-2.761246556560032483e-01
-2.766271776339663813e-01
-2.771296794946599973e-01
-2.776321613713835790e-01
-2.781346233963497006e-01
-2.786370657006643770e-01
-2.791394884143655886e-01
-2.796418916664115129e-01
-2.801442755846946242e-01
-2.806466402960605677e-01
-2.811489859263293090e-01
-2.816513126002683221e-01
-2.821536204416345561e-01
-2.826559095731813187e-01
-2.831581801166568324e-01
-2.836604321928188899e-01
-2.841626659214360751e-01
-2.846648814213286194e-01
-2.851670788103315424e-01
-2.856692582053354523e-01
-2.861714197223034217e-01
-2.866735634762384577e-01
-2.871756895812399013e-01
-2.876777981504752835e-01
-2.881798892962143532e-01
-2.886819631298280231e-01
-2.891840197617930319e-01
-2.896860593017068775e-01
-2.901880818582996957e-01
-2.906900875394261563e-01
-2.911920764520907756e-01
-2.916940487024519690e-01
-2.921960043958237163e-01
-2.926979436366887732e-01
-2.931998665287049999e-01
-2.937017731747189053e-01
-2.942036636767590418e-01
-2.947055381360659809e-01
-2.952073966530663340e-01
-2.957092393274217690e-01
-2.962110662580030862e-01
-2.967128775429139775e-01
-2.972146732794832547e-01
-2.977164535642993215e-01
-2.982182184931969071e-01
-2.987199681612527913e-01
-2.992217026628229415e-01
-2.997234220915230285e-01
-3.002251265402592906e-01
-3.007268161012167651e-01
-3.012284908658557359e-01
-3.017301509249539770e-01
-3.022317963685893782e-01
-3.027334272861365583e-01
-3.032350437663022258e-01
-3.037366458971096361e-01
-3.042382337659028102e-01
-3.047398074593762329e-01
-3.052413670635497067e-01
-3.057429126638067096e-01
-3.062444443448675280e-01
-3.067459621908201761e-01
-3.072474662851162330e-01
-3.077489567105753943e-01
-3.082504335493942427e-01
-3.087518968831562405e-01
-3.092533467928185176e-01
-3.097547833587424582e-01
-3.102562066606933122e-01
-3.107576167778199339e-01
-3.112590137887022435e-01
-3.117603977713146457e-01
-3.122617688030649985e-01
-3.127631269607804576e-01
-3.132644723207179127e-01
-3.137658049585748121e-01
-3.142671249494723984e-01
-3.147684323679960094e-01
-3.152697272881714308e-01
-3.157710097834794394e-01
-3.162722799268585794e-01
-3.167735377907172634e-01
-3.172747834469245021e-01
-3.177760169668318868e-01
-3.182772384212654848e-01
-3.187784478805302246e-01
-3.192796454144222196e-01
-3.197808310922266584e-01
-3.202820049827334037e-01
-3.207831671542211716e-01
-3.212843176744791251e-01
-3.217854566108104275e-01
-3.222865840300171425e-01
-3.227876999984347628e-01
-3.232888045819147238e-01
-3.237898978458303989e-01
-3.242909798550902001e-01
-3.247920506741366897e-01
-3.252931103669470803e-01
-3.257941589970438923e-01
-3.262951966274946769e-01
-3.267962233209156242e-01
-3.272972391394778358e-01
-3.277982441449125428e-01
-3.282992383985038343e-01
-3.288002219611077526e-01
-3.293011948931522381e-01
-3.298021572546298574e-01
-3.303031091051105150e-01
-3.308040505037496692e-01
-3.313049815092805606e-01
-3.318059021800262576e-01
-3.323068125738924961e-01
-3.328077127483942133e-01
-3.333086027606200763e-01
-3.338094826672868276e-01
-3.343103525246887697e-01
-3.348112123887517222e-01
-3.353120623149875579e-01
-3.358129023585415540e-01
-3.363137325741635264e-01
-3.368145530162294787e-01
-3.373153637387355519e-01
-3.378161647953077940e-01
-3.383169562391981078e-01
-3.388177381232917451e-01
-3.393185105001104707e-01
-3.398192734218123401e-01
-3.403200269401998601e-01
-3.408207711067183232e-01
-3.413215059724619693e-01
-3.418222315881703222e-01
-3.423229480042422335e-01
-3.428236552707287221e-01
-3.433243534373456862e-01
-3.438250425534599142e-01
-3.443257226681127880e-01
-3.448263938299997999e-01
-3.453270560875030815e-01
-3.458277094886681446e-01
-3.463283540812140404e-01
-3.468289899125404641e-01
-3.473296170297261454e-01
-3.478302354795347329e-01
-3.483308453084141831e-01
-3.488314465624997585e-01
-3.493320392876128611e-01
-3.498326235292813502e-01
-3.503331993327154503e-01
-3.508337667428257922e-01
-3.513343258042310735e-01
-3.518348765612420714e-01
-3.523354190578834588e-01
-3.528359533378784274e-01
-3.533364794446687274e-01
-3.538369974214074509e-01
-3.543375073109518714e-01
-3.548380091558882010e-01
-3.553385029985146049e-01
-3.558389888808520807e-01
-3.563394668446459024e-01
-3.568399369313634550e-01
-3.573403991822062808e-01
-3.578408536380981442e-01
-3.583413003397024621e-01
-3.588417393274052625e-01
-3.593421706413415517e-01
-3.598425943213746092e-01
-3.603430104071136952e-01
-3.608434189379126078e-01
-3.613438199528637429e-01
-3.618442134907987606e-01
-3.623445995903180061e-01
-3.628449782897560372e-01
-3.633453496271963346e-01
-3.638457136404970593e-01
-3.643460703672463663e-01
-3.648464198448087004e-01
-3.653467621102998719e-01
-3.658470972006022115e-01
-3.663474251523591851e-01
-3.668477460019732850e-01
-3.673480597856249030e-01
-3.678483665392554003e-01
-3.683486662985772653e-01
-3.688489590990805533e-01
-3.693492449760264473e-01
-3.698495239644498112e-01
-3.703497960991625759e-01
-3.708500614147565155e-01
-3.713503199456093529e-01
-3.718505717258772103e-01
-3.723508167894964416e-01
-3.728510551701986753e-01
-3.733512869014902757e-01
-3.738515120166808758e-01
-3.743517305488583968e-01
-3.748519425309081443e-01
-3.753521479955151396e-01
-3.758523469751461898e-01
-3.763525395020754782e-01
-3.768527256083692434e-01
-3.773529053259021548e-01
-3.778530786863393276e-01
-3.783532457211546407e-01
-3.788534064616293495e-01
-3.793535609388420382e-01
-3.798537091836845514e-01
-3.803538512268596627e-01
-3.808539870988692511e-01
-3.813541168300386697e-01
-3.818542404505011478e-01
-3.823543579902001222e-01
-3.828544694789048353e-01
-3.833545749461885754e-01
-3.838546744214521023e-01
-3.843547679339155976e-01
-3.848548555126155568e-01
-3.853549371864154471e-01
-3.858550129839952714e-01
-3.863550829338675552e-01
-3.868551470643706858e-01
-3.873552054036625281e-01
-3.878552579797364674e-01
-3.883553048204146929e-01
-3.888553459533494183e-01
-3.893553814060290441e-01
-3.898554112057687759e-01
-3.903554353797174525e-01
-3.908554539548717566e-01
-3.913554669580608381e-01
-3.918554744159400971e-01
-3.923554763550242686e-01
-3.928554728016506736e-01
-3.933554637820080302e-01
-3.938554493221271824e-01
-3.943554294478824884e-01
-3.948554041849945406e-01
-3.953553735590291662e-01
-3.958553375953942632e-01
-3.963552963193571199e-01
-3.968552497560245973e-01
-3.973551979303593940e-01
-3.978551408671775480e-01
-3.983550785911423309e-01
-3.988550111267750165e-01
-3.993549384984497186e-01
-3.998548607303962221e-01
-4.003547778467060336e-01
-4.008546898713170048e-01
-4.013545968280428089e-01
-4.018544987405404667e-01
-4.023543956323417659e-01
-4.028542875268280032e-01
-4.033541744472493029e-01
-4.038540564167211189e-01
-4.043539334582236799e-01
-4.048538055945985481e-01
-4.053536728485595542e-01
-4.058535352426785869e-01
-4.063533927994091854e-01
-4.068532455410667770e-01
-4.073530934898310085e-01
-4.078529366677703938e-01
-4.083527750968065084e-01
-4.088526087987472968e-01
-4.093524377952657556e-01
-4.098522621079151995e-01
-4.103520817581214897e-01
-4.108518967671918043e-01
-4.113517071563030925e-01
-4.118515129465172842e-01
-4.123513141587723529e-01
-4.128511108138833707e-01
-4.133509029325552753e-01
-4.138506905353560028e-01
-4.143504736427592317e-01
-4.148502522751115751e-01
-4.153500264526314156e-01
-4.158497961954457089e-01
-4.163495615235457414e-01
-4.168493224568209921e-01
-4.173490790150411467e-01
-4.178488312178719188e-01
-4.183485790848572305e-01
-4.188483226354413613e-01
-4.193480618889462441e-01
-4.198477968645981107e-01
-4.203475275814996248e-01
-4.208472540586644661e-01
-4.213469763149832459e-01
-4.218466943692459337e-01
-4.223464082401370834e-01
-4.228461179462364439e-01
-4.233458235060218455e-01
-4.238455249378612066e-01
-4.243452222600241908e-01
-4.248449154906820402e-01
-4.253446046478996934e-01
-4.258442897496403368e-01
-4.263439708137707340e-01
-4.268436478580527882e-01
-4.273433209001565869e-01
-4.278429899576499662e-01
-4.283426550480080586e-01
-4.288423161886034674e-01
-4.293419733967131502e-01
-4.298416266895186411e-01
-4.303412760841096585e-01
-4.308409215974832729e-01
-4.313405632465377448e-01
-4.318402010480812403e-01
-4.323398350188289996e-01
-4.328394651754018385e-01
-4.333390915343340866e-01
-4.338387141120652601e-01
-4.343383329249481672e-01
-4.348379479892450772e-01
-4.353375593211333827e-01
-4.358371669366902790e-01
-4.363367708519194643e-01
-4.368363710827266044e-01
-4.373359676449436462e-01
-4.378355605542969542e-01
-4.383351498264470014e-01
-4.388347354769600583e-01
-4.393343175213172414e-01
-4.398338959749226729e-01
-4.403334708530862174e-01
-4.408330421710479063e-01
-4.413326099439552341e-01
-4.418321741868792008e-01
-4.423317349148108701e-01
-4.428312921426532101e-01
-4.433308458852432965e-01
-4.438303961573201173e-01
-4.443299429735607653e-01
-4.448294863485516837e-01
-4.453290262968061519e-01
-4.458285628327660621e-01
-4.463280959707807138e-01
-4.468276257251417305e-01
-4.473271521100478654e-01
-4.478266751396305922e-01
-4.483261948279517739e-01
-4.488257111889850104e-01
-4.493252242366395643e-01
-4.498247339847443738e-01
-4.503242404470642613e-01
-4.508237436372890539e-01
-4.513232435690296418e-01
-4.518227402558234185e-01
-4.523222337111479918e-01
-4.528217239484038092e-01
-4.533212109809220403e-01
-4.538206948219603576e-01
-4.543201754847131513e-01
-4.548196529822952638e-01
-4.553191273277640838e-01
-4.558185985341015600e-01
-4.563180666142260256e-01
-4.568175315809842596e-01
-4.573169934471580933e-01
-4.578164522254608571e-01
-4.583159079285489268e-01
-4.588153605690029613e-01
-4.593148101593341748e-01
-4.598142567120038771e-01
-4.603137002393941080e-01
-4.608131407538289537e-01
-4.613125782675765452e-01
-4.618120127928223573e-01
-4.623114443417070674e-01
-4.628108729263058496e-01
-4.633102985586188827e-01
-4.638097212505919442e-01
-4.643091410141225173e-01
-4.648085578610235413e-01
-4.653079718030613821e-01
-4.658073828519405657e-01
-4.663067910193057775e-01
-4.668061963167359218e-01
-4.673055987557600544e-01
-4.678049983478373419e-01
-4.683043951043765474e-01
-4.688037890367293126e-01
-4.693031801561823313e-01
-4.698025684739688401e-01
-4.703019540012700617e-01
-4.708013367491909462e-01
-4.713007167288025823e-01
-4.718000939511113323e-01
-4.722994684270621635e-01
-4.727988401675535801e-01
-4.732982091834198046e-01
-4.737975754854469312e-01
-4.742969390843683741e-01
-4.747962999908479920e-01
-4.752956582155126730e-01
-4.757950137689332948e-01
-4.762943666616140659e-01
-4.767937169040230017e-01
-4.772930645065592836e-01
-4.777924094795837906e-01
-4.782917518333967277e-01
-4.787910915782477295e-01
-4.792904287243377470e-01
-4.797897632818031721e-01
-4.802890952607528074e-01
-4.807884246712256782e-01
-4.812877515232113490e-01
-4.817870758266583064e-01
-4.822863975914581380e-01
-4.827857168274476418e-01
-4.832850335444277556e-01
-4.837843477521348023e-01
-4.842836594602691891e-01
-4.847829686784722036e-01
-4.852822754163358954e-01
-4.857815796834100697e-01
-4.862808814891932396e-01
-4.867801808431337363e-01
-4.872794777546324285e-01
-4.877787722330436671e-01
-4.882780642876737853e-01
-4.887773539277769363e-01
-4.892766411625664169e-01
-4.897759260011994575e-01
-4.902752084527961518e-01
-4.907744885264237467e-01
-4.912737662310964204e-01
-4.917730415757951556e-01
-4.922723145694390401e-01
-4.927715852209122449e-01
-4.932708535390463722e-01
-4.937701195326194559e-01
-4.942693832103846052e-01
-4.947686445810190459e-01
-4.952679036531724699e-01
-4.957671604354438877e-01
-4.962664149363830712e-01
-4.967656671644972710e-01
-4.972649171282367830e-01
-4.977641648360148219e-01
-4.982634102961939759e-01
-4.987626535170899822e-01
-4.992618945069710601e-01
-4.997611332740514722e-01
-5.002603698265107868e-01
-5.007596041724687863e-01
-5.012588363199993458e-01
-5.017580662771343736e-01
-5.022572940518498230e-01
-5.027565196520752400e-01
-5.032557430856882119e-01
-5.037549643605183647e-01
-5.042541834843450310e-01
-5.047534004649001371e-01
-5.052526153098575445e-01
-5.057518280268422650e-01
-5.062510386234262416e-01
-5.067502471071329007e-01
-5.072494534854262715e-01
-5.077486577657246425e-01
-5.082478599553755805e-01
-5.087470600616903482e-01
-5.092462580919113746e-01
-5.097454540532233569e-01
-5.102446479527618095e-01
-5.107438397975939681e-01
-5.112430295947297809e-01
-5.117422173511277927e-01
-5.122414030736637258e-01
-5.127405867691651187e-01
-5.132397684443985586e-01
-5.137389481060448126e-01
-5.142381257607383516e-01
-5.147373014150360415e-01
-5.152364750754176992e-01
-5.157356467483017459e-01
-5.162348164400322181e-01
-5.167339841568715508e-01
-5.172331499050060177e-01
-5.177323136905482848e-01
-5.182314755195243094e-01
-5.187306353978782258e-01
-5.192297933314719005e-01
-5.197289493260717208e-01
-5.202281033873664695e-01
-5.207272555209410125e-01
-5.212264057322887334e-01
-5.217255540268024294e-01
-5.222247004097797518e-01
-5.227238448864114373e-01
-5.232229874617823073e-01
-5.237221281408583895e-01
-5.242212669285061244e-01
-5.247204038294644990e-01
-5.252195388483625882e-01
-5.257186719896893567e-01
-5.262178032578134212e-01
-5.267169326569755006e-01
-5.272160601912750932e-01
-5.277151858646680349e-01
-5.282143096809630567e-01
-5.287134316438304449e-01
-5.292125517567667359e-01
-5.297116700231154773e-01
-5.302107864460656739e-01
-5.307099010286164820e-01
-5.312090137735961948e-01
-5.317081246836536934e-01
-5.322072337612386850e-01
-5.327063410086215756e-01
-5.332054464278493944e-01
-5.337045500207717730e-01
-5.342036517890175196e-01
-5.347027517339962843e-01
-5.352018498568796856e-01
-5.357009461586035304e-01
-5.362000406398500507e-01
-5.366991333010538989e-01
-5.371982241423752802e-01
-5.376973131637086123e-01
-5.381964003646547701e-01
-5.386954857445379607e-01
-5.391945693023573183e-01
-5.396936510368177675e-01
-5.401927309462905002e-01
-5.406918090288073131e-01
-5.411908852820684901e-01
-5.416899597034018354e-01
-5.421890322897685577e-01
-5.426881030377598281e-01
-5.431871719435489299e-01
-5.436862390029210124e-01
-5.441853042112299033e-01
-5.446843675633878945e-01
-5.451834290538724037e-01
-5.456824886766828975e-01
-5.461815464253313435e-01
-5.466806022928574205e-01
-5.471796562717712309e-01
-5.476787083540509693e-01
-5.481777585311398138e-01
-5.486768067939022941e-01
-5.491758531326357273e-01
-5.496748975370295831e-01
-5.501739399961526056e-01
-5.506729804984284993e-01
-5.511720190316358181e-01
-5.516710555828526763e-01
-5.521700901384732907e-01
-5.526691226841604632e-01
-5.531681532048231542e-01
-5.536671816846115979e-01
-5.541662081068797763e-01
-5.546652324541545553e-01
-5.551642547081334644e-01
-5.556632748496416196e-01
-5.561622928585971959e-01
-5.566613087140200866e-01
-5.571603223939627370e-01
-5.576593338755002627e-01
-5.581583431347210134e-01
-5.586573501466526315e-01
-5.591563548852717114e-01
-5.596553573234498424e-01
-5.601543574329389541e-01
-5.606533551843211338e-01
-5.611523505469870887e-01
-5.616513434890939571e-01
-5.621503339775421049e-01
-5.626493219779292732e-01
-5.631483074545148293e-01
-5.636472903701933435e-01
-5.641462706864338594e-01
-5.646452483632624642e-01
-5.651442233592229858e-01
-5.656431956313152654e-01
-5.661421651349781703e-01
-5.666411318240279771e-01
-5.671400956506283952e-01
-5.676390565652342790e-01
-5.681380145165668694e-01
-5.686369694515427398e-01
-5.691359213152407115e-01
-5.696348700508597762e-01
-5.701338155996501511e-01
-5.706327579008818596e-01
-5.711316968917965475e-01
-5.716306325075346528e-01
-5.721295646811036528e-01
-5.726284933433117841e-01
-5.731274184227214130e-01
-5.736263398455874185e-01
-5.741252575358072319e-01
-5.746241714148587754e-01
-5.751230814017344040e-01
-5.756219874129019365e-01
-5.761208893622199456e-01
-5.766197871608871317e-01
-5.771186807173992461e-01
-5.776175699374366257e-01
-5.781164547238447637e-01
-5.786153349765474907e-01
-5.791142105924862449e-01
-5.796130814655474639e-01
-5.801119474864985248e-01
-5.806108085429042553e-01
-5.811096645190805265e-01
-5.816085152959952209e-01
-5.821073607512160519e-01
-5.826062007588092007e-01
-5.831050351893009021e-01
-5.836038639095670888e-01
-5.841026867827677771e-01
-5.846015036682742361e-01
-5.851003144215761731e-01
-5.855991188942113457e-01
-5.860979169336791861e-01
-5.865967083833556472e-01
-5.870954930824022755e-01
-5.875942708657053704e-01
-5.880930415637491970e-01
-5.885918050025691350e-01
-5.890905610036331064e-01
-5.895893093837610843e-01
-5.900880499550458236e-01
-5.905867825247373970e-01
-5.910855068951714753e-01
-5.915842228636517541e-01
-5.920829302223850066e-01
-5.925816287583575148e-01
-5.930803182532471407e-01
-5.935789984833284016e-01
-5.940776692193681097e-01
-5.945763302265241190e-01
-5.950749812642456282e-01
-5.955736220861735930e-01
-5.960722524400270395e-01
-5.965708720675126919e-01
-5.970694807042009611e-01
-5.975680780794382363e-01
-5.980666639162276477e-01
-5.985652379311241500e-01
-5.990637998341169501e-01
-5.995623493285431316e-01
-6.000608861109404391e-01
-6.005594098709675643e-01
-6.010579202912754715e-01
-6.015564170473912675e-01
-6.020548998076126201e-01
-6.025533682328885199e-01
-6.030518219767023735e-01
-6.035502606849540985e-01
-6.040486839958388865e-01
-6.045470915397459510e-01
-6.050454829391120892e-01
-6.055438578083289780e-01
-6.060422157535998444e-01
-6.065405563728383243e-01
-6.070388792555287960e-01
-6.075371839826175790e-01
-6.080354701263822603e-01
-6.085337372503112352e-01
-6.090319849089810278e-01
-6.095302126479247296e-01
-6.100284200035185345e-01
-6.105266065028448486e-01
-6.110247716635798243e-01
-6.115229149938510300e-01
-6.120210359921248733e-01
-6.125191341470670459e-01
-6.130172089374328337e-01
-6.135152598319183470e-01
-6.140132862890670395e-01
-6.145112877570826360e-01
-6.150092636737722884e-01
-6.155072134663646111e-01
-6.160051365514113142e-01
-6.165030323346393226e-01
-6.170009002108435281e-01
-6.174987395637391296e-01
-6.179965497658486129e-01
-6.184943301783574210e-01
-6.189920801510099269e-01
-6.194897990219496720e-01
-6.199874861176236651e-01
-6.204851407526431606e-01
-6.209827622296333338e-01
-6.214803498391546777e-01
-6.219779028595361359e-01
-6.224754205567648579e-01
-6.229729021843525283e-01
-6.234703469832257872e-01
-6.239677541815900064e-01
-6.244651229948031679e-01
-6.249624526252621770e-01
-6.254597422622707459e-01
-6.259569910819258176e-01
-6.264541982469813419e-01
-6.269513629067478000e-01
-6.274484841969659721e-01
-6.279455612396668274e-01
-6.284425931430895895e-01
-6.289395790015270826e-01
-6.294365178952542328e-01
-6.299334088903545403e-01
-6.304302510386645686e-01
-6.309270433776191789e-01
-6.314237849301611583e-01
-6.319204747046210935e-01
-6.324171116946067928e-01
-6.329136948789096939e-01
-6.334102232213713046e-01
-6.339066956708069300e-01
-6.344031111608849915e-01
-6.348994686100168927e-01
-6.353957669212711989e-01
-6.358920049822750498e-01
-6.363881816650928114e-01
-6.368842958261635712e-01
-6.373803463061746832e-01
-6.378763319299852741e-01
-6.383722515065313186e-01
-6.388681038287350455e-01
-6.393638876734167864e-01
-6.398596018012133735e-01
-6.403552449564816618e-01
-6.408508158672309163e-01
-6.413463132450306636e-01
-6.418417357849469651e-01
-6.423370821654461604e-01
-6.428323510483361369e-01
-6.433275410786860604e-01
-6.438226508847627594e-01
-6.443176790779622243e-01
-6.448126242527375540e-01
-6.453074849865439999e-01
-6.458022598397686886e-01
-6.462969473556892108e-01
-6.467915460603920197e-01
-6.472860544627455637e-01
-6.477804710543310085e-01
-6.482747943094009369e-01
-6.487690226848368269e-01
-6.492631546200875459e-01
-6.497571885371571376e-01
-6.502511228405415400e-01
-6.507449559172070463e-01
-6.512386861365506707e-01
-6.517323118503682844e-01
-6.522258313928442908e-01
-6.527192430805031087e-01
-6.532125452122001796e-01
-6.537057360691034269e-01
-6.541988139146689418e-01
-6.546917769946470900e-01
-6.551846235370444305e-01
-6.556773517521455874e-01
-6.561699598324834959e-01
-6.566624459528519475e-01
-6.571548082703032589e-01
-6.576470449241650362e-01
-6.581391540360157499e-01
-6.586311337097414675e-01
-6.591229820315085419e-01
-6.596146970698060219e-01
-6.601062768754520915e-01
-6.605977194816305964e-01
-6.610890229038995924e-01
-6.615801851402408618e-01
-6.620712041710734574e-01
-6.625620779593150989e-01
-6.630528044503851692e-01
-6.635433815722927564e-01
-6.640338072356363197e-01
-6.645240793336821827e-01
-6.650141957424092753e-01
-6.655041543205674204e-01
-6.659939529097281818e-01
-6.664835893343605822e-01
-6.669730614018686277e-01
-6.674623669026940043e-01
-6.679515036103786940e-01
-6.684404692816124927e-01
-6.689292616563488059e-01
-6.694178784578754815e-01
-6.699063173928747617e-01
-6.703945761515495150e-01
-6.708826524076916265e-01
-6.713705438187870245e-01
-6.718582480260908429e-01
-6.723457626547679755e-01
-6.728330853139634637e-01
-6.733202135969228452e-01
-6.738071450811178309e-01
-6.742938773283253528e-01
-6.747804078847730036e-01
-6.752667342812543883e-01
-6.757528540332521372e-01
-6.762387646410570330e-01
-6.767244635899041239e-01
-6.772099483501033967e-01
-6.776952163771869930e-01
-6.781802651120308889e-01
-6.786650919810064408e-01
-6.791496943961201627e-01
-6.796340697551804810e-01
-6.801182154419228576e-01
-6.806021288261802082e-01
-6.810858072640356697e-01
-6.815692480979816947e-01
-6.820524486570906930e-01
-6.825354062571643565e-01
-6.830181182009253948e-01
-6.835005817781659720e-01
-6.839827942659406634e-01
-6.844647529287246623e-01
-6.849464550186188383e-01
-6.854278977755048352e-01
-6.859090784272471319e-01
-6.863899941898785606e-01
-6.868706422677894885e-01
-6.873510198539090066e-01
-6.878311241299259748e-01
-6.883109522664588864e-01
-6.887905014232729162e-01
-6.892697687494820924e-01
-6.897487513837416984e-01
-6.902274464544699839e-01
-6.907058510800542228e-01
-6.911839623690541057e-01
-6.916617774204242286e-01
-6.921392933237190404e-01
-6.926165071593354261e-01
-6.930934159987033327e-01
-6.935700169045231345e-01
-6.940463069309936728e-01
-6.945222831240233097e-01
-6.949979425214763973e-01
-6.954732821533824438e-01
-6.959482990421879123e-01
-6.964229902029807073e-01
-6.968973526437169941e-01
-6.973713833654685557e-01
-6.978450793626606030e-01
-6.983184376233002588e-01
-6.987914551292366827e-01
-6.992641288563883339e-01
-6.997364557749811143e-01
-7.002084328498248134e-01
-7.006800570405196105e-01
-7.011513253017306324e-01
-7.016222345834327578e-01
-7.020927818311496482e-01
-7.025629639862158715e-01
-7.030327779860271464e-01
-7.035022207642882552e-01
-7.039712892512778319e-01
-7.044399803740831745e-01
-7.049082910568787996e-01
-7.053762182211767984e-01
-7.058437587860686424e-01
-7.063109096685024069e-01
-7.067776677835315713e-01
-7.072440300445733685e-01
-7.077099933636719076e-01
-7.081755546517641831e-01
-7.086407108189176629e-01
-7.091054587746259408e-01
-7.095697954280254516e-01
-7.100337176882085544e-01
-7.104972224644315881e-01
-7.109603066664151871e-01
-7.114229672045955244e-01
-7.118852009903683387e-01
-7.123470049363794798e-01
-7.128083759567647171e-01
-7.132693109674189680e-01
-7.137298068862477640e-01
-7.141898606334498023e-01
-7.146494691317555326e-01
-7.151086293066907240e-01
-7.155673380868512456e-01
-7.160255924041429854e-01
-7.164833891940501909e-01
-7.169407253959019233e-01
-7.173975979531026503e-01
-7.178540038134225698e-01
-7.183099399292341980e-01
-7.187654032577613927e-01
-7.192203907613516911e-01
-7.196748994077264427e-01
-7.201289261702243927e-01
-7.205824680280554784e-01
-7.210355219665641746e-01
-7.214880849774588656e-01
-7.219401540590781874e-01
-7.223917262166396069e-01
-7.228427984624616887e-01
-7.232933678162422053e-01
-7.237434313052798496e-01
-7.241929859647188161e-01
-7.246420288378110364e-01
-7.250905569761225689e-01
-7.255385674397970552e-01
-7.259860572977874238e-01
-7.264330236280840403e-01
-7.268794635179631758e-01
-7.273253740642033893e-01
-7.277707523733232264e-01
-7.282155955618161425e-01
-7.286599007563741015e-01
-7.291036650941014052e-01
-7.295468857227531689e-01
-7.299895598009580322e-01
-7.304316844984366508e-01
-7.308732569962146375e-01
-7.313142744868300626e-01
-7.317547341745750389e-01
-7.321946332756890108e-01
-7.326339690185714737e-01
-7.330727386439961357e-01
-7.335109394053074272e-01
-7.339485685686396588e-01
-7.343856234131059812e-01
-7.348221012310105493e-01
-7.352579993280293769e-01
-7.356933150234225005e-01
-7.361280456502228287e-01
-7.365621885554248793e-01
-7.369957411001802905e-01
-7.374287006599631322e-01
-7.378610646247912852e-01
-7.382928303993685493e-01
-7.387239954033012479e-01
-7.391545570712512170e-01
-7.395845128531089996e-01
-7.400138602141899113e-01
-7.404425966353823663e-01
-7.408707196133095252e-01
-7.412982266605262494e-01
-7.417251153056627633e-01
-7.421513830935596578e-01
-7.425770275854809421e-01
-7.430020463592162949e-01
-7.434264370092661389e-01
-7.438501971469846374e-01
-7.442733244007089244e-01
-7.446958164159331872e-01
-7.451176708554315686e-01
-7.455388853993967224e-01
-7.459594577455868070e-01
-7.463793856094609325e-01
-7.467986667242934029e-01
-7.472172988413227079e-01
-7.476352797298659869e-01
-7.480526071774548091e-01
-7.484692789899356491e-01
-7.488852929916148815e-01
-7.493006470253413820e-01
-7.497153389526595157e-01
-7.501293666538852989e-01
-7.505427280282375158e-01
-7.509554209939168778e-01
-7.513674434882430253e-01
-7.517787934677268025e-01
-7.521894689081730645e-01
-7.525994678047913666e-01
-7.530087881722552501e-01
-7.534174280448304728e-01
-7.538253854764274120e-01
-7.542326585407106432e-01
-7.546392453311538961e-01
-7.550451439611506332e-01
-7.554503525640543504e-01
-7.558548692932859359e-01
-7.562586923223804103e-01
-7.566618198450585364e-01
-7.570642500753104187e-01
-7.574659812474219267e-01
-7.578670116160760584e-01
-7.582673394563816949e-01
-7.586669630639415463e-01
-7.590658807548965603e-01
-7.594640908659889833e-01
-7.598615917545850085e-01
-7.602583817987499382e-01
-7.606544593972731638e-01
-7.610498229696961436e-01
-7.614444709563821245e-01
-7.618384018185186957e-01
-7.622316140381764082e-01
-7.626241061183086645e-01
-7.630158765828100043e-01
-7.634069239765181036e-01
-7.637972468652525215e-01
-7.641868438358220272e-01
-7.645757134960449175e-01
-7.649638544747744406e-01
-7.653512654218936895e-01
-7.657379450083464656e-01
-7.661238919261285085e-01
-7.665091048883067026e-01
-7.668935826290053104e-01
-7.672773239034359483e-01
-7.676603274878646133e-01
-7.680425921796283362e-01
-7.684241167971220809e-01
-7.688049001798037407e-01
-7.691849411881623855e-01
-7.695642387037323617e-01
-7.699427916290503271e-01
-7.703205988876713484e-01
-7.706976594241264911e-01
-7.710739722039060551e-01
-7.714495362134553558e-01
-7.718243504601224325e-01
-7.721984139721619345e-01
-7.725717257986718378e-01
-7.729442850096086559e-01
-7.733160906957045055e-01
-7.736871419684751006e-01
-7.740574379601620203e-01
-7.744269778236964052e-01
-7.747957607326804164e-01
-7.751637858812954196e-01
-7.755310524843220810e-01
-7.758975597770518817e-01
-7.762633070152553660e-01
-7.766282934751299605e-01
-7.769925184532590068e-01
-7.773559812665442603e-01
-7.777186812521595938e-01
-7.780806177675002600e-01
-7.784417901901273806e-01
-7.788021979176948939e-01
-7.791618403679037019e-01
-7.795207169784403867e-01
-7.798788272068993832e-01
-7.802361705307333528e-01
-7.805927464471865695e-01
-7.809485544732190920e-01
-7.813035941454401501e-01
-7.816578650200411982e-01
-7.820113666727250834e-01
-7.823640986986262202e-01
-7.827160607122425340e-01
-7.830672523473615199e-01
-7.834176732569744228e-01
-7.837673231132036289e-01
-7.841162016072218410e-01
-7.844643084491753626e-01
-7.848116433681030513e-01
-7.851582061118393963e-01
-7.855039964469425762e-01
-7.858490141586134126e-01
-7.861932590505938956e-01
-7.865367309450984612e-01
-7.868794296827003043e-01
-7.872213551222767558e-01
-7.875625071408766109e-01
-7.879028856336631748e-01
-7.882424905138131210e-01
-7.885813217124062469e-01
-7.889193791783515319e-01
-7.892566628782864413e-01
-7.895931727964771163e-01
-7.899289089347162340e-01
-7.902638713122405179e-01
-7.905980599656201591e-01
-7.909314749486576757e-01
-7.912641163323093085e-01
-7.915959842045432460e-01
-7.919270786702818921e-01
-7.922573998512759674e-01
-7.925869478859960404e-01
-7.929157229295527021e-01
-7.932437251535697786e-01
-7.935709547460820801e-01
-7.938974119114515782e-01
-7.942230968702395089e-01
-7.945480098590931295e-01
-7.948721511306668930e-01
-7.951955209534943281e-01
-7.955181196118746856e-01
-7.958399474057957779e-01
-7.961610046507771044e-01
-7.964812916778105656e-01
-7.968008088332108052e-01
-7.971195564785309440e-01
-7.974375349904304633e-01
-7.977547447605873865e-01
-7.980711861955642750e-01
-7.983868597167204095e-01
-7.987017657600672393e-01
-7.990159047761888900e-01
-7.993292772301234805e-01
-7.996418836012171294e-01
-7.999537243830652233e-01
-8.002648000833543218e-01
-8.005751112237582401e-01
-8.008846583398524510e-01
-8.011934419809607633e-01
-8.015014627100682798e-01
-8.018087211036917239e-01
-8.021152177517800741e-01
-8.024209532575843351e-01
-8.027259282375529548e-01
-8.030301433212218010e-01
-8.033335991510789365e-01
-8.036362963824746908e-01
-8.039382356834900989e-01
-8.042394177348372031e-01
-8.045398432297256042e-01
-8.048395128737617643e-01
-8.051384273848301021e-01
-8.054365874929809710e-01
-8.057339939403096452e-01
-8.060306474808419663e-01
-8.063265488804397529e-01
-8.066216989166512530e-01
-8.069160983786338726e-01
-8.072097480670054059e-01
-8.075026487937602138e-01
-8.077948013821432127e-01
-8.080862066665190913e-01
-8.083768654922985908e-01
-8.086667787157812981e-01
-8.089559472040779298e-01
-8.092443718349722204e-01
-8.095320534968259985e-01
-8.098189930884511778e-01
-8.101051915190131680e-01
-8.103906497079146343e-01
-8.106753685846642687e-01
-8.109593490887982981e-01
-8.112425921697477005e-01
-8.115250987867229648e-01
-8.118068699086231632e-01
-8.120879065139123831e-01
-8.123682095905114808e-01
-8.126477801356828401e-01
-8.129266191559473276e-01
-8.132047276669283065e-01
-8.134821066932879097e-01
-8.137587572685965887e-01
-8.140346804352334154e-01
-8.143098772442592947e-01
-8.145843487553424689e-01
-8.148580960366239578e-01
-8.151311201646237459e-01
-8.154034222241337559e-01
-8.156750033081076046e-01
-8.159458645175576841e-01
-8.162160069614554647e-01
-8.164854317566173636e-01
-8.167541400276127073e-01
-8.170221329066436056e-01
-8.172894115334602416e-01
-8.175559770552492944e-01
-8.178218306265323534e-01
-8.180869734090537859e-01
-8.183514065717099051e-01
-8.186151312904019761e-01
-8.188781487479924737e-01
-8.191404601341500946e-01
-8.194020666452854762e-01
-8.196629694844465019e-01
-8.199231698612077235e-01
-8.201826689915844293e-01
-8.204414680979323915e-01
-8.206995684088482790e-01
-8.209569711590722907e-01
-8.212136775894033347e-01
-8.214696889465904484e-01
-8.217250064832448686e-01
-8.219796314577452190e-01
-8.222335651341444729e-01
-8.224868087820674800e-01
-8.227393636766420215e-01
-8.229912310983737989e-01
-8.232424123330839283e-01
-8.234929086718013602e-01
-8.237427214106789464e-01
-8.239918518509085077e-01
-8.242403012986153632e-01
-8.244880710647823907e-01
-8.247351624651617641e-01
-8.249815768201856914e-01
-8.252273154548720457e-01
-8.254723796987526452e-01
-8.257167708857722221e-01
-8.259604903542125953e-01
-8.262035394466066274e-01
-8.264459195096449662e-01
-8.266876318941175361e-01
-8.269286779547874167e-01
-8.271690590503600893e-01
-8.274087765433567609e-01
-8.276478318000605183e-01
-8.278862261904199604e-01
-8.281239610879892465e-01
-8.283610378698171850e-01
-8.285974579164054887e-01
-8.288332226115920909e-01
-8.290683333425080681e-01
-8.293027914994779426e-01
-8.295365984759475175e-01
-8.297697556684126008e-01
-8.300022644763437318e-01
-8.302341263021060236e-01
-8.304653425508856657e-01
-8.306959146306204245e-01
-8.309258439519209283e-01
-8.311551319280049421e-01
-8.313837799746240931e-01
-8.316117895099730539e-01
-8.318391619546653404e-01
-8.320658987316007504e-01
-8.322920012659490441e-01
-8.325174709850556853e-01
-8.327423093183741187e-01
-8.329665176974028196e-01
-8.331900975556117972e-01
-8.334130503283924130e-01
-8.336353774529684513e-01
-8.338570803683440502e-01
-8.340781605152320921e-01
-8.342986193360000247e-01
-8.345184582746022484e-01
-8.347376787764917427e-01
-8.349562822886066327e-01
-8.351742702592621637e-01
-8.353916441381171731e-01
-8.356084053760908237e-01
-8.358245554253370679e-01
-8.360400957391254106e-01
-8.362550277718594494e-01
-8.364693529789453130e-01
-8.366830728167721221e-01
-8.368961887426555890e-01
-8.371087022147630785e-01
-8.373206146920636472e-01
-8.375319276342830799e-01
-8.377426425018267286e-01
-8.379527607557419877e-01
-8.381622838576614498e-01
-8.383712132697481723e-01
-8.385795504546195156e-01
-8.387872968753408154e-01
-8.389944539953262392e-01
-8.392010232783231327e-01
-8.394070061883298628e-01
-8.396124041895721701e-01
-8.398172187464311156e-01
-8.400214513234105507e-01
-8.402251033850731687e-01
-8.404281763960045337e-01
-8.406306718207529061e-01
-8.408325911237942707e-01
-8.410339357694650575e-01
-8.412347072219477084e-01
-8.414349069451949603e-01
-8.416345364028887666e-01
-8.418335970584100991e-01
-8.420320903747806618e-01
-8.422300178146308047e-01
-8.424273808401315788e-01
-8.426241809129809690e-01
-8.428204194943428318e-01
-8.430160980448192509e-01
-8.432112180243809263e-01
-8.434057808923545174e-01
-8.435997881073747928e-01
-8.437932411273374456e-01
-8.439861414093566827e-01
-8.441784904097401343e-01
-8.443702895839303446e-01
-8.445615403864911164e-01
-8.447522442710438950e-01
-8.449424026902524476e-01
-8.451320170957541400e-01
-8.453210889381684856e-01
-8.455096196670227604e-01
-8.456976107307315749e-01
-8.458850635765577941e-01
-8.460719796505813406e-01
-8.462583603976633340e-01
-8.464442072614125623e-01
-8.466295216841411841e-01
-8.468143051068505178e-01
-8.469985589691854111e-01
-8.471822847094027109e-01
-8.473654837643441740e-01
-8.475481575693963876e-01
-8.477303075584762260e-01
-8.479119351639712310e-01
-8.480930418167478280e-01
-8.482736289460862666e-01
-8.484536979796636347e-01
-8.486332503435449759e-01
-8.488122874621106817e-01
-8.489908107580722563e-01
-8.491688216524123645e-01
-8.493463215643792807e-01
-8.495233119114534714e-01
-8.496997941093045181e-01
-8.498757695717913396e-01
-8.500512397109115659e-01
-8.502262059367963198e-01
-8.504006696576718038e-01
-8.505746322798326542e-01
-8.507480952076348357e-01
-8.509210598434455708e-01
-8.510935275876490014e-01
-8.512654998385839056e-01
-8.514369779925673454e-01
-8.516079634438359358e-01
-8.517784575845296358e-01
-8.519484618046886393e-01
-8.521179774922067462e-01
-8.522870060328271435e-01
-8.524555488101127620e-01
-8.526236072054215187e-01
-8.527911825979063165e-01
-8.529582763644747434e-01
-8.531248898797659797e-01
-8.532910245161512419e-01
-8.534566816437018089e-01
-8.536218626301645962e-01
-8.537865688409642662e-01
-8.539508016391568201e-01
-8.541145623854384805e-01
-8.542778524381076100e-01
-8.544406731530627130e-01
-8.546030258837703508e-01
-8.547649119812675833e-01
-8.549263327941184487e-01
-8.550872896684306168e-01
-8.552477839478102029e-01
-8.554078169733635439e-01
-8.555673900836774370e-01
-8.557265046148034848e-01
-8.558851619002374456e-01
-8.560433632709164575e-01
-8.562011100551916165e-01
-8.563584035788351922e-01
-8.565152451650044352e-01
-8.566716361342283648e-01
-8.568275778044183166e-01
-8.569830714908296398e-01
-8.571381185060640284e-01
-8.572927201600480940e-01
-8.574468777600269265e-01
-8.576005926105558785e-01
-8.577538660134774728e-01
-8.579066992679174053e-01
-8.580590936702702232e-01
-8.582110505141876677e-01
-8.583625710905857797e-01
-8.585136566876137021e-01
-8.586643085906304762e-01
-8.588145280822350180e-01
-8.589643164422294808e-01
-8.591136749476134815e-01
-8.592626048725759969e-01
-8.594111074884914769e-01
-8.595591840639003056e-01
-8.597068358645162389e-01
-8.598540641531918771e-01
-8.600008701899450880e-01
-8.601472552319259224e-01
-8.602932205334080651e-01
-8.604387673457933872e-01
-8.605838969176117237e-01
-8.607286104944816829e-01
-8.608729093191398452e-01
-8.610167946314165599e-01
-8.611602676682149626e-01
-8.613033296635431713e-01
-8.614459818484736520e-01
-8.615882254511476601e-01
-8.617300616967743521e-01
-8.618714918076253451e-01
-8.620125170030202844e-01
-8.621531384993241787e-01
-8.622933575099548387e-01
-8.624331752453573419e-01
-8.625725929130239056e-01
-8.627116117174575827e-01
-8.628502328602052351e-01
-8.629884575398226731e-01
-8.631262869518796510e-01
-8.632637222889660844e-01
-8.634007647406781727e-01
-8.635374154936178437e-01
-8.636736757313822066e-01
-8.638095466345770967e-01
-8.639450293807988679e-01
-8.640801251446377229e-01
-8.642148350976686100e-01
-8.643491604084622137e-01
-8.644831022425735201e-01
-8.646166617625241635e-01
-8.647498401278381763e-01
-8.648826384950089041e-01
-8.650150580174987835e-01
-8.651470998457538863e-01
-8.652787651271943714e-01
-8.654100550062049368e-01
-8.655409706241482537e-01
-8.656715131193470913e-01
-8.658016836271010819e-01
-8.659314832796689565e-01
-8.660609132062906390e-01
-8.661899745331481659e-01
-8.663186683834110946e-01
-8.664469958772017533e-01
-8.665749581316088967e-01
-8.667025562606864852e-01
-8.668297913754562378e-01
-8.669566645838917562e-01
-8.670831769909526088e-01
-8.672093296985421418e-01
-8.673351238055411194e-01
-8.674605604077876286e-01
-8.675856405980943986e-01
-8.677103654662378096e-01
-8.678347360989596693e-01
-8.679587535799739850e-01
-8.680824189899678522e-01
-8.682057334065893528e-01
-8.683286979044667619e-01
-8.684513135552052177e-01
-8.685735814273770616e-01
-8.686955025865360502e-01
-8.688170780952055861e-01
-8.689383090129115805e-01
-8.690591963961353805e-01
-8.691797412983667259e-01
-8.692999447700595628e-01
-8.694198078586736766e-01
-8.695393316086453828e-01
-8.696585170614188343e-01
-8.697773652554164903e-01
-8.698958772260716454e-01
-8.700140540058118876e-01
