-3.687985486187307670e-15
-3.252518983912044082e+00
-6.308524937974619995e+00
-9.012588069647431865e+00
-1.127364832095899949e+01
-1.306526947980522557e+01
-1.441021929996800210e+01
-1.536040656173922869e+01
-1.597973150537483811e+01
-1.633253222168083596e+01
-1.647722617163164927e+01
-1.646365080235300482e+01
-1.633262652961393613e+01
-1.611666153908802457e+01
-1.584112296637764139e+01
-1.552550038263272292e+01
-1.518457828868230841e+01
-1.482944529991440774e+01
-1.446832495178834321e+01
-1.410724129016806394e+01
-1.375054207871393075e+01
-1.340130545086724823e+01
-1.306165291505717008e+01
-1.273298933256114829e+01
-1.241618574124721164e+01
-1.211171878219309939e+01
-1.181977644854784337e+01
-1.154033888857332713e+01
-1.127323970360276384e+01
-1.101821281627657001e+01
-1.077492690562496414e+01
-1.054300978973681069e+01
-1.032206324697101962e+01
-1.011167087505883444e+01
-9.911400630976945791e+00
-9.720805774960499690e+00
-9.539425750488025102e+00
-9.366789413640065121e+00
-9.202419975077658520e+00
-9.045842087954898858e+00
-8.896589035011411184e+00
-8.754210018308596020e+00
-8.618275672919674335e+00
-8.488382481998828055e+00
-8.364154867846378849e+00
-8.245246289480352431e+00
-8.131338461709155752e+00
-8.022140274107176339e+00
-7.917385500178489188e+00
-7.816830859047165347e+00
-7.720253341220796983e+00
-7.627448281364187288e+00
-7.538226909439875278e+00
-7.452414817237352551e+00
-7.369849939310969766e+00
-7.290381488490301543e+00
-7.213868355701698043e+00
-7.140178451670288418e+00
-7.069187436138167691e+00
-7.000778366833466215e+00
-6.934840660637072496e+00
-6.871269960113662201e+00
-6.809967247659830747e+00
-6.750838862282560804e+00
-6.693795710684332434e+00
-6.638753388473768169e+00
-6.585631451236412914e+00
-6.534353610691465697e+00
-6.484847042382423155e+00
-6.437042638361439195e+00
-6.390874337000556515e+00
-6.346279420795033488e+00
-6.303197859280737170e+00
-6.261572644802706478e+00
-6.221349142803319410e+00
-6.182475460917814303e+00
-6.144901802823106607e+00
-6.108580867492766409e+00
-6.073467203921206092e+00
-6.039517638236199026e+00
-6.006690627281055406e+00
-5.974946711803419852e+00
-5.944247867290459730e+00
-5.914557981782310847e+00
-5.885842202624207431e+00
-5.858067437677214606e+00
-5.831201696841127990e+00
-5.805214615599695982e+00
-5.780076790313010804e+00
-5.755760323164468062e+00
-5.732238150339725280e+00
-5.709484607550876945e+00
-5.687474750319680972e+00
-5.666184939348878125e+00
-5.645592152215347603e+00
-5.625674587940936888e+00
-5.606410969479586726e+00
-5.587781166914502329e+00
-5.569765490192206236e+00
-5.552345330438624771e+00
-5.535502442455943140e+00
-5.519219603708633848e+00
-5.503479886154241996e+00
-5.488267332502722695e+00
-5.473566217001588186e+00
-5.459361738618611071e+00
-5.445639270445005842e+00
-5.432385069492874585e+00
-5.419585514419004824e+00
-5.407227831664491724e+00
-5.395299321235847323e+00
-5.383788098946474143e+00
-5.372682310021918539e+00
-5.361970887231112926e+00
-5.351642752108677570e+00
-5.341687588789351793e+00
-5.332095032663725753e+00
-5.322855459750401863e+00
-5.313959162622403198e+00
-5.305397155171283075e+00
-5.297160335658995578e+00
-5.289240306745480957e+00
-5.281628525536533836e+00
-5.274317138761042578e+00
-5.267298119699844072e+00
-5.260564118411850565e+00
-5.254107585440864980e+00
-5.247921637001685902e+00
-5.241999165372586589e+00
-5.236333718962813855e+00
-5.230918599307902817e+00
-5.225747755949014639e+00
-5.220814869956627469e+00
-5.216114263560238662e+00
-5.211639970133515654e+00
-5.207386658519469691e+00
-5.203348689417140349e+00
-5.199521054353716032e+00
-5.195898418418089193e+00
-5.192476073837450024e+00
-5.189248969007996592e+00
-5.186212676638263908e+00
-5.183362409032136853e+00
-5.180694000765428520e+00
-5.178202910180408125e+00
-5.175885216565952796e+00
-5.173736607826177725e+00
-5.171753392138608518e+00
-5.169931471762303055e+00
-5.168267369151165802e+00
-5.166757186870438723e+00
-5.165397648144808507e+00
-5.164185042854572139e+00
-5.163116282500940457e+00
-5.162187832255032305e+00
-5.161396780325151035e+00
-5.160739756034010028e+00
-5.160214013574402792e+00
-5.159816336092005962e+00
-5.159544133817941969e+00
-5.159394334135474658e+00
-5.159364494079860641e+00
-5.159451676368971285e+00
-5.159653576261984398e+00
-5.159967383535398078e+00
-5.160390923692944831e+00
-5.160921505870110337e+00
-5.161557078389312991e+00
-5.162295062575815940e+00
-5.163133522653850171e+00
-5.164069985458313639e+00
-5.165102624667704312e+00
-5.166229066397091785e+00
-5.167447587764834260e+00
-5.168755908352508754e+00
-5.170152403103729810e+00
-5.171634879637283078e+00
-5.173201805476599802e+00
-5.174851071203655728e+00
-5.176581232018008016e+00
-5.178390256719186624e+00
-5.180276783595483714e+00
-5.182238855222641938e+00
-5.184275188683047375e+00
-5.186383896169379781e+00
-5.188563769534959569e+00
-5.190812986691424769e+00
-5.193130410491830773e+00
-5.195514280911558203e+00
-5.197963528265915123e+00
-5.200476451164062652e+00
-5.203052044063534609e+00
-5.205688660986683480e+00
-5.208385357415124872e+00
-5.211140539758657653e+00
-5.213953321592766699e+00
-5.216822158870312087e+00
-5.219746220505425249e+00
-5.222724009318413962e+00
-5.225754746969792919e+00
-5.228836980629146147e+00
-5.231969982263248831e+00
-5.235152341019321476e+00
-5.238383376872027597e+00
-5.241661718711840834e+00
-5.244986732355162218e+00
-5.248357084329006383e+00
-5.251772184249236197e+00
-5.255230734292295480e+00
-5.258732185946576543e+00
-5.262275275162592081e+00
-5.265859493482544451e+00
-5.269483608860079826e+00
-5.273147151173704472e+00
-5.276848918707110592e+00
-5.280588478052209211e+00
-5.284364656241386626e+00
-5.288177055045796493e+00
-5.292024528751043455e+00
-5.295906712856570664e+00
-5.299822487486148148e+00
-5.303771520494752423e+00
-5.307752716504794854e+00
-5.311765774427100517e+00
-5.315809622114312738e+00
-5.319883988302129829e+00
-5.323987822871468545e+00
-5.328120883216731940e+00
-5.332282140107851731e+00
-5.336471378492304574e+00
-5.340687588948505038e+00
-5.344930582928645535e+00
-5.349199369794674475e+00
-5.353493786508689567e+00
-5.357812860243114095e+00
-5.362156452525973727e+00
-5.366523607416259445e+00
-5.370914210111447318e+00
-5.375327320679399001e+00
-5.379762847135569181e+00
-5.384219864722528115e+00
-5.388698303464474648e+00
-5.393197252985725498e+00
-5.397716664549957244e+00
-5.402255641408897802e+00
-5.406814155334167538e+00
-5.411391322487156152e+00
-5.415987134451471618e+00
-5.420600719615061180e+00
-5.425232088711042344e+00
-5.429880381703309666e+00
-5.434545627844027393e+00
-5.439226978053323336e+00
-5.443924479501622393e+00
-5.448637293474817511e+00
-5.453365484489443915e+00
-5.458108223634130951e+00
-5.462865592226157752e+00
-5.467636770619957787e+00
-5.472421856413647312e+00
-5.477220038715342909e+00
-5.482031430908091529e+00
-5.486855230364849234e+00
-5.491691565780622675e+00
-5.496539642326474961e+00
-5.501399603557972640e+00
-5.506270661998768468e+00
-5.511152975633911488e+00
-5.516045763913918876e+00
-5.520949198841855754e+00
-5.525862506388243389e+00
-5.530785872181110285e+00
-5.535718528322086662e+00
-5.540660673688549309e+00
-5.545611546141379300e+00
-5.550571357448276011e+00
-5.555539350873647919e+00
-5.560515750732349716e+00
-5.565499805351888263e+00
-5.570491751266140490e+00
-5.575490841539873621e+00
-5.580497324611953580e+00
-5.585510457972509890e+00
-5.590530501665103458e+00
-5.595556717306241268e+00
-5.600589376256746021e+00
-5.605627743973411903e+00
-5.610672102858865529e+00
-5.615721721935903687e+00
-5.620776894385492994e+00
-5.625836892533352618e+00
-5.630902020086378634e+00
-5.635971552420975250e+00
-5.641045803528131231e+00
-5.646124051593148785e+00
-5.651206620659191771e+00
-5.656292791488362504e+00
-5.661382897953916249e+00
-5.666476223171991400e+00
-5.671573110632897929e+00
-5.676672845592984906e+00
-5.681775780955322652e+00
-5.686881203911149818e+00
-5.691989476580380902e+00
-5.697099887891847736e+00
-5.702212808994311821e+00
-5.707327530364752377e+00
-5.712444432000342687e+00
-5.717562805744038634e+00
-5.722683040268302435e+00
-5.727804428606994236e+00
-5.732927367941607955e+00
-5.738051152328501381e+00
-5.743176187298616675e+00
-5.748301767768900561e+00
-5.753428307466377234e+00
-5.758555102012770099e+00
-5.763682573183975144e+00
-5.768810017156524417e+00
-5.773937863613647359e+00
-5.779065409142343235e+00
-5.784193091197341374e+00
-5.789320206637015076e+00
-5.794447200556863464e+00
-5.799573369952915058e+00
-5.804699167435720675e+00
-5.809823890010038738e+00
-5.814947997680663505e+00
-5.820070787336818263e+00
-5.825192726261491316e+00
-5.830313111108492485e+00
-5.835432416327295257e+00
-5.840549938220897630e+00
-5.845666158297736281e+00
-5.850780372398688201e+00
-5.855893068987709782e+00
-5.861003543336156696e+00
-5.866112290764132098e+00
-5.871218605869720442e+00
-5.876322990733414464e+00
-5.881424739180140193e+00
-5.886524359958523078e+00
-5.891621146023789279e+00
-5.896715612704044318e+00
-5.901807051991585062e+00
-5.906895985708572105e+00
-5.911981704794416537e+00
-5.917064737483037185e+00
-5.922144373573899223e+00
-5.927221147633556342e+00
-5.932294348237655335e+00
-5.937364516208944565e+00
-5.942430938817954811e+00
-5.947494163070365936e+00
-5.952553474853039539e+00
-5.957609427283609982e+00
-5.962661304789511618e+00
-5.967709666532187818e+00
-5.972753795406137378e+00
-5.977794256550911456e+00
-5.982830331257080303e+00
-5.987862590578849620e+00
-5.992890314134268870e+00
-5.997914078831215967e+00
-6.002933162548584001e+00
-6.007948147989065291e+00
-6.012958311228044472e+00
-6.017964240706441537e+00
-6.022965210633669741e+00
-6.027961815134143642e+00
-6.032953326491004908e+00
-6.037940344459507003e+00
-6.042922139337979281e+00
-6.047899316461601948e+00
-6.052871144087291100e+00
-6.057838233081156432e+00
-6.062799849603742963e+00
-6.067756610004927609e+00
-6.072707778295407088e+00
-6.077653976263408531e+00
-6.082594465718216270e+00
-6.087529873842306039e+00
-6.092459460193491161e+00
-6.097383857306187593e+00
-6.102302322438101001e+00
-6.107215493434692277e+00
-6.112122625206353632e+00
-6.117024360870318311e+00
-6.121919952943826182e+00
-6.126810049777858147e+00
-6.131693901452016426e+00
-6.136572161514346924e+00
-6.141444077563769532e+00
-6.146310308310015458e+00
-6.151170098829275901e+00
-6.156024112959013195e+00
-6.160871593211860286e+00
-6.165713208520157806e+00
-6.170548198793354366e+00
-6.175377238026979576e+00
-6.180199563488861791e+00
-6.185015854207066788e+00
-6.189825344770346405e+00
-6.194628719209918977e+00
-6.199425209398966352e+00
-6.204215504343494558e+00
-6.208998833165652265e+00
-6.213775889818760945e+00
-6.218545900639613322e+00
-6.223309564502349289e+00
-6.228066104924756097e+00
-6.232816225676486965e+00
-6.237559147423580974e+00
-6.242295578806615453e+00
-6.247024737608079192e+00
-6.251747337315833875e+00
-6.256462592797813471e+00
-6.261171222366344047e+00
-6.265872437944597806e+00
-6.270566962647425413e+00
-6.275254005423794190e+00
-6.279934294169859932e+00
-6.284607034831680927e+00
-6.289272960066384144e+00
-6.293931272789140330e+00
-6.298582710398334505e+00
-6.303226472750926845e+00
-6.307863301967704395e+00
-6.312492394820821140e+00
-6.317114498135210532e+00
-6.321728805572169207e+00
-6.326336068643270139e+00
-6.330935477873620876e+00
-6.335527789444525659e+00
-6.340112190720088137e+00
-6.344689442535173640e+00
-6.349258729068655960e+00
-6.353820815793309151e+00
-6.358374883679183576e+00
-6.362921702821862979e+00
-6.367460450959499418e+00
-6.371991902796136031e+00
-6.376515232815302525e+00
-6.381031220315621866e+00
-6.385539036504054522e+00
-6.390039465260325180e+00
-6.394531674493271645e+00
-6.399016452650942988e+00
-6.403492964322820669e+00
-6.407962002513102995e+00
-6.412422728471156574e+00
-6.416875939745532165e+00
-6.421320794225273687e+00
-6.425758093991871256e+00
-6.430186993554339203e+00
-6.434608299516190399e+00
-6.439021162986966473e+00
-6.443426395081859326e+00
-6.447823143491894449e+00
-6.452212223833958760e+00
-6.456592780361925854e+00
-6.460965633184863499e+00
-6.465329923101197807e+00
-6.469686474703075341e+00
-6.474034425315510433e+00
-6.478374604005010085e+00
-6.482706144605704601e+00
-6.487029880650029057e+00
-6.491344942463968870e+00
-6.495652168038055230e+00
-6.499950684173059656e+00
-6.504241333310043061e+00
-6.508523238708166403e+00
-6.512797247251558730e+00
-6.517062478641435064e+00
-6.521319784198324143e+00
-6.525568280049326653e+00
-6.529808821944770081e+00
-6.534040522422126962e+00
-6.538264241655182829e+00
-6.542479088576167889e+00
-6.546685927776604075e+00
-6.550883864568247894e+00
-6.555073767954822550e+00
-6.559254739612574880e+00
-6.563427652952054103e+00
-6.567591605999504090e+00
-6.571747476567214363e+00
-6.575894359016869473e+00
-6.580033135557916246e+00
-6.584162896873174908e+00
-6.588284529564869985e+00
-6.592397120622908169e+00
-6.596501561038078165e+00
-6.600596934093664991e+00
-6.604684135165105552e+00
-6.608762243815429649e+00
-6.612832159801115495e+00
-6.616892958951447135e+00
-6.620945545400693355e+00
-6.624988991231163027e+00
-6.629024204951684318e+00
-6.633050254884615526e+00
-6.637068053910469168e+00
-6.641076666578796583e+00
-6.645077010139119444e+00
-6.649068145355475856e+00
-6.653050993843993233e+00
-6.657024612570698885e+00
-6.660989927516109965e+00
-6.664945991835864447e+00
-6.668893735872871709e+00
-6.672832208960175038e+00
-6.676762345801361853e+00
-6.680683191894802420e+00
-6.684595686303081763e+00
-6.688498870678118102e+00
-6.692393688440124500e+00
-6.696279177382701064e+00
-6.700156285282554691e+00
-6.704024046063341125e+00
-6.707883411857345379e+00
-6.711733412706678337e+00
-6.715575005098348704e+00
-6.719407215181734117e+00
-6.723231003797838667e+00
-6.727045393191979805e+00
-6.730851348558911873e+00
-6.734647888228602497e+00
-6.738435981749252512e+00
-6.742214643524594209e+00
-6.745984847456113265e+00
-6.749745604010432665e+00
-6.753497891442328260e+00
-6.757240716270481506e+00
-6.760975061103285277e+00
-6.764699928500733428e+00
-6.768416305425243529e+00
-6.772123190467447706e+00
-6.775821574944369985e+00
-6.779510453466853548e+00
-6.783190821707041351e+00
-6.786861670285645687e+00
-6.790523999230950736e+00
-6.794176795162962357e+00
-6.797821062467144237e+00
-6.801455783752617279e+00
-6.805081967763092265e+00
-6.808698593086689677e+00
-6.812306672826648146e+00
-6.815905181539902102e+00
-6.819495136690695070e+00
-6.823075508794762989e+00
-6.826647319678877501e+00
-6.830209535807618693e+00
-6.833763183372000505e+00
-6.837307224775551084e+00
-6.840842690575310137e+00
-6.844368539103908411e+00
-6.847885805286449745e+00
-6.851393443374875325e+00
-6.854892492664356851e+00
-6.858381903316453254e+00
-6.861862718998652966e+00
-6.865333885772509248e+00
-6.868796451680048598e+00
-6.872249358673239605e+00
-6.875693659171141725e+00
-6.879128291006558094e+00
-6.882554310978127532e+00
-6.885970652789995761e+00
-6.889378377623043725e+00
-6.892776415043304183e+00
-6.896165830616734382e+00
-6.899545549761826102e+00
-6.902916642432427530e+00
-6.906278029890192904e+00
-6.909630786479915798e+00
-6.912973829296995554e+00
-6.916308237080275312e+00
-6.919632922749623383e+00
-6.922948969441214295e+00
-6.926255285890167812e+00
-6.929552959633137554e+00
-6.932840895211379362e+00
-6.936120184565488955e+00
-6.939389728033602545e+00
-6.942650621963808888e+00
-6.945901762481952346e+00
-6.949144250347234042e+00
-6.952376977464131080e+00
-6.955601049006619796e+00
-6.958815352648702657e+00
-6.962020997982992121e+00
-6.965216868443917519e+00
-6.968404078046679828e+00
-6.971581505977006543e+00
-6.974750270676682185e+00
-6.977909247073866617e+00
-6.981059558040803026e+00
-6.984200074239165446e+00
-6.987331922975936749e+00
-6.990453970637141801e+00
-6.993567348968861452e+00
-6.996670920072540767e+00
-6.999765820137669792e+00
-7.002850906972181377e+00
-7.005927321213391679e+00
-7.008993916366795141e+00
-7.012051837522061071e+00
-7.015099933873302440e+00
-7.018139354967188659e+00
-7.021168945677525919e+00
-7.024189860012691078e+00
-7.027200938517312423e+00
-7.030203339666102558e+00
-7.033195899665743767e+00
-7.036179781462240435e+00
-7.039153816915256101e+00
-7.042119173447047409e+00
-7.045074678561510595e+00
-7.048021504162123030e+00
-7.050958473388027059e+00
-7.053886762629127283e+00
-7.056805190650952575e+00
-7.059714938334959555e+00
-7.062614820064271548e+00
-7.065506021217045962e+00
-7.068387351785127670e+00
-7.071260001648835392e+00
-7.074122776399812018e+00
-7.076976870425906618e+00
-7.079821084909737827e+00
-7.082656618752100286e+00
-7.085482268717736787e+00
-7.088299238226029253e+00
-7.091106319614922882e+00
-7.093904720827936217e+00
-7.096693229767488731e+00
-7.099473058906841771e+00
-7.102242991703962893e+00
-7.105004245167730659e+00
-7.107755598302701650e+00
-7.110498272659314445e+00
-7.113231042779749380e+00
-7.115955134761883016e+00
-7.118669318676676738e+00
-7.121374825175408319e+00
-7.124070419848917979e+00
-7.126757337907944745e+00
-7.129434340454301022e+00
-7.132102667264285323e+00
-7.134761074941748049e+00
-7.137410807834736026e+00
-7.140050618040214125e+00
-7.142681754484231149e+00
-7.145302964747968666e+00
-7.147915502341729344e+00
-7.150518110321895549e+00
-7.153112046789541267e+00
-7.155696050267216890e+00
-7.158271383453244319e+00
-7.160836780327341167e+00
-7.163393508191556514e+00
-7.165940296473770843e+00
-7.168478417086376453e+00
-7.171006594896460307e+00
-7.173526106433399718e+00
-7.176035671994301701e+00
-7.178536572732308052e+00
-7.181027524365588555e+00
-7.183509812677765893e+00
-7.185982148798929714e+00
-7.188445823150152236e+00
-7.190899542264331146e+00
-7.193344601206787203e+00
-7.195779701904146286e+00
-7.198206144073021839e+00
-7.200622625024582391e+00
-7.203030449133795976e+00
-7.205428309087234418e+00
-7.207817513925220076e+00
-7.210196751700578055e+00
-7.212567336126283202e+00
-7.214927950612044505e+00
-7.217279913550733284e+00
-7.219621903699813714e+00
-7.221955244139343755e+00
-7.224278608965143178e+00
-7.226593325951848890e+00
-7.228898064524450717e+00
-7.231194157159554159e+00
-7.233480268601949703e+00
-7.235757736037731647e+00
-7.238025219522119968e+00
-7.240284060958264156e+00
-7.242532915702503793e+00
-7.244773130382553994e+00
-7.247003355646430833e+00
-7.249224942854240794e+00
-7.251436537936236881e+00
-7.253639496992501989e+00
-7.255832461226114916e+00
-7.258016791485030872e+00
-7.260191124235565674e+00
-7.262356825081423217e+00
-7.264512525742690130e+00
-7.266659596586655390e+00
-7.268796664577634736e+00
-7.270925104854538468e+00
-7.273043539616298681e+00
-7.275153348781457474e+00
-7.277253149773956764e+00
-7.279344327300077744e+00
-7.281425493999089227e+00
-7.283498039373251132e+00
-7.285560571267452268e+00
-7.287614483988082092e+00
-7.289658380575942509e+00
-7.291693660149923595e+00
-7.293718920936915318e+00
-7.295735566876593303e+00
-7.297742191372250886e+00
-7.299740203192729204e+00
-7.301728190907889271e+00
-7.303707568124194083e+00
-7.305676918568145162e+00
-7.307637660692432036e+00
-7.309588373370297099e+00
-7.311530479909220226e+00
-7.313462554319218434e+00
-7.315386024771231455e+00
-7.317299460402096223e+00
-7.319204294254879173e+00
-7.321099090583219393e+00
-7.322985287311088776e+00
-7.324861443798833527e+00
-7.326729002860276729e+00
-7.328586518952306506e+00
-7.330435439787370555e+00
-7.332274314908857171e+00
-7.334104596936859011e+00
-7.335924830490992754e+00
-7.337736473107973723e+00
-7.339538064473548395e+00
-7.341331067050060000e+00
-7.343114015579029541e+00
-7.344888377457682971e+00
-7.346652682472954332e+00
-7.348408402966158270e+00
-7.350154063759325673e+00
-7.351891142147048086e+00
-7.353618157976043790e+00
-7.355336593503561282e+00
-7.357044963590550601e+00
-7.358744755466253729e+00
-7.360434478995413698e+00
-7.362115626388676226e+00
-7.363786702504058646e+00
-7.365449204543097927e+00
-7.367101632346482631e+00
-7.368745488116269726e+00
-7.370379266665116447e+00
-7.372004475205270246e+00
-7.373619603510697118e+00
-7.375226163813470848e+00
-7.376822640838186729e+00
-7.378410551846436682e+00
-7.379988376502714331e+00
-7.381557637107974301e+00
-7.383116808255698160e+00
-7.384667417296161496e+00
-7.386207933741011367e+00
-7.387739889999620502e+00
-7.389261750490891956e+00
-7.390775052693451919e+00
-7.392278255922414054e+00
-7.393772902735648245e+00
-7.395257447333519529e+00
-7.396733437363280039e+00
-7.398199321899480374e+00
-7.399656653688896135e+00
-7.401103876669152370e+00
-7.402542548696786184e+00
-7.403971108561322900e+00
-7.405391119239427056e+00
-7.406801014361265700e+00
-7.408202362033993182e+00
-7.409593590717139300e+00
-7.410976273658754110e+00
-7.412348834136423648e+00
-7.413712850549654121e+00
-7.415066740982640958e+00
-7.416412088996930052e+00
-7.417747307471858065e+00
-7.419073985141625194e+00
-7.420390529669241175e+00
-7.421698534972248851e+00
-7.422996403485841554e+00
-7.424285734321622421e+00
-7.425564924675256862e+00
-7.426835578863301812e+00
-7.428096088830308474e+00
-7.429348064108602934e+00
-7.430589891379876022e+00
-7.431823185403223064e+00
-7.433046327585675961e+00
-7.434260937924102919e+00
-7.435465392539040153e+00
-7.436661316676221212e+00
-7.437847081157834772e+00
-7.439024316489601496e+00
-7.440191388183309940e+00
-7.441349932015999258e+00
-7.442498308177045274e+00
-7.443638157725992244e+00
-7.444767835517807519e+00
-7.445888987905902923e+00
-7.446999964398589356e+00
-7.448102416654662328e+00
-7.449194688823614463e+00
-7.450278437880974991e+00
-7.451352002605222680e+00
-7.452417045300213871e+00
-7.453471899361070463e+00
-7.454518232431543545e+00
-7.455554372511005390e+00
-7.456581992594881747e+00
-7.457599415274317245e+00
-7.458608318908084733e+00
-7.459607020666650712e+00
-7.460597204284048267e+00
-7.461577181497331956e+00
-7.462548641427688700e+00
-7.463509890366240462e+00
-7.464462622833242911e+00
-7.465405139661174694e+00
-7.466339140781403039e+00
-7.467262921554913113e+00
-7.468178187336326879e+00
-7.469083228002348029e+00
-7.469979754343021305e+00
-7.470866050737817510e+00
-7.471743833424420167e+00
-7.472611381272129982e+00
-7.473470415978606063e+00
-7.474319210889943221e+00
-7.475159493176081860e+00
-7.475989530646836023e+00
-7.476811055956958718e+00
-7.477622331366686304e+00
-7.478425095028190306e+00
-7.479217603638852907e+00
-7.480001600860836319e+00
-7.480775337815393833e+00
-7.481540563687318013e+00
-7.482295524008410581e+00
-7.483041973498747446e+00
-7.483778152087223745e+00
-7.484505820042111957e+00
-7.485223211675736898e+00
-7.485932092817555450e+00
-7.486630692149722321e+00
-7.487320781075714748e+00
-7.488000582633954849e+00
-7.488671873815063051e+00
-7.489332871999780039e+00
-7.489985359778983387e+00
-7.490627548862064167e+00
-7.491261227453321681e+00
-7.491884601576819236e+00
-7.492499465063521491e+00
-7.493104018238240016e+00
-7.493700060572007438e+00
-7.494285786676240235e+00
-7.494863001675408753e+00
-7.495429894453500275e+00
-7.495988275801932943e+00
-7.496536328862988263e+00
-7.497075870108644402e+00
-7.497605076925104584e+00
-7.498125771478636459e+00
-7.498636125385055529e+00
-7.499137966518533815e+00
-7.499629460710100837e+00
-7.500112441555677023e+00
-7.500585069086913137e+00
-7.501049182635362911e+00
-7.501502936418741996e+00
-7.501948175518178275e+00
-7.502383048322746717e+00
-7.502809405677311361e+00
-7.503225390127389538e+00
-7.503632858295681274e+00
-7.504029946869430034e+00
-7.504418518263348936e+00
-7.504796703291462201e+00
-7.505166370174741530e+00
-7.505525643838939942e+00
-7.505876398325776577e+00
-7.506216752657601354e+00
-7.506548586711215165e+00
-7.506870013590486224e+00
-7.507182919021877510e+00
-7.507485410175328333e+00
-7.507779378641739498e+00
-7.508062925641760366e+00
-7.508337948645256610e+00
-7.508602542908320743e+00
-7.508858611794525295e+00
-7.509104244579784648e+00
-7.509341350536391069e+00
-7.509568012944373372e+00
-7.509786146999656964e+00
-7.509993829970730950e+00
-7.510192982992176525e+00
-7.510381677305163706e+00
-7.510561839998026734e+00
-7.510731536268759001e+00
-7.510892699174647191e+00
-7.511043387854422271e+00
-7.511185541349772343e+00
-7.511317212724028636e+00
-7.511440347018637276e+00
-7.511552991205435958e+00
-7.511657096341004980e+00
-7.511750703289497011e+00
-7.511835769138183849e+00
-7.511910328627118716e+00
-7.511976344890010537e+00
-7.512031846526287637e+00
-7.512078802731810612e+00
-7.512115235948903624e+00
-7.512143121451408057e+00
-7.512160475507902113e+00
-7.512169279486108131e+00
-7.512167543464026487e+00
-7.512157254919427096e+00
-7.512136417722862447e+00
-7.512107025478123035e+00
-7.512067075831545537e+00
-7.512018568529073015e+00
-7.511959494975735119e+00
-7.511891861075983279e+00
-7.511813651976325446e+00
-7.511726879756190023e+00
-7.511629523286308618e+00
-7.511523600837534786e+00
-7.511407084987535399e+00
-7.511282000215040000e+00
-7.511146312787250423e+00
-7.511002053407500156e+00
-7.510847182014951606e+00
-7.510683735554385621e+00
-7.510509667619073682e+00
-7.510327021412157578e+00
-7.510133744163465686e+00
-7.509931885351181613e+00
-7.509719385823881765e+00
-7.509498301352058647e+00
-7.509266566384899200e+00
-7.509026243002265844e+00
-7.508775259235941135e+00
-7.508515683492527515e+00
-7.508245437368116448e+00
-7.507966595613315697e+00
-7.507677073370334853e+00
-7.507378951751274343e+00
-7.507070139425946032e+00
-7.506752723885461442e+00
-7.506424607308815666e+00
-7.506087883583781206e+00
-7.505740448379825125e+00
-7.505384401999108945e+00
-7.505017633582941272e+00
-7.504642249865650427e+00
-7.504256133441446153e+00
-7.503861397494890006e+00
-7.503455918054117824e+00
-7.503041814771893137e+00
-7.502616957091221117e+00
-7.502183471151283811e+00
-7.501739219790647617e+00
-7.501286335653191806e+00
-7.500822674953745661e+00
-7.500350376859267421e+00
-7.499867290941392817e+00
-7.499375562908538129e+00
-7.498873035669672227e+00
-7.498361861493244795e+00
-7.497839876605769227e+00
-7.497309239854554441e+00
-7.496767780763780031e+00
-7.496217664778321854e+00
-7.495656714700153600e+00
-7.495087102590666461e+00
-7.494506644509502102e+00
-7.493917519153534990e+00
-7.493317535820007258e+00
-7.492708879860341398e+00
-7.492089353788931483e+00
-7.491461149631073013e+00
-7.490822063097962058e+00
-7.490174292908027276e+00
-7.489515627948605037e+00
-7.488848273650730469e+00
-7.488170012057268288e+00
-7.487483055331392023e+00
-7.486785178650579020e+00
-7.486078600929843674e+00
-7.485361090460337152e+00
-7.484634872928692673e+00
-7.483897709718511315e+00
-7.483151833308080647e+00
-7.482394998152230414e+00
-7.481629443540780855e+00
-7.480852916978472322e+00
-7.480067664586706577e+00
-7.479271426898717046e+00
-7.478466456887804981e+00
-7.477650488093845027e+00
-7.476825780362400309e+00
-7.475990060218326683e+00
-7.475145594399821292e+00
-7.474290102394804514e+00
-7.473425857854699927e+00
-7.472550573208310176e+00
-7.471666529041132598e+00
-7.470771430700587246e+00
-7.469867565726996617e+00
-7.468952632364047162e+00
-7.468028925127835116e+00
-7.467094135135755373e+00
-7.466150563900774806e+00
-7.465195895391333991e+00
-7.464232438138357573e+00
-7.463257868938554473e+00
-7.462274503362150924e+00
-7.461280011011085733e+00
-7.460276714516303365e+00
-7.459262276261821256e+00
-7.458239025960868851e+00
-7.457204618756281711e+00
-7.456161391465146338e+00
-7.455106991965671170e+00
-7.454043764200679156e+00
-7.452969348760117185e+00
-7.451886096734344100e+00
-7.450791641401268706e+00
-7.449688341020937798e+00
-7.448573821535263484e+00
-7.447450448396109479e+00
-7.446315840185224744e+00
-7.445172369568540560e+00
-7.444017647743517152e+00
-7.442854054612521253e+00
-7.441679193964191974e+00
-7.440495452959877021e+00
-7.439300427954866457e+00
-7.438096513392090436e+00
-7.436881298168687593e+00
-7.435657184031964739e+00
-7.434421752395942384e+00
-7.433177412335267853e+00
-7.431921737755635249e+00
-7.430657145082059323e+00
-7.429381200686702158e+00
-7.428096328368004819e+00
-7.426800086939105761e+00
-7.425494907595205696e+00
-7.424178341564712902e+00
-7.422852827463072956e+00
-7.421515908907976744e+00
-7.420170031958735812e+00
-7.418812732596416382e+00
-7.417446464347628776e+00
-7.416068755530644374e+00
-7.414682067163269608e+00
-7.413283919874522176e+00
-7.411876782197333036e+00
-7.410458167044801314e+00
-7.409030550489084099e+00
-7.407591437700608239e+00
-7.406143312314924287e+00
-7.404683671732703587e+00
-7.403215007177239571e+00
-7.401734808252380837e+00
-7.400245573793513998e+00
-7.398744785580211314e+00
-7.397234950084656369e+00
-7.395713541234453459e+00
-7.394183073163357989e+00
-7.392641011919211635e+00
-7.391089879322071177e+00
-7.389527133512156176e+00
-7.387955304020819902e+00
-7.386371841052283393e+00
-7.384779281874443768e+00
-7.383175068727050316e+00
-7.381561746639771826e+00
-7.379936749859334455e+00
-7.378302631202450890e+00
-7.376656816894012536e+00
-7.375001867563390157e+00
-7.373335201384446869e+00
-7.371659386824896742e+00
-7.369971833978293141e+00
-7.368275119176549204e+00
-7.366566644403338415e+00
-7.364848993880622530e+00
-7.363119561452586836e+00
-7.361380939257379907e+00
-7.359630512969529192e+00
-7.357870882669681478e+00
-7.356099425832595351e+00
-7.354318750507721880e+00
-7.352526225939510773e+00
-7.350724468172820103e+00
-7.348910838191222261e+00
-7.347087960061545964e+00
-7.345253186475506624e+00
-7.343409149548840276e+00
-7.341553193650200093e+00
-7.339687958971137682e+00
-7.337810781526000525e+00
-7.335924309609153759e+00
-7.334025870848984496e+00
-7.332118121670029076e+00
-7.330198381282800213e+00
-7.328269314269422630e+00
-7.326328231390400347e+00
-7.324377805413013753e+00
-7.322415338615405389e+00
-7.320443511977714479e+00
-7.318459619263132154e+00
-7.316466349692587023e+00
-7.314460988481374493e+00
-7.312446233119209715e+00
-7.310419360240510755e+00
-7.308383075631950554e+00
-7.306334647313623698e+00
-7.304276789397591507e+00
-7.302206761255994216e+00
-7.300127285354789386e+00
-7.298035612384349058e+00
-7.295934473193208980e+00
-7.293821109755802112e+00
-7.291698261332125064e+00
-7.289563161146292991e+00
-7.287418556898818345e+00
-7.285261673028840868e+00
-7.283095265706645449e+00
-7.280916550551570054e+00
-7.278728292232940156e+00
-7.276527697515072113e+00
-7.274317539596066418e+00
-7.272095016349810592e+00
-7.269862909532887940e+00
-7.267618408093071913e+00
-7.265364302375446393e+00
-7.263097772365723515e+00
-7.260821617027609420e+00
-7.258533007348554555e+00
-7.256234750941316314e+00
-7.253924009758585534e+00
-7.251603600092720647e+00
-7.249270674824975558e+00
-7.246928058958069130e+00
-7.244572896264833695e+00
-7.242208020489314890e+00
-7.239830566258723010e+00
-7.237443376089682801e+00
-7.235043575426217899e+00
-7.232634015588917720e+00
-7.230211812800969362e+00
-7.227779827218586917e+00
-7.225335165806015425e+00
-7.222880697587108934e+00
-7.220413520228899706e+00
-7.217936511654848175e+00
-7.215446760196405407e+00
-7.212947152709038079e+00
-7.210434768149805329e+00
-7.207912502338804650e+00
-7.205377424819627841e+00
-7.202832440410037229e+00
-7.200274609200842946e+00
-7.197706845040597656e+00
-7.195126198527844963e+00
-7.192535592575268311e+00
-7.189932068249490271e+00
-7.187318557561084731e+00
-7.184692092004694608e+00
-7.182055612722722415e+00
-7.179406141597643121e+00
-7.176746628938045269e+00
-7.174074086973758035e+00
-7.171391475214067945e+00
-7.168695796195473591e+00
-7.165990018662969696e+00
-7.163271135418731284e+00
-7.160542124478629589e+00
-7.157799968869450247e+00
-7.155047655913490345e+00
-7.152282158820735702e+00
-7.149506474255789890e+00
-7.146717565570299691e+00
-7.143918438807370208e+00
-7.141106047418497305e+00
-7.138283406861940072e+00
-7.135447460646970441e+00
-7.132601233683964814e+00
-7.129741659497749851e+00
-7.126871772488111212e+00
-7.123988496153105920e+00
-7.121094874419627629e+00
-7.118187820716234349e+00
-7.115270388535069657e+00
-7.112339481192464063e+00
-7.109398161784270087e+00
-7.106443323471546059e+00
-7.103478038992831145e+00
-7.100499191310713165e+00
-7.097509862845737594e+00
-7.094506926318731921e+00
-7.091493473871990361e+00
-7.088466367940947421e+00
-7.085428710429986232e+00
-7.082377353445499679e+00
-7.079315408694506040e+00
-7.076239717910489446e+00
-7.073153402644384080e+00
-7.070053294212688577e+00
-7.066942524051794905e+00
-7.063817913017094163e+00
-7.060682602472606817e+00
-7.057533402768227937e+00
-7.054373465238216845e+00
-7.051199589682545010e+00
-7.048014937448843220e+00
-7.044816297742492850e+00
-7.041606841968182096e+00
-7.038383348692017094e+00
-7.035148999419884142e+00
-7.031900562033718494e+00
-7.028641228185344758e+00
-7.025367755027550842e+00
-7.022083344403488248e+00
-7.018784742691575040e+00
-7.015475161972118734e+00
-7.012151337803972595e+00
-7.008816492551152244e+00
-7.005467350907572666e+00
-7.002107145567888047e+00
-6.998732590315662527e+00
-6.995346928223910687e+00
-6.991946862120292927e+00
-6.988535645504394545e+00
-6.985109970202323382e+00
-6.981673100189206949e+00
-6.978221716243798944e+00
-6.974759092866263721e+00
-6.971281899742186816e+00
-6.967793421947021670e+00
-6.964290318027242854e+00
-6.960775883684387821e+00
-6.957246766279874706e+00
-6.953706272192778037e+00
-6.950151037553355948e+00
-6.946584379470546189e+00
-6.943002922797179899e+00
-6.939409995424887789e+00
-6.935802210882956231e+00
-6.932182907899277602e+00
-6.928548688633253683e+00
-6.924902902703363061e+00
-6.921242140852641000e+00
-6.917569763645261993e+00
-6.913882350361472362e+00
-6.910183272566801094e+00
-6.906469098032225418e+00
-6.902743209381145384e+00
-6.899002162828602458e+00
-6.895249352113109076e+00
-6.891481321847207298e+00
-6.887701476942472922e+00
-6.883906350362161142e+00
-6.880099358249680108e+00
-6.876277021872172490e+00
-6.872442768664554613e+00
-6.868593108150842674e+00
-6.864731479117709867e+00
-6.860854379299285988e+00
-6.856965258894986981e+00
-6.853060603801968576e+00
-6.849143875694416295e+00
-6.845211548585325545e+00
-6.841267095686340838e+00
-6.837306979079196267e+00
-6.833334683576360646e+00
-6.829346659281052112e+00
-6.825346402670968260e+00
-6.821330351823360338e+00
-6.817302014946323041e+00
-6.813257818043704894e+00
-6.809201281119840132e+00
-6.805128818057625040e+00
-6.801043960724490134e+00
-6.796943110834737567e+00
-6.792829812186388594e+00
-6.788700454277352137e+00
-6.784558592904755159e+00
-6.780400605302210337e+00
-6.776230059335119016e+00
-6.772043319924834215e+00
-6.767843967075184430e+00
-6.763628353346975430e+00
-6.759400070953433648e+00
-6.755155460046587734e+00
-6.750898125120818882e+00
-6.746624393870776615e+00
-6.742337883144695176e+00
-6.738034908131337097e+00
-6.733719098106111467e+00
-6.729386755703029799e+00
-6.725041522699015673e+00
-6.720679689124462008e+00
-6.716304909332840190e+00
-6.711913460701680378e+00
-6.707509010237052038e+00
-6.703087822614215874e+00
-6.698653577568608242e+00
-6.694202527023536575e+00
-6.689738363521509079e+00
-6.685257326184078863e+00
-6.680763120439218383e+00
-6.676251972556572767e+00
-6.671727600928972990e+00
-6.667186218923672136e+00
-6.662631557978475172e+00
-6.658059818507641836e+00
-6.653474745074917429e+00
-6.648872525090518515e+00
-6.644256916325860907e+00
-6.639624093135930494e+00
-6.634977826582342253e+00
-6.630314277913143428e+00
-6.625637231563666241e+00
-6.620942835622989797e+00
-6.616234887984278501e+00
-6.611509523525354481e+00
-6.606770553682182801e+00
-6.602014100068498870e+00
-6.597243987749016547e+00
-6.592456325020168428e+00
-6.587654950661851139e+00
-6.582835959599660391e+00
-6.578003204416080330e+00
-6.573152766611752185e+00
-6.568288512659928635e+00
-6.563406510581701880e+00
-6.558510640829910976e+00
-6.553596957891279828e+00
-6.548669356287790677e+00
-6.543723876916080151e+00
-6.538764428457798594e+00
-6.533787038163457517e+00
-6.528795628965488262e+00
-6.523786214411523510e+00
-6.518762731776721608e+00
-6.513721180848627945e+00
-6.508665513337639652e+00
-6.503591715213389080e+00
-6.498503752714862358e+00
-6.493397597935214094e+00
-6.488277231736081951e+00
-6.483138612275008761e+00
-6.477985735130983080e+00
-6.472814544466102937e+00
-6.467629050672099034e+00
-6.462425183855061483e+00
-6.457206969315668843e+00
-6.451970323042668376e+00
-6.446719285342352279e+00
-6.441449758024202055e+00
-6.436165796497517633e+00
-6.430863288329651262e+00
-6.425546304131124487e+00
-6.420210717163426395e+00
-6.414860613337032724e+00
-6.409491851543049457e+00
-6.404108533091418920e+00
-6.398706502437502941e+00
-6.393289876390583437e+00
-6.387854484904156749e+00
-6.382404460387511413e+00
-6.376935618225066271e+00
-6.371452106527401682e+00
-6.365949726041663759e+00
-6.360432640681732863e+00
-6.354896636488405193e+00
-6.349345893281248543e+00
-6.343776182324659452e+00
-6.338191699446975136e+00
-6.332588201065164846e+00
-6.326969899119966101e+00
-6.321332535108660444e+00
-6.315680337188701365e+00
-6.310009031864523443e+00
-6.304322863615099415e+00
-6.298617543877607972e+00
-6.292897333558026496e+00
-6.287157928950801278e+00
-6.281403607494786101e+00
-6.275630050265139204e+00
-6.269841551340162411e+00
-6.264033776497925921e+00
-6.258211036563200658e+00
-6.252368981937957315e+00
-6.246511940301121335e+00
-6.240635546598239713e+00
-6.234744145470650700e+00
-6.228833356326025417e+00
-6.222907540876774668e+00
-6.216962302909873728e+00
-6.211002021318159372e+00
-6.205022284183792536e+00
-6.199027487689845017e+00
-6.193013204128268612e+00
-6.186983847082659693e+00
-6.180934972968032959e+00
-6.174871012879426857e+00
-6.168787507266679349e+00
-6.162688904847858140e+00
-6.156570730017939752e+00
-6.150437449229970710e+00
-6.144284570733132611e+00
-6.138116578827986558e+00
-6.131928965525457187e+00
-6.125726233086737693e+00
-6.119503857190438545e+00
-6.113266358172099402e+00
-6.107009195282632419e+00
-6.100736907046038660e+00
-6.094444936188565087e+00
-6.088137839537497875e+00
-6.081811043195799016e+00
-6.075469122409461242e+00
-6.069107486558083409e+00
-6.062730729422193932e+00
-6.056334243556362296e+00
-6.049922641392185163e+00
-6.043491298555888847e+00
-6.037044846247222374e+00
-6.030578643059120836e+00
-6.024097339077216340e+00
-6.017596275754507396e+00
-6.011080122180718632e+00
-6.004544202560831323e+00
-5.997993205107638559e+00
-5.991422436667909857e+00
-5.984836604697053808e+00
-5.978230998572125365e+00
-5.971610345111326268e+00
-5.964969916108440628e+00
-5.958314457865414582e+00
-5.951639224477645485e+00
-5.944948981852254732e+00
-5.938238966269311803e+00
-5.931513963363351571e+00
-5.924769191480465658e+00
-5.918009456105423283e+00
-5.911229957529785750e+00
-5.904435521212264781e+00
-5.897621329267522583e+00
-5.890792227252529045e+00
-5.883943378980836414e+00
-5.877079650232848174e+00
-5.870196186394974092e+00
-5.863297873596851062e+00
-5.856379838669863780e+00
-5.849446988219594523e+00
-5.842494430392522808e+00
-5.835527092397748916e+00
-5.828540063565045060e+00
-5.821538291835317125e+00
-5.814516847588106607e+00
-5.807480699625280351e+00
-5.800424899240519849e+00
-5.793354436226725745e+00
-5.786264342654176218e+00
-5.779159629437817358e+00
-5.772035309284918370e+00
-5.764896414364521604e+00
-5.757737937879356949e+00
-5.750564933385273747e+00
-5.743372374437091032e+00
-5.736165336111390900e+00
-5.728938772169392735e+00
-5.721697779343328349e+00
-5.714437291453332790e+00
-5.707162427023223294e+00
-5.699868099782359643e+00
-5.692559450183090952e+00
-5.685231371712419879e+00
-5.677889026889410218e+00
-5.670527288804784405e+00
-5.663151342183644132e+00
-5.655756039564583837e+00
-5.648346588019131254e+00
-5.640917819375824926e+00
-5.633474963194204044e+00
-5.626012830432685519e+00
-5.618536673281658622e+00
-5.611041281667159986e+00
-5.603531930554654927e+00
-5.596003388673301160e+00
-5.588460953909106799e+00
-5.580899373627857152e+00
-5.573323968782851523e+00
-5.565729465207688520e+00
-5.558121207071153869e+00
-5.550493898503781054e+00
-5.542852907039364396e+00
-5.535192914932125063e+00
-5.527519313232040155e+00
-5.519826762141552656e+00
-5.512120676379334228e+00
-5.504395693918420207e+00
-5.496657253300202939e+00
-5.488899970088384705e+00
-5.481129306802840162e+00
-5.473339856415558202e+00
-5.465537105582227717e+00
-5.457715624498614027e+00
-5.449880924115151792e+00
-5.442027551664531337e+00
-5.434161042552506871e+00
-5.426275920859481516e+00
-5.418377746609086110e+00
-5.410461020537744581e+00
-5.402531327451110421e+00
-5.394583144547746123e+00
-5.386622081581377230e+00
-5.378642592016205981e+00
-5.370650310722085763e+00
-5.362639667230086005e+00
-5.354616321695949921e+00
-5.346574679516327144e+00
-5.338520426304826039e+00
-5.330447943119907883e+00
-5.322362941206889353e+00
-5.314259777079824332e+00
-5.306144187791734801e+00
-5.298010505103493806e+00
-5.289864492053893308e+00
-5.281700455439395370e+00
-5.273524184464870146e+00
-5.265329960748341698e+00
-5.257123599843406048e+00
-5.248899357973183299e+00
-5.240663077224686717e+00
-5.232408988207177813e+00
-5.224142959728114377e+00
-5.215859196561125621e+00
-5.207563594423821662e+00
-5.199250332029689226e+00
-5.190925332198344400e+00
-5.182582747356032193e+00
-5.174228527618964790e+00
-5.165856798896196977e+00
-5.157473538797530566e+00
-5.149072846482232180e+00
-5.140660727253250073e+00
-5.132231253284607497e+00
-5.123790457774825668e+00
-5.115332385674319582e+00
-5.106863098282093283e+00
-5.098376613083875242e+00
-5.089879019687061579e+00
-5.081364307868401653e+00
-5.072838595754443958e+00
-5.064295845165994514e+00
-5.055742202962187903e+00
-5.047171602757844155e+00
-5.038590220361361283e+00
-5.029991960928438033e+00
-5.021383029436208290e+00
-5.012757302325189457e+00
-5.004121013963886533e+00
-4.995468011818445575e+00
-4.986804559874561171e+00
-4.978124476361449169e+00
-4.969434055111088711e+00
-4.960727084850215185e+00
-4.952009889489432659e+00
-4.943276227984021887e+00
-4.934532454558928194e+00
-4.925772298125823845e+00
-4.917002143463097497e+00
-4.908215689163261786e+00
-4.899419350800779505e+00
-4.890606796370056131e+00
-4.881784472487768589e+00
-4.872946016267798441e+00
-4.864097905618895545e+00
-4.855233746488575974e+00
-4.846360048331067816e+00
-4.837470385637978154e+00
-4.828571299666386984e+00
-4.819656333158940598e+00
-4.810732059436715780e+00
-4.801791989196457777e+00
-4.792842728088356097e+00
-4.783877754462870335e+00
-4.774903706568237816e+00
-4.765914030104235977e+00
-4.756915396190478873e+00
-4.747901217567677357e+00
-4.738878198504227868e+00
-4.729839718469620813e+00
-4.720792515162538727e+00
-4.711729934465051173e+00
-4.702658747792090033e+00
-4.693572267117970931e+00
-4.684477297864300560e+00
-4.675367117773065573e+00
-4.666248566567358758e+00
-4.657114887428186911e+00
-4.647972954679687518e+00
-4.638815976608695379e+00
-4.629650862444488979e+00
-4.620470785242351219e+00
-4.611282689445587835e+00
-4.602079712536089495e+00
-4.592868834484871599e+00
-4.583643156853818290e+00
-4.574409695460504466e+00
-4.565161515595685060e+00
-4.555905669247234613e+00
-4.546635185078818253e+00
-4.537357151577581682e+00
-4.528064560419288398e+00
-4.518764536924623876e+00
-4.509450035415741631e+00
-4.500128218386430845e+00
-4.490792002434410790e+00
-4.481448587571742692e+00
-4.472090852295702135e+00
-4.462726034487216609e+00
-4.453346974162119665e+00
-4.443960947426377928e+00
-4.434560755427895629e+00
-4.425153712859875021e+00
-4.415732581610138041e+00
-4.406304715327352461e+00
-4.396862836241686168e+00
-4.387414337331147607e+00
-4.377951900765089555e+00
-4.368482959231111629e+00
-4.359000154428705365e+00
-4.349510959141447586e+00
-4.340007974184003636e+00
-4.330498712828896757e+00
-4.320975734584766137e+00
-4.311446593612565437e+00
-4.301903807687634362e+00
-4.292354972265449931e+00
-4.282792562954422344e+00
-4.273224216917435037e+00
-4.263642367155920709e+00
-4.254054692959940098e+00
-4.244453584277344760e+00
-4.234846762952279242e+00
-4.225226575425475417e+00
-4.215600786529351218e+00
-4.205961698737145760e+00
-4.196317120311135795e+00
-4.186659309289638031e+00
-4.176996117813804865e+00
-4.167319759012351632e+00
-4.157638129362040580e+00
-4.147943396600106247e+00
-4.138243502003478902e+00
-4.128530567428191134e+00
-4.118812579424033338e+00
-4.109081613468630323e+00
-4.099345701865374281e+00
-4.089596873208285466e+00
-4.079843206043482162e+00
-4.070076681568154164e+00
-4.060305425068879259e+00
-4.050521369824401141e+00
-4.040732688368219527e+00
-4.030931265530660390e+00
-4.021125321607511793e+00
-4.011306692441990229e+00
-4.001483646616592615e+00
-3.991647970439958559e+00
-3.981807981315118372e+00
-3.971955415459391681e+00
-3.962098639639737740e+00
-3.952229339416374998e+00
-3.942355931473031205e+00
-3.932470050137467421e+00
-3.922580162573246376e+00
-3.912677851290483844e+00
-3.902771634505783904e+00
-3.892853042316376744e+00
-3.882930644575580015e+00
-3.872995918362480694e+00
-3.863057485761153043e+00
-3.853106770216704113e+00
-3.843152446649266363e+00
-3.833185884243386354e+00
-3.823215811371396988e+00
-3.813233542319791169e+00
-3.803247859540828557e+00
-3.793250021774111413e+00
-3.783248866191143200e+00
-3.773235595324280656e+00
-3.763219101715566062e+00
-3.753190531017932763e+00
-3.743158831807523956e+00
-3.733115092173454386e+00
-3.723068317401993177e+00
-3.713009537321772857e+00
-3.702947814618017475e+00
-3.692874120149245432e+00
-3.682797574701736742e+00
-3.672709089441340780e+00
-3.662617843970799925e+00
-3.652514689027160255e+00
-3.642408863759025728e+00
-3.632291157724754083e+00
-3.622170870362228179e+00
-3.612038729287196492e+00
-3.601904094984679894e+00
-3.591757632349281693e+00
-3.581608763685995900e+00
-3.571448090374925055e+00
-3.561285097328989124e+00
-3.551110321605102538e+00
-3.540933311527802108e+00
-3.530744539006420712e+00
-3.520553616596768354e+00
-3.510350950220110011e+00
-3.500146217499597423e+00
-3.489929757511414099e+00
-3.479711313798967698e+00
-3.469481157719403353e+00
-3.459249099606653388e+00
-3.449005342207177360e+00
-3.438759763533650649e+00
-3.428502496812316114e+00
-3.418243488640820615e+00
-3.407972801797335638e+00
-3.397700452389533776e+00
-3.387416431800586381e+00
-3.377130826592535939e+00
-3.366833555787159593e+00
-3.356534777364814648e+00
-3.346224336999556570e+00
-3.335912465074487798e+00
-3.325588932908755790e+00
-3.315264044293547041e+00
-3.304927495164890594e+00
-3.294589663748676234e+00
-3.284240169547753219e+00
-3.273889466271523663e+00
-3.263527095917150955e+00
-3.253163588749065305e+00
-3.242788408162987857e+00
-3.232412162073265982e+00
-3.222024234154819311e+00
-3.211635311090666356e+00
-3.201234695691012710e+00
-3.190833154551172779e+00
-3.180419908447461808e+00
-3.170005805056427040e+00
-3.159579981925501269e+00
-3.149153369007587688e+00
-3.138715019399308748e+00
-3.128275946552142806e+00
-3.117825117862429440e+00
-3.107373631530059743e+00
-3.096910367973359612e+00
-3.086446511419118632e+00
-3.075970854000395605e+00
-3.065494667278929164e+00
-3.055006653765222069e+00
-3.044518173694272356e+00
-3.034017838585474358e+00
-3.023517098716803186e+00
-3.013004473215946000e+00
-3.002491503805861495e+00
-2.991966615788666406e+00
-2.981441443767636201e+00
-2.970904317751362544e+00
-2.960366966693023016e+00
-2.949817623804350752e+00
-2.939268113893628964e+00
-2.928706571835924866e+00
-2.918144919836332285e+00
-2.907571192855770370e+00
-2.896997412075780876e+00
-2.886411510926713220e+00
-2.875825611185117925e+00
-2.865227543094193141e+00
-2.854629530684461791e+00
-2.844019299313809590e+00
-2.833409176967309318e+00
-2.822786782376375925e+00
-2.812164549224455801e+00
-2.801529987830821078e+00
-2.790895639365485348e+00
-2.780248903904139368e+00
-2.769602431937602471e+00
-2.758943511418983530e+00
-2.748284904041875087e+00
-2.737613783708226833e+00
-2.726943025245879060e+00
-2.716259686526431683e+00
-2.705576757494136064e+00
-2.694881177958128760e+00
-2.684186055014352590e+00
-2.673478208322784599e+00
-2.662770864220966871e+00
-2.652050720076070345e+00
-2.641331123614163445e+00
-2.630598647707466320e+00
-2.619866763675872345e+00
-2.609121917633657084e+00
-2.598377706761025863e+00
-2.587620448088007841e+00
-2.576863866984863805e+00
-2.566094149005389458e+00
-2.555325150105302701e+00
-2.544542921902394728e+00
-2.533761453401109254e+00
-2.522966659752642116e+00
-2.512172665544336603e+00
-2.501365246856860125e+00
-2.490558666467959981e+00
-2.479738558707559548e+00
-2.468919327227554916e+00
-2.458086461847770021e+00
-2.447254509857312410e+00
-2.436408813723935918e+00
-2.425564067219558861e+00
-2.414705462532225066e+00
-2.403847842847922855e+00
-2.392976247058143713e+00
-2.382105670783472462e+00
-2.371220996509092682e+00
-2.360337375403497084e+00
-2.349439530339218152e+00
-2.338542771242751783e+00
-2.327631658066636522e+00
-2.316721662806352722e+00
-2.305797179082105686e+00
-2.294873844374221594e+00
-2.283935882448841159e+00
-2.272999099796574995e+00
-2.262047546693213285e+00
-2.251097202279504383e+00
-2.240131939585464416e+00
-2.229167914160971709e+00
-2.218188817910133004e+00
-2.207210986675588682e+00
-2.196217927225424305e+00
-2.185226159708632210e+00
-2.174219001611052526e+00
-2.163213161537649754e+00
-2.152191763403679570e+00
-2.141171708561921072e+00
-2.130135922919638158e+00
-2.119101505018148313e+00
-2.108051178163652839e+00
-2.097002242682260320e+00
-2.085937214523003735e+00
-2.074873600556161435e+00
-2.063793704446424293e+00
-2.052715244538562356e+00
-2.041620307106368326e+00
-2.030526827078845464e+00
-2.019416668044324847e+00
-2.008307986813387735e+00
-1.997182418797070813e+00
-1.986058348182401900e+00
-1.974917176503788063e+00
-1.963777521026851103e+00
-1.952620543492167293e+00
-1.941465100163860980e+00
-1.930292106842328881e+00
-1.919120664939112819e+00
-1.907931437927002927e+00
-1.896743778755044962e+00
-1.885538091926789894e+00
-1.874333988572693732e+00
-1.863111607318256757e+00
-1.851890824386451362e+00
-1.840651505333551929e+00
-1.829413798668474422e+00
-1.818157289389434883e+00
-1.806902405781979581e+00
-1.795628444483369446e+00
-1.784356121360605840e+00
-1.773064436554618650e+00
-1.761774401651120980e+00
-1.750464711808118690e+00
-1.739156682817979416e+00
-1.727828695997563502e+00
-1.716502380205744194e+00
-1.705155793665912967e+00
-1.693810887556900679e+00
-1.682445387338957987e+00
-1.671081576181624451e+00
-1.659696836669327658e+00
-1.648313794075864980e+00
-1.636909477526727885e+00
-1.625506864983757627e+00
-1.614082621030203057e+00
-1.602660087399754074e+00
-1.591215552518090215e+00
-1.579772733506286997e+00
-1.568307530450307796e+00
-1.556844048040897377e+00
-1.545357785237879478e+00
-1.533873247087865099e+00
-1.522365517993332418e+00
-1.510859516787458112e+00
-1.499329899195352311e+00
-1.487802011956057546e+00
-1.476250067260480137e+00
-1.464699854609351481e+00
-1.453125127013637385e+00
-1.441552132380208961e+00
-1.429954148048312002e+00
-1.418357896821324626e+00
-1.406736162967037185e+00
-1.395116161582978576e+00
-1.383470165490094272e+00
-1.371825900453197189e+00
-1.360155108420939785e+00
-1.348486045248342924e+00
-1.336789901454437990e+00
-1.325095483538809793e+00
-1.313373408812193333e+00
-1.301653056193983637e+00
-1.289904446688093564e+00
-1.278157554728467815e+00
-1.266381780484609365e+00
-1.254607718428394136e+00
-1.242804121818186669e+00
-1.231002231235774236e+00
-1.219170125269253280e+00
-1.207339718364224046e+00
-1.195478384848895015e+00
-1.183618742616667552e+00
-1.171727430151311200e+00
-1.159837800372164329e+00
-1.147915722155834484e+00
-1.135995317203477351e+00
-1.124041648638289148e+00
-1.112089643081912271e+00
-1.100103519145039010e+00
-1.088119047120691629e+00
-1.076099559476668022e+00
-1.064081711798779972e+00
-1.052027905619798753e+00
-1.039975726600693040e+00
-1.027886597056707485e+00
-1.015799080995958503e+00
-1.003673569370959751e+00
-9.915496566705090942e-01
-9.793866460534897955e-01
-9.672252189080235985e-01
-9.550235293992297425e-01
-9.428234070010510504e-01
-9.305817903632841448e-01
-9.183417235524709010e-01
-9.060588572244728800e-01
-8.937775225012948299e-01
-8.814520028756763770e-01
-8.691279956768818149e-01
-8.567583305256808446e-01
-8.443901576487408134e-01
-8.319747575572972176e-01
-8.195608285926002656e-01
-8.070979972338392372e-01
-7.946366148371033500e-01
-7.821245378828095562e-01
-7.696138866846387039e-01
-7.570506191065502488e-01
-7.444887530112377361e-01
-7.318722044684093930e-01
-7.192570320386917349e-01
-7.065849499759643271e-01
-6.939142175291718173e-01
-6.811841675203147428e-01
-6.684554394683251966e-01
-6.556647822182464225e-01
-6.428754180663741602e-01
-6.300212823302654419e-01
-6.171684095925569213e-01
-6.042476600633184258e-01
-5.913281421457756704e-01
-5.783373410832032269e-01
-5.653477389079045734e-01
-5.522830999061728585e-01
-5.392196256732353365e-01
-5.260769574426918949e-01
-5.129354184054797372e-01
-4.997100557178528746e-01
-4.864857851203688854e-01
-4.731725030284488209e-01
-4.598602743163066053e-01
-4.464531802558950879e-01
-4.330470991674385539e-01
-4.195394953171391328e-01
-4.060328622304113511e-01
-3.924170671175967184e-01
-3.788021986408412478e-01
-3.650693116969847551e-01
-3.513373052047041867e-01
-3.374768894720951984e-01
-3.236173057879497827e-01
-3.096169498110882268e-01
-2.956173750685854862e-01
-2.814620703957488868e-01
-2.673074935000990249e-01
-2.529787193484609453e-01
-2.386506165885581288e-01
-2.241249364760227736e-01
-2.095998680829677385e-01
-1.948466630599883231e-01
-1.800940063333759944e-01
-1.650715599781103216e-01
-1.500495941222059204e-01
-1.346976980592969331e-01
-1.193462094442953592e-01
-1.035703189832556381e-01
-8.779475632329404589e-02
-7.142479713572688627e-02
-5.505507720934142701e-02
-3.769440882109544033e-02
-2.033387733231084571e-02
1.695282635760678383e-15
