5.000000000000067502e+00
4.950196159279560248e+00
4.807139832946402791e+00
4.587826939882669208e+00
4.314914169555920331e+00
4.011409880174504394e+00
3.696993548907498095e+00
3.386446959390330136e+00
3.089666119549425716e+00
2.812480721069403611e+00
2.557698885081915563e+00
2.326065992097995583e+00
2.117023216738766145e+00
1.929256727058536569e+00
1.761071167939783244e+00
1.610630680264641734e+00
1.476106372117313992e+00
1.355760690421612180e+00
1.247990792278577121e+00
1.151346213796954343e+00
1.064531074610975070e+00
9.863974856574114769e-01
9.159343933835710772e-01
8.522544748207495635e-01
7.945806431651649682e-01
7.422330488370314505e-01
6.946170377886853320e-01
6.512122694874720175e-01
6.115630429530775070e-01
5.752697919038608498e-01
5.419816643271023748e-01
5.113900814308122156e-01
4.832231656228383465e-01
4.572409303760385790e-01
4.332311325289034953e-01
4.110056972701164324e-01
3.903976363043407116e-01
3.712583896661454386e-01
3.534555309045046556e-01
3.368707837060136989e-01
3.213983054054770916e-01
3.069431992736896264e-01
2.934202230416639301e-01
2.807526659041986172e-01
2.688713703362326513e-01
2.577138785417106281e-01
2.472236863201783541e-01
2.373495896551030548e-01
2.280451114665612844e-01
2.192679977857819595e-01
2.109797741503613711e-01
2.031453543275874296e-01
1.957326945866433021e-01
1.887124876868984114e-01
1.820578915569078249e-01
1.757442883261877142e-01
1.697490699603365905e-01
1.640514472523035838e-01
1.586322793536044939e-01
1.534739213986989759e-01
1.485600880932705092e-01
1.438757314103439044e-01
1.394069307737926255e-01
1.351407943121180344e-01
1.310653699411984674e-01
1.271695651871043997e-01
1.234430747920268884e-01
1.198763152614234773e-01
1.164603656101577539e-01
1.131869136525881780e-01
1.100482072575861697e-01
1.070370100558107468e-01
1.041465611448914586e-01
1.013705383890323858e-01
9.870302495441055091e-02
9.613847876125364289e-02
9.367170456782260290e-02
9.129782843257537583e-02
8.901227432742211954e-02
8.681074269901488394e-02
8.468919079622481971e-02
8.264381460056255402e-02
8.067103221304630645e-02
7.876746856577412914e-02
7.692994133962564873e-02
7.515544798124433601e-02
7.344115372292982225e-02
7.178438051836313893e-02
7.018259681554470109e-02
6.863340809566717549e-02
6.713454811346480922e-02
6.568387078053099237e-02
6.427934263852613794e-02
6.291903587402276898e-02
6.160112183110966200e-02
6.032386498186715490e-02
5.908561731830246078e-02
5.788481313254219274e-02
5.671996415506295325e-02
5.558965502324263869e-02
5.449253905497015993e-02
5.342733430416302109e-02
5.239281987697081561e-02
5.138783248929622294e-02
5.041126324774235223e-02
4.946205463768416077e-02
4.853919770339735346e-02
4.764172940645895055e-02
4.676873014965227809e-02
4.591932145475897953e-02
4.509266378331663189e-02
4.428795449057325306e-02
4.350442590325999392e-02
4.274134351288182143e-02
4.199800427659408641e-02
4.127373501846479109e-02
4.056789092438629896e-02
3.987985412451239969e-02
3.920903235736931947e-02
3.855485771041883281e-02
3.791678543206664087e-02
3.729429281055177819e-02
3.668687811546671868e-02
3.609405959795723706e-02
3.551537454590181220e-02
3.495037839067399732e-02
3.439864386229189719e-02
3.385976018998136661e-02
3.333333234543414680e-02
3.281898032609461419e-02
3.231633847621076527e-02
3.182505484322571687e-02
3.134479056763639360e-02
3.087521930412848170e-02
3.041602667235570462e-02
2.996690973554703291e-02
2.952757650536420864e-02
2.909774547153079829e-02
2.867714515481828430e-02
2.826551368206061191e-02
2.786259838200265057e-02
2.746815540079736162e-02
2.708194933607218496e-02
2.670375288857927687e-02
2.633334653041195794e-02
2.597051818896033148e-02
2.561506294573715620e-02
2.526678274923857548e-02
2.492548614117587671e-02
2.459098799531353810e-02
2.426310926826494990e-02
2.394167676166570127e-02
2.362652289507961162e-02
2.331748548911731847e-02
2.301440755824995035e-02
2.271713711282502546e-02
2.242552696979272994e-02
2.213943457176775764e-02
2.185872181395102226e-02
2.158325487853919589e-02
2.131290407628972858e-02
2.104754369484333060e-02
2.078705185350928492e-02
2.053131036418971017e-02
2.028020459811676404e-02
2.003362335823012999e-02
1.979145875677969235e-02
1.955360609801673477e-02
1.931996376570802032e-02
1.909043311522224534e-02
1.886491837000528124e-02
1.864332652223572515e-02
1.842556723747101541e-02
1.821155276305975318e-02
1.800119784026495487e-02
1.779441961975802150e-02
1.759113758051445570e-02
1.739127345182278281e-02
1.719475113833549007e-02
1.700149664800208391e-02
1.681143802280705285e-02
1.662450527208151480e-02
1.644063030842651818e-02
1.625974688599540752e-02
1.608179054112119158e-02
1.590669853516689727e-02
1.573440979947891838e-02
1.556486488241167442e-02
1.539800589825142396e-02
1.523377647806133627e-02
1.507212172227558045e-02
1.491298815503744324e-02
1.475632368015915991e-02
1.460207753868690388e-02
1.445020026795610854e-02
1.430064366212249749e-02
1.415336073406160688e-02
1.400830567862586945e-02
1.386543383717903609e-02
1.372470166337377492e-02
1.358606669010176300e-02
1.344948749757247583e-02
1.331492368253463232e-02
1.318233582848668539e-02
1.305168547693839887e-02
1.292293509962188884e-02
1.279604807166976124e-02
1.267098864564526924e-02
1.254772192647093942e-02
1.242621384718291949e-02
1.230643114547465278e-02
1.218834134101679824e-02
1.207191271353240218e-02
1.195711428155636982e-02
1.184391578191028999e-02
1.173228764982737864e-02
1.162220099971039526e-02
1.151362760652858107e-02
1.140653988776130917e-02
1.130091088596380834e-02
1.119671425186073883e-02
1.109392422794081880e-02
1.099251563263168793e-02
1.089246384490292173e-02
1.079374478937254050e-02
1.069633492188245584e-02
1.060021121550251688e-02
1.050535114695946327e-02
1.041173268349284906e-02
1.031933427008983536e-02
1.022813481713562463e-02
1.013811368840834837e-02
1.004925068943006254e-02
9.961526056191279122e-03
9.874920444189421928e-03
9.789414917796722057e-03
9.704990939942162442e-03
9.621630362090297789e-03
9.539315414524664194e-03
9.458028696895432255e-03
9.377753169054470900e-03
9.298472142162500856e-03
9.220169270016351573e-03
9.142828540667700260e-03
9.066434268252401146e-03
8.990971085055530707e-03
8.916423933816053707e-03
8.842778060224893572e-03
8.770019005647326782e-03
8.698132600046582646e-03
8.627104955112582796e-03
8.556922457553451516e-03
8.487571762598013561e-03
8.419039787680415374e-03
8.351313706266454140e-03
8.284380941885221769e-03
8.218229162290952017e-03
8.152846273809064015e-03
8.088220415812483535e-03
8.024339955368723493e-03
7.961193482005727087e-03
7.898769802633135231e-03
7.837057936605476907e-03
7.776047110873404548e-03
7.715726755342408420e-03
7.656086498263740478e-03
7.597116161803973977e-03
7.538805757706536388e-03
7.481145483085677172e-03
7.424125716300885094e-03
7.367737012959938749e-03
7.311970102017836121e-03
7.256815881969724477e-03
7.202265417157084279e-03
7.148309934133253649e-03
7.094940818176925616e-03
7.042149609830331350e-03
6.989928001577722615e-03
6.938267834569753281e-03
6.887161095451584288e-03
6.836599913252321484e-03
6.786576556376277408e-03
6.737083429647884592e-03
6.688113071414125352e-03
6.639658150783506012e-03
6.591711464845483384e-03
6.544265936011036539e-03
6.497314609426214915e-03
6.450850650400854862e-03
6.404867341944982598e-03
6.359358082343528548e-03
6.314316382771286394e-03
6.269735865027155179e-03
6.225610259239250203e-03
6.181933401683534224e-03
6.138699232633076930e-03
6.095901794266884825e-03
6.053535228607450323e-03
6.011593775537140555e-03
5.970071770824065573e-03
5.928963644234499716e-03
5.888263917654783242e-03
5.847967203274750253e-03
5.808068201803763368e-03
5.768561700736724029e-03
5.729442572660415137e-03
5.690705773575124859e-03
5.652346341287457429e-03
5.614359393822291808e-03
5.576740127865452770e-03
5.539483817254447703e-03
5.502585811490301113e-03
5.466041534301306799e-03
5.429846482216314947e-03
5.393996223176463281e-03
5.358486395193066618e-03
5.323312705018902816e-03
5.288470926842531519e-03
5.253956901038414617e-03
5.219766532911178543e-03
5.185895791507234148e-03
5.152340708389708049e-03
5.119097376519295313e-03
5.086161949098413210e-03
5.053530638453834593e-03
5.021199714971287531e-03
4.989165506006846065e-03
4.957424394867658742e-03
4.925972819782959214e-03
4.894807272900078554e-03
4.863924299320864474e-03
4.833320496139974914e-03
4.802992511504315318e-03
4.772937043710964201e-03
4.743150840287696859e-03
4.713630697138999209e-03
4.684373457674672822e-03
4.655376011957666760e-03
4.626635295896199505e-03
4.598148290431970826e-03
4.569912020732188294e-03
4.541923555439373976e-03
4.514180005894143262e-03
4.486678525398414032e-03
4.459416308482441749e-03
4.432390590198790475e-03
4.405598645406634539e-03
4.379037788096493133e-03
4.352705370724582225e-03
4.326598783549039096e-03
4.300715453968058551e-03
4.275052845908098448e-03
4.249608459208209857e-03
4.224379828985052807e-03
4.199364525051854993e-03
4.174560151348909003e-03
4.149964345347052948e-03
4.125574777497389295e-03
4.101389150679040849e-03
4.077405199662308480e-03
4.053620690560236564e-03
4.030033420353402833e-03
4.006641216326010078e-03
3.983441935606049991e-03
3.960433464653396671e-03
3.937613718794145262e-03
3.914980641743354833e-03
3.892532205135486485e-03
3.870266408077954485e-03
3.848181276708505932e-03
3.826274863756446744e-03
3.804545248109619977e-03
3.782990534389085897e-03
3.761608852562333283e-03
3.740398357500571494e-03
3.719357228615040919e-03
3.698483669452826313e-03
3.677775907292650612e-03
3.657232192825479820e-03
3.636850799721367752e-03
3.616630024311957414e-03
3.596568185211274343e-03
3.576663622982778970e-03
3.556914699785192029e-03
3.537319799037588405e-03
3.517877325094119143e-03
3.498585702924497057e-03
3.479443377773271465e-03
3.460448814876919930e-03
3.441600499130808254e-03
3.422896934798548389e-03
3.404336645229058978e-03
3.385918172535055601e-03
3.367640077335150740e-03
3.349500938463170069e-03
3.331499352681312025e-03
3.313633934429932593e-03
3.295903315542609169e-03
3.278306144999762126e-03
3.260841088662982772e-03
3.243506829018992944e-03
3.226302064942875632e-03
3.209225511447801223e-03
3.192275899440527760e-03
3.175451975500031155e-03
3.158752501631061256e-03
3.142176255040826562e-03
3.125722027931096287e-03
3.109388627245948146e-03
3.093174874490848842e-03
3.077079605503523115e-03
3.061101670236388191e-03
3.045239932573680537e-03
3.029493270106164288e-03
3.013860573954032021e-03
2.998340748558946979e-03
2.982932711495368903e-03
2.967635393283789801e-03
2.952447737205900896e-03
2.937368699115896348e-03
2.922397247272973987e-03
2.907532362150701787e-03
2.892773036277222071e-03
2.878118274061956545e-03
2.863567091614595706e-03
2.849118516598783159e-03
2.834771588058806330e-03
2.820525356269420157e-03
2.806378882562524362e-03
2.792331239192401889e-03
2.778381509162390975e-03
2.764528786103608027e-03
2.750772174097754295e-03
2.737110787553906702e-03
2.723543751058305536e-03
2.710070199233785906e-03
2.696689276601125628e-03
2.683400137453894468e-03
2.670201945700513210e-03
2.657093874766088687e-03
2.644075107440251645e-03
2.631144835753915917e-03
2.618302260852177835e-03
2.605546592888422636e-03
2.592877050876004306e-03
2.580292862593916957e-03
2.567793264448110183e-03
2.555377501371366034e-03
2.543044826709678092e-03
2.530794502089342164e-03
2.518625797338035037e-03
2.506537990348046280e-03
2.494530366985781619e-03
2.482602220985838555e-03
2.470752853835440389e-03
2.458981574689714060e-03
2.447287700250335395e-03
2.435670554690446375e-03
2.424129469535218559e-03
2.412663783579055594e-03
2.401272842789291349e-03
2.389956000206030010e-03
2.378712615863197953e-03
2.367542056678737482e-03
2.356443696391078216e-03
2.345416915453184953e-03
2.334461100943957534e-03
2.323575646498910428e-03
2.312759952219640980e-03
2.302013424575582046e-03
2.291335476352031851e-03
2.280725526553828257e-03
2.270183000309027813e-03
2.259707328832353396e-03
2.249297949315368431e-03
2.238954304859071612e-03
2.228675844402632725e-03
2.218462022663695177e-03
2.208312300026619469e-03
2.198226142515559423e-03
2.188203021698127346e-03
2.178242414625691792e-03
2.168343803769816856e-03
2.158506676931706142e-03
2.148730527205633921e-03
2.139014852903810791e-03
2.129359157477396514e-03
2.119762949474138063e-03
2.110225742463236586e-03
2.100747054981416586e-03
2.091326410465500253e-03
2.081963337194619925e-03
2.072657368232430110e-03
2.063408041377031658e-03
2.054214899080040839e-03
2.045077488421580703e-03
2.035995361025489964e-03
2.026968073022742886e-03
2.017995184997509791e-03
2.009076261921648697e-03
2.000210873106549395e-03
1.991398592162691404e-03
1.982638996932203999e-03
1.973931669450347537e-03
1.965276195883859222e-03
1.956672166496289424e-03
1.948119175586343101e-03
1.939616821453216122e-03
1.931164706336863969e-03
1.922762436377549716e-03
1.914409621571538760e-03
1.906105875721004345e-03
1.897850816399358461e-03
1.889644064897303462e-03
1.881485246168878266e-03
1.873373988829568366e-03
1.865309925065717928e-03
1.857292690621065515e-03
1.849321924748578401e-03
1.841397270169990589e-03
1.833518373043060761e-03
1.825684882899902004e-03
1.817896452635445236e-03
1.810152738459265944e-03
1.802453399845484064e-03
1.794798099507725637e-03
1.787186503374090744e-03
1.779618280511978835e-03
1.772093103137763062e-03
1.764610646551256984e-03
1.757170589110679032e-03
1.749772612207612429e-03
1.742416400201472109e-03
1.735101640427247436e-03
1.727828023133823896e-03
1.720595241462798868e-03
1.713402991411871806e-03
1.706250971804017767e-03
1.699138884256660076e-03
1.692066433156628720e-03
1.685033325604264531e-03
1.678039271426942213e-03
1.671083983113531846e-03
1.664167175789355762e-03
1.657288567202713217e-03
1.650447877684409290e-03
1.643644830118853092e-03
1.636879149926724836e-03
1.630150565024504747e-03
1.623458805799425381e-03
1.616803605094065989e-03
1.610184698165880541e-03
1.603601822666005918e-03
1.597054718616142165e-03
1.590543128381575804e-03
1.584066796642276311e-03
1.577625470369773113e-03
1.571218898804036283e-03
1.564846833434212214e-03
1.558509027960073949e-03
1.552205238280471387e-03
1.545935222466350914e-03
1.539698740739561204e-03
1.533495555449732170e-03
1.527325431039580714e-03
1.521188134046854486e-03
1.515083433058072226e-03
1.509011098702749739e-03
1.502970903622567354e-03
1.496962622459811895e-03
1.490986031824612524e-03
1.485040910281455869e-03
1.479127038333776477e-03
1.473244198389258653e-03
1.467392174750210918e-03
1.461570753592368989e-03
1.455779722953336880e-03
1.450018872686324430e-03
1.444287994475583741e-03
1.438586881788217042e-03
1.432915329887685194e-03
1.427273135781758837e-03
1.421660098222527271e-03
1.416076017689059255e-03
1.410520696362343399e-03
1.404993938115662189e-03
1.399495548489532388e-03
1.394025334678219508e-03
1.388583105516251427e-03
1.383168671459144954e-03
1.377781844562206426e-03
1.372422438468971729e-03
1.367090268401575546e-03
1.361785151127980261e-03
1.356506904967771671e-03
1.351255349751673360e-03
1.346030306829270554e-03
1.340831599047808114e-03
1.335659050715562067e-03
1.330512487628845997e-03
1.325391737018026235e-03
1.320296627547532485e-03
1.315226989315864976e-03
1.310182653817038934e-03
1.305163453946376825e-03
1.300169223971592465e-03
1.295199799530871330e-03
1.290255017607810960e-03
1.285334716531427897e-03
1.280438735953027748e-03
1.275566916840426392e-03
1.270719101452890592e-03
1.265895133346930023e-03
1.261094857349309532e-03
1.256318119539699945e-03
1.251564767264185278e-03
1.246834649098630364e-03
1.242127614837119139e-03
1.237443515497746015e-03
1.232782203297554330e-03
1.228143531644831574e-03
1.223527355117901743e-03
1.218933529478631898e-03
1.214361911628087211e-03
1.209812359625820222e-03
1.205284732660952349e-03
1.200778891040609354e-03
1.196294696188000568e-03
1.191832010636638796e-03
1.187390697999493030e-03
1.182970622976708616e-03
1.178571651338256769e-03
1.174193649910442545e-03
1.169836486577838404e-03
1.165500030262079170e-03
1.161184150916080415e-03
1.156888719506690786e-03
1.152613608033979968e-03
1.148358689467607503e-03
1.144123837800823870e-03
1.139908927988766366e-03
1.135713835971605525e-03
1.131538438657194194e-03
1.127382613894075888e-03
1.123246240500415643e-03
1.119129198208080548e-03
1.115031367701213062e-03
1.110952630568027167e-03
1.106892869320094588e-03
1.102851967369210739e-03
1.098829809021612891e-03
1.094826279476057663e-03
1.090841264800682629e-03
1.086874651950368734e-03
1.082926328724317629e-03
1.078996183800768911e-03
1.075084106681079574e-03
1.071189987722511588e-03
1.067313718109309285e-03
1.063455189852704997e-03
1.059614295777422041e-03
1.055790929523608502e-03
1.051984985527556647e-03
1.048196359021706832e-03
1.044424946030794677e-03
1.040670643362212296e-03
1.036933348592513227e-03
1.033212960059702677e-03
1.029509376874811590e-03
1.025822498892973392e-03
1.022152226721141990e-03
1.018498461700738681e-03
1.014861105913441577e-03
1.011240062163832514e-03
1.007635233971687075e-03
1.004046525579691288e-03
1.000473841932232686e-03
9.969170886792598409e-04
9.933761721627866557e-04
9.898509994188239760e-04
9.863414781523132703e-04
9.828475167641269501e-04
9.793690243163613238e-04
9.759059105304082344e-04
9.724580857985318455e-04
9.690254611626564424e-04
9.656079483124415394e-04
9.622054595717858400e-04
9.588179079123288059e-04
9.554452069303124824e-04
9.520872708542973311e-04
9.487440145220242711e-04
9.454153533977728650e-04
9.421012035434374061e-04
9.388014816378139000e-04
9.355161049496046226e-04
9.322449913412769046e-04
9.289880592671380215e-04
9.257452277694796627e-04
9.225164164612253840e-04
9.193015455317178619e-04
9.161005357370784934e-04
9.129133084040674806e-04
9.097397854127296573e-04
9.065798891983250195e-04
9.034335427513315439e-04
9.003006695923766994e-04
8.971811938030953585e-04
8.940750399837059425e-04
8.909821332761538003e-04
8.879023993409724917e-04
8.848357643707835136e-04
8.817821550652305213e-04
8.787414986464068753e-04
8.757137228415029853e-04
8.726987558866649859e-04
8.696965265115680572e-04
8.667069639490617046e-04
8.637299979216722006e-04
8.607655586416035603e-04
8.578135767991700803e-04
8.548739835801530060e-04
8.519467106272341590e-04
8.490316900747087300e-04
8.461288545060623991e-04
8.432381369848269709e-04
8.403594710256565709e-04
8.374927906078272633e-04
8.346380301578834203e-04
8.317951245515672757e-04
8.289640091157494560e-04
8.261446196168595671e-04
8.233368922570305547e-04
8.205407636741008726e-04
8.177561709416158921e-04
8.149830515534007896e-04
8.122213434409198156e-04
8.094709849404922979e-04
8.067319148145083102e-04
8.040040722360019924e-04
8.012873967963666253e-04
7.985818284841432989e-04
7.958873076985212899e-04
7.932037752416256976e-04
7.905311723050195607e-04
7.878694404774189315e-04
7.852185217466225390e-04
7.825783584744438418e-04
7.799488934256376509e-04
7.773300697312625525e-04
7.747218309079651789e-04
7.721241208444829755e-04
7.695368838093594914e-04
7.669600644374453043e-04
7.643936077260435726e-04
7.618374590445523876e-04
7.592915641171107087e-04
7.567558690322411484e-04
7.542303202274232938e-04
7.517148644948809608e-04
7.492094489815830614e-04
7.467140211738159490e-04
7.442285289087568426e-04
7.417529203609744262e-04
7.392871440482161024e-04
7.368311488217662913e-04
7.343848838625900320e-04
7.319482986909775024e-04
7.295213431511163651e-04
7.271039674168783707e-04
7.246961219802499450e-04
7.222977576609744326e-04
7.199088255872695616e-04
7.175292772093270609e-04
7.151590642954566961e-04
7.127981389185879518e-04
7.104464534581991526e-04
7.081039606061045009e-04
7.057706133587401953e-04
7.034463650113802115e-04
7.011311691542808800e-04
6.988249796842512743e-04
6.965277507815131929e-04
6.942394369289871638e-04
6.919599928949357777e-04
6.896893737387511589e-04
6.874275347993839260e-04
6.851744317069156411e-04
6.829300203652024668e-04
6.806942569634479414e-04
6.784670979723456032e-04
6.762485001228673350e-04
6.740384204371193235e-04
6.718368161897734104e-04
6.696436449408516315e-04
6.674588645029436293e-04
6.652824329682054550e-04
6.631143086813609836e-04
6.609544502551320620e-04
6.588028165470958880e-04
6.566593666905419470e-04
6.545240600636174607e-04
6.523968562989697394e-04
6.502777152798902170e-04
6.481665971441720421e-04
6.460634622686828570e-04
6.439682712828647413e-04
6.418809850552357858e-04
6.398015647049610241e-04
6.377299715806400166e-04
6.356661672815214345e-04
6.336101136227895083e-04
6.315617726857068607e-04
6.295211067559019352e-04
6.274880783657979478e-04
6.254626502733984109e-04
6.234447854719318708e-04
6.214344471628520210e-04
6.194315987982662195e-04
6.174362040327228615e-04
6.154482267502119162e-04
6.134676310545218161e-04
6.114943812692405414e-04
6.095284419338997629e-04
6.075697777962598767e-04
6.056183538296687312e-04
6.036741352118471515e-04
6.017370873326046646e-04
5.998071757919107034e-04
5.978843663941097375e-04
5.959686251594931801e-04
5.940599182953720065e-04
5.921582122269331483e-04
5.902634735760267518e-04
5.883756691650237703e-04
5.864947660148872761e-04
5.846207313471021242e-04
5.827535325663185011e-04
5.808931372912085360e-04
5.790395133158967840e-04
5.771926286408166204e-04
5.753524514457113289e-04
5.735189501031346965e-04
5.716920931745938551e-04
5.698718494066931000e-04
5.680581877330626852e-04
5.662510772647163636e-04
5.644504873016232931e-04
5.626563873288515294e-04
5.608687469934256226e-04
5.590875361448266641e-04
5.573127247887073700e-04
5.555442831216066092e-04
5.537821815039502748e-04
5.520263904793365310e-04
5.502768807610369534e-04
5.485336232262111181e-04
5.467965889294069785e-04
5.450657490967750207e-04
5.433410751087126801e-04
5.416225385307206269e-04
5.399101110767610696e-04
5.382037646324009175e-04
5.365034712490257193e-04
5.348092031380556610e-04
5.331209326632306003e-04
5.314386323560390223e-04
5.297622749099333873e-04
5.280918331687585498e-04
5.264272801363948685e-04
5.247685889671161808e-04
5.231157329771610577e-04
5.214686856312335120e-04
5.198274205463603720e-04
5.181919114861060875e-04
5.165621323760009268e-04
5.149380572803994400e-04
5.133196604159801857e-04
5.117069161440318493e-04
5.100997989685250979e-04
5.084982835476841616e-04
5.069023446804873240e-04
5.053119573028099810e-04
5.037270965009250185e-04
5.021477374960746148e-04
5.005738556521843394e-04
4.990054264700786090e-04
4.974424255932658823e-04
4.958848288002248861e-04
4.943326120005483255e-04
4.927857512561564920e-04
4.912442227369411430e-04
4.897080027689797556e-04
4.881770678017500662e-04
4.866513944197020311e-04
4.851309593364720361e-04
4.836157393968120713e-04
4.821057115669467831e-04
4.806008529577169620e-04
4.791011407937222815e-04
4.776065524287504164e-04
4.761170653457773142e-04
4.746326571569670864e-04
4.731533055805298756e-04
4.716789884850786812e-04
4.702096838375588689e-04
4.687453697360336857e-04
4.672860244058272107e-04
4.658316261802392176e-04
4.643821535198311250e-04
4.629375850047115189e-04
4.614978993268225964e-04
4.600630752957259560e-04
4.586330918443883345e-04
4.572079280098961980e-04
4.557875629585276460e-04
4.543719759529665715e-04
4.529611463889458216e-04
4.515550537566762166e-04
4.501536776659178585e-04
4.487569978421234070e-04
4.473649941090810322e-04
4.459776464120575237e-04
4.445949348023699307e-04
4.432168394277429934e-04
4.418433405650946575e-04
4.404744185761797371e-04
4.391100539442324246e-04
4.377502272508239410e-04
4.363949191816484351e-04
4.350441105265229831e-04
4.336977821851734343e-04
4.323559151537350090e-04
4.310184905324663434e-04
4.296854895218927108e-04
4.283568934189491899e-04
4.270326836362660188e-04
4.257128416655267360e-04
4.243973491063962123e-04
4.230861876684495547e-04
4.217793391345298678e-04
4.204767854070336035e-04
4.191785084674108392e-04
4.178844904031655985e-04
4.165947133962845405e-04
4.153091597193799109e-04
4.140278117395467536e-04
4.127506519260776057e-04
4.114776628196054531e-04
4.102088270745321390e-04
4.089441274262433919e-04
4.076835467065367509e-04
4.064270678378367513e-04
4.051746738196947638e-04
4.039263477538605740e-04
4.026820728365681210e-04
4.014418323257501996e-04
4.002056095969669749e-04
3.989733880990488867e-04
3.977451513675971887e-04
3.965208830211266284e-04
3.953005667668512378e-04
3.940841864045417620e-04
3.928717258053115633e-04
3.916631689309024635e-04
3.904584998240415790e-04
3.892577026180851904e-04
3.880607615158036166e-04
3.868676608086677620e-04
3.856783848729917422e-04
3.844929181583617360e-04
3.833112452030645618e-04
3.821333506090165326e-04
3.809592190861204979e-04
3.797888353886233383e-04
3.786221843768302719e-04
3.774592509708191786e-04
3.763000201832265488e-04
3.751444770864618061e-04
3.739926068493503591e-04
3.728443946985622961e-04
3.716998259456122714e-04
3.705588859733599961e-04
3.694215602437243362e-04
3.682878342899690519e-04
3.671576937186320265e-04
3.660311242056675128e-04
3.649081115118753597e-04
3.637886414559007462e-04
3.626726999354489282e-04
3.615602729253564965e-04
3.604513464602342762e-04
3.593459066498963365e-04
3.582439396755026707e-04
3.571454317895594670e-04
3.560503693082046851e-04
3.549587386227797997e-04
3.538705261882583823e-04
3.527857185348177364e-04
3.517043022446957891e-04
3.506262639869060522e-04
3.495515904863799811e-04
3.484802685374673525e-04
3.474122849962221651e-04
3.463476267881168474e-04
3.452862809080423654e-04
3.442282344087369125e-04
3.431734744085002250e-04
3.421219880950509022e-04
3.410737627120265713e-04
3.400287855763407720e-04
3.389870440492548701e-04
3.379485255865208359e-04
3.369132176728097268e-04
3.358811078776406363e-04
3.348521838168091709e-04
3.338264331736018721e-04
3.328038436987962160e-04
3.317844031971607785e-04
3.307680995313125555e-04
3.297549206217166920e-04
3.287448544621156005e-04
3.277378890848142712e-04
3.267340126011808064e-04
3.257332131650032608e-04
3.247354789956326412e-04
3.237407983741261825e-04
3.227491596278185006e-04
3.217605511534644296e-04
3.207749613902394063e-04
3.197923788486680980e-04
3.188127920816954497e-04
3.178361897097588588e-04
3.168625603995733745e-04
3.158918928776321836e-04
3.149241759263491812e-04
3.139593983782736140e-04
3.129975491238042333e-04
3.120386171034751958e-04
3.110825913137417464e-04
3.101294608050519106e-04
3.091792146799176438e-04
3.082318420890580541e-04
3.072873322429708746e-04
3.063456744003607737e-04
3.054068578739255798e-04
3.044708720207132241e-04
3.035377062517645268e-04
3.026073500378994208e-04
3.016797928904308931e-04
3.007550243785223022e-04
2.998330341079731738e-04
2.989138117443620383e-04
2.979973470072610738e-04
2.970836296528785170e-04
2.961726494972020431e-04
2.952643963947841816e-04
2.943588602618855878e-04
2.934560310436888772e-04
2.925558987547993229e-04
2.916584534387442668e-04
2.907636851969023443e-04
2.898715841750028896e-04
2.889821405631266956e-04
2.880953445995625205e-04
2.872111865727363170e-04
2.863296568057822769e-04
2.854507456816144642e-04
2.845744436159268736e-04
2.837007410784078525e-04
2.828296285811685191e-04
2.819610966710286103e-04
2.810951359584452718e-04
2.802317370885842678e-04
2.793708907393915104e-04
2.785125876524505379e-04
2.776568185924820336e-04
2.768035743878444156e-04
2.759528458938906759e-04
2.751046240141828561e-04
2.742588996947062569e-04
2.734156639277268664e-04
2.725749077382910376e-04
2.717366222015830230e-04
2.709007984255676566e-04
2.700674275741334627e-04
2.692365008362352318e-04
2.684080094490372379e-04
2.675819446921274473e-04
2.667582978778744625e-04
2.659370603687853272e-04
2.651182235601476670e-04
2.643017788838873889e-04
2.634877178259258362e-04
2.626760318972508898e-04
2.618667126512745570e-04
2.610597516876899120e-04
2.602551406312569458e-04
2.594528711549454582e-04
2.586529349741493208e-04
2.578553238216150069e-04
2.570600294975850203e-04
2.562670438138684587e-04
2.554763586343418739e-04
2.546879658537344170e-04
2.539018574091998532e-04
2.531180252687446008e-04
2.523364614427997467e-04
2.515571579649348243e-04
2.507801069265726658e-04
2.500053004384176093e-04
2.492327306516699194e-04
2.484623897522402142e-04
2.476942699665352554e-04
2.469283635518148374e-04
2.461646627942633715e-04
2.454031600282758361e-04
2.446438476133148856e-04
2.438867179512677346e-04
2.431317634652321695e-04
2.423789766265165176e-04
2.416283499295682571e-04
2.408798759074025938e-04
2.401335471335312569e-04
2.393893561968905674e-04
2.386472957384850593e-04
2.379073584205296764e-04
2.371695369438074695e-04
2.364338240399550643e-04
2.357002124714627157e-04
2.349686950355315196e-04
2.342392645621449963e-04
2.335119139082830297e-04
2.327866359694938001e-04
2.320634236702506196e-04
2.313422699639520401e-04
2.306231678348504596e-04
2.299061103096238119e-04
2.291910904284464776e-04
2.284781012758469517e-04
2.277671359614220556e-04
2.270581876275509813e-04
2.263512494416813556e-04
2.256463146117577349e-04
2.249433763650072115e-04
2.242424279652967039e-04
2.235434627015616196e-04
2.228464738955199535e-04
2.221514548958868497e-04
2.214583990841601207e-04
2.207672998688347556e-04
2.200781506950457323e-04
2.193909450175677244e-04
2.187056763355299267e-04
2.180223381731301313e-04
2.173409240834918313e-04
2.166614276448071441e-04
2.159838424680512623e-04
2.153081621873392619e-04
2.146343804695695107e-04
2.139624910047802867e-04
2.132924875080786280e-04
2.126243637331406012e-04
2.119581134490679220e-04
2.112937304596741771e-04
2.106312085919131343e-04
2.099705416997359002e-04
2.093117236640911914e-04
2.086547483948537505e-04
2.079996098231100309e-04
2.073463019165869086e-04
2.066948186545801576e-04
2.060451540510973960e-04
2.053973021452152724e-04
2.047512570049367061e-04
2.041070127136905359e-04
2.034645633954035879e-04
2.028239031855714233e-04
2.021850262466873488e-04
2.015479267759568674e-04
2.009125989860114834e-04
2.002790371203377667e-04
1.996472354417055820e-04
1.990171882379540688e-04
1.983888898335631147e-04
1.977623345568672983e-04
1.971375167805563698e-04
1.965144308850320638e-04
1.958930712834797323e-04
1.952734324083682386e-04
1.946555087249501989e-04
1.940392947119760317e-04
1.934247848732654302e-04
1.928119737396361043e-04
1.922008558669752285e-04
1.915914258304534615e-04
1.909836782245253261e-04
1.903776076725717504e-04
1.897732088230433170e-04
1.891704763398170436e-04
1.885694049118394940e-04
1.879699892550552756e-04
1.873722241008356204e-04
1.867761042094784915e-04
1.861816243547798164e-04
1.855887793433196010e-04
1.849975639932471556e-04
1.844079731535672899e-04
1.838200016906400716e-04
1.832336444901093236e-04
1.826488964646172646e-04
1.820657525403041326e-04
1.814842076722371670e-04
1.809042568366959960e-04
1.803258950253871162e-04
1.797491172531581272e-04
1.791739185579977584e-04
1.786002939952502139e-04
1.780282386453294334e-04
1.774577476040761716e-04
1.768888159943296870e-04
1.763214389485701810e-04
1.757556116301336254e-04
1.751913292216399369e-04
1.746285869211360909e-04
1.740673799420957690e-04
1.735077035307771372e-04
1.729495529469365976e-04
1.723929234657575293e-04
1.718378103855646582e-04
1.712842090297527712e-04
1.707321147313577061e-04
1.701815228484853076e-04
1.696324287546685874e-04
1.690848278504390072e-04
1.685387155459694051e-04
1.679940872726453597e-04
1.674509384869225922e-04
1.669092646587552763e-04
1.663690612735246714e-04
1.658303238416820977e-04
1.652930478929633628e-04
1.647572289648167464e-04
1.642228626294039442e-04
1.636899444569560943e-04
1.631584700562750440e-04
1.626284350438751399e-04
1.620998350516980580e-04
1.615726657348270381e-04
1.610469227599153018e-04
1.605226018244721939e-04
1.599996986298626172e-04
1.594782089025217529e-04
1.589581283785261579e-04
1.584394528209513817e-04
1.579221780063715889e-04
1.574062997287168795e-04
1.568918137934873630e-04
1.563787160351108282e-04
1.558670022937992282e-04
1.553566684309776907e-04
1.548477103234987813e-04
1.543401238694280776e-04
1.538339049803301244e-04
1.533290495831966338e-04
1.528255536262327090e-04
1.523234130634275904e-04
1.518226238757697819e-04
1.513231820596751167e-04
1.508250836212010214e-04
1.503283245856895721e-04
1.498329009977675762e-04
1.493388089136319860e-04
1.488460444106931178e-04
1.483546035779315683e-04
1.478644825139694460e-04
1.473756773482854429e-04
1.468881842142139450e-04
1.464019992624454906e-04
1.459171186629554305e-04
1.454335385992180018e-04
1.449512552682063278e-04
1.444702648784639476e-04
1.439905636693908212e-04
1.435121478784569748e-04
1.430350137682030915e-04
1.425591576069543446e-04
1.420845756842493794e-04
1.416112643127689745e-04
1.411392197994065995e-04
1.406684384819124705e-04
1.401989167115356625e-04
1.397306508433813512e-04
1.392636372556966824e-04
1.387978723440852523e-04
1.383333525080064597e-04
1.378700741739192375e-04
1.374080337740670355e-04
1.369472277503351945e-04
1.364876525716084274e-04
1.360293047125561803e-04
1.355721806613468671e-04
1.351162769254340122e-04
1.346615900219128958e-04
1.342081164794494579e-04
1.337558528440658721e-04
1.333047956772122106e-04
1.328549415538376490e-04
1.324062870566046751e-04
1.319588287836035399e-04
1.315125633522096053e-04
1.310674873875115182e-04
1.306235975261685041e-04
1.301808904241248991e-04
1.297393627508242238e-04
1.292990111757088331e-04
1.288598324010066510e-04
1.284218231250870885e-04
1.279849800752479139e-04
1.275492999691425918e-04
1.271147795629959734e-04
1.266814156072459539e-04
1.262492048754728594e-04
1.258181441431844563e-04
1.253882302071023902e-04
1.249594598813048114e-04
1.245318299760115742e-04
1.241053373303708629e-04
1.236799787854583833e-04
1.232557512016350606e-04
1.228326514431180830e-04
1.224106763914811432e-04
1.219898229398687025e-04
1.215700879987818893e-04
1.211514684806493130e-04
1.207339613191135572e-04
1.203175634536020474e-04
1.199022718370416104e-04
1.194880834339297735e-04
1.190749952203349271e-04
1.186630041916106939e-04
1.182521073411810746e-04
1.178423016817554107e-04
1.174335842414710781e-04
1.170259520503931234e-04
1.166194021559432877e-04
1.162139316209713600e-04
1.158095375102548540e-04
1.154062169059279512e-04
1.150039668997670763e-04
1.146027845931908706e-04
1.142026670991887709e-04
1.138036115519642556e-04
1.134056150818626562e-04
1.130086748365859850e-04
1.126127879754071853e-04
1.122179516691700497e-04
1.118241630945033621e-04
1.114314194492499889e-04
1.110397179293232415e-04
1.106490557479932076e-04
1.102594301358868315e-04
1.098708383217015031e-04
1.094832775495628227e-04
1.090967450751672944e-04
1.087112381657823803e-04
1.083267541002464461e-04
1.079432901573970714e-04
1.075608436450003694e-04
1.071794118631071754e-04
1.067989921329824075e-04
1.064195817816760423e-04
1.060411781497376749e-04
1.056637785796447199e-04
1.052873804389459813e-04
1.049119810874749449e-04
1.045375779101364721e-04
1.041641682937633119e-04
1.037917496348305654e-04
1.034203193433129382e-04
1.030498748426848218e-04
1.026804135564198081e-04
1.023119329195625417e-04
1.019444303903004235e-04
1.015779034133197319e-04
1.012123494641640337e-04
1.008477660183762585e-04
1.004841505630702669e-04
1.001215005930737335e-04
9.975981360899952694e-05
9.939908713460336720e-05
9.903931868978293552e-05
9.868050580600699309e-05
9.832264603210134793e-05
9.796573691496236183e-05
9.760977602077204932e-05
9.725476091956898627e-05
9.690068918524829633e-05
9.654755841677668208e-05
9.619536620540554146e-05
9.584411016167196579e-05
9.549378789996960774e-05
9.514439704819184647e-05
9.479593524001735040e-05
9.444840012069584075e-05
9.410178933547637468e-05
9.375610055275098234e-05
9.341133143705375019e-05
9.306747967220443095e-05
9.272454293816486076e-05
9.238251894382570721e-05
9.204140538071931715e-05
9.170119996930688243e-05
9.136190042619173252e-05
9.102350448919144200e-05
9.068600989419439674e-05
9.034941439058877689e-05
9.001371572969074511e-05
8.967891168017356508e-05
8.934500000878128467e-05
8.901197850347223749e-05
8.867984495220421507e-05
8.834859715257753715e-05
8.801823290797783979e-05
8.768875003721922703e-05
8.736014636104385319e-05
8.703241970790779485e-05
8.670556792169565078e-05
8.637958884050549722e-05
8.605448032943574434e-05
8.573024024201236716e-05
8.540686645490446274e-05
8.508435684863771662e-05
8.476270930566600010e-05
8.444192172001433220e-05
8.412199199920767528e-05
8.380291804691314286e-05
8.348469778801224266e-05
8.316732914545738856e-05
8.285081005184352263e-05
8.253513844940829137e-05
8.222031229003192365e-05
8.190632952366547323e-05
8.159318812147451001e-05
8.128088605462402113e-05
8.096942129620707110e-05
8.065879183860262113e-05
8.034899567804635635e-05
8.004003081270205286e-05
7.973189525037617758e-05
7.942458701237508658e-05
7.911810412000471577e-05
7.881244460614217589e-05
7.850760650945012441e-05
7.820358787437650802e-05
7.790038675694066505e-05
7.759800120930411213e-05
7.729642931062880821e-05
7.699566913429031171e-05
7.669571875752093212e-05
7.639657626912437058e-05
7.609823976754696482e-05
7.580070735894917815e-05
7.550397714756231231e-05
7.520804725690355213e-05
7.491291580663240980e-05
7.461858093183693324e-05
7.432504076567613078e-05
7.403229345673758709e-05
7.374033715939439296e-05
7.344917002609051824e-05
7.315879022855582945e-05
7.286919593659111282e-05
7.258038532963992677e-05
7.229235659293121378e-05
7.200510791940808260e-05
7.171863750779910735e-05
7.143294356840422673e-05
7.114802430573699240e-05
7.086387794745426785e-05
7.058050271349782879e-05
7.029789683923817636e-05
7.001605856390265769e-05
6.973498613057545225e-05
6.945467779005486510e-05
6.917513180663925306e-05
6.889634643691202069e-05
6.861831996059976238e-05
6.834105064971413381e-05
6.806453678976686955e-05
6.778877667012653653e-05
6.751376858594719424e-05
6.723951084588300812e-05
6.696600175665909046e-05
6.669323962692875292e-05
6.642122279041725197e-05
6.614994956542031906e-05
6.587941828759105766e-05
6.560962729643941718e-05
6.534057494304683356e-05
6.507225957656566243e-05
6.480467955579115357e-05
6.453783323951806886e-05
6.427171900582724303e-05
6.400633523087048476e-05
6.374168029079920969e-05
6.347775258105085210e-05
6.321455049127658126e-05
6.295207242462761820e-05
6.269031678618351884e-05
6.242928198680931806e-05
6.216896644701294487e-05
6.190936858923056830e-05
6.165048683975528463e-05
6.139231964030894269e-05
6.113486542489849327e-05
6.087812264488827278e-05
6.062208975164225168e-05
6.036676520423864121e-05
6.011214746561256630e-05
5.985823500448470539e-05
5.960502630114726411e-05
5.935251982817752288e-05
5.910071407743882146e-05
5.884960753886552096e-05
5.859919871396349609e-05
5.834948610038098282e-05
5.810046821312367724e-05
5.785214355562505711e-05
5.760451065831927972e-05
5.735756804199693739e-05
5.711131423516287674e-05
5.686574777596479108e-05
5.662086720640737553e-05
5.637667107042362619e-05
5.613315792544667224e-05
5.589032632119480583e-05
5.564817482474375209e-05
5.540670200509755075e-05
5.516590643318857639e-05
5.492578668766347146e-05
5.468634135488310562e-05
5.444756902120805037e-05
5.420946827878449849e-05
5.397203772940155044e-05
5.373527598063390084e-05
5.349918163812732668e-05
5.326375331524184570e-05
5.302898963690905702e-05
5.279488922227430151e-05
5.256145070784043439e-05
5.232867272432405263e-05
5.209655391401335489e-05
5.186509291919619427e-05
5.163428839180340604e-05
5.140413898762276633e-05
5.117464337015637329e-05
5.094580019326278725e-05
5.071760813972996237e-05
5.049006587884503536e-05
5.026317208760945821e-05
5.003692545652489731e-05
4.981132466837814133e-05
4.958636842138487380e-05
4.936205541954642663e-05
4.913838436107792094e-05
4.891535395383741938e-05
4.869296291339729314e-05
4.847120995918691519e-05
4.825009381449268063e-05
4.802961320452938044e-05
4.780976686608336661e-05
4.759055353015482099e-05
4.737197194124413984e-05
4.715402084963741521e-05
4.693669900562047492e-05
4.672000515947886213e-05
4.650393807692703525e-05
4.628849652367918838e-05
4.607367926159197175e-05
4.585948507566551001e-05
4.564591273739915776e-05
4.543296103372118481e-05
4.522062874577366371e-05
4.500891467784216854e-05
4.479781761878284319e-05
4.458733636902345360e-05
4.437746973863478854e-05
4.416821652997273876e-05
4.395957557046539733e-05
4.375154567018277378e-05
4.354412565462380637e-05
4.333731434735855641e-05
4.313111058738599359e-05
4.292551320984757085e-05
4.272052104988449716e-05
4.251613295999554328e-05
4.231234778496469035e-05
4.210916438307617455e-05
4.190658160682809579e-05
4.170459832221881582e-05
4.150321339524646599e-05
4.130242569769490058e-05
4.110223409941910367e-05
4.090263748570298807e-05
4.070363473990158286e-05
4.050522474729837394e-05
4.030740639896252274e-05
4.011017858982028053e-05
3.991354022636957484e-05
3.971749020932213595e-05
3.952202744517543736e-05
3.932715084235536879e-05
3.913285933243137570e-05
3.893915181804296759e-05
3.874602723461645620e-05
3.855348450793469670e-05
3.836152256956625365e-05
3.817014035879410177e-05
3.797933681875826500e-05
3.778911088681264458e-05
3.759946151574009081e-05
3.741038766025189729e-05
3.722188827313050098e-05
3.703396232065867520e-05
3.684660875947575029e-05
3.665982656357866579e-05
3.647361469924957162e-05
3.628797215591420732e-05
3.610289789792565609e-05
3.591839092049519744e-05
3.573445020533336117e-05
3.555107474186508043e-05
3.536826353880154422e-05
3.518601557978135971e-05
3.500432987737262956e-05
3.482320543064274063e-05
3.464264126180264906e-05
3.446263637377665540e-05
3.428318979648993623e-05
3.410430053865233881e-05
3.392596763597460004e-05
3.374819011066674770e-05
3.357096700229642559e-05
3.339429734657382170e-05
3.321818017920892074e-05
3.304261455134071071e-05
3.286759950446477047e-05
3.269313409164836869e-05
3.251921737367319097e-05
3.234584839974885366e-05
3.217302623837127635e-05
3.200074995610754908e-05
3.182901861180999258e-05
3.165783129711776371e-05
3.148718707859743073e-05
3.131708503438727204e-05
3.114752425226861599e-05
3.097850381616534869e-05
3.081002282350170618e-05
3.064208035820120186e-05
3.047467552733099301e-05
3.030780743024345062e-05
3.014147517014806611e-05
2.997567785604012154e-05
2.981041459884338973e-05
2.964568451719604348e-05
2.948148672780746333e-05
2.931782035124416035e-05
2.915468451578706258e-05
2.899207834393100917e-05
2.883000097938578238e-05
2.866845154850319606e-05
2.850742919692137749e-05
2.834693306063503805e-05
2.818696228721064668e-05
2.802751603192909263e-05
2.786859344235651279e-05
2.771019367763078128e-05
2.755231589110367999e-05
2.739495924769871107e-05
2.723812291619653436e-05
2.708180606730629700e-05
2.692600786595105054e-05
2.677072749248287693e-05
2.661596412532507260e-05
2.646171694675807131e-05
2.630798514484810428e-05
2.615476790380395709e-05
2.600206441940615593e-05
2.584987388357779491e-05
2.569819549595639860e-05
2.554702845810800607e-05
2.539637197352716402e-05
2.524622525342285306e-05
2.509658750900392504e-05
2.494745794955043953e-05
2.479883579591420011e-05
2.465072026894686466e-05
2.450311058949996570e-05
2.435600598806812638e-05
2.420940569514584112e-05
2.406330893737015190e-05
2.391771495680716837e-05
2.377262298973691475e-05
2.362803228015386266e-05
2.348394207398101175e-05
2.334035161521256938e-05
2.319726016134314705e-05
2.305466696600993773e-05
2.291257128284998192e-05
2.277097237128615146e-05
2.262986950231306895e-05
2.248926193728198518e-05
2.234914894911591861e-05
2.220952980495179889e-05
2.207040378542698012e-05
2.193177016732138432e-05
2.179362823320075130e-05
2.165597726563069889e-05
2.151881655296265932e-05
2.138214538354794286e-05
2.124596305538097751e-05
2.111026886259875578e-05
2.097506210319547530e-05
2.084034208095112434e-05
2.070610810157422937e-05
2.057235947077320164e-05
2.043909549618496687e-05
2.030631550087553199e-05
2.017401879441022873e-05
2.004220469599752691e-05
1.991087253256036070e-05
1.978002162330695936e-05
1.964965130094596983e-05
1.951976089432861712e-05
1.939034974002063467e-05
1.926141717073029673e-05
1.913296252688039274e-05
1.900498515082222999e-05
1.887748438876430388e-05
1.875045958498634130e-05
1.862391009341120716e-05
1.849783526410434786e-05
1.837223445677434787e-05
1.824710702920103326e-05
1.812245234109275131e-05
1.799826975987235436e-05
1.787455864524796947e-05
1.775131837814277180e-05
1.762854832212197150e-05
1.750624785425121678e-05
1.738441635738199734e-05
1.726305320665109795e-05
1.714215778683843465e-05
1.702172948658112520e-05
1.690176769065887221e-05
1.678227179156587315e-05
1.666324118565352041e-05
1.654467527120175472e-05
1.642657343877579492e-05
1.630893509822726813e-05
1.619175965362174992e-05
1.607504650902469724e-05
1.595879507621607548e-05
1.584300477276169155e-05
1.572767500465534744e-05
1.561280519717725006e-05
1.549839476403559464e-05
1.538444313436768474e-05
1.527094973345341554e-05
1.515791398464393570e-05
1.504533532286219207e-05
1.493321318110238328e-05
1.482154699428725629e-05
1.471033619926811147e-05
1.459958024253940419e-05
1.448927856288088660e-05
1.437943060678681248e-05
1.427003582653729746e-05
1.416109367055505047e-05
1.405260359111999062e-05
1.394456505208384539e-05
1.383697750186903235e-05
1.372984040818438919e-05
1.362315323295270204e-05
1.351691544581127052e-05
1.341112650868268593e-05
1.330578590084731822e-05
1.320089309001352058e-05
1.309644755931877823e-05
1.299244877839991138e-05
1.288889623618016885e-05
1.278578940808213949e-05
1.268312779074349923e-05
1.258091086151529717e-05
1.247913812282097789e-05
1.237780906165467435e-05
1.227692317465368807e-05
1.217647996038388418e-05
1.207647892126833453e-05
1.197691955587272297e-05
1.187780137433455189e-05
1.177912388100528393e-05
1.168088658987954525e-05
1.158308901109457224e-05
1.148573066250211991e-05
1.138881105809655858e-05
1.129232972151542039e-05
1.119628617253885450e-05
1.110067993673287189e-05
1.100551053773475060e-05
1.091077751461090066e-05
1.081648038906977055e-05
1.072261869632029249e-05
1.062919197735726900e-05
1.053619976353216127e-05
1.044364160741151243e-05
1.035151704613256755e-05
1.025982562068979206e-05
1.016856688557813512e-05
1.007774039143515616e-05
9.987345686969679925e-06
9.897382328605058236e-06
9.807849872764561584e-06
9.718747883585985824e-06
9.630075923278393828e-06
9.541833542478850359e-06
9.454020324611437574e-06
9.366635829956321035e-06
9.279679628436848419e-06
9.193151299619552901e-06
9.107050413427621223e-06
9.021376549427429013e-06
8.936129289113920561e-06
8.851308210124655501e-06
8.766912899740382360e-06
8.682942947170420016e-06
8.599397939695359446e-06
8.516277464595712007e-06
8.433581120723826225e-06
8.351308501146019386e-06
8.269459206643139219e-06
8.188032836067305552e-06
8.107028986341906923e-06
8.026447269819482542e-06
7.946287289209228572e-06
7.866548653006225029e-06
7.787230975491432402e-06
7.708333865159781631e-06
7.629856942078044215e-06
7.551799820526957025e-06
7.474162126359105960e-06
7.396943471926423756e-06
7.320143486938652266e-06
7.243761799176805444e-06
7.167798036421823550e-06
7.092251826454573151e-06
7.017122804770461425e-06
6.942410606864824398e-06
6.868114864375615137e-06
6.794235226298597521e-06
6.720771324271582314e-06
6.647722807290189402e-06
6.575089318564006580e-06
6.502870509017163100e-06
6.431066029573718757e-06
6.359675525371700412e-06
6.288698656978294069e-06
6.218135079174654491e-06
6.147984446741863596e-06
6.078246426032858262e-06
6.008920671828582341e-06
5.940006856267793887e-06
5.871504645703219712e-06
5.803413702630207905e-06
5.735733706901926684e-06
5.668464322942241130e-06
5.601605230604178005e-06
5.535156107812045491e-06
5.469116630561426405e-06
5.403486482562453492e-06
5.338265347525190039e-06
5.273452905302323997e-06
5.209048855033017659e-06
5.145052876569824297e-06
5.081464665194463104e-06
5.018283916188585512e-06
4.955510320976470154e-06
4.893143578696945594e-06
4.831183390417426838e-06
4.769629459133917038e-06
4.708481485913701607e-06
4.647739181467268399e-06
4.587402244933118174e-06
4.527470396664877700e-06
4.467943345444189195e-06
4.408820798123972898e-06
4.350102476986317514e-06
4.291788104313248219e-06
4.233877394672110666e-06
4.176370068416147072e-06
4.119265853613152120e-06
4.062564476402206145e-06
4.006265662922323410e-06
3.950369150884379070e-06
3.894874658712646880e-06
3.839781927975185054e-06
3.785090694454028186e-06
3.730800699717110399e-06
3.676911673760379142e-06
3.623423369723568864e-06
3.570335529174427762e-06
3.517647893680642202e-06
3.465360218310415763e-06
3.413472242702659476e-06
3.361983729640070095e-06
3.310894424547397614e-06
3.260204088278564721e-06
3.209912477830125124e-06
3.160019352127224906e-06
3.110524473952259277e-06
3.061427602230254890e-06
3.012728515172720360e-06
2.964426965918599428e-06
2.916522732679281278e-06
2.869015584022823904e-06
2.821905292374535274e-06
2.775191639802934692e-06
2.728874392947247639e-06
2.682953339661839161e-06
2.637428256229088054e-06
2.592298930503241625e-06
2.547565142623870200e-06
2.503226680445104197e-06
2.459283339535632850e-06
2.415734901963505785e-06
2.372581159439986503e-06
2.329821919105516707e-06
2.287456964956627015e-06
2.245486107990952354e-06
2.203909134133561507e-06
2.162725852453320842e-06
2.121936068161729862e-06
2.081539588398883833e-06
2.041536216447514545e-06
2.001925769090876932e-06
1.962708049611587163e-06
1.923882878650096361e-06
1.885450071060835420e-06
1.847409441698177846e-06
1.809760811202405145e-06
1.772504002142396702e-06
1.735638835158322216e-06
1.699165134747603262e-06
1.663082736979533741e-06
1.627391460565460579e-06
1.592091137717256177e-06
1.557181604504047992e-06
1.522662693137597887e-06
1.488534241615576358e-06
1.454796087935598418e-06
1.421448073952534141e-06
1.388490033806578946e-06
1.355921818995765327e-06
1.323743273303452817e-06
1.291954248227564218e-06
1.260554585622694740e-06
1.229544142772622242e-06
1.198922769246451837e-06
1.168690322327852118e-06
1.138846659300438100e-06
1.109391637447770169e-06
1.080325119839319245e-06
1.051646961829882870e-06
1.023357038060752196e-06
9.954552135298903593e-07
9.679413455205885992e-07
9.408153144599409269e-07
9.140769892030590229e-07
8.877262386050014162e-07
8.617629469500110851e-07
8.361869888790038400e-07
8.109982390328424458e-07
7.861965836242646371e-07
7.617819011513362498e-07
7.377540816839987249e-07
7.141130017915568557e-07
6.908585631157749601e-07
6.679906480118162778e-07
6.455091465494109147e-07
6.234139584415100537e-07
6.017049795437023527e-07
5.803820979969052064e-07
5.594452270144956395e-07
5.388942566659405425e-07
5.187290905212382094e-07
4.989496437222637035e-07
4.795558140529460673e-07
4.605475127977460644e-07
4.419246473837628864e-07
4.236871348813174367e-07
4.058348846460596734e-07
3.883678195341709578e-07
3.712858469725424288e-07
3.545888936745615365e-07
3.382768805675995775e-07
3.223497285789758622e-07
3.068073605646129832e-07
2.916497090236561455e-07
2.768766987405793963e-07
2.624882583571150170e-07
2.484843261582180070e-07
2.348648327141724994e-07
2.216297124525208083e-07
2.087789036580636671e-07
1.963123484728600964e-07
1.842299851816081002e-07
1.725317597835738728e-07
1.612176124920077200e-07
1.502874931633830894e-07
1.397413497254674164e-07
1.295791358919416135e-07
1.198007976618158592e-07
1.104062945346335484e-07
1.013955763666124436e-07
9.276860651450364296e-08
8.452534254904242265e-08
7.666574396956804267e-08
6.918977606133347793e-08
6.209740025223088575e-08
5.538858954203107885e-08
4.906330728717927062e-08
4.312152070137966283e-08
3.756320857021510607e-08
3.238834389325281415e-08
2.759689581269929574e-08
2.318885082860458931e-08
1.916418001172847799e-08
1.552286986201937615e-08
1.226490495071997763e-08
9.390260205747542331e-09
6.898931770172796069e-09
4.790904215086115632e-09
3.066165968836979931e-09
1.724713174343851916e-09
7.665400458195176277e-10
1.916330828062883796e-10
0.000000000000000000e+00
