-2.465172838520487490e-15
-3.259618342816924752e+00
-6.322724873643272403e+00
-9.033891023620768124e+00
-1.130205796550613506e+01
-1.310079073565227503e+01
-1.445285835091716997e+01
-1.541017088511442701e+01
-1.603662989533568961e+01
-1.639657483385546044e+01
-1.654842455699575154e+01
-1.654201796838861327e+01
-1.641817698765093425e+01
-1.620941138556450412e+01
-1.594108994805572621e+01
-1.563270400342002908e+01
-1.529903989951465348e+01
-1.495118823965548494e+01
-1.459737467256769428e+01
-1.424362554619990995e+01
-1.389429110512896770e+01
-1.355245222442690611e+01
-1.322023341915874717e+01
-1.289904293593724915e+01
-1.258975561748972538e+01
-1.229285251511742771e+01
-1.200852678986517397e+01
-1.173676489389064592e+01
-1.147740825202087933e+01
-1.123020065131845335e+01
-1.099482281491821212e+01
-1.077091642870157173e+01
-1.055809758955338573e+01
-1.035596261654695915e+01
-1.016408801952182550e+01
-9.982029285426431642e+00
-9.809320296000128891e+00
-9.645476417686349890e+00
-9.490000282413530996e+00
-9.342390733590971053e+00
-9.202152131873965857e+00
-9.068803964683493035e+00
-8.941888210667066517e+00
-8.820975326694874497e+00
-8.705667198675948626e+00
-8.595598809241648652e+00
-8.490437428565972056e+00
-8.389881420533820133e+00
-8.293657444116565358e+00
-8.201518125843019646e+00
-8.113238748725882132e+00
-8.028614930660825877e+00
-7.947459599616210291e+00
-7.869601179163514537e+00
-7.794881116475024463e+00
-7.723152671540160163e+00
-7.654278981377623303e+00
-7.588132368440862585e+00
-7.524592821880160542e+00
-7.463547694058691562e+00
-7.404890470228184363e+00
-7.348520735163064366e+00
-7.294343127782459746e+00
-7.242267490091299997e+00
-7.192207934020922622e+00
-7.144083113595360857e+00
-7.097815356701019596e+00
-7.053331023089707941e+00
-7.010559671781400937e+00
-6.969434482122875529e+00
-6.929891439181536938e+00
-6.891869804247415132e+00
-6.855311307706094759e+00
-6.820160660861411372e+00
-6.786364749967579435e+00
-6.753873184428331733e+00
-6.722637488065972278e+00
-6.692611680552593256e+00
-6.663751463340481962e+00
-6.636014832189991886e+00
-6.609361255940046753e+00
-6.583752318563859340e+00
-6.559150889388526195e+00
-6.535521793437730764e+00
-6.512830971964073790e+00
-6.491046180040336289e+00
-6.470136136431470675e+00
-6.450071247532215502e+00
-6.430822745721656908e+00
-6.412363438846745645e+00
-6.394666836293790624e+00
-6.377707923300390824e+00
-6.361462274055707411e+00
-6.345906850196544546e+00
-6.331019100316693127e+00
-6.316777782068287550e+00
-6.303162047523267475e+00
-6.290152288361278821e+00
-6.277729206583213539e+00
-6.265874682321719291e+00
-6.254570829459425774e+00
-6.243800885648036036e+00
-6.233548252431608816e+00
-6.223797407105637447e+00
-6.214532926988688644e+00
-6.205740422794425726e+00
-6.197405546733501858e+00
-6.189514947108397003e+00
-6.182055259962597304e+00
-6.175014084640940482e+00
-6.168378958734322737e+00
-6.162138354377661109e+00
-6.156280636266224349e+00
-6.150795078489623258e+00
-6.145670805419991112e+00
-6.140897828904221534e+00
-6.136465971845955103e+00
-6.132365925598509016e+00
-6.128588156082268590e+00
-6.125123981238937532e+00
-6.121964459542785342e+00
-6.119101487393383110e+00
-6.116526669893944224e+00
-6.114232438073687881e+00
-6.112210901820312792e+00
-6.110454986835724966e+00
-6.108957269621057229e+00
-6.107711134080819448e+00
-6.106709588469291461e+00
-6.105946441568051775e+00
-6.105415101511573184e+00
-6.105109771471950886e+00
-6.105024230289601839e+00
-6.105153047606693306e+00
-6.105490346236123855e+00
-6.106031036691726754e+00
-6.106769561235320332e+00
-6.107701147757903293e+00
-6.108820535449799749e+00
-6.110123247992871320e+00
-6.111604300803541889e+00
-6.113259493500730279e+00
-6.115084098676240920e+00
-6.117074173607224274e+00
-6.119225230512418179e+00
-6.121533567481722393e+00
-6.123994920179900880e+00
-6.126605811969958459e+00
-6.129362187028702280e+00
-6.132260779643167403e+00
-6.135297728705878306e+00
-6.138469966165984282e+00
-6.141773812874297356e+00
-6.145206386173863500e+00
-6.148764177066498249e+00
-6.152444476929578521e+00
-6.156243935978235271e+00
-6.160160009096867562e+00
-6.164189495572879096e+00
-6.168330004033419911e+00
-6.172578473427638102e+00
-6.176932657060941523e+00
-6.181389624804351612e+00
-6.185947266219899099e+00
-6.190602773976915607e+00
-6.195354166063039791e+00
-6.200198750388863367e+00
-6.205134666080676986e+00
-6.210159329254692828e+00
-6.215270993389259147e+00
-6.220467176251364805e+00
-6.225746239346133137e+00
-6.231105795979474671e+00
-6.236544309783855766e+00
-6.242059483900989747e+00
-6.247649878584187633e+00
-6.253313281485675112e+00
-6.259048344336052061e+00
-6.264852934321961442e+00
-6.270725789843691445e+00
-6.276664852968919739e+00
-6.282668944270885625e+00
-6.288736076344101811e+00
-6.294865147725752230e+00
-6.301054237460127716e+00
-6.307302318106183137e+00
-6.313607531337812162e+00
-6.319968920041110216e+00
-6.326384684937855774e+00
-6.332853935776523890e+00
-6.339374928966391209e+00
-6.345946837867043833e+00
-6.352567971420694626e+00
-6.359237563545172556e+00
-6.365953972752453005e+00
-6.372716490650401688e+00
-6.379523522535686553e+00
-6.386374415009934857e+00
-6.393267617535236091e+00
-6.400202529170757160e+00
-6.407177641079413455e+00
-6.414192402391115877e+00
-6.421245343648849691e+00
-6.428335961805696996e+00
-6.435462824598800147e+00
-6.442625474686659359e+00
-6.449822514939975271e+00
-6.457053531726542062e+00
-6.464317161107495657e+00
-6.471613031277025918e+00
-6.478939809653192050e+00
-6.486297164479977617e+00
-6.493683792801357768e+00
-6.501099401233797259e+00
-6.508542714812239005e+00
-6.516013476941150628e+00
-6.523510439101452008e+00
-6.531033379988286036e+00
-6.538581076067847775e+00
-6.546153339910144808e+00
-6.553748971584827387e+00
-6.561367816197815728e+00
-6.569008696114376100e+00
-6.576671487708964037e+00
-6.584355034404514306e+00
-6.592059242643999895e+00
-6.599782975735188906e+00
-6.607526169053090648e+00
-6.615287704678868508e+00
-6.623067545842569182e+00
-6.630864592344885899e+00
-6.638678834249911453e+00
-6.646509188078492336e+00
-6.654355669760360747e+00
-6.662217211587955212e+00
-6.670093854437948444e+00
-6.677984545473993450e+00
-6.685889349647633928e+00
-6.693807228138583199e+00
-6.701738269145205429e+00
-6.709681447050776626e+00
-6.717636872513835122e+00
-6.725603532349063940e+00
-6.733581558927621558e+00
-6.741569950761223673e+00
-6.749568861223122163e+00
-6.757577299823502415e+00
-6.765595440261935600e+00
-6.773622302382386273e+00
-6.781658079567788100e+00
-6.789701801363055900e+00
-6.797753680222806238e+00
-6.805812754790176555e+00
-6.813879256008903873e+00
-6.821952231046322090e+00
-6.830031928780607053e+00
-6.838117404356058415e+00
-6.846208924056922385e+00
-6.854305550482722609e+00
-6.862407566820210469e+00
-6.870514042626635565e+00
-6.878625277511252634e+00
-6.886740347514285432e+00
-6.894859568209798617e+00
-6.902982021667861900e+00
-6.911108038990796842e+00
-6.919236707846049050e+00
-6.927368374447541832e+00
-6.935502131646930302e+00
-6.943638340372168649e+00
-6.951776098264501158e+00
-6.959915780586281464e+00
-6.968056489391144304e+00
-6.976198613913344282e+00
-6.984341260258328354e+00
-6.992484831285917579e+00
-7.000628436808537636e+00
-7.008772492980690494e+00
-7.016916112991881782e+00
-7.025059725975103753e+00
-7.033202448181214983e+00
-7.041344721419278585e+00
-7.049485664699409959e+00
-7.057625732217661430e+00
-7.065764045453895470e+00
-7.073901070714671668e+00
-7.082035931672591822e+00
-7.090169106479882188e+00
-7.098299720736458873e+00
-7.106428264187017341e+00
-7.114553864104257386e+00
-7.122677021583001533e+00
-7.130796865324630751e+00
-7.138913907542077553e+00
-7.147027278131557360e+00
-7.155137500201673717e+00
-7.163243704619064012e+00
-7.171346425175189054e+00
-7.179444793491716048e+00
-7.187539353838966250e+00
-7.195629238386954007e+00
-7.203715001689325881e+00
-7.211795776266093583e+00
-7.219872126766825993e+00
-7.227943185870918441e+00
-7.236009528144214720e+00
-7.244070286242504153e+00
-7.252126044475612154e+00
-7.260175935299760575e+00
-7.268220552603605000e+00
-7.276259028474737711e+00
-7.284291966222136594e+00
-7.292318497402163757e+00
-7.300339234592107651e+00
-7.308353308660855419e+00
-7.316361341307973554e+00
-7.324362462564496745e+00
-7.332357303112306823e+00
-7.340344991999861790e+00
-7.348326168756861954e+00
-7.356299961309942681e+00
-7.364267017907647705e+00
-7.372226465220616198e+00
-7.380178960092231399e+00
-7.388123627808186988e+00
-7.396061133687579670e+00
-7.403990601506759361e+00
-7.411912704946201025e+00
-7.419826566153101766e+00
-7.427732867059528843e+00
-7.435630728067951445e+00
-7.443520839256483335e+00
-7.451402319171593014e+00
-7.459275865935961036e+00
-7.467140596132766817e+00
-7.474997215831712616e+00
-7.482844839549128935e+00
-7.490684181208203007e+00
-7.498514353158375556e+00
-7.506336077086196212e+00
-7.514148463078003104e+00
-7.521952240497006947e+00
-7.529746517073326650e+00
-7.537532029763690744e+00
-7.545307883852107267e+00
-7.553074823808749727e+00
-7.560831952384811316e+00
-7.568580021486830844e+00
-7.576318131249287546e+00
-7.584047040941160667e+00
-7.591765847999287331e+00
-7.599475318983695438e+00
-7.607174548555259541e+00
-7.614864310496745503e+00
-7.622543696617291253e+00
-7.630213487856316590e+00
-7.637872773098196788e+00
-7.645522340375630499e+00
-7.653161275577314626e+00
-7.660790373768277206e+00
-7.668408717773022687e+00
-7.676017109630137725e+00
-7.683614629033763244e+00
-7.691202084939527950e+00
-7.698778553846929995e+00
-7.706344851574360888e+00
-7.713900051364533716e+00
-7.721444975846344150e+00
-7.728978694945483063e+00
-7.736502038050954155e+00
-7.744014071713159808e+00
-7.751515632032871750e+00
-7.759005782128659767e+00
-7.766485364766345434e+00
-7.773953439577959479e+00
-7.781410855949551397e+00
-7.788856669973472258e+00
-7.796291737612923711e+00
-7.803715111368877189e+00
-7.811127653740284948e+00
-7.818528413586849801e+00
-7.825918259903170693e+00
-7.833296237859217470e+00
-7.840663222906838037e+00
-7.848018256479203814e+00
-7.855362220448353305e+00
-7.862694152464960951e+00
-7.870014940785767799e+00
-7.877323619234499752e+00
-7.884621082418372673e+00
-7.891906360291045530e+00
-7.899180353777208730e+00
-7.906442088918665512e+00
-7.913692472925903942e+00
-7.920930527888060624e+00
-7.928157167271058015e+00
-7.935371409171680490e+00
-7.942574173282040739e+00
-7.949764473668051501e+00
-7.956943236219832016e+00
-7.964109470935041735e+00
-7.971264109874669046e+00
-7.978406158931644399e+00
-7.985536556311852330e+00
-7.992654303767952939e+00
-7.999760345625797520e+00
-8.006853679463212359e+00
-8.013935255701905902e+00
-8.021004067711306362e+00
-8.028061071985860053e+00
-8.035105257653786026e+00
-8.042137587260240750e+00
-8.049157045660145116e+00
-8.056164601428120520e+00
-8.063159235114669698e+00
-8.070141921303390475e+00
-8.077111636210092982e+00
-8.084069360407722726e+00
-8.091014065747712536e+00
-8.097946738773611486e+00
-8.104866346943591537e+00
-8.111773882753766429e+00
-8.118668309240753445e+00
-8.125550624836012759e+00
-8.132419788127148053e+00
-8.139276803464333909e+00
-8.146120624959189982e+00
-8.152952262864813449e+00
-8.159770666790610250e+00
-8.166576852877399872e+00
-8.173369766206697307e+00
-8.180150428792428485e+00
-8.186917781163193908e+00
-8.193672851192186357e+00
-8.200414574830436010e+00
-8.207143985797230812e+00
-8.213860015441975193e+00
-8.220563703317331772e+00
-8.227253976147713033e+00
-8.233931879306920720e+00
-8.240596334871380435e+00
-8.247248394024655482e+00
-8.253886974172571556e+00
-8.260513132297363725e+00
-8.267125781112323324e+00
-8.273725983387887339e+00
-8.280312647123182046e+00
-8.286886840866841908e+00
-8.293447467882703705e+00
-8.299995602488174029e+00
-8.306530143190963500e+00
-8.313052170068290891e+00
-8.319560576851417366e+00
-8.326056449368779866e+00
-8.332538676555293122e+00
-8.339008349982503177e+00
-8.345464353769431298e+00
-8.351907785223056990e+00
-8.358337523627268340e+00
-8.364754672017285841e+00
-8.371158104822958634e+00
-8.377548930800983840e+00
-8.383926019508644245e+00
-8.390290485417644106e+00
-8.396641193194495756e+00
-8.402979263019924261e+00
-8.409303554651796020e+00
-8.415615193974135266e+00
-8.421913035818601401e+00
-8.428198211767302439e+00
-8.434469571708264723e+00
-8.440728252916798624e+00
-8.446973100320409600e+00
-8.453205256882830199e+00
-8.459423562554333031e+00
-8.465629165982994309e+00
-8.471820902125195119e+00
-8.477999925309443796e+00
-8.484165065482143220e+00
-8.490317482648507053e+00
-8.496456001728926566e+00
-8.502581788402144625e+00
-8.508693662546724212e+00
-8.514792795512027723e+00
-8.520878002119182781e+00
-8.526950459385396641e+00
-8.533008977059232336e+00
-8.539054737823253305e+00
-8.545086546338275468e+00
-8.551105590950205837e+00
-8.557110671217145637e+00
-8.563102981146512249e+00
-8.569081315178975089e+00
-8.575046872981845425e+00
-8.580998443863904868e+00
-8.586937233150973015e+00
-8.592862025005612026e+00
-8.598774030411089342e+00
-8.604672028369481751e+00
-8.610557235520804653e+00
-8.616428425692634008e+00
-8.622286821181004868e+00
-8.628131190625248692e+00
-8.633962761977093336e+00
-8.639780298673892744e+00
-8.645585034322916584e+00
-8.651375727145985906e+00
-8.657153616406050745e+00
-8.662917455096007302e+00
-8.668668488134780858e+00
-8.674405463273069827e+00
-8.680129631086273889e+00
-8.685839734069762841e+00
-8.691537028456236769e+00
-8.697220251472712604e+00
-8.702890665009945792e+00
-8.708547001013871025e+00
-8.714190527034499922e+00
-8.719819969723779707e+00
-8.725436602292315769e+00
-8.731039146085461056e+00
-8.736628879975997464e+00
-8.742204519990027123e+00
-8.747767350664153341e+00
-8.753316082692967015e+00
-8.758852006278694091e+00
-8.764373826771988618e+00
-8.769882840042898309e+00
-8.775377746085808894e+00
-8.780859846440781880e+00
-8.786327835733871439e+00
-8.791783021177504764e+00
-8.797224092017415842e+00
-8.802652361140834714e+00
-8.808066512401191872e+00
-8.813467864363376592e+00
-8.818855095476539674e+00
-8.824229529986137521e+00
-8.829589840925164523e+00
-8.834937358222726189e+00
-8.840270749483964963e+00
-8.845591350324653490e+00
-8.850897822910514634e+00
-8.856191508547444968e+00
-8.861471063949958094e+00
-8.866737836117616567e+00
-8.871990476302185513e+00
-8.877230337200460397e+00
-8.882456064590112277e+00
-8.887669016868899874e+00
-8.892867834328809451e+00
-8.898053881072629068e+00
-8.903225791895312824e+00
-8.908384936608594984e+00
-8.913529944499133606e+00
-8.918662191091847546e+00
-8.923780300153753231e+00
-8.928885652927265326e+00
-8.933976867648514286e+00
-8.939055331281934969e+00
-8.944119656521563044e+00
-8.949171236058340639e+00
-8.954208677033088648e+00
-8.959233377868022430e+00
-8.964243940139629885e+00
-8.969241768006122939e+00
-8.974225457468650191e+00
-8.979196418426413473e+00
-8.984153241294071890e+00
-8.989097341716906442e+00
-8.994027304512114185e+00
-8.998944551076226261e+00
-9.003847660617955384e+00
-9.008738060290438554e+00
-9.013614323682949347e+00
-9.018477883710545484e+00
-9.023327308332168784e+00
-9.028164036230432288e+00
-9.032986629722921990e+00
-9.037796533265396448e+00
-9.042592303523237618e+00
-9.047375390731168920e+00
-9.052144345891489863e+00
-9.056900625023619256e+00
-9.061642773455977462e+00
-9.066372252998696979e+00
-9.071087603295426405e+00
-9.075790291953055089e+00
-9.080478852919615207e+00
-9.085154759604952446e+00
-9.089816540250723165e+00
-9.094465674075925321e+00
-9.099100683604984141e+00
-9.103723053872510462e+00
-9.108331301674862601e+00
-9.112926917868747978e+00
-9.117508413511620446e+00
-9.122077285288870740e+00
-9.126632038508340372e+00
-9.131174175690590644e+00
-9.135702196383164164e+00
-9.140217608948635331e+00
-9.144718907163271737e+00
-9.149207605238641960e+00
-9.153682191168956095e+00
-9.158144185021679817e+00
-9.162592068998215211e+00
-9.167027369028939887e+00
-9.171448561511652997e+00
-9.175857178246770829e+00
-9.180251689817701788e+00
-9.184633633902148375e+00
-9.189001475258287144e+00
-9.193356757448459149e+00
-9.197697939394812394e+00
-9.202026570551625539e+00
-9.206341103994288844e+00
-9.210643095076600062e+00
-9.214930991016187178e+00
-9.219206353073968074e+00
-9.223467622599073934e+00
-9.227716366767197087e+00
-9.231951021048041994e+00
-9.236173158539862982e+00
-9.240381208822082471e+00
-9.244576750923339858e+00
-9.248758208521973501e+00
-9.252927166584839824e+00
-9.257082042878231221e+00
-9.261224428315399493e+00
-9.265352734739652263e+00
-9.269468559018632092e+00
-9.273570307061760332e+00
-9.277659581699262858e+00
-9.281734782895721736e+00
-9.285797519452263060e+00
-9.289846185377566457e+00
-9.293882395451973366e+00
-9.297904537717434081e+00
-9.301914232941788541e+00
-9.305909863189215869e+00
-9.309893055223673386e+00
-9.313862185120459714e+00
-9.317818885648261329e+00
-9.321761526882388793e+00
-9.325691747604990312e+00
-9.329607911880255955e+00
-9.333511664512510464e+00
-9.337401363543742505e+00
-9.341278659809278295e+00
-9.345141905317788655e+00
-9.348992756944445759e+00
-9.352829560653450613e+00
-9.356653979368815044e+00
-9.360464352999048998e+00
-9.364262350526054490e+00
-9.368046305791491335e+00
-9.371817893844232472e+00
-9.375575442447750873e+00
-9.379320632727232265e+00
-9.383051786356613633e+00
-9.386770590546644755e+00
-9.390475360870501831e+00
-9.394167790633815684e+00
-9.397846189297510477e+00
-9.401512256271658430e+00
-9.405164294893648247e+00
-9.408804010687413566e+00
-9.412429700855261316e+00
-9.416043077044692566e+00
-9.419642430311490955e+00
-9.423229478436331519e+00
-9.426802506317011776e+00
-9.430363237877134708e+00
-9.433909951844963615e+00
-9.437444378296802938e+00
-9.440964789779807020e+00
-9.444472922532929360e+00
-9.447967042910567770e+00
-9.451448893324325695e+00
-9.454916733924195071e+00
-9.458372313304362677e+00
-9.461813885398782986e+00
-9.465243204994461479e+00
-9.468658519797385154e+00
-9.472061590797606456e+00
-9.475450659461518654e+00
-9.478827492992410342e+00
-9.482190326605145714e+00
-9.485540933726642976e+00
-9.488877543308422702e+00
-9.492201935011483016e+00
-9.495512331512014015e+00
-9.498810518715544049e+00
-9.502094713011050686e+00
-9.505366706559170709e+00
-9.508624709449634338e+00
-9.511870520108764993e+00
-9.515102342315028494e+00
-9.518321980771249358e+00
-9.521527632932446750e+00
-9.524721109788719886e+00
-9.527900602459467905e+00
-9.531067928232960895e+00
-9.534221271880836568e+00
-9.537362457000412519e+00
-9.540489662003352578e+00
-9.543604716806983745e+00
-9.546705793450705357e+00
-9.549794728182993353e+00
-9.552869686658585380e+00
-9.555932511468263613e+00
-9.558981361869742344e+00
-9.562018086807338335e+00
-9.565040839129217431e+00
-9.568051474144612101e+00
-9.571048138279660833e+00
-9.574032693219828971e+00
-9.577003278956679466e+00
-9.579961763563384025e+00
-9.582906280584310821e+00
-9.585838704491850493e+00
-9.588757162370544762e+00
-9.591663535103586824e+00
-9.594555943303010537e+00
-9.597436274274457446e+00
-9.600302642144608711e+00
-9.603156940653390095e+00
-9.605997277429315417e+00
-9.608825552658398550e+00
-9.611639867458027453e+00
-9.614442128472280302e+00
-9.617230430294490873e+00
-9.620006686038701460e+00
-9.622768983761234907e+00
-9.625519243058146657e+00
-9.628255545435632001e+00
-9.630979816983980868e+00
-9.633690132646121285e+00
-9.636388425018678205e+00
-9.639072762468174460e+00
-9.641745084109906827e+00
-9.644403451720711118e+00
-9.647049810946866089e+00
-9.649682216962320425e+00
-9.652302621956696527e+00
-9.654909074487607157e+00
-9.657503533300642928e+00
-9.660084040323589250e+00
-9.662652560870631291e+00
-9.665207130226241006e+00
-9.667749720285787163e+00
-9.670278359676879987e+00
-9.672795026888817205e+00
-9.675297743878784829e+00
-9.677788495742754904e+00
-9.680265297753809506e+00
-9.682730141627484244e+00
-9.685181035939031347e+00
-9.687619979036512063e+00
-9.690044972783457666e+00
-9.692458022173573440e+00
-9.694857122344762601e+00
-9.697244284949483983e+00
-9.699617498386068348e+00
-9.701978780978924632e+00
-9.704326114372827661e+00
-9.706661523577317041e+00
-9.708982983469532257e+00
-9.711292525757597716e+00
-9.713588118536810256e+00
-9.715871800227295907e+00
-9.718141532128337090e+00
-9.720399359385471172e+00
-9.722643236487646945e+00
-9.724875215319535471e+00
-9.727093243545354539e+00
-9.729299379802503367e+00
-9.731491564916034065e+00
-9.733671864289904718e+00
-9.735838211895465832e+00
-9.737992679916972705e+00
-9.740133195457579163e+00
-9.742261837495707510e+00
-9.744376526251635084e+00
-9.746479347512039482e+00
-9.748568214599499626e+00
-9.750645220122995838e+00
-9.752708270492698617e+00
-9.754759465153941989e+00
-9.756796703589616371e+00
-9.758822092095762457e+00
-9.760833523212911089e+00
-9.762833110102160816e+00
-9.764818738346667359e+00
-9.766792527986918770e+00
-9.768752357633609051e+00
-9.770700354221114381e+00
-9.772634389372530705e+00
-9.774556596930644048e+00
-9.776464841515595694e+00
-9.778361263893289745e+00
-9.780243721665636158e+00
-9.782114362536301400e+00
-9.783971037073552424e+00
-9.785815899933675510e+00
-9.787646794635735503e+00
-9.789465882803515484e+00
-9.791271000891331511e+00
-9.793064317505473682e+00
-9.794843662019824038e+00
-9.796611210038236095e+00
-9.798364783838344749e+00
-9.800106566036809852e+00
-9.801834371799193590e+00
-9.803550390770068290e+00
-9.805252430987136947e+00
-9.806942689138246294e+00
-9.808618966117075288e+00
-9.810283465670240233e+00
-9.811933981531408833e+00
-9.813572724521309354e+00
-9.815197481197461826e+00
-9.816810469470368616e+00
-9.818409468705112886e+00
-9.819996703917601266e+00
-9.821569947264164213e+00
-9.823131430881900883e+00
-9.824678919701915092e+00
-9.826214652998391585e+00
-9.827736388460673211e+00
-9.829246372515971331e+00
-9.830742355595255333e+00
-9.832226591294741525e+00
-9.833696822770409796e+00
-9.835155310803608941e+00
-9.836599791258535674e+00
-9.838032532117853890e+00
-9.839451261937041338e+00
-9.840858255916453246e+00
-9.842251235285885969e+00
-9.843632482479788948e+00
-9.844999711385234775e+00
-9.846355211687153997e+00
-9.847696689912780244e+00
-9.849026443014151866e+00
-9.850342170141441756e+00
-9.851646175530378358e+00
-9.852936150936727699e+00
-9.854214407896806804e+00
-9.855478630754422653e+00
-9.856731138363347355e+00
-9.857969607637969034e+00
-9.859196364766393827e+00
-9.860409079215990857e+00
-9.861610084526262199e+00
-9.862797042699877892e+00
-9.863972294644781869e+00
-9.865133494881135334e+00
-9.866282991702684413e+00
-9.867418432129047901e+00
-9.868542171857132672e+00
-9.869651850388029501e+00
-9.870749830839168126e+00
-9.871833745175120356e+00
-9.872905963951341235e+00
-9.873964111577498315e+00
-9.875010566064801765e+00
-9.876042944249840971e+00
-9.877063631617161832e+00
-9.878070237411856525e+00
-9.879065154609648403e+00
-9.880045984845608587e+00
-9.881015128604655473e+00
-9.881970179893109218e+00
-9.882913546723061771e+00
-9.883842815453460773e+00
-9.884760401641695893e+00
-9.885663883980486233e+00
-9.886555685590739273e+00
-9.887433377479931451e+00
-9.888299390350882234e+00
-9.889151287506873444e+00
-9.889991507250964986e+00
-9.890817605163086057e+00
-9.891632027165114138e+00
-9.892432321094350556e+00
-9.893220940510078165e+00
-9.893995425487654316e+00
-9.894758237242562871e+00
-9.895506908068623986e+00
-9.896243906856463823e+00
-9.896966758098731276e+00
-9.897677938380072149e+00
-9.898374964372397500e+00
-9.899060320373388677e+00
-9.899731515214421407e+00
-9.900391040925347497e+00
-9.901036398477016220e+00
-9.901670087650824570e+00
-9.902289601537056285e+00
-9.902897447687943000e+00
-9.903491111293130089e+00
-9.904073107695204214e+00
-9.904640914162758492e+00
-9.905197053848453947e+00
-9.905738996079467285e+00
-9.906269271838102242e+00
-9.906785342489763835e+00
-9.907289746866144498e+00
-9.907779938350198989e+00
-9.908258463643088376e+00
-9.908722768124503588e+00
-9.909175406385049456e+00
-9.909613815780346613e+00
-9.910040558810610634e+00
-9.910453064786425514e+00
-9.910853904137823633e+00
-9.911240498109323838e+00
-9.911615425081130581e+00
-9.911976098210352859e+00
-9.912325103848033336e+00
-9.912659847042457173e+00
-9.912982922136110986e+00
-9.913291726047029684e+00
-9.913588861129719376e+00
-9.913871716150520541e+00
-9.914142901496798999e+00
-9.914399797761355160e+00
-9.914645023385508793e+00
-9.914875950766591117e+00
-9.915095206420865281e+00
-9.915300154528374321e+00
-9.915493429701511374e+00
-9.915672387880832161e+00
-9.915839671796218724e+00
-9.915992629126421321e+00
-9.916133910740379420e+00
-9.916260856032625526e+00
-9.916376124032570516e+00
-9.916477045828228754e+00
-9.916566288631088355e+00
-9.916641175199933045e+00
-9.916704380950189801e+00
-9.916753220288606840e+00
-9.916790376856532419e+00
-9.916813156685730490e+00
-9.916824251665499190e+00
-9.916820959429649918e+00
-9.916805980137509025e+00
-9.916776603001709489e+00
-9.916735536474005741e+00
-9.916680061322544759e+00
-9.916612894313962201e+00
-9.916531307748266855e+00
-9.916438026729599287e+00
-9.916330315066419487e+00
-9.916210906222769239e+00
-9.916077055491880898e+00
-9.915931504720719047e+00
-9.915771500663222326e+00
-9.915599793572132725e+00
-9.915413621638126784e+00
-9.915215743542903581e+00
-9.915003388889633840e+00
-9.914779324812050376e+00
-9.914540772301572602e+00
-9.914290506967381233e+00
-9.914025741164545380e+00
-9.913749259001171765e+00
-9.913458264171396195e+00
-9.913155549305836090e+00
-9.912838309412885351e+00
-9.912509345669361593e+00
-9.912165844373113543e+00
-9.911810615270931990e+00
-9.911440835924992143e+00
-9.911059324676132931e+00
-9.910663250325582041e+00
-9.910255439832384994e+00
-9.909833053211437814e+00
-9.909398926064239888e+00
-9.908950209593747616e+00
-9.908489748068358693e+00
-9.908014683853412663e+00
-9.907527869908777873e+00
-9.907026439736258183e+00
-9.906513255011821784e+00
-9.905985440347784277e+00
-9.905445866161050716e+00
-9.904891648148135275e+00
-9.904325665491985120e+00
-9.903745024946973174e+00
-9.903152614487023442e+00
-9.902545531897921194e+00
-9.901926673969903447e+00
-9.901293129493392797e+00
-9.900647804100337623e+00
-9.899987777558960644e+00
-9.899315964368474496e+00
-9.898629435247789488e+00
-9.897931113589111263e+00
-9.897218061034909198e+00
-9.896493209896167542e+00
-9.895753612711446934e+00
-9.895002210736542736e+00
-9.894236047378635490e+00
-9.893458072864369512e+00
-9.892665321441841186e+00
-9.891860752334800111e+00
-9.891041390604335959e+00
-9.890210204497828173e+00
-9.889364209861122745e+00
-9.888506383991884974e+00
-9.887633733492490862e+00
-9.886749244737554676e+00
-9.885849915057521642e+00
-9.884938739930781537e+00
-9.884012707387297425e+00
-9.883074822036338247e+00
-9.882122062578439170e+00
-9.881157442780875044e+00
-9.880177931985855366e+00
-9.879186553145943961e+00
-9.878180266215819572e+00
-9.877162103360868528e+00
-9.876129015118754850e+00
-9.875084042895435843e+00
-9.874024127781936500e+00
-9.872952320452530017e+00
-9.871865552521837728e+00
-9.870766883960444105e+00
-9.869653236876560598e+00
-9.868527680565202687e+00
-9.867387127597943675e+00
-9.866234656622527410e+00
-9.865067170643561312e+00
-9.863887757689898450e+00
-9.862693311168555965e+00
-9.861486928518127471e+00
-9.860265493517212931e+00
-9.859032113042939471e+00
-9.857783661214485349e+00
-9.856523254376366339e+00
-9.855247756957126626e+00
-9.853960294797813546e+00
-9.852657722604902801e+00
-9.851343175745123304e+00
-9.850013499171216935e+00
-9.848671837805143880e+00
-9.847315026813967975e+00
-9.845946220704474783e+00
-9.844562244825905140e+00
-9.843166263299545804e+00
-9.841755091624653673e+00
-9.840331903566864824e+00
-9.838893504742872054e+00
-9.837443078592777113e+00
-9.835977420817917150e+00
-9.834499724563075418e+00
-9.833006775581285552e+00
-9.831501776752393340e+00
-9.829981503847841751e+00
-9.828449169513213235e+00
-9.826901539504827809e+00
-9.825341836264742668e+00
-9.823766815500508898e+00
-9.822179709481511978e+00
-9.820577263832589665e+00
-9.818962720681547296e+00
-9.817332815536360613e+00
-9.815690800414502704e+00
-9.814033400672512286e+00
-9.812363878249117377e+00
-9.810678948314786041e+00
-9.808981882760905435e+00
-9.807269386537029732e+00
-9.805544741518964713e+00
-9.803804642400205438e+00
-9.802052381072941856e+00
-9.800284641938997510e+00
-9.798504726939201603e+00
-9.796709310148028038e+00
-9.794901703587159503e+00
-9.793078570967775676e+00
-9.791243234424833020e+00
-9.789392347270098327e+00
-9.787529241784405087e+00
-9.785650560843500045e+00
-9.783759646907020269e+00
-9.781853132377873905e+00
-9.779934369927572035e+00
-9.777999981449100986e+00
-9.776053329858877206e+00
-9.774091026502837565e+00
-9.772116444575644323e+00
-9.770126184838465733e+00
-9.768123630797861168e+00
-9.766105372592264189e+00
-9.764074804073837655e+00
-9.762028504720204225e+00
-9.759969878762905893e+00
-9.757895494980381557e+00
-9.755808768017653065e+00
-9.753706255915107093e+00
-9.751591383765598309e+00
-9.749460698832413286e+00
-9.747317636690690179e+00
-9.745158733787270933e+00
-9.742987436214090025e+00
-9.740800269562033264e+00
-9.738600690474722654e+00
-9.736385213646984838e+00
-9.734157306309164426e+00
-9.731913472219824612e+00
-9.729657189231271985e+00
-9.727384950125149032e+00
-9.725100243411102241e+00
-9.722799550853105544e+00
-9.720486371653699109e+00
-9.718157176517921769e+00
-9.715815475377027610e+00
-9.713457727835592692e+00
-9.711087454589549139e+00
-9.708701104101331580e+00
-9.706302207867578247e+00
-9.703887203166408071e+00
-9.701459632331681959e+00
-9.699015921414638086e+00
-9.696559623622968971e+00
-9.694087153738221829e+00
-9.691602075878682498e+00
-9.689100793513132359e+00
-9.686586881707402341e+00
-9.684056732574070736e+00
-9.681513932163735348e+00
-9.678954861188911352e+00
-9.676383116722373501e+00
-9.673795068032573496e+00
-9.671194323252032987e+00
-9.668577240160587394e+00
-9.665947437988439361e+00
-9.663301262982002982e+00
-9.660642345507207907e+00
-9.657967020231934541e+00
-9.655278928696091612e+00
-9.652574393943575970e+00
-9.649857068726838349e+00
-9.647123264419857236e+00
-9.644376645026412120e+00
-9.641613510204457782e+00
-9.638837535248061528e+00
-9.636045008052736449e+00
-9.633239615241945941e+00
-9.630417632901817626e+00
-9.627582759024850390e+00
-9.624731257840577925e+00
-9.621866838750220197e+00
-9.618985754079158568e+00
-9.616091724677287900e+00
-9.613180990918033686e+00
-9.610257285140198391e+00
-9.607316835716856573e+00
-9.604363386516345358e+00
-9.601393153862856522e+00
-9.598409893194954634e+00
-9.595409808739036706e+00
-9.592396667544916156e+00
-9.589366661691959948e+00
-9.586323569882576834e+00
-9.583263571999429686e+00
-9.580190458439231449e+00
-9.577100396837927576e+00
-9.573997189328382618e+00
-9.570876991249619437e+00
-9.567743616512924376e+00
-9.564593208109618772e+00
-9.561429591772066416e+00
-9.558248898092875478e+00
-9.555054964668189044e+00
-9.551843909640767905e+00
-9.548619582513731885e+00
-9.545378088928229587e+00
-9.542123290337899633e+00
-9.538851279830275587e+00
-9.535565930853483252e+00
-9.532263323889040407e+00
-9.528947344423782440e+00
-9.525614060280583217e+00
-9.522267369029522754e+00
-9.518903325781886693e+00
-9.515525840236009003e+00
-9.512130954738275079e+00
-9.508722591160537974e+00
-9.505296779030691923e+00
-9.501857452439924856e+00
-9.498400628043714988e+00
-9.494930252198608756e+00
-9.491442328633432624e+00
-9.487940816016799062e+00
-9.484421705096259814e+00
-9.480888966899410519e+00
-9.477338579137734698e+00
-9.473774525245227451e+00
-9.470192769842222802e+00
-9.466597308816901091e+00
-9.462984093642987204e+00
-9.459357132711268434e+00
-9.455712364293084704e+00
-9.452053809330688949e+00
-9.448377392837000954e+00
-9.444687148354994122e+00
-9.440978987582896664e+00
-9.437256956714191958e+00
-9.433516954075967575e+00
-9.429763038562439803e+00
-9.425991095072715709e+00
-9.422205195252603360e+00
-9.418401210516137212e+00
-9.414583225312107118e+00
-9.410747097512199844e+00
-9.406896924420063755e+00
-9.403028550307396927e+00
-9.399146085385241989e+00
-9.395245360267594492e+00
-9.391330498125876503e+00
-9.387397315858265756e+00
-9.383449949650323418e+00
-9.379484202626215961e+00
-9.375504224039765688e+00
-9.371505803182637706e+00
-9.367493102431911467e+00
-9.363461897188066985e+00
-9.359416363006900497e+00
-9.355352261338772735e+00
-9.351273780974466376e+00
-9.347176669355157230e+00
-9.343065128563321053e+00
-9.338934891971740981e+00
-9.334790175012200208e+00
-9.330626696929462227e+00
-9.326448686562926582e+00
-9.322251848969749233e+00
-9.318040426455780789e+00
-9.313810109830820139e+00
-9.309565154926792374e+00
-9.305301238246160622e+00
-9.301022629207453818e+00
-9.296724989945527540e+00
-9.292412603526678083e+00
-9.288081117657903008e+00
-9.283734829115275033e+00
-9.279369371117457632e+00
-9.274989054213007122e+00
-9.270589497071627605e+00
-9.266175024077959677e+00
-9.261741239292115679e+00
-9.257292480999099737e+00
-9.252824338588524711e+00
-9.248341164311089102e+00
-9.243838532824886656e+00
-9.239320810412307239e+00
-9.234783556938834792e+00
-9.230231152785552950e+00
-9.225659142964149240e+00
-9.221071922022101575e+00
-9.216465020056002544e+00
-9.211842845848449812e+00
-9.207200914519468427e+00
-9.202543649156424976e+00
-9.197866549841213768e+00
-9.193174054036514775e+00
-9.188461646724430665e+00
-9.183733779814417630e+00
-9.178985923127127577e+00
-9.174222543091152815e+00
-9.169439094303745819e+00
-9.164640057786177962e+00
-9.159820872850353624e+00
-9.154986035184441207e+00
-9.150130968753073191e+00
-9.145260183986696489e+00
-9.140369089440449457e+00
-9.135462210363375135e+00
-9.130534939839041186e+00
-9.125591818012370737e+00
-9.120628222432994647e+00
-9.115648708220101426e+00
-9.110648637326978161e+00
-9.105632579926604464e+00
-9.100595882313266216e+00
-9.095543129794130266e+00
-9.090469652942092083e+00
-9.085380052279820262e+00
-9.080269642596112689e+00
-9.075143039711804249e+00
-9.069995542568687341e+00
-9.064831782369427771e+00
-9.059647042145934748e+00
-9.054445968567193859e+00
-9.049223828692340987e+00
-9.043985284742545261e+00
-9.038725587740863432e+00
-9.033449415547522676e+00
-9.028152003086272970e+00
-9.022838043944286568e+00
-9.017502756882604942e+00
-9.012150851304415511e+00
-9.006777529744571353e+00
-9.001387517512327463e+00
-8.995976000852573762e+00
-8.990547721071999732e+00
-8.985097848061702308e+00
-8.979631139218033908e+00
-8.974142748014347859e+00
-8.968637448030204240e+00
-8.963110376256874900e+00
-8.957566322551734572e+00
-8.952000407359621548e+00
-8.946417436911470844e+00
-8.940812515041010045e+00
-8.935190464449531689e+00
-8.929546372294911549e+00
-8.923885077846732017e+00
-8.918201651521842521e+00
-8.912500949257220029e+00
-8.906778024663552173e+00
-8.901037750445228269e+00
-8.895275163341164415e+00
-8.889495152924579813e+00
-8.883692738996696647e+00
-8.877872828101997627e+00
-8.872030423037793767e+00
-8.866170447423368017e+00
-8.860287886985760863e+00
-8.854387682523601200e+00
-8.848464802626782699e+00
-8.842524205379135083e+00
-8.836560842166148788e+00
-8.830579688463709331e+00
-8.824575678385349065e+00
-8.818553804907010019e+00
-8.812508984802251533e+00
-8.806446228655996578e+00
-8.800360435833608719e+00
-8.794256634639074477e+00
-8.788129706960638998e+00
-8.781984698932648215e+00
-8.775816474896860342e+00
-8.769630098930250028e+00
-8.763420417758286618e+00
-8.757192513513862409e+00
-8.750941215235831905e+00
-8.744671623227526780e+00
-8.738378548770223020e+00
-8.732067110453018088e+00
-8.725732101728210566e+00
-8.719378659587166069e+00
-8.713001559581133648e+00
-8.706605957221283276e+00
-8.700186610085014038e+00
-8.693748692321847216e+00
-8.687286943462083855e+00
-8.680806556413061870e+00
-8.674302252583826700e+00
-8.667779243760115548e+00
-8.661232233155041982e+00
-8.654666451554206219e+00
-8.648076583899156233e+00
-8.641467880098016252e+00
-8.634835006744388863e+00
-8.628183232992299168e+00
-8.621507207010399298e+00
-8.614812217323052579e+00
-8.608092893595816975e+00
-8.601354543848881207e+00
-8.594591779165870804e+00
-8.587809927189049120e+00
-8.581003580340366810e+00
-8.574178086011324140e+00
-8.567328017881502333e+00
-8.560458743219887978e+00
-8.553564816881866761e+00
-8.546651626142931946e+00
-8.539713706951678418e+00
-8.532756466719895627e+00
-8.525774422405614672e+00
-8.518773001687913293e+00
-8.511746702449286772e+00
-8.504700972767714973e+00
-8.497630291364210109e+00
-8.490540126848253877e+00
-8.483424938692220252e+00
-8.476290216170424330e+00
-8.469130399418318689e+00
-8.461950998509248478e+00
-8.454746434152225376e+00
-8.447522237354659680e+00
-8.440272809308222435e+00
-8.433003702090349663e+00
-8.425709297283276555e+00
-8.418395168171022291e+00
-8.411055676633010236e+00
-8.403696417297309651e+00
-8.396311732245731463e+00
-8.388907237588629329e+00
-8.381477255513926750e+00
-8.374027423753318544e+00
-8.366552044503272612e+00
-8.359056777256530069e+00
-8.351535904118978948e+00
-8.343995106485074587e+00
-8.336428646269450127e+00
-8.328842226909452862e+00
-8.321230090026370263e+00
-8.313597961242580325e+00
-8.305940061782282058e+00
-8.298262139595589559e+00
-8.290558395404278968e+00
-8.282834599629769201e+00
-8.275084932384372038e+00
-8.267315186705124219e+00
-8.259519521986240065e+00
-8.251703754025282223e+00
-8.243862021387998951e+00
-8.236000162778262634e+00
-8.228112295821190969e+00
-8.220204282273368079e+00
-8.212270218705430835e+00
-8.204315990073801856e+00
-8.196335671778950172e+00
-8.188335172125038142e+00
-8.180308545224741934e+00
-8.172261722878713996e+00
-8.164188737792256845e+00
-8.156095545411830017e+00
-8.147976156914150891e+00
-8.139836551541495879e+00
-8.131670718818670096e+00
-8.123484661934636364e+00
-8.115272348636977995e+00
-8.107039806212910094e+00
-8.098780980505516425e+00
-8.090501923052476840e+00
-8.082196557663191783e+00
-8.073870960278894060e+00
-8.065519032543726041e+00
-8.057146874956336191e+00
-8.048748366862286119e+00
-8.040329633472104831e+00
-8.031884531697148333e+00
-8.023419211615228974e+00
-8.014927507565740683e+00
-8.006415594649935130e+00
-7.997877284495293004e+00
-7.989318777383432213e+00
-7.980733862087840969e+00
-7.972128764228131992e+00
-7.963497249579559956e+00
-7.954845569258393034e+00
-7.946167465894873772e+00
-7.937469216261267668e+00
-7.928744539694063675e+00
-7.919999738781804410e+00
-7.911228509415869858e+00
-7.902437180162339203e+00
-7.893619423313945838e+00
-7.884781593576266623e+00
-7.875917339487479296e+00
-7.867033042055640912e+00
-7.858122325906149896e+00
-7.849191598513317381e+00
-7.840234460429083896e+00
-7.831257345758894317e+00
-7.822253830818090670e+00
-7.813230376509067376e+00
-7.804180534744947551e+00
-7.795110793391923920e+00
-7.786014679792869764e+00
-7.776898708945580552e+00
-7.767756383452122826e+00
-7.758594245610855644e+00
-7.749405773109909745e+00
-7.740197535718202460e+00
-7.730962986034270124e+00
-7.721708721468765191e+00
-7.712428169352445018e+00
-7.703127954909859909e+00
-7.693801480023246597e+00
-7.684455397904573104e+00
-7.675083084804089850e+00
-7.665691222095780688e+00
-7.656273160211902074e+00
-7.646835608864491540e+00
-7.637371892479038138e+00
-7.627888749282687897e+00
-7.618379477503004260e+00
-7.608850844060700780e+00
-7.599296120791257714e+00
-7.589722103488889537e+00
-7.580122037400260027e+00
-7.570502747374358243e+00
-7.560857451869448909e+00
-7.551193004971955780e+00
-7.541502598149625314e+00
-7.531793114910480647e+00
-7.522057719526584307e+00
-7.512303325113323105e+00
-7.502523068539300510e+00
-7.492723892714435507e+00
-7.482898906893294289e+00
-7.473055083969163626e+00
-7.463185505369067663e+00
-7.453297174160202765e+00
-7.443383143725726292e+00
-7.433450447498937130e+00
-7.423492110599864802e+00
-7.413515197021919967e+00
-7.403512703399967698e+00
-7.393491724483133076e+00
-7.383445228196145571e+00
-7.373380340241462605e+00
-7.363289999605693303e+00
-7.353181363144088323e+00
-7.343047340674233148e+00
-7.332895120405592770e+00
-7.322717582752803267e+00
-7.312521947482987450e+00
-7.302301065370903288e+00
-7.292062187946761753e+00
-7.281798136105557262e+00
-7.271516193348192658e+00
-7.261209150446806149e+00
-7.250884323082747329e+00
-7.240534471659283433e+00
-7.230166944250130179e+00
-7.219774470640540009e+00
-7.209364431510785209e+00
-7.198929525775715099e+00
-7.188477166938883833e+00
-7.178000022789250423e+00
-7.167505539872496279e+00
-7.156986354593152910e+00
-7.146449946760431438e+00
-7.135888921132479190e+00
-7.125310791006073785e+00
-7.114708129227957478e+00
-7.104088482808861293e+00
-7.093444392415744204e+00
-7.082783439002566794e+00
-7.072098130784786107e+00
-7.061396082891435277e+00
-7.050669770811544446e+00
-7.039926844083838731e+00
-7.029159745192540498e+00
-7.018376158323544445e+00
-7.007568492674611349e+00
-6.996744467319183869e+00
-6.985896457883259636e+00
-6.975032218571296738e+00
-6.964144091148951610e+00
-6.953239865198021619e+00
-6.942311848331716995e+00
-6.931367865758657487e+00
-6.920400190643989369e+00
-6.909416684075978310e+00
-6.898409584472354972e+00
-6.887386789056880509e+00
-6.876340501197133470e+00
-6.865278654511778100e+00
-6.854193417011624767e+00
-6.843092758972900924e+00
-6.831968812739527053e+00
-6.820829585511456905e+00
-6.809667173651697603e+00
-6.798489621553812867e+00
-6.787288989282145302e+00
-6.776073358697074056e+00
-6.764834753242831233e+00
-6.753581292523783475e+00
-6.742304963038423082e+00
-6.731013922416102524e+00
-6.719700119880198663e+00
-6.708371751369703873e+00
-6.697020728499529341e+00
-6.685655285807165171e+00
-6.674267296961519769e+00
-6.662865035391263291e+00
-6.651440336477902449e+00
-6.640001512838117570e+00
-6.628540361220393251e+00
-6.617065233730524021e+00
-6.605567888133965226e+00
-6.594056716331066603e+00
-6.582523436750136625e+00
-6.570976481395900848e+00
-6.559407529000897519e+00
-6.547825051988527711e+00
-6.536220689032686160e+00
-6.524602953294221130e+00
-6.512963443021051901e+00
-6.501310712434919203e+00
-6.489636318985839480e+00
-6.477948858284739764e+00
-6.466239846607122921e+00
-6.454517921286209159e+00
-6.442774557041827777e+00
-6.431018433267461809e+00
-6.419240982741245993e+00
-6.407450927260008200e+00
-6.395639657269491352e+00
-6.383815937318034095e+00
-6.371971115123114870e+00
-6.360113998338080776e+00
-6.348235891551546217e+00
-6.336345645880547828e+00
-6.324434522378959755e+00
-6.312511415991897579e+00
-6.300567543827376049e+00
-6.288611845028463598e+00
-6.276635492341111622e+00
-6.264647469481601227e+00
-6.252638904412273213e+00
-6.240618825804035374e+00
-6.228578316408380111e+00
-6.216526450238019308e+00
-6.204454264400924401e+00
-6.192370878644740451e+00
-6.180267283995682703e+00
-6.168152646335660627e+00
-6.156017910164943707e+00
-6.143872287905216112e+00
-6.131706677080956069e+00
-6.119530337065393510e+00
-6.107334117951424446e+00
-6.095127326482187691e+00
-6.082900764856802311e+00
-6.070663787613445272e+00
-6.058407148589233238e+00
-6.046140250549059125e+00
-6.033853798493527876e+00
-6.021557243852810437e+00
-6.009241242309911968e+00
-5.996915294405989805e+00
-5.984570006018799404e+00
-5.972214927253311600e+00
-5.959840613687611643e+00
-5.947456665450579827e+00
-5.935053587319393920e+00
-5.922641029914336386e+00
-5.910209446703591496e+00
-5.897768539273823052e+00
-5.885308709268876726e+00
-5.872839709724678947e+00
-5.860351889937953196e+00
-5.847855054884834480e+00
-5.835339500984789041e+00
-5.822815085652679912e+00
-5.810272051893239365e+00
-5.797720310067042249e+00
-5.785150049218574786e+00
-5.772571233169443872e+00
-5.759973996450593603e+00
-5.747368356868532757e+00
-5.734744393879160462e+00
-5.722112179806488008e+00
-5.709461738461672375e+00
-5.696803197227714222e+00
-5.684126523692857980e+00
-5.671441900849607975e+00
-5.658739239476506810e+00
-5.646028778735314724e+00
-5.633300371999427014e+00
-5.620564315169033875e+00
-5.607810403607672356e+00
-5.595048990532877298e+00
-5.582269812684534926e+00
-5.569483281186283996e+00
-5.556679073531078927e+00
-5.543867659347401222e+00
-5.531038656248399299e+00
-5.518202592976360954e+00
-5.505349026622077702e+00
-5.492488545661061927e+00
-5.479610646008906905e+00
-5.466725976504494433e+00
-5.453823971225231659e+00
-5.440915340014499613e+00
-5.427989454437851080e+00
-5.415057085995353070e+00
-5.402107543056404282e+00
-5.389151659441366427e+00
-5.376178679628073276e+00
-5.363199500432435762e+00
-5.350203301734032912e+00
-5.337201044031552932e+00
-5.324181841888088407e+00
-5.311156720184279756e+00
-5.298114727436768590e+00
-5.285066953619934615e+00
-5.272002380461742632e+00
-5.258932163754733935e+00
-5.245845217683738682e+00
-5.232752764596767747e+00
-5.219643650368324117e+00
-5.206529164652585528e+00
-5.193398084233533218e+00
-5.180261766835749349e+00
-5.167108919359103325e+00
-5.153950968376757480e+00
-5.140776550097416298e+00
-5.127597160734973514e+00
-5.114401364985903697e+00
-5.101200729511807808e+00
-5.087983746661436157e+00
-5.074762054365741903e+00
-5.061524071775735933e+00
-5.048281508928642580e+00
-5.035022710912657296e+00
-5.021759460723706603e+00
-5.008480028506709480e+00
-4.995196271084660466e+00
-4.981896382762956321e+00
-4.968592295076448728e+00
-4.955272125578482623e+00
-4.941947881417145361e+00
-4.928607602464759374e+00
-4.915263372401165398e+00
-4.901903152471587255e+00
-4.888539103823570819e+00
-4.875159108111866146e+00
-4.861775404905726461e+00
-4.848375795287867440e+00
-4.834972598221716211e+00
-4.821553533218156495e+00
-4.808130999626033741e+00
-4.794692634365767425e+00
-4.781250918182175624e+00
-4.767793404367210108e+00
-4.754332656092005394e+00
-4.740856141962245474e+00
-4.727376508626078611e+00
-4.713881138924646663e+00
-4.700382764054599427e+00
-4.686868679993421161e+00
-4.673351703579193384e+00
-4.659819042805025013e+00
-4.646283601265216667e+00
-4.632732497825824858e+00
-4.619178723974584955e+00
-4.605609308285201209e+00
-4.592037331299197334e+00
-4.578449730109124260e+00
-4.564859675494558289e+00
-4.551254011854164006e+00
-4.537646001413912167e+00
-4.524022394641478151e+00
-4.510396546442567711e+00
-4.496755112091274320e+00
-4.483111540432211051e+00
-4.469452390257392160e+00
-4.455791205635621921e+00
-4.442114447561634982e+00
-4.428435756641031951e+00
-4.414741494728430915e+00
-4.401045400306628608e+00
-4.387333734719147671e+00
-4.373620335694827332e+00
-4.359891362666074244e+00
-4.346160754006166194e+00
-4.332414565806297801e+00
-4.318666838512934092e+00
-4.304903523415133826e+00
-4.291138764492305135e+00
-4.277358406738869689e+00
-4.263576699158920569e+00
-4.249779378927029505e+00
-4.235980801596759271e+00
-4.222166594963967512e+00
-4.208351222690303928e+00
-4.194520201599525322e+00
-4.180688105054845671e+00
-4.166840337278748585e+00
-4.152991582965668727e+00
-4.139127132070818504e+00
-4.125261782286293588e+00
-4.111380707596338446e+00
-4.097498820395428787e+00
-4.083601176953923328e+00
-4.069702806112616145e+00
-4.055788644644895413e+00
-4.041873839622417641e+00
-4.027943206496860107e+00
-4.014012012396942275e+00
-4.000064949585206087e+00
-3.986117407116790190e+00
-3.972153952153274492e+00
-3.958190097590007728e+00
-3.944210283530332539e+00
-3.930230148669243473e+00
-3.916234004047427941e+00
-3.902237616166460477e+00
-3.888225164951243151e+00
-3.874212546765631870e+00
-3.860183808315390319e+00
-3.846154977932816799e+00
-3.832109966949381885e+00
-3.818064937823812954e+00
-3.804003664304543619e+00
-3.789942445188776432e+00
-3.775864914377585979e+00
-3.761787509274088670e+00
-3.747693721610564133e+00
-3.733600129721020622e+00
-3.719490080788091735e+00
-3.705380296461001421e+00
-3.691253976930703562e+00
-3.677127989607390735e+00
-3.662985385184982956e+00
-3.648843179343834286e+00
-3.634684270709561016e+00
-3.620525825807926701e+00
-3.606350588557206027e+00
-3.592175878971581859e+00
-3.577984283552508860e+00
-3.563793278516238505e+00
-3.549585290165137685e+00
-3.535377953704102350e+00
-3.521153532378289430e+00
-3.506929823243725153e+00
-3.492688923552108360e+00
-3.478448795151102502e+00
-3.464191366281637929e+00
-3.449934766604927816e+00
-3.435660752249357408e+00
-3.421387623796105171e+00
-3.407096962071765933e+00
-3.392807241771237603e+00
-3.378499865139592107e+00
-3.364193484269885737e+00
-3.349869319451560745e+00
-3.335546203554718758e+00
-3.321205171441221626e+00
-3.306865240234899694e+00
-3.292507255796497834e+00
-3.278150423081840792e+00
-3.263775395271351076e+00
-3.249401568837003929e+00
-3.235009400489634590e+00
-3.220618482011502248e+00
-3.206209069740286299e+00
-3.191800954676840885e+00
-3.177374188763368412e+00
-3.162948766246618693e+00
-3.148504530526879730e+00
-3.134061683248006158e+00
-3.119599854993259758e+00
-3.105139459083663844e+00
-3.090659908875680539e+00
-3.076181833782138941e+00
-3.061684425382924069e+00
-3.047188533737193783e+00
-3.032673123952554395e+00
-3.018159271435099988e+00
-3.003625709971799118e+00
-2.989093745168800442e+00
-2.974541874485213011e+00
-2.959991638739224662e+00
-2.945421293888607295e+00
-2.930852621141735614e+00
-2.916263629608194741e+00
-2.901676346238013959e+00
-2.887068527764347525e+00
-2.872462452411745026e+00
-2.857835618819015266e+00
-2.843210562207722170e+00
-2.828564517205923945e+00
-2.813920281952979163e+00
-2.799254820942135069e+00
-2.784591201359037260e+00
-2.769906111220495681e+00
-2.755222893104301907e+00
-2.740517951981313427e+00
-2.725814912395208456e+00
-2.711089889462231284e+00
-2.696366796504822361e+00
-2.681621451725132221e+00
-2.666878064287651284e+00
-2.652112148158008775e+00
-2.637348215669137907e+00
-2.622561468951012831e+00
-2.607776731107934953e+00
-2.592968884544672115e+00
-2.578163071030048492e+00
-2.563333845048434867e+00
-2.548506675231811958e+00
-2.533655779627603355e+00
-2.518806962250983439e+00
-2.503934095856989561e+00
-2.489063328702530331e+00
-2.474168179038435778e+00
-2.459275148578256243e+00
-2.444357391480382002e+00
-2.429441772506087727e+00
-2.414501071736325333e+00
-2.399562526967796483e+00
-2.384598533799966447e+00
-2.369636713471424461e+00
-2.354649066253114320e+00
-2.339663607675098067e+00
-2.324651931364281943e+00
-2.309642458459554959e+00
-2.294606364132820708e+00
-2.279572486944840826e+00
-2.264511571276192292e+00
-2.249452885447436046e+00
-2.234366730154856651e+00
-2.219282816373213230e+00
-2.204170987630908574e+00
-2.189061411041600014e+00
-2.173923458855018698e+00
-2.158787768435450172e+00
-2.143623225976226454e+00
-2.128460953870646488e+00
-2.113269336768484052e+00
-2.098079997579528566e+00
-2.082860803167124519e+00
-2.067643893200536986e+00
-2.052396599708143476e+00
-2.037151596166983047e+00
-2.021875661862192697e+00
-2.006602021986087170e+00
-1.991296884253983546e+00
-1.975994044399222105e+00
-1.960659118758076636e+00
-1.945326493412741664e+00
-1.929961172459425889e+00
-1.914598153188513896e+00
-1.899201805467138460e+00
-1.883807759780891544e+00
-1.868379728568271281e+00
-1.852953998706945438e+00
-1.837493600706239461e+00
-1.822035502333471557e+00
-1.806542026268086243e+00
-1.791050847064316942e+00
-1.775523552162039609e+00
-1.759998550308126797e+00
-1.744436664664689163e+00
-1.728877067204930063e+00
-1.713279786015067030e+00
-1.697684787087652580e+00
-1.682051270729705728e+00
-1.666420029650863555e+00
-1.650749401609856504e+00
-1.635081040796184437e+00
-1.619372385408132553e+00
-1.603665988120261288e+00
-1.587918348117523859e+00
-1.572172956004818989e+00
-1.556385329841186493e+00
-1.540599940266003109e+00
-1.524771279195339391e+00
-1.508944842310923073e+00
-1.493074047190918074e+00
-1.477205462744313635e+00
-1.461291380532472983e+00
-1.445379494359530392e+00
-1.429420914262932163e+00
-1.413464514437145603e+00
-1.397460163672828770e+00
-1.381457976264620413e+00
-1.365406515379758767e+00
-1.349357199775625071e+00
-1.333257217469148159e+00
-1.317159361191944766e+00
-1.301009368569270519e+00
-1.284861481531818672e+00
-1.268659905713160674e+00
-1.252460413824992402e+00
-1.236205590813727273e+00
-1.219952828847839843e+00
-1.203642995548394046e+00
-1.187335199157781629e+00
-1.170968484412873378e+00
-1.154603781165687737e+00
-1.138178195657091107e+00
-1.121754594935574723e+00
-1.105268019762592147e+00
-1.088783401339375345e+00
-1.072233575051241949e+00
-1.055685676119169969e+00
-1.039070179930076554e+00
-1.022456580315051822e+00
-1.005772821172361109e+00
-9.890909263982973210e-01
-9.723361174988383038e-01
-9.555831393008623609e-01
-9.387542775557792263e-01
-9.219272113415265535e-01
-9.050210511670093716e-01
-8.881166498034473999e-01
-8.711296724570660732e-01
-8.541444156022154344e-01
-8.370727930751282742e-01
-8.200028510652352942e-01
-8.028424032653506126e-01
-7.856835942923973137e-01
-7.684297378834292758e-01
-7.511774768274469549e-01
-7.338251635854375898e-01
-7.164744003636336345e-01
-6.990180422194547383e-01
-6.815631868199982790e-01
-6.639965637862043080e-01
-6.464313941846488998e-01
-6.287475399817864519e-01
-6.110650877557188831e-01
-5.932561459482427191e-01
-5.754485523987982187e-01
-5.575055928748426926e-01
-5.395639254893392911e-01
-5.214767066019180275e-01
-5.033907211745034527e-01
-4.851473758153923566e-01
-4.669052024952002333e-01
-4.484918150371539070e-01
-4.300795352386992954e-01
-4.114795573907302217e-01
-3.928806196083610702e-01
-3.740740404177254619e-01
-3.552684301745680506e-01
-3.362305555803749568e-01
-3.171935749111599590e-01
-2.978931565867705133e-01
-2.785935527823847346e-01
-2.589897657778475470e-01
-2.393867088871941551e-01
-2.194239316227119541e-01
-1.994617942341699590e-01
-1.790597491920280226e-01
-1.586582467818395126e-01
-1.376908746907024861e-01
-1.167239391937206355e-01
-9.496447459836726557e-02
-7.320532870194881858e-02
-5.012491795275410972e-02
-2.704468957821912212e-02
1.220144936559235093e-15
