5.000000000000067502e+00
4.950196159279560248e+00
4.807139832946402791e+00
4.587826939882669208e+00
4.314914169555920331e+00
4.011409880174504394e+00
3.696993548907498095e+00
3.386446959390330136e+00
3.089666119549425716e+00
2.812480721069403611e+00
2.557698885081915563e+00
2.326065992097995583e+00
2.117023216738766145e+00
1.929256727058536569e+00
1.761071167939783244e+00
1.610630680264641734e+00
1.476106372117313992e+00
1.355760690421612180e+00
1.247990792278577121e+00
1.151346213796954343e+00
1.064531074610974848e+00
9.863974856573914929e-01
9.159343933825039308e-01
8.522544747907677687e-01
7.945806426656588650e-01
7.422330434184870596e-01
6.946169965558250947e-01
6.512120358075440540e-01
6.115620076593610843e-01
5.752660617293451351e-01
5.419703742096219079e-01
5.113605968887949826e-01
4.831552352898899061e-01
4.571002759911863000e-01
4.329653015510484537e-01
4.105410816661974605e-01
3.896383442557670995e-01
3.700872458939272747e-01
3.517370383241668064e-01
3.344555422179854021e-01
3.181282195801685697e-01
3.026568105825230837e-01
2.879576246537360329e-01
2.739596366433006414e-01
2.606025464592768293e-01
2.478349340279278612e-01
2.356125999222765943e-01
2.238971397109900119e-01
2.126547650393943445e-01
2.018553596808962125e-01
1.914717440321013209e-01
1.814791148674815280e-01
1.718546262371580535e-01
1.625770799797665589e-01
1.536266987024866026e-01
1.449849590438549163e-01
1.366344678381073430e-01
1.285588680423187524e-01
1.207427648128384101e-01
1.131716649126213725e-01
1.058319247648964179e-01
9.871070404413120891e-02
9.179592282303053463e-02
8.507622107658568966e-02
7.854091986884248477e-02
7.217998388635352147e-02
6.598398518918953404e-02
5.994406816826727130e-02
5.405191575614876065e-02
4.829971695988943825e-02
4.268013578356269488e-02
3.718628159485827533e-02
3.181168097160315400e-02
2.655025104375653699e-02
2.139627432732327250e-02
1.634437502983804302e-02
1.138949679263748238e-02
6.526881824438238167e-03
1.752051371982962791e-03
-2.939212532234503072e-03
-7.550884108851560472e-03
-1.208670972294817458e-02
-1.655022269405528879e-02
-2.094475709059555324e-02
-2.527346057304930005e-02
-2.953930634807118427e-02
-3.374510429324183158e-02
-3.789351130936897960e-02
-4.198704095414960979e-02
-4.602807240805376066e-02
-5.001885882007819917e-02
-5.396153507802380067e-02
-5.785812504494940167e-02
-6.171054830062196184e-02
-6.552062642404674064e-02
-6.929008885051701760e-02
-7.302057833425305844e-02
-7.671365604540560101e-02
-8.037080632796442248e-02
-8.399344114323570309e-02
-8.758290422160307231e-02
-9.114047494360466573e-02
-9.466737196977850766e-02
-9.816475663716407729e-02
-1.016337361391144029e-01
-1.050753665036845697e-01
-1.084906553847903299e-01
-1.118805646791936059e-01
-1.152460129814645295e-01
-1.185878778880195411e-01
-1.219069981607186215e-01
-1.252041757594203331e-01
-1.284801777525599875e-01
-1.317357381137863603e-01
-1.349715594123623019e-01
-1.381883144043394851e-01
-1.413866475310798787e-01
-1.445671763311086599e-01
-1.477304927710324511e-01
-1.508771645006426743e-01
-1.540077360371248372e-01
-1.571227298828627161e-01
-1.602226475810251960e-01
-1.633079707128314850e-01
-1.663791618401475325e-01
-1.694366653967700476e-01
-1.724809085315592849e-01
-1.755123019063627443e-01
-1.785312404514238782e-01
-1.815381040809182500e-01
-1.845332583708627350e-01
-1.875170552018044501e-01
-1.904898333681467881e-01
-1.934519191562933949e-01
-1.964036268932269902e-01
-1.993452594673331413e-01
-2.022771088230365111e-01
-2.051994564307205171e-01
-2.081125737333395509e-01
-2.110167225710458394e-01
-2.139121555850207468e-01
-2.167991166016913496e-01
-2.196778409984082026e-01
-2.225485560515649830e-01
-2.254114812681771718e-01
-2.282668287017411424e-01
-2.311148032532427676e-01
-2.339556029581480179e-01
-2.367894192600361325e-01
-2.396164372716413637e-01
-2.424368360239481934e-01
-2.452507887039201417e-01
-2.480584628815040715e-01
-2.508600207264324311e-01
-2.536556192153361367e-01
-2.564454103296635590e-01
-2.592295412448947789e-01
-2.620081545114247290e-01
-2.647813882275941166e-01
-2.675493762052343905e-01
-2.703122481280622047e-01
-2.730701297033205077e-01
-2.758231428069601310e-01
-2.785714056226837321e-01
-2.813150327751824387e-01
-2.840541354577315047e-01
-2.867888215545654762e-01
-2.895191957581655373e-01
-2.922453596817257138e-01
-2.949674119670494532e-01
-2.976854483880574387e-01
-3.003995619501176328e-01
-3.031098429853853471e-01
-3.058163792443785445e-01
-3.085192559838432769e-01
-3.112185560512484295e-01
-3.139143599658816841e-01
-3.166067459968303632e-01
-3.192957902379232049e-01
-3.219815666797888887e-01
-3.246641472791121918e-01
-3.273436020253148726e-01
-3.300199990046275844e-01
-3.326934044618008457e-01
-3.353638828594734389e-01
-3.380314969353171994e-01
-3.406963077570796528e-01
-3.433583747755543647e-01
-3.460177558756545868e-01
-3.486745074255644394e-01
-3.513286843241411606e-01
-3.539803400465749705e-01
-3.566295266884253468e-01
-3.592762950080545248e-01
-3.619206944675694704e-01
-3.645627732722885872e-01
-3.672025784088400746e-01
-3.698401556819033709e-01
-3.724755497496727297e-01
-3.751088041580776800e-01
-3.777399613738318673e-01
-3.803690628163531318e-01
-3.829961488885396115e-01
-3.856212590065591916e-01
-3.882444316285862951e-01
-3.908657042825897654e-01
-3.934851135931533017e-01
-3.961026953074454626e-01
-3.987184843202891127e-01
-4.013325146984069169e-01
-4.039448197038765787e-01
-4.065554318168100867e-01
-4.091643827572783443e-01
-4.117717035065505127e-01
-4.143774243276189817e-01
-4.169815747850740828e-01
-4.195841837643446426e-01
-4.221852794903017680e-01
-4.247848895453141815e-01
-4.273830408866821640e-01
-4.299797598635432538e-01
-4.325750722332777909e-01
-4.351690031773330358e-01
-4.377615773166207425e-01
-4.403528187264094673e-01
-4.429427509507491978e-01
-4.455313970164669346e-01
-4.481187794467380026e-01
-4.507049202742287597e-01
-4.532898410538624967e-01
-4.558735628751685587e-01
-4.584561063742873532e-01
-4.610374917456184218e-01
-4.636177387530969751e-01
-4.661968667411546252e-01
-4.687748946453504928e-01
-4.713518410026907857e-01
-4.739277239616483395e-01
-4.765025612918804554e-01
-4.790763703936795070e-01
-4.816491683071388308e-01
-4.842209717210460007e-01
-4.867917969815532819e-01
-4.893616601005614797e-01
-4.919305767638886273e-01
-4.944985623392050833e-01
-4.970656318837301524e-01
-4.996318001517321972e-01
-5.021970816018068717e-01
-5.047614904039534611e-01
-5.073250404464461072e-01
-5.098877453425424422e-01
-5.124496184369807805e-01
-5.150106728122950672e-01
-5.175709212949889393e-01
-5.201303764615038405e-01
-5.226890506440574624e-01
-5.252469559362973328e-01
-5.278041041988247306e-01
-5.303605070645466268e-01
-5.329161759439111634e-01
-5.354711220299855912e-01
-5.380253563033932096e-01
-5.405788895371614888e-01
-5.431317323013644671e-01
-5.456838949677309536e-01
-5.482353877140750953e-01
-5.507862205286350177e-01
-5.533364032142787936e-01
-5.558859453926298100e-01
-5.584348565080636817e-01
-5.609831458316090202e-01
-5.635308224647559427e-01
-5.660778953431477856e-01
-5.686243732402168627e-01
-5.711702647706708991e-01
-5.737155783939540399e-01
-5.762603224175694150e-01
-5.788045050003538528e-01
-5.813481341556501203e-01
-5.838912177544175464e-01
-5.864337635282409478e-01
-5.889757790722845998e-01
-5.915172718481911396e-01
-5.940582491868422466e-01
-5.965987182911385300e-01
-5.991386862386597345e-01
-6.016781599842501160e-01
-6.042171463625919392e-01
-6.067556520906660644e-01
-6.092936837701791175e-01
-6.118312478899488038e-01
-6.143683508281679861e-01
-6.169049988547014030e-01
-6.194411981332660355e-01
-6.219769547235812768e-01
-6.245122745834618128e-01
-6.270471635708781966e-01
-6.295816274459418160e-01
-6.321156718728782042e-01
-6.346493024219157508e-01
-6.371825245711615349e-01
-6.397153437084203143e-01
-6.422477651329774329e-01
-6.447797940573327669e-01
-6.473114356088945920e-01
-6.498426948316569085e-01
-6.523735766878090425e-01
-6.549040860593209334e-01
-6.574342277495021092e-01
-6.599640064845113674e-01
-6.624934269148430310e-01
-6.650224936167643541e-01
-6.675512110937429355e-01
-6.700795837778332764e-01
-6.726076160310209273e-01
-6.751353121465485385e-01
-6.776626763502251460e-01
-6.801897128016713978e-01
-6.827164255955802119e-01
-6.852428187629018286e-01
-6.877688962720697186e-01
-6.902946620301199099e-01
-6.928201198838471742e-01
-6.953452736209220220e-01
-6.978701269709556287e-01
-7.003946836065889636e-01
-7.029189471445126403e-01
-7.054429211464946503e-01
-7.079666091203846712e-01
-7.104900145210791829e-01
-7.130131407514802566e-01
-7.155359911634391334e-01
-7.180585690586565040e-01
-7.205808776896019952e-01
-7.231029202603693751e-01
-7.256246999275464127e-01
-7.281462198010684173e-01
-7.306674829450247044e-01
-7.331884923784718344e-01
-7.357092510762409665e-01
-7.382297619696873703e-01
-7.407500279474688032e-01
-7.432700518562814773e-01
-7.457898365015935838e-01
-7.483093846483507283e-01
-7.508286990216924695e-01
-7.533477823076261126e-01
-7.558666371536940654e-01
-7.583852661696374176e-01
-7.609036719280556360e-01
-7.634218569650211839e-01
-7.659398237806932519e-01
-7.684575748399542494e-01
-7.709751125729893406e-01
-7.734924393758574324e-01
-7.760095576110860316e-01
-7.785264696082223601e-01
-7.810431776643868007e-01
-7.835596840448078026e-01
-7.860759909833707759e-01
-7.885921006830941549e-01
-7.911080153166932805e-01
-7.936237370270382563e-01
-7.961392679276685369e-01
-7.986546101032565570e-01
-8.011697656100869036e-01
-8.036847364765240531e-01
-8.061995247034594581e-01
-8.087141322647540820e-01
-8.112285611076784919e-01
-8.137428131533434028e-01
-8.162568902971268914e-01
-8.187707944090609757e-01
-8.212845273342734842e-01
-8.237980908933520974e-01
-8.263114868827492465e-01
-8.288247170751852355e-01
-8.313377832199686512e-01
-8.338506870434283513e-01
-8.363634302492323203e-01
-8.388760145187654782e-01
-8.413884415114638582e-01
-8.439007128651681011e-01
-8.464128301964580769e-01
-8.489247951009798454e-01
-8.514366091537619585e-01
-8.539482739095600738e-01
-8.564597909031371747e-01
-8.589711616495966373e-01
-8.614823876446747741e-01
-8.639934703650219427e-01
-8.665044112685247324e-01
-8.690152117945644239e-01
-8.715258733643060918e-01
-8.740363973809871512e-01
-8.765467852301671581e-01
-8.790570382800119154e-01
-8.815671578815401643e-01
-8.840771453688900383e-01
-8.865870020595744139e-01
-8.890967292547176104e-01
-8.916063282393061895e-01
-8.941158002824327600e-01
-8.966251466375178003e-01
-8.991343685425563503e-01
-9.016434672203410550e-01
-9.041524438786693318e-01
-9.066612997105968352e-01
-9.091700358946173122e-01
-9.116786535948937509e-01
-9.141871539614723208e-01
-9.166955381304690009e-01
-9.192038072242920688e-01
-9.217119623518214011e-01
-9.242200046086146425e-01
-9.267279350770977198e-01
-9.292357548267494716e-01
-9.317434649142873893e-01
-9.342510663838575757e-01
-9.367585602671999467e-01
-9.392659475838414096e-01
-9.417732293412527378e-01
-9.442804065350248743e-01
-9.467874801490472336e-01
-9.492944511556561382e-01
-9.518013205158073475e-01
-9.543080891792252718e-01
-9.568147580845780542e-01
-9.593213281596111308e-01
-9.618278003213209804e-01
-9.643341754760759166e-01
-9.668404545197940569e-01
-9.693466383380667795e-01
-9.718527278063064934e-01
-9.743587237898911901e-01
-9.768646271442987805e-01
-9.793704387152365465e-01
-9.818761593387947961e-01
-9.843817898415492262e-01
-9.868873310407098032e-01
-9.893927837442443307e-01
-9.918981487510089012e-01
-9.944034268508489260e-01
-9.969086188247511249e-01
-9.994137254449365626e-01
-1.001918747474999094e+00
-1.004423685670005506e+00
-1.006928540776609982e+00
-1.009433313533185217e+00
-1.011938004669904245e+00
-1.014442614908874329e+00
-1.016947144964228444e+00
-1.019451595542232747e+00
-1.021955967341398930e+00
-1.024460261052571930e+00
-1.026964477359050276e+00
-1.029468616936660696e+00
-1.031972680453877134e+00
-1.034476668571906011e+00
-1.036980581944778823e+00
-1.039484421219455834e+00
-1.041988187035903568e+00
-1.044491880027202946e+00
-1.046995500819615676e+00
-1.049499050032688841e+00
-1.052002528279343707e+00
-1.054505936165943680e+00
-1.057009274292387779e+00
-1.059512543252206784e+00
-1.062015743632613862e+00
-1.064518876014605597e+00
-1.067021940973053029e+00
-1.069524939076741177e+00
-1.072027870888478729e+00
-1.074530736965164657e+00
-1.077033537857859713e+00
-1.079536274111844829e+00
-1.082038946266737467e+00
-1.084541554856512713e+00
-1.087044100409602088e+00
-1.089546583448954831e+00
-1.092049004492098740e+00
-1.094551364051233211e+00
-1.097053662633263649e+00
-1.099555900739877412e+00
-1.102058078867623525e+00
-1.104560197507953978e+00
-1.107062257147299889e+00
-1.109564258267123682e+00
-1.112066201343989036e+00
-1.114568086849616613e+00
-1.117069915250942458e+00
-1.119571687010168848e+00
-1.122073402584843560e+00
-1.124575062427886518e+00
-1.127076666987674169e+00
-1.129578216708074789e+00
-1.132079712028505103e+00
-1.134581153383991792e+00
-1.137082541205224784e+00
-1.139583875918592337e+00
-1.142085157946253426e+00
-1.144586387706172159e+00
-1.147087565612180837e+00
-1.149588692074017260e+00
-1.152089767497381789e+00
-1.154590792283975764e+00
-1.157091766831558566e+00
-1.159592691533990250e+00
-1.162093566781274401e+00
-1.164594392959608538e+00
-1.167095170451419417e+00
-1.169595899635416769e+00
-1.172096580886644812e+00
-1.174597214576490245e+00
-1.177097801072764849e+00
-1.179598340739725693e+00
-1.182098833938119542e+00
-1.184599281025224382e+00
-1.187099682354883168e+00
-1.189600038277563110e+00
-1.192100349140369220e+00
-1.194600615287092271e+00
-1.197100837058257206e+00
-1.199601014791151110e+00
-1.202101148819845866e+00
-1.204601239475273644e+00
-1.207101287085218244e+00
-1.209601291974379489e+00
-1.212101254464399425e+00
-1.214601174873886524e+00
-1.217101053518480747e+00
-1.219600890710847763e+00
-1.222100686760738464e+00
-1.224600441975010723e+00
-1.227100156657667140e+00
-1.229599831109884800e+00
-1.232099465630046575e+00
-1.234599060513764224e+00
-1.237098616053939004e+00
-1.239598132540742137e+00
-1.242097610261685858e+00
-1.244597049501643848e+00
-1.247096450542868329e+00
-1.249595813665028254e+00
-1.252095139145239955e+00
-1.254594427258081346e+00
-1.257093678275636339e+00
-1.259592892467518599e+00
-1.262092070100884200e+00
-1.264591211440476259e+00
-1.267090316748644252e+00
-1.269589386285364885e+00
-1.272088420308273848e+00
-1.274587419072691574e+00
-1.277086382831644773e+00
-1.279585311835895745e+00
-1.282084206333953924e+00
-1.284583066572119625e+00
-1.287081892794494031e+00
-1.289580685243006508e+00
-1.292079444157434587e+00
-1.294578169775428389e+00
-1.297076862332546821e+00
-1.299575522062249799e+00
-1.302074149195952213e+00
-1.304572743963024806e+00
-1.307071306590825044e+00
-1.309569837304710216e+00
-1.312068336328071405e+00
-1.314566803882343482e+00
-1.317065240187022868e+00
-1.319563645459701950e+00
-1.322062019916078190e+00
-1.324560363769976545e+00
-1.327058677233358575e+00
-1.329556960516371067e+00
-1.332055213827330498e+00
-1.334553437372769213e+00
-1.337051631357423442e+00
-1.339549795984285696e+00
-1.342047931454604770e+00
-1.344546037967899510e+00
-1.347044115721990565e+00
-1.349542164913004383e+00
-1.352040185735399414e+00
-1.354538178381983204e+00
-1.357036143043919507e+00
-1.359534079910753590e+00
-1.362031989170429558e+00
-1.364529871009304784e+00
-1.367027725612156130e+00
-1.369525553162216580e+00
-1.372023353841165472e+00
-1.374521127829172684e+00
-1.377018875304888423e+00
-1.379516596445465426e+00
-1.382014291426595598e+00
-1.384511960422482701e+00
-1.387009603605895869e+00
-1.389507221148170713e+00
-1.392004813219209325e+00
-1.394502379987516916e+00
-1.396999921620198926e+00
-1.399497438282987005e+00
-1.401994930140242790e+00
-1.404492397354982991e+00
-1.406989840088878951e+00
-1.409487258502278628e+00
-1.411984652754214808e+00
-1.414482023002427757e+00
-1.416979369403360778e+00
-1.419476692112188188e+00
-1.421973991282828642e+00
-1.424471267067937585e+00
-1.426968519618938336e+00
-1.429465749086036963e+00
-1.431962955618215183e+00
-1.434460139363256337e+00
-1.436957300467751608e+00
-1.439454439077122672e+00
-1.441951555335608370e+00
-1.444448649386306904e+00
-1.446945721371158955e+00
-1.449442771430975441e+00
-1.451939799705448841e+00
-1.454436806333156529e+00
-1.456933791451564986e+00
-1.459430755197060225e+00
-1.461927697704943574e+00
-1.464424619109443659e+00
-1.466921519543735286e+00
-1.469418399139932552e+00
-1.471915258029115048e+00
-1.474412096341329859e+00
-1.476908914205608880e+00
-1.479405711749952834e+00
-1.481902489101392550e+00
-1.484399246385934124e+00
-1.486895983728622195e+00
-1.489392701253517082e+00
-1.491889399083710543e+00
-1.494386077341354868e+00
-1.496882736147630677e+00
-1.499379375622806876e+00
-1.501875995886198689e+00
-1.504372597056218952e+00
-1.506869179250354795e+00
-1.509365742585194736e+00
-1.511862287176434005e+00
-1.514358813138871662e+00
-1.516855320586440792e+00
-1.519351809632186301e+00
-1.521848280388308661e+00
-1.524344732966130378e+00
-1.526841167476149064e+00
-1.529337584028008346e+00
-1.531833982730523180e+00
-1.534330363691683630e+00
-1.536826727018663075e+00
-1.539323072817822657e+00
-1.541819401194725492e+00
-1.544315712254139772e+00
-1.546812006100040326e+00
-1.549308282835620165e+00
-1.551804542563302247e+00
-1.554300785384748140e+00
-1.556797011400847364e+00
-1.559293220711745143e+00
-1.561789413416834194e+00
-1.564285589614772709e+00
-1.566781749403479473e+00
-1.569277892880149849e+00
-1.571774020141263550e+00
-1.574270131282578644e+00
-1.576766226399150428e+00
-1.579262305585327875e+00
-1.581758368934770953e+00
-1.584254416540442190e+00
-1.586750448494637533e+00
-1.589246464888955712e+00
-1.591742465814333984e+00
-1.594238451361052133e+00
-1.596734421618716482e+00
-1.599230376676286980e+00
-1.601726316622071655e+00
-1.604222241543749039e+00
-1.606718151528345517e+00
-1.609214046662265751e+00
-1.611709927031280243e+00
-1.614205792720552868e+00
-1.616701643814618450e+00
-1.619197480397415179e+00
-1.621693302552264182e+00
-1.624189110361896171e+00
-1.626684903908450330e+00
-1.629180683273470320e+00
-1.631676448537915158e+00
-1.634172199782171653e+00
-1.636667937086050406e+00
-1.639163660528794919e+00
-1.641659370189079148e+00
-1.644155066145022381e+00
-1.646650748474189907e+00
-1.649146417253589902e+00
-1.651642072559703855e+00
-1.654137714468449039e+00
-1.656633343055224916e+00
-1.659128958394889608e+00
-1.661624560561782982e+00
-1.664120149629712664e+00
-1.666615725671978243e+00
-1.669111288761358169e+00
-1.671606838970124631e+00
-1.674102376370042000e+00
-1.676597901032380600e+00
-1.679093413027907378e+00
-1.681588912426899673e+00
-1.684084399299145884e+00
-1.686579873713954791e+00
-1.689075335740141570e+00
-1.691570785446063319e+00
-1.694066222899585084e+00
-1.696561648168122494e+00
-1.699057061318615558e+00
-1.701552462417545764e+00
-1.704047851530935853e+00
-1.706543228724359595e+00
-1.709038594062939342e+00
-1.711533947611350248e+00
-1.714029289433824710e+00
-1.716524619594160805e+00
-1.719019938155720295e+00
-1.721515245181430398e+00
-1.724010540733797114e+00
-1.726505824874888573e+00
-1.729001097666369446e+00
-1.731496359169475419e+00
-1.733991609445036053e+00
-1.736486848553456808e+00
-1.738982076554752121e+00
-1.741477293508521429e+00
-1.743972499473962712e+00
-1.746467694509883373e+00
-1.748962878674697130e+00
-1.751458052026414247e+00
-1.753953214622673284e+00
-1.756448366520709126e+00
-1.758943507777392501e+00
-1.761438638449204452e+00
-1.763933758592257650e+00
-1.766428868262282625e+00
-1.768923967514645090e+00
-1.771419056404348824e+00
-1.773914134986021907e+00
-1.776409203313942475e+00
-1.778904261442020962e+00
-1.781399309423819854e+00
-1.783894347312547257e+00
-1.786389375161056003e+00
-1.788884393021859198e+00
-1.791379400947120892e+00
-1.793874398988665853e+00
-1.796369387197976897e+00
-1.798864365626201334e+00
-1.801359334324159400e+00
-1.803854293342331161e+00
-1.806349242730870719e+00
-1.808844182539606438e+00
-1.811339112818044050e+00
-1.813834033615365104e+00
-1.816328944980441396e+00
-1.818823846961822532e+00
-1.821318739607739712e+00
-1.823813622966121040e+00
-1.826308497084586202e+00
-1.828803362010443578e+00
-1.831298217790696459e+00
-1.833793064472050593e+00
-1.836287902100914859e+00
-1.838782730723392378e+00
-1.841277550385302497e+00
-1.843772361132163917e+00
-1.846267163009206902e+00
-1.848761956061373501e+00
-1.851256740333322215e+00
-1.853751515869425770e+00
-1.856246282713778895e+00
-1.858741040910192321e+00
-1.861235790502195453e+00
-1.863730531533058121e+00
-1.866225264045756838e+00
-1.868719988083017425e+00
-1.871214703687280823e+00
-1.873709410900733729e+00
-1.876204109765283290e+00
-1.878698800322586404e+00
-1.881193482614028856e+00
-1.883688156680752845e+00
-1.886182822563627015e+00
-1.888677480303271539e+00
-1.891172129940054347e+00
-1.893666771514092240e+00
-1.896161405065247108e+00
-1.898656030633141700e+00
-1.901150648257147635e+00
-1.903645257976395611e+00
-1.906139859829766747e+00
-1.908634453855912794e+00
-1.911129040093233700e+00
-1.913623618579914698e+00
-1.916118189353874568e+00
-1.918612752452827364e+00
-1.921107307914241114e+00
-1.923601855775357805e+00
-1.926096396073183614e+00
-1.928590928844517105e+00
-1.931085454125907042e+00
-1.933579971953699017e+00
-1.936074482364007032e+00
-1.938568985392729704e+00
-1.941063481075541830e+00
-1.943557969447904821e+00
-1.946052450545069812e+00
-1.948546924402065006e+00
-1.951041391053711216e+00
-1.953535850534620089e+00
-1.956030302879189664e+00
-1.958524748121617476e+00
-1.961019186295882788e+00
-1.963513617435777237e+00
-1.966008041574876852e+00
-1.968502458746559602e+00
-1.970996868984002282e+00
-1.973491272320184509e+00
-1.975985668787885174e+00
-1.978480058419698873e+00
-1.980974441248007034e+00
-1.983468817305016563e+00
-1.985963186622725640e+00
-1.988457549232955479e+00
-1.990951905167333003e+00
-1.993446254457296396e+00
-1.995940597134100214e+00
-1.998434933228810495e+00
-2.000929262772314310e+00
-2.003423585795314654e+00
-2.005917902328324232e+00
-2.008412212401696539e+00
-2.010906516045583459e+00
-2.013400813289977442e+00
-2.015895104164683538e+00
-2.018389388699339815e+00
-2.020883666923403599e+00
-2.023377938866161241e+00
-2.025872204556736111e+00
-2.028366464024073501e+00
-2.030860717296946838e+00
-2.033354964403975451e+00
-2.035849205373594817e+00
-2.038343440234090309e+00
-2.040837669013576772e+00
-2.043331891740002515e+00
-2.045826108441155533e+00
-2.048320319144673274e+00
-2.050814523878023987e+00
-2.053308722668513386e+00
-2.055802915543297971e+00
-2.058297102529374811e+00
-2.060791283653589101e+00
-2.063285458942623940e+00
-2.065779628423014547e+00
-2.068273792121145149e+00
-2.070767950063250762e+00
-2.073262102275406971e+00
-2.075756248783549918e+00
-2.078250389613459870e+00
-2.080744524790778538e+00
-2.083238654341001972e+00
-2.085732778289470346e+00
-2.088226896661385279e+00
-2.090721009481811610e+00
-2.093215116775661855e+00
-2.095709218567715304e+00
-2.098203314882608694e+00
-2.100697405744840207e+00
-2.103191491178766359e+00
-2.105685571208609552e+00
-2.108179645858459406e+00
-2.110673715152254104e+00
-2.113167779113824363e+00
-2.115661837766843245e+00
-2.118155891134861246e+00
-2.120649939241294746e+00
-2.123143982109430006e+00
-2.125638019762421838e+00
-2.128132052223303372e+00
-2.130626079514965632e+00
-2.133120101660182844e+00
-2.135614118681600448e+00
-2.138108130601736878e+00
-2.140602137442978670e+00
-2.143096139227609775e+00
-2.145590135977759161e+00
-2.148084127715461200e+00
-2.150578114462617041e+00
-2.153072096241001265e+00
-2.155566073072282318e+00
-2.158060044977997194e+00
-2.160554011979567868e+00
-2.163047974098301740e+00
-2.165541931355387639e+00
-2.168035883771894934e+00
-2.170529831368785967e+00
-2.173023774166892963e+00
-2.175517712186954444e+00
-2.178011645449574818e+00
-2.180505573975263012e+00
-2.182999497784410270e+00
-2.185493416897290597e+00
-2.187987331334079855e+00
-2.190481241114833111e+00
-2.192975146259499297e+00
-2.195469046787929646e+00
-2.197962942719847934e+00
-2.200456834074892676e+00
-2.202950720872580259e+00
-2.205444603132328929e+00
-2.207938480873453457e+00
-2.210432354115162923e+00
-2.212926222876557603e+00
-2.215420087176643182e+00
-2.217913947034316546e+00
-2.220407802468379099e+00
-2.222901653497532770e+00
-2.225395500140365801e+00
-2.227889342415385610e+00
-2.230383180340992588e+00
-2.232877013935475663e+00
-2.235370843217054926e+00
-2.237864668203825236e+00
-2.240358488913805068e+00
-2.242852305364907650e+00
-2.245346117574950728e+00
-2.247839925561660568e+00
-2.250333729342670175e+00
-2.252827528935509527e+00
-2.255321324357639323e+00
-2.257815115626402580e+00
-2.260308902759064154e+00
-2.262802685772792088e+00
-2.265296464684663391e+00
-2.267790239511677353e+00
-2.270284010270731567e+00
-2.272777776978630371e+00
-2.275271539652113262e+00
-2.277765298307805608e+00
-2.280259052962255950e+00
-2.282752803631928451e+00
-2.285246550333203785e+00
-2.287740293082372478e+00
-2.290234031895634459e+00
-2.292727766789116384e+00
-2.295221497778855202e+00
-2.297715224880806151e+00
-2.300208948110834317e+00
-2.302702667484735510e+00
-2.305196383018214057e+00
-2.307690094726893015e+00
-2.310183802626318617e+00
-2.312677506731951382e+00
-2.315171207059184777e+00
-2.317664903623305239e+00
-2.320158596439556131e+00
-2.322652285523072013e+00
-2.325145970888927494e+00
-2.327639652552108362e+00
-2.330133330527533353e+00
-2.332627004830028827e+00
-2.335120675474362972e+00
-2.337614342475217377e+00
-2.340108005847200801e+00
-2.342601665604844285e+00
-2.345095321762605600e+00
-2.347588974334870127e+00
-2.350082623335950416e+00
-2.352576268780075974e+00
-2.355069910681414580e+00
-2.357563549054059404e+00
-2.360057183912017909e+00
-2.362550815269242044e+00
-2.365044443139608266e+00
-2.367538067536915758e+00
-2.370031688474893983e+00
-2.372525305967207121e+00
-2.375018920027442082e+00
-2.377512530669120050e+00
-2.380006137905686270e+00
-2.382499741750530475e+00
-2.384993342216956691e+00
-2.387486939318206769e+00
-2.389980533067452395e+00
-2.392474123477802195e+00
-2.394967710562291074e+00
-2.397461294333881998e+00
-2.399954874805477534e+00
-2.402448451989910527e+00
-2.404942025899940994e+00
-2.407435596548269441e+00
-2.409929163947518660e+00
-2.412422728110263037e+00
-2.414916289048977038e+00
-2.417409846776102711e+00
-2.419903401303991064e+00
-2.422396952644938928e+00
-2.424890500811173855e+00
-2.427384045814845681e+00
-2.429877587668046957e+00
-2.432371126382800064e+00
-2.434864661971065658e+00
-2.437358194444723125e+00
-2.439851723815599893e+00
-2.442345250095439901e+00
-2.444838773295931134e+00
-2.447332293428686523e+00
-2.449825810505246171e+00
-2.452319324537092005e+00
-2.454812835535622018e+00
-2.457306343512179581e+00
-2.459799848478021023e+00
-2.462293350444344497e+00
-2.464786849422267334e+00
-2.467280345422838472e+00
-2.469773838457031356e+00
-2.472267328535745268e+00
-2.474760815669804881e+00
-2.477254299869956267e+00
-2.479747781146873109e+00
-2.482241259511147824e+00
-2.484734734973291559e+00
-2.487228207543736858e+00
-2.489721677232837660e+00
-2.492215144050857756e+00
-2.494708608007980111e+00
-2.497202069114297096e+00
-2.499695527379821147e+00
-2.502188982814470108e+00
-2.504682435428064569e+00
-2.507175885230338075e+00
-2.509669332230919370e+00
-2.512162776439354150e+00
-2.514656217865077537e+00
-2.517149656517414957e+00
-2.519643092405598139e+00
-2.522136525538739349e+00
-2.524629955925849156e+00
-2.527123383575809346e+00
-2.529616808497400449e+00
-2.532110230699261777e+00
-2.534603650189925172e+00
-2.537097066977779036e+00
-2.539590481071084760e+00
-2.542083892477964291e+00
-2.544577301206396580e+00
-2.547070707264210032e+00
-2.549564110659091387e+00
-2.552057511398554634e+00
-2.554550909489964106e+00
-2.557044304940506496e+00
-2.559537697757194419e+00
-2.562031087946872177e+00
-2.564524475516173574e+00
-2.567017860471549895e+00
-2.569511242819259689e+00
-2.572004622565332799e+00
-2.574497999715601004e+00
-2.576991374275650060e+00
-2.579484746250845895e+00
-2.581978115646311078e+00
-2.584471482466905723e+00
-2.586964846717231037e+00
-2.589458208401620887e+00
-2.591951567524116928e+00
-2.594444924088475268e+00
-2.596938278098129160e+00
-2.599431629556210765e+00
-2.601924978465512073e+00
-2.604418324828478237e+00
-2.606911668647205360e+00
-2.609405009923402297e+00
-2.611898348658402202e+00
-2.614391684853134112e+00
-2.616885018508094962e+00
-2.619378349623359359e+00
-2.621871678198543165e+00
-2.624365004232784848e+00
-2.626858327724743702e+00
-2.629351648672559882e+00
-2.631844967073838859e+00
-2.634338282925652752e+00
-2.636831596224471497e+00
-2.639324906966195261e+00
-2.641818215146084281e+00
-2.644311520758766410e+00
-2.646804823798189155e+00
-2.649298124257609910e+00
-2.651791422129556874e+00
-2.654284717405818395e+00
-2.656778010077378571e+00
-2.659271300134424809e+00
-2.661764587566297635e+00
-2.664257872361460500e+00
-2.666751154507462473e+00
-2.669244433990908938e+00
-2.671737710797431387e+00
-2.674230984911627029e+00
-2.676724256317048134e+00
-2.679217524996135413e+00
-2.681710790930207811e+00
-2.684204054099384340e+00
-2.686697314482572096e+00
-2.689190572057395201e+00
-2.691683826800156609e+00
-2.694177078685806137e+00
-2.696670327687855639e+00
-2.699163573778359471e+00
-2.701656816927840765e+00
-2.704150057105245253e+00
-2.706643294277883083e+00
-2.709136528411365763e+00
-2.711629759469550649e+00
-2.714122987414476107e+00
-2.716616212206295344e+00
-2.719109433803210685e+00
-2.721602652161409619e+00
-2.724095867234991086e+00
-2.726589078975881542e+00
-2.729082287333787438e+00
-2.731575492256089088e+00
-2.734068693687780272e+00
-2.736561891571376304e+00
-2.739055085846841653e+00
-2.741548276451484245e+00
-2.744041463319892848e+00
-2.746534646383820721e+00
-2.749027825572112782e+00
-2.751521000810591477e+00
-2.754014172021973295e+00
-2.756507339125751521e+00
-2.759000502038107872e+00
-2.761493660671783701e+00
-2.763986814936005398e+00
-2.766479964736337394e+00
-2.768973109974576019e+00
-2.771466250548637600e+00
-2.773959386352431000e+00
-2.776452517275731058e+00
-2.778945643204057792e+00
-2.781438764018532517e+00
-2.783931879595756165e+00
-2.786424989807665842e+00
-2.788918094521382951e+00
-2.791411193599087515e+00
-2.793904286897853861e+00
-2.796397374269506297e+00
-2.798890455560461010e+00
-2.801383530611568862e+00
-2.803876599257944413e+00
-2.806369661328811826e+00
-2.808862716647317459e+00
-2.811355765030377984e+00
-2.813848806288480109e+00
-2.816341840225507820e+00
-2.818834866638548764e+00
-2.821327885317721940e+00
-2.823820896045954765e+00
-2.826313898598808105e+00
-2.828806892744267110e+00
-2.831299878242516943e+00
-2.833792854845754050e+00
-2.836285822297952564e+00
-2.838778780334656915e+00
-2.841271728682746023e+00
-2.843764667060195706e+00
-2.846257595175873512e+00
-2.848750512729261608e+00
-2.851243419410246727e+00
-2.853736314898847493e+00
-2.856229198864972840e+00
-2.858722070968150231e+00
-2.861214930857282734e+00
-2.863707778170366147e+00
-2.866200612534218095e+00
-2.868693433564196926e+00
-2.871186240863924155e+00
-2.873679034025000245e+00
-2.876171812626696411e+00
-2.878664576235662409e+00
-2.881157324405629883e+00
-2.883650056677096174e+00
-2.886142772577004578e+00
-2.888635471618438366e+00
-2.891128153300281500e+00
-2.893620817106901999e+00
-2.896113462507801106e+00
-2.898606088957284665e+00
-2.901098695894107848e+00
-2.903591282741127433e+00
-2.906083848904948308e+00
-2.908576393775549107e+00
-2.911068916725927824e+00
-2.913561417111714125e+00
-2.916053894270794533e+00
-2.918546347522934958e+00
-2.921038776169382789e+00
-2.923531179492471210e+00
-2.926023556755219079e+00
-2.928515907200922364e+00
-2.931008230052744246e+00
-2.933500524513291907e+00
-2.935992789764205746e+00
-2.938485024965710402e+00
-2.940977229256191983e+00
-2.943469401751758863e+00
-2.945961541545801143e+00
-2.948453647708516812e+00
-2.950945719286476976e+00
-2.953437755302163570e+00
-2.955929754753491068e+00
-2.958421716613332197e+00
-2.960913639829058752e+00
-2.963405523322037993e+00
-2.965897365987156586e+00
-2.968389166692317449e+00
-2.970880924277952584e+00
-2.973372637556510156e+00
-2.975864305311942903e+00
-2.978355926299205869e+00
-2.980847499243728826e+00
-2.983339022840893584e+00
-2.985830495755500635e+00
-2.988321916621252683e+00
-2.990813284040187092e+00
-2.993304596582170962e+00
-2.995795852784311819e+00
-2.998287051150436255e+00
-3.000778190150523717e+00
-3.003269268220144284e+00
-3.005760283759897789e+00
-3.008251235134826729e+00
-3.010742120673874034e+00
-3.013232938669277328e+00
-3.015723687376008488e+00
-3.018214365011169686e+00
-3.020704969753414737e+00
-3.023195499742356240e+00
-3.025685953077972723e+00
-3.028176327819995794e+00
-3.030666621987322173e+00
-3.033156833557403065e+00
-3.035646960465630873e+00
-3.038137000604725912e+00
-3.040626951824131563e+00
-3.043116811929390320e+00
-3.045606578681518961e+00
-3.048096249796405921e+00
-3.050585822944154479e+00
-3.053075295748481910e+00
-3.055564665786086653e+00
-3.058053930586005720e+00
-3.060543087628992964e+00
-3.063032134346881374e+00
-3.065521068121943582e+00
-3.068009886286267474e+00
-3.070498586121111373e+00
-3.072987164856251674e+00
-3.075475619669369109e+00
-3.077963947685391499e+00
-3.080452145975854705e+00
-3.082940211558267141e+00
-3.085428141395464507e+00
-3.087915932394976970e+00
-3.090403581408366573e+00
-3.092891085230618398e+00
-3.095378440599475312e+00
-3.097865644194818024e+00
-3.100352692638010499e+00
-3.102839582491266679e+00
-3.105326310257036315e+00
-3.107812872377339719e+00
-3.110299265233152255e+00
-3.112785485143781283e+00
-3.115271528366224896e+00
-3.117757391094543529e+00
-3.120243069459258223e+00
-3.122728559526702696e+00
-3.125213857298427378e+00
-3.127698958710584343e+00
-3.130183859633295373e+00
-3.132668555870067095e+00
-3.135153043157181685e+00
-3.137637317163085804e+00
-3.140121373487813727e+00
-3.142605207662386491e+00
-3.145088815148221251e+00
-3.147572191336557079e+00
-3.150055331547869208e+00
-3.152538231031317029e+00
-3.155020884964159222e+00
-3.157503288451196433e+00
-3.159985436524225477e+00
-3.162467324141487346e+00
-3.164948946187119638e+00
-3.167430297470622325e+00
-3.169911372726351040e+00
-3.172392166612952202e+00
-3.174872673712893167e+00
-3.177352888531918218e+00
-3.179832805498588932e+00
-3.182312418963745948e+00
-3.184791723200064428e+00
-3.187270712401555794e+00
-3.189749380683120084e+00
-3.192227722080065000e+00
-3.194705730547662270e+00
-3.197183399960734196e+00
-3.199660724113178034e+00
-3.202137696717584081e+00
-3.204614311404795579e+00
-3.207090561723530797e+00
-3.209566441139970916e+00
-3.212041943037389213e+00
-3.214517060715770924e+00
-3.216991787391469071e+00
-3.219466116196837646e+00
-3.221940040179905651e+00
-3.224413552304045361e+00
-3.226886645447652135e+00
-3.229359312403851323e+00
-3.231831545880187395e+00
-3.234303338498371261e+00
-3.236774682793989388e+00
-3.239245571216250230e+00
-3.241715996127758181e+00
-3.244185949804263114e+00
-3.246655424434451209e+00
-3.249124412119746896e+00
-3.251592904874111678e+00
-3.254060894623867384e+00
-3.256528373207537630e+00
-3.258995332375696830e+00
-3.261461763790814317e+00
-3.263927659027165529e+00
-3.266393009570695227e+00
-3.268857806818935785e+00
-3.271322042080918369e+00
-3.273785706577118759e+00
-3.276248791439388963e+00
-3.278711287710943445e+00
-3.281173186346318271e+00
-3.283634478211365781e+00
-3.286095154083279457e+00
-3.288555204650605024e+00
-3.291014620513276423e+00
-3.293473392182675763e+00
-3.295931510081701266e+00
-3.298388964544861413e+00
-3.300845745818353993e+00
-3.303301844060211323e+00
-3.305757249340408599e+00
-3.308211951641027326e+00
-3.310665940856409417e+00
-3.313119206793355698e+00
-3.315571739171289334e+00
-3.318023527622509405e+00
-3.320474561692381865e+00
-3.322924830839613985e+00
-3.325374324436497275e+00
-3.327823031769192141e+00
-3.330270942038016546e+00
-3.332718044357765308e+00
-3.335164327758035618e+00
-3.337609781183548119e+00
-3.340054393494549689e+00
-3.342498153467138078e+00
-3.344941049793694443e+00
-3.347383071083267048e+00
-3.349824205862011794e+00
-3.352264442573627878e+00
-3.354703769579800543e+00
-3.357142175160702013e+00
-3.359579647515462231e+00
-3.362016174762674670e+00
-3.364451744940932798e+00
-3.366886346009353215e+00
-3.369319965848136533e+00
-3.371752592259146919e+00
-3.374184212966470753e+00
-3.376614815617055232e+00
-3.379044387781300784e+00
-3.381472916953704111e+00
-3.383900390553505222e+00
-3.386326795925355793e+00
-3.388752120339994178e+00
-3.391176350994955513e+00
-3.393599475015257383e+00
-3.396021479454155223e+00
-3.398442351293857744e+00
-3.400862077446306753e+00
-3.403280644753920559e+00
-3.405698039990422199e+00
-3.408114249861589506e+00
-3.410529261006113089e+00
-3.412943059996392581e+00
-3.415355633339402619e+00
-3.417766967477543716e+00
-3.420177048789511787e+00
-3.422585863591179223e+00
-3.424993398136509715e+00
-3.427399638618441546e+00
-3.429804571169842387e+00
-3.432208181864429886e+00
-3.434610456717731353e+00
-3.437011381688039435e+00
-3.439410942677394889e+00
-3.441809125532576008e+00
-3.444205916046088056e+00
-3.446601299957199327e+00
-3.448995262952929686e+00
-3.451387790669128819e+00
-3.453778868691484316e+00
-3.456168482556606136e+00
-3.458556617753085760e+00
-3.460943259722581544e+00
-3.463328393860894305e+00
-3.465712005519092642e+00
-3.468094080004596513e+00
-3.470474602582320323e+00
-3.472853558475790692e+00
-3.475230932868288658e+00
-3.477606710903994980e+00
-3.479980877689161201e+00
-3.482353418293250957e+00
-3.484724317750139022e+00
-3.487093561059283253e+00
-3.489461133186911201e+00
-3.491827019067221372e+00
-3.494191203603595142e+00
-3.496553671669804686e+00
-3.498914408111224450e+00
-3.501273397746071048e+00
-3.503630625366628948e+00
-3.505986075740488594e+00
-3.508339733611795630e+00
-3.510691583702493901e+00
-3.513041610713595109e+00
-3.515389799326410269e+00
-3.517736134203849563e+00
-3.520080599991678660e+00
-3.522423181319789709e+00
-3.524763862803477199e+00
-3.527102629044728488e+00
-3.529439464633512102e+00
-3.531774354149047390e+00
-3.534107282161127017e+00
-3.536438233231381290e+00
-3.538767191914597987e+00
-3.541094142760004004e+00
-3.543419070312579855e+00
-3.545741959114361741e+00
-3.548062793705731188e+00
-3.550381558626740208e+00
-3.552698238418402710e+00
-3.555012817624011223e+00
-3.557325280790437194e+00
-3.559635612469440158e+00
-3.561943797218971142e+00
-3.564249819604493830e+00
-3.566553664200265761e+00
-3.568855315590667932e+00
-3.571154758371488658e+00
-3.573451977151235415e+00
-3.575746956552440015e+00
-3.578039681212943801e+00
-3.580330135787196166e+00
-3.582618304947561949e+00
-3.584904173385588866e+00
-3.587187725813318018e+00
-3.589468946964553098e+00
-3.591747821596149137e+00
-3.594024334489281713e+00
-3.596298470450721485e+00
-3.598570214314110505e+00
-3.600839550941232314e+00
-3.603106465223233190e+00
-3.605370942081931318e+00
-3.607632966471026936e+00
-3.609892523377360884e+00
-3.612149597822143843e+00
-3.614404174862206887e+00
-3.616656239591208077e+00
-3.618905777140869695e+00
-3.621152772682171062e+00
-3.623397211426574671e+00
-3.625639078627227008e+00
-3.627878359580123835e+00
-3.630115039625335438e+00
-3.632349104148151486e+00
-3.634580538580270748e+00
-3.636809328400956609e+00
-3.639035459138189044e+00
-3.641258916369813026e+00
-3.643479685724682060e+00
-3.645697752883769294e+00
-3.647913103581315486e+00
-3.650125723605906369e+00
-3.652335598801599303e+00
-3.654542715069009073e+00
-3.656747058366383918e+00
-3.658948614710688219e+00
-3.661147370178652327e+00
-3.663343310907849038e+00
-3.665536423097706997e+00
-3.667726693010565864e+00
-3.669914106972685275e+00
-3.672098651375271583e+00
-3.674280312675454407e+00
-3.676459077397308484e+00
-3.678634932132796909e+00
-3.680807863542768565e+00
-3.682977858357902701e+00
-3.685144903379649506e+00
-3.687308985481170698e+00
-3.689470091608261448e+00
-3.691628208780253662e+00
-3.693783324090930797e+00
-3.695935424709392958e+00
-3.698084497880941068e+00
-3.700230530927947292e+00
-3.702373511250694804e+00
-3.704513426328214898e+00
-3.706650263719121874e+00
-3.708784011062421282e+00
-3.710914656078303064e+00
-3.713042186568936920e+00
-3.715166590419254788e+00
-3.717287855597697366e+00
-3.719405970156971275e+00
-3.721520922234792916e+00
-3.723632700054594569e+00
-3.725741291926257137e+00
-3.727846686246787389e+00
-3.729948871501018282e+00
-3.732047836262272433e+00
-3.734143569193021150e+00
-3.736236059045527469e+00
-3.738325294662494969e+00
-3.740411264977653083e+00
-3.742493959016400140e+00
-3.744573365896371353e+00
-3.746649474828018356e+00
-3.748722275115194513e+00
-3.750791756155678502e+00
-3.752857907441732532e+00
-3.754920718560626813e+00
-3.756980179195150704e+00
-3.759036279124100766e+00
-3.761089008222775032e+00
-3.763138356463445966e+00
-3.765184313915820091e+00
-3.767226870747473200e+00
-3.769266017224301102e+00
-3.771301743710913534e+00
-3.773334040671060485e+00
-3.775362898668011891e+00
-3.777388308364953762e+00
-3.779410260525325249e+00
-3.781428746013197451e+00
-3.783443755793606922e+00
-3.785455280932862987e+00
-3.787463312598895460e+00
-3.789467842061519320e+00
-3.791468860692758458e+00
-3.793466359967074375e+00
-3.795460331461677939e+00
-3.797450766856743876e+00
-3.799437657935657242e+00
-3.801420996585244350e+00
-3.803400774795957950e+00
-3.805376984662114825e+00
-3.807349618382048995e+00
-3.809318668258303564e+00
-3.811284126697771946e+00
-3.813245986211865723e+00
-3.815204239416649212e+00
-3.817158879032948260e+00
-3.819109897886481697e+00
-3.821057288907942606e+00
-3.823001045133104459e+00
-3.824941159702883287e+00
-3.826877625863412735e+00
-3.828810436966085362e+00
-3.830739586467611701e+00
-3.832665067930024705e+00
-3.834586875020724150e+00
-3.836505001512464652e+00
-3.838419441283366762e+00
-3.840330188316888993e+00
-3.842237236701801173e+00
-3.844140580632160464e+00
-3.846040214407254076e+00
-3.847936132431545087e+00
-3.849828329214578737e+00
-3.851716799370958899e+00
-3.853601537620189088e+00
-3.855482538786620950e+00
-3.857359797799325474e+00
-3.859233309691966873e+00
-3.861103069602679572e+00
-3.862969072773939860e+00
-3.864831314552378050e+00
-3.866689790388655901e+00
-3.868544495837276109e+00
-3.870395426556405560e+00
-3.872242578307699468e+00
-3.874085946956078885e+00
-3.875925528469551740e+00
-3.877761318918958366e+00
-3.879593314477804089e+00
-3.881421511421960790e+00
-3.883245906129471958e+00
-3.885066495080282234e+00
-3.886883274855965187e+00
-3.888696242139494608e+00
-3.890505393714928317e+00
-3.892310726467145265e+00
-3.894112237381538222e+00
-3.895909923543740661e+00
-3.897703782139280371e+00
-3.899493810453310783e+00
-3.901280005870241485e+00
-3.903062365873443795e+00
-3.904840888044887937e+00
-3.906615570064813525e+00
-3.908386409711381848e+00
-3.910153404860295279e+00
-3.911916553484463765e+00
-3.913675853653599379e+00
-3.915431303533857044e+00
-3.917182901387461502e+00
-3.918930645572279658e+00
-3.920674534541457312e+00
-3.922414566843008377e+00
-3.924150741119375230e+00
-3.925883056107064117e+00
-3.927611510636191294e+00
-3.929336103630059363e+00
-3.931056834104733166e+00
-3.932773701168590819e+00
-3.934486704021905812e+00
-3.936195841956359409e+00
-3.937901114354628085e+00
-3.939602520689901688e+00
-3.941300060525426030e+00
-3.942993733514037924e+00
-3.944683539397692673e+00
-3.946369478006987563e+00
-3.948051549260681803e+00
-3.949729753165204915e+00
-3.951404089814187781e+00
-3.953074559387932396e+00
-3.954741162152958456e+00
-3.956403898461470448e+00
-3.958062768750874927e+00
-3.959717773543251607e+00
-3.961368913444851980e+00
-3.963016189145592172e+00
-3.964659601418524026e+00
-3.966299151119320410e+00
-3.967934839185741414e+00
-3.969566666637114771e+00
-3.971194634573803395e+00
-3.972818744176677797e+00
-3.974438996706569860e+00
-3.976055393503741708e+00
-3.977667935987341696e+00
-3.979276625654860844e+00
-3.980881464081599486e+00
-3.982482452920099281e+00
-3.984079593899610305e+00
-3.985672888825531057e+00
-3.987262339578856007e+00
-3.988847948115626263e+00
-3.990429716466358467e+00
-3.992007646735504345e+00
-3.993581741100882265e+00
-3.995152001813107923e+00
-3.996718431195045440e+00
-3.998281031641235383e+00
-3.999839805617326771e+00
-4.001394755659513081e+00
-4.002945884373979801e+00
-4.004493194436302694e+00
-4.006036688590913997e+00
-4.007576369650506898e+00
-4.009112240495478652e+00
-4.010644304073355926e+00
-4.012172563398218372e+00
-4.013697021550131971e+00
-4.015217681674579708e+00
-4.016734546981881593e+00
-4.018247620746612014e+00
-4.019756906307054400e+00
-4.021262407064601696e+00
-4.022764126483199476e+00
-4.024262068088754418e+00
-4.025756235468585409e+00
-4.027246632270828464e+00
-4.028733262203880727e+00
-4.030216129035816053e+00
-4.031695236593817455e+00
-4.033170588763603348e+00
-4.034642189488867103e+00
-4.036110042770691742e+00
-4.037574152666983274e+00
-4.039034523291916479e+00
-4.040491158815348705e+00
-4.041944063462264758e+00
-4.043393241512188041e+00
-4.044838697298654751e+00
-4.046280435208611692e+00
-4.047718459681868275e+00
-4.049152775210544952e+00
-4.050583386338483471e+00
-4.052010297660713967e+00
-4.053433513822881196e+00
-4.054853039520700086e+00
-4.056268879499380198e+00
-4.057681038553088371e+00
-4.059089521524387401e+00
-4.060494333303689807e+00
-4.061895478828700057e+00
-4.063292963083870113e+00
-4.064686791099854091e+00
-4.066076967952960253e+00
-4.067463498764611884e+00
-4.068846388700800176e+00
-4.070225642971548652e+00
-4.071601266830365162e+00
-4.072973265573724966e+00
-4.074341644540520058e+00
-4.075706409111527151e+00
-4.077067564708890757e+00
-4.078425116795583172e+00
-4.079779070874877789e+00
-4.081129432489833064e+00
-4.082476207222768494e+00
-4.083819400694736146e+00
-4.085159018565009070e+00
-4.086495066530582143e+00
-4.087827550325618731e+00
-4.089156475720984396e+00
-4.090481848523709552e+00
-4.091803674576492078e+00
-4.093121959757195505e+00
-4.094436709978349853e+00
-4.095747931186639157e+00
-4.097055629362426288e+00
-4.098359810519235147e+00
-4.099660480703278154e+00
-4.100957645992960643e+00
-4.102251312498388813e+00
-4.103541486360893664e+00
-4.104828173752546938e+00
-4.106111380875684169e+00
-4.107391113962417961e+00
-4.108667379274184128e+00
-4.109940183101251421e+00
-4.111209531762263225e+00
-4.112475431603773046e+00
-4.113737888999778214e+00
-4.114996910351250037e+00
-4.116252502085708365e+00
-4.117504670656724208e+00
-4.118753422543500520e+00
-4.119998764250404122e+00
-4.121240702306534054e+00
-4.122479243265265048e+00
-4.123714393703816761e+00
-4.124946160222800806e+00
-4.126174549445814854e+00
-4.127399568018972786e+00
-4.128621222610510344e+00
-4.129839519910320611e+00
-4.131054466629578314e+00
-4.132266069500266426e+00
-4.133474335274802236e+00
-4.134679270725595934e+00
-4.135880882644651813e+00
-4.137079177843144606e+00
-4.138274163151031360e+00
-4.139465845416629541e+00
-4.140654231506236016e+00
-4.141839328303702494e+00
-4.143021142710067828e+00
-4.144199681643152111e+00
-4.145374952037171212e+00
-4.146546960842339757e+00
-4.147715715024510530e+00
-4.148881221564770350e+00
-4.150043487459083025e+00
-4.151202519717888784e+00
-4.152358325365766767e+00
-4.153510911441038012e+00
-4.154660284995411068e+00
-4.155806453093622288e+00
-4.156949422813053907e+00
-4.158089201243413413e+00
-4.159225795486361399e+00
-4.160359212655142969e+00
-4.161489459874262664e+00
-4.162616544279133635e+00
-4.163740473015732135e+00
-4.164861253240257355e+00
-4.165978892118788579e+00
-4.167093396826966334e+00
-4.168204774549661984e+00
-4.169313032480614467e+00
-4.170418177822149630e+00
-4.171520217784838280e+00
-4.172619159587166671e+00
-4.173715010455238072e+00
-4.174807777622445037e+00
-4.175897468329166529e+00
-4.176984089822457058e+00
-4.178067649355736712e+00
-4.179148154188488284e+00
-4.180225611585963286e+00
-4.181300028818892400e+00
-4.182371413163159524e+00
-4.183439771899549520e+00
-4.184505112313424924e+00
-4.185567441694463930e+00
-4.186626767336372623e+00
-4.187683096536585658e+00
-4.188736436596012247e+00
-4.189786794818750160e+00
-4.190834178511803287e+00
-4.191878594984834727e+00
-4.192920051549876348e+00
-4.193958555521078324e+00
-4.194994114214434688e+00
-4.196026734947552406e+00
-4.197056425039352945e+00
-4.198083191809845793e+00
-4.199107042579868221e+00
-4.200127984670846359e+00
-4.201146025404534967e+00
-4.202161172102774955e+00
-4.203173432087270456e+00
-4.204182812679317038e+00
-4.205189321199601871e+00
-4.206192964967944370e+00
-4.207193751303075047e+00
-4.208191687522404578e+00
-4.209186780941795547e+00
-4.210179038875353719e+00
-4.211168468635181128e+00
-4.212155077531176239e+00
-4.213138872870816343e+00
-4.214119861958928404e+00
-4.215098052097505210e+00
-4.216073450585460236e+00
-4.217046064718450005e+00
-4.218015901788666255e+00
-4.218982969084614787e+00
-4.219947273890936934e+00
-4.220908823488201733e+00
-4.221867625152708747e+00
-4.222823686156305989e+00
-4.223777013766188304e+00
-4.224727615244713519e+00
-4.225675497849222140e+00
-4.226620668831831296e+00
-4.227563135439292630e+00
-4.228502904912777360e+00
-4.229439984487707527e+00
-4.230374381393599670e+00
-4.231306102853871209e+00
-4.232235156085668137e+00
-4.233161548299713139e+00
-4.234085286700134176e+00
-4.235006378484288625e+00
-4.235924830842620281e+00
-4.236840650958472843e+00
-4.237753846007962899e+00
-4.238664423159806738e+00
-4.239572389575163136e+00
-4.240477752407482370e+00
-4.241380518802372102e+00
-4.242280695897435727e+00
-4.243178290822123166e+00
-4.244073310697597634e+00
-4.244965762636592643e+00
-4.245855653743250357e+00
-4.246742991113034549e+00
-4.247627781832531646e+00
-4.248510032979357476e+00
-4.249389751622008049e+00
-4.250266944819750314e+00
-4.251141619622456957e+00
-4.252013783070510478e+00
-4.252883442194671737e+00
-4.253750604015944070e+00
-4.254615275545474695e+00
-4.255477463784402836e+00
-4.256337175723780675e+00
-4.257194418344417031e+00
-4.258049198616795650e+00
-4.258901523500949970e+00
-4.259751399946342332e+00
-4.260598834891780484e+00
-4.261443835265272817e+00
-4.262286407983967074e+00
-4.263126559954005579e+00
-4.263964298070449743e+00
-4.264799629217166377e+00
-4.265632560266723772e+00
-4.266463098080319760e+00
-4.267291249507650264e+00
-4.268117021386842680e+00
-4.268940420544343084e+00
-4.269761453794842510e+00
-4.270580127941178361e+00
-4.271396449774234050e+00
-4.272210426072880374e+00
-4.273022063603871601e+00
-4.273831369121743329e+00
-4.274638349368782286e+00
-4.275443011074884225e+00
-4.276245360957531716e+00
-4.277045405721669802e+00
-4.277843152059651821e+00
-4.278638606651158582e+00
-4.279431776163133527e+00
-4.280222667249693025e+00
-4.281011286552076633e+00
-4.281797640698550289e+00
-4.282581736304366338e+00
-4.283363579971677382e+00
-4.284143178289477660e+00
-4.284920537833536436e+00
-4.285695665166337598e+00
-4.286468566837016603e+00
-4.287239249381284090e+00
-4.288007719321406341e+00
-4.288773983166107584e+00
-4.289538047410524690e+00
-4.290299918536160106e+00
-4.291059603010821455e+00
-4.291817107288562916e+00
-4.292572437809640817e+00
-4.293325601000470115e+00
-4.294076603273547121e+00
-4.294825451027429075e+00
-4.295572150646666643e+00
-4.296316708501784376e+00
-4.297059130949199890e+00
-4.297799424331203433e+00
-4.298537594975911702e+00
-4.299273649197216329e+00
-4.300007593294754571e+00
-4.300739433553862234e+00
-4.301469176245541703e+00
-4.302196827626405096e+00
-4.302922393938662715e+00
-4.303645881410081309e+00
-4.304367296253930775e+00
-4.305086644668967288e+00
-4.305803932839404879e+00
-4.306519166934860365e+00
-4.307232353110348910e+00
-4.307943497506240504e+00
-4.308652606248228878e+00
-4.309359685447315513e+00
-4.310064741199761684e+00
-4.310767779587094672e+00
-4.311468806676034049e+00
-4.312167828518522761e+00
-4.312864851151665846e+00
-4.313559880597715335e+00
-4.314252922864053374e+00
-4.314943983943178019e+00
-4.315633069812657041e+00
-4.316320186435142148e+00
-4.317005339758332561e+00
-4.317688535714940379e+00
-4.318369780222717225e+00
-4.319049079184394735e+00
-4.319726438487703213e+00
-4.320401864005326331e+00
-4.321075361594912678e+00
-4.321746937099043784e+00
-4.322416596345243001e+00
-4.323084345145939977e+00
-4.323750189298475988e+00
-4.324414134585088831e+00
-4.325076186772908393e+00
-4.325736351613929997e+00
-4.326394634845036613e+00
-4.327051042187967766e+00
-4.327705579349310661e+00
-4.328358252020518826e+00
-4.329009065877882811e+00
-4.329658026582538177e+00
-4.330305139780452173e+00
-4.330950411102434394e+00
-4.331593846164114581e+00
-4.332235450565963930e+00
-4.332875229893272007e+00
-4.333513189716158287e+00
-4.334149335589565943e+00
-4.334783673053273390e+00
-4.335416207631875629e+00
-4.336046944834806460e+00
-4.336675890156321600e+00
-4.337303049075519112e+00
-4.337928427056331415e+00
-4.338552029547529720e+00
-4.339173861982736469e+00
-4.339793929780410231e+00
-4.340412238343883011e+00
-4.341028793061339819e+00
-4.341643599305824885e+00
-4.342256662435270975e+00
-4.342867987792487838e+00
-4.343477580705164875e+00
-4.344085446485909330e+00
-4.344691590432216088e+00
-4.345296017826503210e+00
-4.345898733936125247e+00
-4.346499744013353705e+00
-4.347099053295421456e+00
-4.347696667004519178e+00
-4.348292590347793585e+00
-4.348886828517382064e+00
-4.349479386690427773e+00
-4.350070270029059216e+00
