1.372272716991098154e-15
-3.256068663364487747e+00
-6.315624905808946643e+00
-9.023239546634103547e+00
-1.128785314323256550e+01
-1.308303010772874408e+01
-1.443153882544258160e+01
-1.538528872342682874e+01
-1.600818070035526119e+01
-1.636455352776814109e+01
-1.651282536431370573e+01
-1.650283438537080727e+01
-1.637540175863243164e+01
-1.616303646232626434e+01
-1.589110645721668647e+01
-1.557910219302637422e+01
-1.524180909409848717e+01
-1.489031676978494723e+01
-1.453284981217801430e+01
-1.417543341818399050e+01
-1.382241659192145455e+01
-1.347687883764707273e+01
-1.314094316710795418e+01
-1.281601613424920671e+01
-1.250297067936846851e+01
-1.220228564865526799e+01
-1.191415161920650689e+01
-1.163855189123199274e+01
-1.137532397781182247e+01
-1.112420673379750191e+01
-1.088487486027158369e+01
-1.065696310921919832e+01
-1.044008041826220357e+01
-1.023381674580289769e+01
-1.003774432524938121e+01
-9.851417530193472771e+00
-9.674373023244072556e+00
-9.506132915663215499e+00
-9.346210128745601864e+00
-9.194116410772936732e+00
-9.049370583442694738e+00
-8.911506991496047192e+00
-8.780081941793369538e+00
-8.654678904346852164e+00
-8.534911033261167290e+00
-8.420422549360994324e+00
-8.310887945137563904e+00
-8.206010847320484913e+00
-8.105521472147524165e+00
-8.009174492445083615e+00
-7.916746044973339558e+00
-7.828031606012507915e+00
-7.742843254528047225e+00
-7.661007998200437541e+00
-7.582365527892994450e+00
-7.506767080015237958e+00
-7.434073668539658897e+00
-7.364155410055564843e+00
-7.296890129009164561e+00
-7.232163030446078444e+00
-7.169865565432623988e+00
-7.109895347638359731e+00
-7.052155187721149687e+00
-6.996553176186931289e+00
-6.943001822352631081e+00
-6.891418251034569842e+00
-6.841723403968718031e+00
-6.793842316890582822e+00
-6.747703357081915598e+00
-6.703238560242156474e+00
-6.660382888091039177e+00
-6.619074612521226975e+00
-6.579254583493420405e+00
-6.540866652832061590e+00
-6.503856946385456084e+00
-6.468174322673068133e+00
-6.433769645444532337e+00
-6.400596274022664289e+00
-6.368609333630850244e+00
-6.337766235213092791e+00
-6.308025941610554632e+00
-6.279349515183633379e+00
-6.251699378339490742e+00
-6.225039887610022582e+00
-6.199336587294143719e+00
-6.174556808858776336e+00
-6.150668916636303329e+00
-6.127642931565953077e+00
-6.105449768017332524e+00
-6.084061881005613515e+00
-6.063452493316759728e+00
-6.043596265425636993e+00
-6.024468512187691971e+00
-6.006045894772704230e+00
-5.988305626266019033e+00
-5.971226185004607778e+00
-5.954786508501427988e+00
-5.938966727637890131e+00
-5.923747348387707667e+00
-5.909110006380173807e+00
-5.895036635957686677e+00
-5.881510244678338495e+00
-5.868514069292922741e+00
-5.856032369804180071e+00
-5.844049571995144632e+00
-5.832551080706519286e+00
-5.821522408589255626e+00
-5.810950008300637570e+00
-5.800820387190799288e+00
-5.791120958152713882e+00
-5.781839139985090803e+00
-5.772963226662067626e+00
-5.764481473144072332e+00
-5.756382982860377417e+00
-5.748656778764330788e+00
-5.741292708846789772e+00
-5.734280502254843981e+00
-5.727610692674462989e+00
-5.721273659352335450e+00
-5.715260568205109415e+00
-5.709562397600893568e+00
-5.704170897069431589e+00
-5.699077597715239030e+00
-5.694274788417363453e+00
-5.689754510760085537e+00
-5.685509552623791762e+00
-5.681532427530964213e+00
-5.677816385541255784e+00
-5.674354376920939025e+00
-5.671140080265433703e+00
-5.668166850409744661e+00
-5.665428763710487203e+00
-5.662919550123117318e+00
-5.660633655583469981e+00
-5.658565158184821975e+00
-5.656708847605604440e+00
-5.655059125326235225e+00
-5.653611101055804333e+00
-5.652359476933943583e+00
-5.651299660915158896e+00
-5.650426634905766576e+00
-5.649736085069496205e+00
-5.649223253854193771e+00
-5.648884087186327285e+00
-5.648714070346418481e+00
-5.648709392023837594e+00
-5.648865764003038414e+00
-5.649179602054279492e+00
-5.649646829395501335e+00
-5.650264074397162162e+00
-5.651027457788161179e+00
-5.651933807155398171e+00
-5.652979427864435635e+00
-5.654161334337406863e+00
-5.655476004660767941e+00
-5.656920628627360337e+00
-5.658491846006119097e+00
-5.660187011335632512e+00
-5.662002915832441197e+00
-5.663937068925677387e+00
-5.665986403781561265e+00
-5.668148575570397085e+00
-5.670420650586657452e+00
-5.672800421240944857e+00
-5.675285078756151513e+00
-5.677872544877995864e+00
-5.680560128129489073e+00
-5.683345872234987439e+00
-5.686227195915257049e+00
-5.689202258021549774e+00
-5.692268580854841886e+00
-5.695424432006927162e+00
-5.698667431188282784e+00
-5.701995948774336576e+00
-5.705407696126754580e+00
-5.708901140843964050e+00
-5.712474080561477763e+00
-5.716125074906322823e+00
-5.719852002762809029e+00
-5.723653510930850175e+00
-5.727527554844054514e+00
-5.731472863933189998e+00
-5.735487465783374539e+00
-5.739570168204402911e+00
-5.743719066814765739e+00
-5.747933043820571797e+00
-5.752210259014624683e+00
-5.756549665266469162e+00
-5.760949482924707432e+00
-5.765408732021227500e+00
-5.769925690065230484e+00
-5.774499440965287889e+00
-5.779128316203692606e+00
-5.783811460480151823e+00
-5.788547256255563767e+00
-5.793334906121585526e+00
-5.798172840702997988e+00
-5.803060317757683606e+00
-5.807995813426827247e+00
-5.812978638070283033e+00
-5.818007310854283354e+00
-5.823081192327180133e+00
-5.828198842334089136e+00
-5.833359669338862297e+00
-5.838562271655321823e+00
-5.843806103520904571e+00
-5.849089799634493936e+00
-5.854412857987887797e+00
-5.859773947699899566e+00
-5.865172608611806560e+00
-5.870607542407882740e+00
-5.876078328981259702e+00
-5.881583700830718797e+00
-5.887123276203752198e+00
-5.892695816759671246e+00
-5.898300977496682584e+00
-5.903937547671425534e+00
-5.909605217517047926e+00
-5.915302802409447835e+00
-5.921030026383352407e+00
-5.926785729535490432e+00
-5.932569668346289404e+00
-5.938380706309585477e+00
-5.944218631068032721e+00
-5.950082328259416187e+00
-5.955971615473057312e+00
-5.961885399303333166e+00
-5.967823526134915291e+00
-5.973784922393360119e+00
-5.979769462167442207e+00
-5.985776090646691472e+00
-5.991804708589284267e+00
-5.997854278936584294e+00
-6.003924728134522937e+00
-6.010015035915536430e+00
-6.016125153481962862e+00
-6.022254076445119786e+00
-6.028401779879540179e+00
-6.034567274408994209e+00
-6.040750558140389082e+00
-6.046950655886653259e+00
-6.053167587989159770e+00
-6.059400392667402713e+00
-6.065649111738795618e+00
-6.071912796085062070e+00
-6.078191508278642630e+00
-6.084484311155329728e+00
-6.090791287356706718e+00
-6.097111510998725059e+00
-6.103445084139411669e+00
-6.109791091533187668e+00
-6.116149654033415928e+00
-6.122519866421749057e+00
-6.128901867755265798e+00
-6.135294762260569357e+00
-6.141698706635026817e+00
-6.148112813995096460e+00
-6.154537258141542289e+00
-6.160971160551348191e+00
-6.167414711616932443e+00
-6.173867040670992345e+00
-6.180328354209666308e+00
-6.186797788939564668e+00
-6.193275566995214199e+00
-6.199760831997170207e+00
-6.206253821274374971e+00
-6.212753684922411423e+00
-6.219260675040727548e+00
-6.225773947780419704e+00
-6.232293769607008649e+00
-6.238819302326373162e+00
-6.245350826383691434e+00
-6.251887508856618147e+00
-6.258429643800951681e+00
-6.264976403199858268e+00
-6.271528094367103456e+00
-6.278083893841095886e+00
-6.284644121856524102e+00
-6.291207959171886799e+00
-6.297775738620621233e+00
-6.304346644860545190e+00
-6.310921023015618303e+00
-6.317498061335967918e+00
-6.324078116941375782e+00
-6.330660381380063484e+00
-6.337245223485703072e+00
-6.343831837823002751e+00
-6.350420604669375635e+00
-6.357010721336184389e+00
-6.363602579286255612e+00
-6.370195378318809887e+00
-6.376789520834690528e+00
-6.383384208872795895e+00
-6.389979855535109721e+00
-6.396575664862350408e+00
-6.403172060430430079e+00
-6.409768248053714146e+00
-6.416364661564551319e+00
-6.422960508331854612e+00
-6.429556232235929869e+00
-6.436151041989969457e+00
-6.442745391322320714e+00
-6.449338490088623921e+00
-6.455930801673609665e+00
-6.462521536881387973e+00
-6.469111168569265935e+00
-6.475698908303636259e+00
-6.482285238237984082e+00
-6.488869370521893387e+00
-6.495451796435955494e+00
-6.502031728540867306e+00
-6.508609667081877603e+00
-6.515184824865338342e+00
-6.521757710945361275e+00
-6.528327538214886872e+00
-6.534894824387174062e+00
-6.541458782288628981e+00
-6.548019938148141428e+00
-6.554577504578193548e+00
-6.561132016185260873e+00
-6.567682685226141182e+00
-6.574230054552495872e+00
-6.580773335928818746e+00
-6.587313080324551429e+00
-6.593848498880552356e+00
-6.600380150561649728e+00
-6.606907245758397274e+00
-6.613430351313438038e+00
-6.619948676744963123e+00
-6.626462796660507415e+00
-6.632971919588228182e+00
-6.639476627791890628e+00
-6.645976128696243990e+00
-6.652471012116846438e+00
-6.658960484265723956e+00
-6.665445142409714308e+00
-6.671924191442646368e+00
-6.678398235986168885e+00
-6.684866479514046667e+00
-6.691329533909810223e+00
-6.697786601129069872e+00
-6.704238300227762792e+00
-6.710683831548554856e+00
-6.717123821233866643e+00
-6.723557467921849273e+00
-6.729985404758663137e+00
-6.736406828589612594e+00
-6.742822379484930018e+00
-6.749231252411592052e+00
-6.755634094287358060e+00
-6.762030098118465560e+00
-6.768419917596326663e+00
-6.774802743686604067e+00
-6.781179236783557052e+00
-6.787548585735166284e+00
-6.793911457569968171e+00
-6.800267038943853315e+00
-6.806616003453909158e+00
-6.812957535491724670e+00
-6.819292315159598772e+00
-6.825619524515053271e+00
-6.831939850104491896e+00
-6.838252471584016945e+00
-6.844558081885373291e+00
-6.850855858197752113e+00
-6.857146499781710425e+00
-6.863429181296288206e+00
-6.869704608276393287e+00
-6.875971952789574182e+00
-6.882231926592550231e+00
-6.888483699102083690e+00
-6.894727988246194705e+00
-6.900963960733323077e+00
-6.907192340613978132e+00
-6.913412291832632839e+00
-6.919624544515358799e+00
-6.925828259788616492e+00
-6.932024173808922995e+00
-6.938211444832144359e+00
-6.944390815001840522e+00
-6.950561439652533480e+00
-6.956724066872743251e+00
-6.962877849026359200e+00
-6.969023540106515036e+00
-6.975160289458663065e+00
-6.981288856941526788e+00
-6.987408388835664397e+00
-6.993519650828051937e+00
-6.999621786089162967e+00
-7.005715566098119851e+00
-7.011800130871527870e+00
-7.017876257645788485e+00
-7.023943083241222851e+00
-7.030001390617964141e+00
-7.036050313358668262e+00
-7.042090640115033828e+00
-7.048121501191769056e+00
-7.054143690901093500e+00
-7.060156336230702934e+00
-7.066160237123402688e+00
-7.072154517211954428e+00
-7.078139982040869249e+00
-7.084115751850995402e+00
-7.090082637760884765e+00
-7.096039756583458313e+00
-7.101987924984646483e+00
-7.107926256314429203e+00
-7.113855572760337864e+00
-7.119774984175459842e+00
-7.125685318244110888e+00
-7.131585681289274170e+00
-7.137476906468362969e+00
-7.143358096541854607e+00
-7.149230090117368874e+00
-7.155091986361378886e+00
-7.160944629309613063e+00
-7.166787114503951450e+00
-7.172620291387034719e+00
-7.178443251846153395e+00
-7.184256850710523779e+00
-7.190060176183687091e+00
-7.195854088461822506e+00
-7.201637672036218518e+00
-7.207411792451197563e+00
-7.213175530458149964e+00
-7.218929756931330211e+00
-7.224673548855061078e+00
-7.230407782416255813e+00
-7.236131530805715251e+00
-7.241845675506303870e+00
-7.247549285889435033e+00
-7.253243248717850200e+00
-7.258926629518399842e+00
-7.264600320318356452e+00
-7.270263382775270955e+00
-7.275916714166208443e+00
-7.281559372255316021e+00
-7.287192259555323126e+00
-7.292814429913451413e+00
-7.298426791064398955e+00
-7.304028392915436818e+00
-7.309620148410393980e+00
-7.315201103493945922e+00
-7.320772176306492796e+00
-7.326332408808181818e+00
-7.331882724324111145e+00
-7.337422160808230842e+00
-7.342951646758895556e+00
-7.348470216102760411e+00
-7.353978802500638956e+00
-7.359476435831061814e+00
-7.364964054906915081e+00
-7.370440685538351744e+00
-7.375907271680329558e+00
-7.381362835054813054e+00
-7.386808324749348564e+00
-7.392242758378199774e+00
-7.397667090152458158e+00
-7.403080333559582726e+00
-7.408483447925620524e+00
-7.413875442592440024e+00
-7.419257281992927666e+00
-7.424627971304924579e+00
-7.429988480060364608e+00
-7.435337809255003094e+00
-7.440676933512467173e+00
-7.446004849628759636e+00
-7.451322537312083050e+00
-7.456628989141288244e+00
-7.461925189902673949e+00
-7.467210127940660414e+00
-7.472484793113427060e+00
-7.477748169514288001e+00
-7.483001252067195352e+00
-7.488243020597883159e+00
-7.493474475090652120e+00
-7.498694591087256889e+00
-7.503904373627107383e+00
-7.509102793952140864e+00
-7.514290862151848494e+00
-7.519467545152550336e+00
-7.524633858089373462e+00
-7.529788763557489162e+00
-7.534933281733420252e+00
-7.540066370865868173e+00
-7.545189056168728037e+00
-7.550300291529361552e+00
-7.555401107195246269e+00
-7.560490452677577800e+00
-7.565569363254057933e+00
-7.570636784045167822e+00
-7.575693755355691117e+00
-7.580739217900934079e+00
-7.585774217009954690e+00
-7.590797688978788926e+00
-7.595810684158045945e+00
-7.600812134410519505e+00
-7.605803095106106859e+00
-7.610782493660465775e+00
-7.615751390460752113e+00
-7.620708708461900294e+00
-7.625655513066347702e+00
-7.630590722754932109e+00
-7.635515407943776367e+00
-7.640428482626339779e+00
-7.645331022231014906e+00
-7.650221936250731325e+00
-7.655102305125012663e+00
-7.659971033833357090e+00
-7.664829207825450297e+00
-7.669675727554465361e+00
-7.674511683479574131e+00
-7.679335971514968939e+00
-7.684149687128805084e+00
-7.688951721683764617e+00
-7.693743175656512889e+00
-7.698522935845990567e+00
-7.703292107737315320e+00
-7.708049573553236833e+00
-7.712796443787436118e+00
-7.717531596074405087e+00
-7.722256145916670533e+00
-7.726968966348350953e+00
-7.731671177881248802e+00
-7.736361648937350566e+00
-7.741041505038269932e+00
-7.745709609981992649e+00
-7.750367094300903759e+00
-7.755012817157211025e+00
-7.759647914095026522e+00
-7.764271239629231047e+00
-7.768883934316813900e+00
-7.773484848013929138e+00
-7.778075126291587260e+00
-7.782653614335831804e+00
-7.787221462733337596e+00
-7.791777511988636107e+00
-7.796322917705691857e+00
-7.800856515696313664e+00
-7.805379466583548975e+00
-7.809890601475410143e+00
-7.814391086015852750e+00
-7.818879746598078384e+00
-7.823357753889202293e+00
-7.827823929556465110e+00
-7.832279449292372853e+00
-7.836723130027402284e+00
-7.841156152481786101e+00
-7.845577328838395204e+00
-7.849987844847779783e+00
-7.854386507934350448e+00
-7.858774508881661625e+00
-7.863150650345034798e+00
-7.867516128143738463e+00
-7.871869740153375261e+00
-7.876212687231925358e+00
-7.880543762464649937e+00
-7.884864171751281958e+00
-7.889172703376216234e+00
-7.893470568284195465e+00
-7.897756549948218741e+00
-7.902031864361351410e+00
-7.906295290174773172e+00
-7.910548048433337698e+00
-7.914788912956066902e+00
-7.919019109843091542e+00
-7.923237408070948895e+00
-7.927445038798784260e+00
-7.931640766150317212e+00
-7.935825826347516099e+00
-7.939998978651056305e+00
-7.944161464349638990e+00
-7.948312037830628007e+00
-7.952451945453593574e+00
-7.956579936722392610e+00
-7.960697263071494945e+00
-7.964802669111178623e+00
-7.968897411355175819e+00
-7.972980229509968986e+00
-7.977052385172838989e+00
-7.981112613136430944e+00
-7.985162180086198269e+00
-7.989199815890826173e+00
-7.993226792328388619e+00
-7.997241834333681076e+00
-8.001246218782091191e+00
-8.005238665664512254e+00
-8.009220456958439982e+00
-8.013190307700780224e+00
-8.017149504976092800e+00
-8.021096758857424902e+00
-8.025033361541277444e+00
-8.028958018126838070e+00
-8.032872025927758841e+00
-8.036774085059393613e+00
-8.040665497957718344e+00
-8.044544959744321488e+00
-8.048413777982771578e+00
-8.052270642791100386e+00
-8.056116866865696835e+00
-8.059951135311163029e+00
-8.063774765962293145e+00
-8.067586438900210766e+00
-8.071387477103749930e+00
-8.075176555620748431e+00
-8.078955002579672140e+00
-8.082721487985196518e+00
-8.086477345121169336e+00
-8.090221238939221848e+00
-8.093954507884413729e+00
-8.097675811845498117e+00
-8.101386494434677843e+00
-8.105085210467903423e+00
-8.108773308730574669e+00
-8.112449438956065961e+00
-8.116114955108866269e+00
-8.119768501830019858e+00
-8.123411438269423357e+00
-8.127042403965729633e+00
-8.130662763260511738e+00
-8.134271150580293153e+00
-8.137868935464663167e+00
-8.141454747218039856e+00
-8.145029960584496465e+00
-8.148593199736517079e+00
-8.152145844629155036e+00
-8.155686514293122968e+00
-8.159216593900946890e+00
-8.162734697331677225e+00
-8.166242214982119663e+00
-8.169737755569730808e+00
-8.173222714722271576e+00
-8.176695695985751300e+00
-8.180158100225678908e+00
-8.183608525806734590e+00
-8.187048378839145713e+00
-8.190476252496248222e+00
-8.193893558139960120e+00
-8.197298883742462294e+00
-8.200693645924317821e+00
-8.204076427446590714e+00
-8.207448650195704687e+00
-8.210808891711593560e+00
-8.214158579153789219e+00
-8.217496284831069531e+00
-8.220823441183449987e+00
-8.224138615278461018e+00
-8.227443244843973602e+00
-8.230735891696337347e+00
-8.234017998858611520e+00
-8.237288122886042174e+00
-8.240547712104365985e+00
-8.243795317797601996e+00
-8.247032393601770650e+00
-8.250257485519638223e+00
-8.253472052505147261e+00
-8.256674635269732221e+00
-8.259866698092984905e+00
-8.263046776384824099e+00
-8.266216339758388543e+00
-8.269373918311920590e+00
-8.272520986999943204e+00
-8.275656070598921943e+00
-8.278780649412688319e+00
-8.281893242885640660e+00
-8.284995336679020994e+00
-8.288085444895058274e+00
-8.291165058560402201e+00
-8.294232686424782841e+00
-8.297289824888501641e+00
-8.300334977338538422e+00
-8.303369645557046042e+00
-8.306392327557968969e+00
-8.309404530513651466e+00
-8.312404747054653598e+00
-8.315394489751794183e+00
-8.318372245841976209e+00
-8.321339533302985814e+00
-8.324294833967574192e+00
-8.327239671229063944e+00
-8.330172521505710748e+00
-8.333094913614791821e+00
-8.336005318549679188e+00
-8.338905270560379890e+00
-8.341793235204713497e+00
-8.344670752174170758e+00
-8.347536281580673290e+00
-8.350391368565880157e+00
-8.353234467785146222e+00
-8.356067129839249930e+00
-8.358887803916436710e+00
-8.361698046085519920e+00
-8.364496300056980971e+00
-8.367284127376644065e+00
-8.370059966266589768e+00
-8.372825383758721429e+00
-8.375578812576069510e+00
-8.378321825245663490e+00
-8.381052848980738545e+00
-8.383773461812744188e+00
-8.386482085434341371e+00
-8.389180303390615379e+00
-8.391866531842797627e+00
-8.394542359858988334e+00
-8.397206198058196236e+00
-8.399859641040919200e+00
-8.402501093873027571e+00
-8.405132156696819123e+00
-8.407751229014166938e+00
-8.410359916518773460e+00
-8.412956613137438922e+00
-8.415542930124868093e+00
-8.418117255821846001e+00
-8.420681207053709372e+00
-8.423233166564157770e+00
-8.425774756758931616e+00
-8.428304354773562324e+00
-8.430823588603955088e+00
-8.433330829766317649e+00
-8.435827711856655142e+00
-8.438312600760609072e+00
-8.440787135684217901e+00
-8.443249676871399600e+00
-8.445701869148168228e+00
-8.448142067105449016e+00
-8.450571921199330205e+00
-8.452989780356373828e+00
-8.455397300672919059e+00
-8.457792825399808478e+00
-8.460178016283812497e+00
-8.462551210888621611e+00
-8.464914076621747441e+00
-8.467264945348295768e+00
-8.469605490146795646e+00
-8.471934037172228926e+00
-8.474252265184620825e+00
-8.476558494617231432e+00
-8.478854409922130131e+00
-8.481138325799218336e+00
-8.483411932403020828e+00
-8.485673538688507378e+00
-8.487924840523383807e+00
-8.490164141105847051e+00
-8.492393142027427899e+00
-8.494610140717934854e+00
-8.496816844503380040e+00
-8.499011545033317461e+00
-8.501195955379161617e+00
-8.503368361398262465e+00
-8.505530481918395225e+00
-8.507680596992797106e+00
-8.509820431216411407e+00
-8.511948258826455671e+00
-8.514065810196193240e+00
-8.516171353734677041e+00
-8.518266625604509201e+00
-8.520349888374616043e+00
-8.522422884008081567e+00
-8.524483869221551657e+00
-8.526534591789813433e+00
-8.528573302564971925e+00
-8.530601755144916254e+00
-8.532618194504948406e+00
-8.534624380077373118e+00
-8.536618550948384510e+00
-8.538602472396197740e+00
-8.540574377605503642e+00
-8.542536037711885299e+00
-8.544485679986125959e+00
-8.546425081432778015e+00
-8.548352463396264866e+00
-8.550269608761734474e+00
-8.552174732934670232e+00
-8.554069624692548501e+00
-8.555952493489259680e+00
-8.557825134006490586e+00
-8.559685749733894511e+00
-8.561536141269071365e+00
-8.563374506124780794e+00
-8.565202650826586606e+00
-8.567018766897469106e+00
-8.568824666802932200e+00
-8.570618536063365767e+00
-8.572402193096255729e+00
-8.574173817406482101e+00
-8.575935233375741262e+00
-8.577684614480382663e+00
-8.579423791078502504e+00
-8.581150930604916738e+00
-8.582867869406349826e+00
-8.584572768863013792e+00
-8.586267471322715394e+00
-8.587950132097775580e+00
-8.589622599549548099e+00
-8.591283022909269818e+00
-8.592933256564274203e+00
-8.594571443651425113e+00
-8.596199444596685169e+00
-8.597815396429185242e+00
-8.599421165626141672e+00
-8.601014883095430719e+00
-8.602598421378301552e+00
-8.604169905247976757e+00
-8.605731213322451723e+00
-8.607280464226709782e+00
-8.608819542668458169e+00
-8.610346561110707952e+00
-8.611863410363815419e+00
-8.613368196715182279e+00
-8.614862817090855884e+00
-8.616345371588833402e+00
-8.617817763263923680e+00
-8.619278086010824680e+00
-8.620728249026402779e+00
-8.622166339988128314e+00
-8.623594274248032931e+00
-8.625010133252470013e+00
-8.626415838522067503e+00
-8.627809465257842092e+00
-8.629192941162456165e+00
-8.630564335177517421e+00
-8.631925581201144837e+00
-8.633274741901338700e+00
-8.634613757385295685e+00
-8.635940684033094783e+00
-8.637257468174565744e+00
-8.638562159887593239e+00
-8.639856711738383765e+00
-8.641139167488125494e+00
-8.642411485953241268e+00
-8.643671704563665514e+00
-8.644921788400008467e+00
-8.646159768546294089e+00
-8.647387616361221774e+00
-8.648603356568337119e+00
-8.649808966818426370e+00
-8.651002465459852075e+00
-8.652185836449628908e+00
-8.653357091745974117e+00
-8.654518221626393171e+00
-8.655667231644123660e+00
-8.656806118411410012e+00
-8.657932881061528363e+00
-8.659049522555783085e+00
-8.660154035592462662e+00
-8.661248429496383849e+00
-8.662330690515691600e+00
-8.663402834353234994e+00
-8.664462840791777865e+00
-8.665512731926886758e+00
-8.666550481060555811e+00
-8.667578116695771939e+00
-8.668593605638410082e+00
-8.669598982813612409e+00
-8.670592208515694566e+00
-8.671575324106791882e+00
-8.672546283354138907e+00
-8.673507134071771318e+00
-8.674455823484182204e+00
-8.675394405872394188e+00
-8.676320821902390179e+00
-8.677237132337353387e+00
-8.678141271268874135e+00
-8.679035305957444990e+00
-8.679917163904541155e+00
-8.680788918883202143e+00
-8.681648491788648059e+00
-8.682497962921898349e+00
-8.683335246555950349e+00
-8.684162429535248862e+00
-8.684977419494336104e+00
-8.685782309836593384e+00
-8.686575001541928742e+00
-8.687357594588332788e+00
-8.688127983284680056e+00
-8.688888274199243256e+00
-8.689636354953478303e+00
-8.690374338721817082e+00
-8.691100106421750127e+00
-8.691815777849694058e+00
-8.692519227202517129e+00
-8.693212580914758902e+00
-8.693893706445964042e+00
-8.694564736884752065e+00
-8.695223532936593003e+00
-8.695872234360411568e+00
-8.696508695090633623e+00
-8.697135061572723203e+00
-8.697749180953206150e+00
-8.698353206380375013e+00
-8.698944978195692457e+00
-8.699526656266888480e+00
-8.700096074113057298e+00
-8.700655398337877600e+00
-8.701202455620913767e+00
-8.701739419318371915e+00
-8.702264109252947577e+00
-8.702778705550045402e+00
-8.703281021157978969e+00
-8.703773242988299685e+00
-8.704253177097328376e+00
-8.704723017199587076e+00
-8.705180562441801939e+00
-8.705628013358539974e+00
-8.706063162169044745e+00
-8.706488216245094947e+00
-8.706900960860622263e+00
-8.707303610241682534e+00
-8.707693942699036072e+00
-8.708074179330337117e+00
-8.708442091464997148e+00
-8.708799907089737502e+00
-8.709145390534436260e+00
-8.709480776692354098e+00
-8.709803822875544554e+00
-8.710116770901391803e+00
-8.710417371045794610e+00
-8.710707872067935398e+00
-8.710986017189032538e+00
-8.711254062127883557e+00
-8.711509743032390674e+00
-8.711755322598907725e+00
-8.711988529883242904e+00
-8.712211634577370134e+00
-8.712422358626231045e+00
-8.712622978735364399e+00
-8.712811209720007000e+00
-8.712989335317496753e+00
-8.713155063194234273e+00
-8.713310684137764994e+00
-8.713453898646436713e+00
-8.713587004576346828e+00
-8.713707695238628759e+00
-8.713818275576464600e+00
-8.713916431694366693e+00
-8.714004475641159431e+00
-8.714080086295226124e+00
-8.714145582829903702e+00
-8.714198636877744875e+00
-8.714241574755346775e+00
-8.714272060829893363e+00
-8.714292428580074912e+00
-8.714300335087838079e+00
-8.714298121013083431e+00
-8.714283436132468808e+00
-8.714258628306360777e+00
-8.714221339986018222e+00
-8.714173926251520541e+00
-8.714114022208594434e+00
-8.714043990176278953e+00
-8.713961457894475515e+00
-8.713868794940761831e+00
-8.713763621668753956e+00
-8.713648314934166805e+00
-8.713520487683682703e+00
-8.713382524070871327e+00
-8.713232029614941254e+00
-8.713071395786968765e+00
-8.712898220657889325e+00
-8.712714903036383518e+00
-8.712519033524060319e+00
-8.712313018287209943e+00
-8.712094440437040177e+00
-8.711865713517717325e+00
-8.711624413128873812e+00
-8.711372960212688810e+00
-8.711108922835945734e+00
-8.710834729359328676e+00
-8.710547940295249703e+00
-8.710250991443318824e+00
-8.709941435740118365e+00
-8.709621716444807760e+00
-8.709289378896361455e+00
-8.708946873834236158e+00
-8.708591738978032737e+00
-8.708226432568290321e+00
-8.707848484683221812e+00
-8.707460361085514577e+00
-8.707059584189849488e+00
-8.706648627302136845e+00
-8.706225005151333463e+00
-8.705791198607757408e+00
-8.705344714692193619e+00
-8.704888041860773029e+00
-8.704418679403573833e+00
-8.703939123384024867e+00
-8.703446865338822391e+00
-8.702944408960176403e+00
-8.702429238008722479e+00
-8.701903863827153529e+00
-8.701365762376957136e+00
-8.700817452673272001e+00
-8.700256402855371718e+00
-8.699685139632681086e+00
-8.699101123299042726e+00
-8.698506888280283178e+00
-8.697899887001447894e+00
-8.697282661626941191e+00
-8.696652656689488836e+00
-8.696012422114408835e+00
-8.695359394518359153e+00
-8.694696131610099243e+00
-8.694020062066440957e+00
-8.693333751402096965e+00
-8.692634620330020212e+00
-8.691925242193635270e+00
-8.691203029717954109e+00
-8.690470564097875439e+00
-8.689725250046199889e+00
-8.688969676632327221e+00
-8.688201240532341885e+00
-8.687422538713263975e+00
-8.686630959789814810e+00
-8.685829108649985031e+00
-8.685014365822365079e+00
-8.684189344139170430e+00
-8.683351416018002311e+00
-8.682503202258745389e+00
-8.681642067143011232e+00
-8.680770639462066285e+00
-8.679886275336141210e+00
-8.678991611571643006e+00
-8.678083996102090580e+00
-8.677166073772887955e+00
-8.676235184305312487e+00
-8.675293980607788669e+00
-8.674339794163540063e+00
-8.673375285968283777e+00
-8.672397779241256544e+00
-8.671409943089770422e+00
-8.670409092442932675e+00
-8.669397904544148048e+00
-8.668373686006161094e+00
-8.667339122232995408e+00
-8.666291511494637945e+00
-8.665233547380438495e+00
-8.664162519791061001e+00
-8.663081130526022022e+00
-8.661986661089821737e+00
-8.660881821517214973e+00
-8.659763884889512653e+00
-8.658635569501912599e+00
-8.657494139985384862e+00
-8.656342322920753674e+00
-8.655177374461406004e+00
-8.654002029499247683e+00
-8.652813535682502888e+00
-8.651614636239736811e+00
-8.650402570286242820e+00
-8.649180089413045280e+00
-8.647944424174616174e+00
-8.646698334550299236e+00
-8.645439042505563165e+00
-8.644169316434046735e+00
-8.642886369684088521e+00
-8.641592979089688598e+00
-8.640286349353534234e+00
-8.638969265776333728e+00
-8.637638924386402905e+00
-8.636298118977585148e+00
-8.634944036874983908e+00
-8.633579480392185701e+00
-8.632201628121899617e+00
-8.630813290924248093e+00
-8.629411638630230641e+00
-8.627999490673404992e+00
-8.626574008093614410e+00
-8.625138018924767280e+00
-8.623688675385848157e+00
-8.622228814138379605e+00
-8.620755578550546971e+00
-8.619271813938787830e+00
-8.617774654790249400e+00
-8.616266955103924374e+00
-8.614745840455599435e+00
-8.613214173554267106e+00
-8.611669071033841050e+00
-8.610113404341122489e+00
-8.608544281137364251e+00
-8.606964581635141442e+00
-8.605371404491902965e+00
-8.603767638714138855e+00
-8.602150373924333238e+00
-8.600522507951042783e+00
-8.598881121350236967e+00
-8.597229120801044289e+00
-8.595563577761232921e+00
-8.593887407788960431e+00
-8.592197673211851239e+00
-8.590497298495842315e+00
-8.588783336806169899e+00
-8.587058721545467677e+00
-8.585320496684156311e+00
-8.583571604590485293e+00
-8.581809080007493762e+00
-8.580035874298236109e+00
-8.578249012945374119e+00
-8.576451456336151580e+00
-8.574640220659658141e+00
-8.572818275356803852e+00
-8.570982627289774669e+00
-8.569136254982684164e+00
-8.567276155937202375e+00
-8.565405317790522943e+00
-8.563520728649773872e+00
-8.561625385295249302e+00
-8.559716266405358098e+00
-8.557796377933618359e+00
-8.555862689095304674e+00
-8.553918215047364271e+00
-8.551959915507307386e+00
-8.549990814866053057e+00
-8.548007863308253462e+00
-8.546014094489423840e+00
-8.544006449026220196e+00
-8.541987969869493824e+00
-8.539955588032329459e+00
-8.537912355791970498e+00
-8.535855194522168787e+00
-8.533787165857631862e+00
-8.531705181496718637e+00
-8.529612312462939272e+00
-8.527505460742890619e+00
-8.525387706780353625e+00
-8.523255942813662500e+00
-8.521113258738370888e+00
-8.518956537007698060e+00
-8.516788877000852409e+00
-8.514607151348725367e+00
-8.512414468946193580e+00
-8.510207692564314641e+00
-8.507989940645845905e+00
-8.505758066064272427e+00
-8.503515196842567292e+00
-8.501258175918611215e+00
-8.498990140928160741e+00
-8.496707924835135373e+00
-8.494414674920799158e+00
-8.492107214136543902e+00
-8.489788699442000208e+00
-8.487455943737101549e+00
-8.485112113693020319e+00
-8.482754012119009701e+00
-8.480384815430994649e+00
-8.478001316308144908e+00
-8.475606700944650740e+00
-8.473197751849694370e+00
-8.470777665029475045e+00
-8.468343212783082663e+00
-8.465897600962614789e+00
-8.463437591616653322e+00
-8.460966400477353488e+00
-8.458480779302160357e+00
-8.455983953737447933e+00
-8.453472665208444425e+00
-8.450950149310457959e+00
-8.448413137095188929e+00
-8.445864874141555845e+00
-8.443302081086107691e+00
-8.440728013526372919e+00
-8.438139381641880377e+00
-8.435539451083910123e+00
-8.432924921532709561e+00
-8.430299068728828615e+00
-8.427658581810726801e+00
-8.425006746643841637e+00
-8.422340241782013237e+00
-8.419662363251502413e+00
-8.416969778978396377e+00
-8.414265795185945862e+00
-8.411547069129074572e+00
-8.408816917264454460e+00
-8.406071986132074514e+00
-8.403315602458656386e+00
-8.400544402025289514e+00
-8.397761721865757423e+00
-8.394964186957814434e+00
-8.392155144679591672e+00
-8.389331209160880931e+00
-8.386495738161524827e+00
-8.383645334918583103e+00
-8.380783367611396528e+00
-8.377906428539015238e+00
-8.375017896338354362e+00
-8.372114352324951270e+00
-8.369199185631762461e+00
-8.366268966544945229e+00
-8.363327094732184719e+00
-8.360370129404214978e+00
-8.357401480802398197e+00
-8.354417697015691147e+00
-8.351422198898548643e+00
-8.348411523371476406e+00
-8.345389101941631083e+00
-8.342351460314157308e+00
-8.339302040688995277e+00
-8.336237357508734291e+00
-8.333160863706341459e+00
-8.330069062414464653e+00
-8.326965417339884823e+00
-8.323846420257495993e+00
-8.320715545689017389e+00
-8.317569274003586699e+00
-8.314411090579366004e+00
-8.311237464331476588e+00
-8.308051891536358369e+00
-8.304850829606644780e+00
-8.301637785759311328e+00
-8.298409205855799442e+00
-8.295168608096314955e+00
-8.291912426741992803e+00
-8.288644191019480800e+00
-8.285360323540324146e+00
-8.282064364601151141e+00
-8.278752725114543409e+00
-8.275428956491030164e+00
-8.272089457894477249e+00
-8.268737791893844502e+00
-8.265370345854302414e+00
-8.261990693548190379e+00
-8.258595210491872507e+00
-8.255187481706455443e+00
-8.251763870809059043e+00
-8.248327974115495564e+00
-8.244876143293165427e+00
-8.241411985998933432e+00
-8.237931841899611030e+00
-8.234439330040158822e+00
-8.230930778035858708e+00
-8.227409816367138973e+00
-8.223872760546568017e+00
-8.220323252538150882e+00
-8.216757595700379113e+00
-8.213179443529348589e+00
-8.209585087177938334e+00
-8.205978191723540149e+00
-8.202355036061696580e+00
-8.198719296900765841e+00
-8.195067240827142996e+00
-8.191402556230521270e+00
-8.187721497335971321e+00
-8.184027764265559668e+00
-8.180317598830889381e+00
-8.176594712937831133e+00
-8.172855335932267096e+00
-8.169103191556073895e+00
-8.165334496636853956e+00
-8.161552986805466148e+00
-8.157754866318558840e+00
-8.153943882749404182e+00
-8.150116227730944019e+00
-8.146275660833222076e+00
-8.142418361012509820e+00
-8.138548099890444476e+00
-8.134661043693643734e+00
-8.130760976150938291e+00
-8.126844050706193201e+00
-8.122914063251748473e+00
-8.118967154395429375e+00
-8.115007132250145361e+00
-8.111030124534339691e+00
-8.107039951639288589e+00
-8.103032728340508584e+00
-8.099012287366287310e+00
-8.094974730495689386e+00
-8.090923902853246474e+00
-8.086855893167946618e+00
-8.082774559020622362e+00
-8.078675976036414852e+00
-8.074564014313486027e+00
-8.070434736319199942e+00
-8.066292024730705279e+00
-8.062131928803696113e+00
-8.057958343856853389e+00
-8.053767305880189298e+00
-8.049562722897258382e+00
-8.045340617578197850e+00
-8.041104910715722198e+00
-8.036851611605911216e+00
-8.032584653875625591e+00
-8.028300033392648416e+00
-8.024001696683926710e+00
-8.019685626134531731e+00
-8.015355781238246990e+00
-8.011008130843114472e+00
-8.006646647477424494e+00
-8.002267286397577450e+00
-7.997874033234890767e+00
-7.993462829599586428e+00
-7.989037674295574654e+00
-7.984594495232058442e+00
-7.980137304455918290e+00
-7.975662016120685927e+00
-7.971172655587404066e+00
-7.966665123199049958e+00
-7.962143457703104055e+00
-7.957603545577009996e+00
-7.953049439027886081e+00
-7.948477010612558402e+00
-7.943890326071773700e+00
-7.939285243986703655e+00
-7.934665843706760313e+00
-7.930027969782107888e+00
-7.925375715246924635e+00
-7.920704910564984935e+00
-7.916019662532063350e+00
-7.911315787470117655e+00
-7.906597406014451046e+00
-7.901860320289663342e+00
-7.897108664849360693e+00
-7.892338227564966502e+00
-7.887553156988379222e+00
-7.882749226681952770e+00
-7.877930599276576906e+00
-7.873093033969584376e+00
-7.868240707552693003e+00
-7.863369364801920725e+00
-7.858483196752589883e+00
-7.853577933703101976e+00
-7.848657781016144419e+00
-7.843718454455890665e+00
-7.838764173797118318e+00
-7.833790640213126544e+00
-7.828802087976415969e+00
-7.823794203612439269e+00
-7.818771235978124068e+00
-7.813728856894011976e+00
-7.808671329889026680e+00
-7.803594312021413515e+00
-7.798502081580815926e+00
-7.793390280805467363e+00
-7.788263202835306487e+00
-7.783116475030666059e+00
-7.777954405472447874e+00
-7.772772606584911870e+00
-7.767575401481410680e+00
-7.762358387591683062e+00
-7.757125903154055813e+00
-7.751873530544921564e+00
-7.746605623221090475e+00
-7.741317748446500779e+00
-7.736014274990975714e+00
-7.730690754946382803e+00
-7.725351572490931851e+00
-7.719992264484771383e+00
-7.714617230610716803e+00
-7.709221992436892990e+00
-7.703810965248159448e+00
-7.698379655259924625e+00
-7.692932493457251830e+00
-7.687464970641810780e+00
-7.681981533598027490e+00
-7.676477657652168496e+00
-7.670957805488280101e+00
-7.665417436895198833e+00
-7.659861030557431505e+00
-7.654284030663939475e+00
-7.648690932001620091e+00
-7.643077163096451798e+00
-7.637447234940600183e+00
-7.631796560333360624e+00
-7.626129666575890198e+00
-7.620441950676676512e+00
-7.614737956350427162e+00
-7.609013064749961863e+00
-7.603271836108957515e+00
-7.597509635659251970e+00
-7.591731040259847241e+00
-7.585931399155344756e+00
-7.580115305937376924e+00
-7.574278093796510625e+00
-7.568424373164971186e+00
-7.562549461111895965e+00
-7.556657985018965462e+00
-7.550745245765508429e+00
-7.544815887792484688e+00
-7.538865195720442891e+00
-7.532897831160022761e+00
-7.526909062403232653e+00
-7.520903568341713807e+00
-7.514876600868276135e+00
-7.508832856267781075e+00
-7.502767569962269789e+00
-7.496685455742639448e+00
-7.490581732487936684e+00
-7.484461131608706630e+00
-7.478318855367634299e+00
-7.472159652909517114e+00
-7.465978709806355695e+00
-7.459780793052387615e+00
-7.453561071453640885e+00
-7.447324329969841727e+00
-7.441065720564860264e+00
-7.434790046280508768e+00
-7.428492442161247489e+00
-7.422177729448380390e+00
-7.415841026188643603e+00
-7.409487171941035122e+00
-7.403111267674951534e+00
-7.396718171386040375e+00
-7.390302966885853309e+00
-7.383870530726139414e+00
-7.377415929478843282e+00
-7.370944058372139729e+00
-7.364449966655453039e+00
-7.357938568354297715e+00
-7.351404895311288712e+00
-7.344853880471013952e+00
-7.338280538183893142e+00
-7.331689820435811633e+00
-7.325076723998301453e+00
-7.318446220021553650e+00
-7.311793287610127479e+00
-7.305122917202130139e+00
-7.298430070145747628e+00
-7.291719756291367815e+00
-7.284986919140103545e+00
-7.278236588079391112e+00
-7.271463688671126135e+00
-7.264673269965443048e+00
-7.257860239491310317e+00
-7.251029666087892345e+00
-7.244176439156128744e+00
-7.237305647451030666e+00
-7.230412162148937227e+00
-7.223501092048219441e+00
-7.216567290002498858e+00
-7.209615884981608325e+00
-7.202641711416847947e+00
-7.195649918578235216e+00
-7.188635322373485792e+00
-7.181603092502236052e+00
-7.174548026245713750e+00
-7.167475313863297615e+00
-7.160379733905106292e+00
-7.153266497320899475e+00
-7.146130363823641751e+00
-7.138976565184738554e+00
-7.131799842172068082e+00
-7.124605447510690581e+00
-7.117388102913707826e+00
-7.110153082192510077e+00
-7.102895087894077975e+00
-7.095619415049260859e+00
-7.088320746925880655e+00
-7.081004399908197300e+00
-7.073665037869756311e+00
-7.066307998682892055e+00
-7.058927926710185652e+00
-7.051530181447145829e+00
-7.044109387626751762e+00
-7.036670926503704848e+00
-7.029209403060814765e+00
-7.021730220448587190e+00
-7.014227963777211805e+00
-7.006708058230319836e+00
-6.999165068921175958e+00
-6.991604443204422203e+00
-6.984020726070196972e+00
-6.976419387183018905e+00
-6.968794951281398475e+00
-6.961152910479174061e+00
-6.953487769133099405e+00
-6.945805041946563563e+00
-6.938099212762156576e+00
-6.930375819013883110e+00
-6.922629323895805875e+00
-6.914865287714258457e+00
-6.907078152878396438e+00
-6.899273502709493577e+00
-6.891445758693314438e+00
-6.883600527309356565e+00
-6.875732208979433935e+00
-6.867846433485580881e+00
-6.859937580042804406e+00
-6.852011301880810201e+00
-6.844061956862883100e+00
-6.836095221812385603e+00
-6.828105433093914378e+00
-6.820098291271213142e+00
-6.812068111060993303e+00
-6.804020616915225084e+00
-6.795950101751216721e+00
-6.787862314057981017e+00
-6.779751524799658036e+00
-6.771623506652045599e+00
-6.763472508470277589e+00
-6.755304327267559472e+00
-6.747113189631877894e+00
-6.738904917065655198e+00
-6.730673713729128593e+00
-6.722425425766807017e+00
-6.714154234748412442e+00
-6.705866011614507016e+00
-6.697554915179201984e+00
-6.689226841333977269e+00
-6.680875925970048534e+00
-6.672508090086055610e+00
-6.664117446480323892e+00
-6.655709941416104947e+00
-6.647279664426799073e+00
-6.638832587198795210e+00
-6.630362775825897614e+00
-6.621876227577527807e+00
-6.613366984931029258e+00
-6.604841070899948541e+00
-6.596292504165691462e+00
-6.587727333648485839e+00
-6.579139554051946170e+00
-6.570535240366788265e+00
-6.561908363134563160e+00
-6.553265023581677617e+00
-6.544599167900882364e+00
-6.535916923720938243e+00
-6.527212212696444915e+00
-6.518491189026792476e+00
-6.509747749636590974e+00
-6.500988075465518712e+00
-6.492206038513922195e+00
-6.483407846632990967e+00
-6.474587346701905943e+00
-6.465750773656306016e+00
-6.456891949054746505e+00
-6.448017135091737906e+00
-6.439120127803191984e+00
-6.430207216818822680e+00
-6.421272172447179294e+00
-6.412321311931162171e+00
-6.403348379644661748e+00
-6.394359720623488563e+00
-6.385349053096982530e+00
-6.376322750075511081e+00
-6.367274503431190169e+00
-6.358210714332484415e+00
-6.349125048078951394e+00
-6.340023934182640097e+00
-6.330901011152534785e+00
-6.321762737031647816e+00
-6.312602723317607634e+00
-6.303427456773984972e+00
-6.294230521663498834e+00
-6.285018433661811343e+00
-6.275784749570441967e+00
-6.266536014170898561e+00
-6.257265756574343918e+00
-6.247980550864084215e+00
-6.238673898229026626e+00
-6.229352402252406051e+00
-6.220009535966037006e+00
-6.210651932653697749e+00
-6.201273036952345663e+00
-6.191879512049160539e+00
-6.182464773945683056e+00
-6.173035515937778328e+00
-6.163585125148019372e+00
-6.154120325188724649e+00
-6.144634474057006912e+00
-6.135134325892040330e+00
-6.125613209315801555e+00
-6.116077909207356278e+00
-6.106521724561066122e+00
-6.096951471211363049e+00
-6.087360418269449625e+00
-6.077755412743388597e+00
-6.068129693602560160e+00
-6.058490139249908424e+00
-6.048829958251013217e+00
-6.039156060627618672e+00
-6.029461624276578391e+00
-6.019753591065369669e+00
-6.010025107953907764e+00
-6.000283148885213080e+00
-5.990520829610875175e+00
-5.980745156382360150e+00
-5.970949213468154326e+00
-5.961140039664319268e+00
-5.951310687478223116e+00
-5.941468228489581449e+00
-5.931605683163354570e+00
-5.921730156105427412e+00
-5.911834635453408815e+00
-5.901926259085279902e+00
-5.891997982523100141e+00
-5.882056977165944112e+00
-5.872096165628681419e+00
-5.862122753084269000e+00
-5.852129628944979345e+00
-5.842124032413734902e+00
-5.832098819401541512e+00
-5.822061263401004716e+00
-5.812004186519410531e+00
-5.801934896802540820e+00
-5.791846182247704533e+00
-5.781745385721075436e+00
-5.771625260800180790e+00
-5.761493185442670750e+00
-5.751341878492456594e+00
-5.741178753273731061e+00
-5.730996493579252338e+00
-5.720802548378667751e+00
-5.710589566092162173e+00
-5.700365031617852019e+00
-5.690121557677950470e+00
-5.679866665386255953e+00
-5.669592931437465566e+00
-5.659307913452559013e+00
-5.649004151765200099e+00
-5.638689240799265256e+00
-5.628355684189611630e+00
-5.618011113463197148e+00
-5.607647995214220416e+00
-5.597273998377378490e+00
-5.586881552159780995e+00
-5.576478363213218437e+00
-5.566056823007214938e+00
-5.555624676224392822e+00
-5.545174276241595201e+00
-5.534713406091190002e+00
-5.524234380697528479e+00
-5.513745021766352394e+00
-5.503237605405367994e+00
-5.492719992322076195e+00
-5.482184419438661749e+00
-5.471638786798060039e+00
-5.461075291763178186e+00
-5.450501874051152384e+00
-5.439910691087002981e+00
-5.429309722606047828e+00
-5.418691085711940580e+00
-5.408062800507684287e+00
-5.397416943386820876e+00
-5.386761575174848993e+00
-5.376088731161654088e+00
-5.365406513255492449e+00
-5.354706915243760079e+00
-5.343998080483538082e+00
-5.333271960855319627e+00
-5.322536741536981530e+00
-5.311784332092463146e+00
-5.301022959898151754e+00
-5.290244491786171288e+00
-5.279457197715195171e+00
-5.268652901364602847e+00
-5.257839915665302399e+00
-5.247010020717269185e+00
-5.236171572819884545e+00
-5.225316308061014325e+00
-5.214452626511156375e+00
-5.203572219807544919e+00
-5.192683532200777385e+00
-5.181778210432859133e+00
-5.170864743350095161e+00
-5.159934732348390618e+00
-5.148996711292280537e+00
-5.138042235774048727e+00
-5.127079885106097912e+00
-5.116101168613245598e+00
-5.105114711491921753e+00
-5.094111976329170233e+00
-5.083101634649072942e+00
-5.072075101823647181e+00
-5.061041096155443064e+00
-5.049990985317298176e+00
-5.038933534848716533e+00
-5.027860064231961523e+00
-5.016779386709523614e+00
-5.005682773074658698e+00
-4.994579084746582076e+00
-4.983459543323641050e+00
-4.972333058883520174e+00
-4.961190803316211984e+00
-4.950041735847626967e+00
-4.938876978138382334e+00
-4.927705539060658779e+00
-4.916518489516579216e+00
-4.905324888531119143e+00
-4.894115755710839899e+00
-4.882900200748708563e+00
-4.871669191410366473e+00
-4.860431888580595050e+00
-4.849179207630378130e+00
-4.837920361169197214e+00
-4.826646211611093307e+00
-4.815366023832267750e+00
-4.804070606718548575e+00
-4.792769277964270991e+00
-4.781452792346927438e+00
-4.770130520939937391e+00
-4.758793163823070493e+00
-4.747450146019424722e+00
-4.736092112312282332e+00
-4.724728542255133057e+00
-4.713350024726244314e+00
-4.701966094400336971e+00
-4.690567283632343099e+00
-4.679163182819525701e+00
-4.667744267165034877e+00
-4.656320183400443291e+00
-4.644881348938375787e+00
-4.633437467467522275e+00
-4.621978897960573818e+00
-4.610515401697233173e+00
-4.599037278550062169e+00
-4.587554348034893259e+00
-4.576056850252887109e+00
-4.564554663612914176e+00
-4.553037967762009863e+00
-4.541516700670765516e+00
-4.529980980837743587e+00
-4.518440806476168525e+00
-4.506886234229947163e+00
-4.495327323248066165e+00
-4.483754067601307014e+00
-4.472176588080538195e+00
-4.460584815452413032e+00
-4.448988932868575219e+00
-4.437378807047774210e+00
-4.425764684234736457e+00
-4.414136366343381468e+00
-4.402504163457430231e+00
-4.390857811915493514e+00
-4.379207686400121702e+00
-4.367543456890456532e+00
-4.355875563441983900e+00
-4.344193608875975166e+00
-4.332508099409577262e+00
-4.320808569893263673e+00
-4.309105593509586107e+00
-4.297388636310418342e+00
-4.285668339262659998e+00
-4.273934098776609680e+00
-4.262196624438270298e+00
-4.250445242157508297e+00
-4.238690730990375855e+00
-4.226922345471447962e+00
-4.215150934994131404e+00
-4.203365681826479516e+00
-4.191577506583433532e+00
-4.179775518358243680e+00
-4.167970709889003977e+00
-4.156152116168599697e+00
-4.144330802977528982e+00
-4.132495730264881040e+00
-4.120658037791196548e+00
-4.108806609499917606e+00
-4.096952660087977982e+00
-4.085084996512573952e+00
-4.073214909382412152e+00
-4.061331127668619700e+00
-4.049445018886784098e+00
-4.037545233002300726e+00
-4.025643215452925361e+00
-4.013727536158155473e+00
-4.001809719514107577e+00
-3.989878254333236729e+00
-3.977944745027361506e+00
-3.965997598219399567e+00
-3.954048499416060736e+00
-3.942085771945924133e+00
-3.930121183512367722e+00
-3.918142973022270770e+00
-3.906162991500218062e+00
-3.894169392280593556e+00
-3.882174110857754545e+00
-3.870165213818590022e+00
-3.858154722300091155e+00
-3.846130614942022685e+00
-3.834104999721741791e+00
-3.822065766106906626e+00
-3.810025110138844262e+00
-3.797970830861733482e+00
-3.785915213631004583e+00
-3.773845965789064838e+00
-3.761775463282787779e+00
-3.749691320446853382e+00
-3.737606005124785913e+00
-3.725507037309019331e+00
-3.713406978073960474e+00
-3.701293251705719101e+00
-3.689178513873354603e+00
-3.677050091762521511e+00
-3.664920737031218234e+00
-3.652777678339027112e+00
-3.640633764758910207e+00
-3.628476124966628191e+00
-3.616317706908179108e+00
-3.604145537784849473e+00
-3.591972665907264162e+00
-3.579786015477167460e+00
-3.567598736695773098e+00
-3.555397649205059629e+00
-3.543196006658342778e+00
-3.530980522541166344e+00
-3.518764555556877838e+00
-3.506534711400576931e+00
-3.494304455461319847e+00
-3.482060283970963344e+00
-3.469815770678820410e+00
-3.457557300640848208e+00
-3.445298557681125029e+00
-3.433025813925886460e+00
-3.420752865030043388e+00
-3.408465868393589115e+00
-3.396178733300977193e+00
-3.383877500585587228e+00
-3.371576195004302168e+00
-3.359260738938042223e+00
-3.346945274504466994e+00
-3.334615603699374820e+00
-3.322285987936621332e+00
-3.309942106845700671e+00
-3.297598343120698328e+00
-3.285240251993471361e+00
-3.272882339472739766e+00
-3.260510034309449967e+00
-3.248137967913240498e+00
-3.235751440417427460e+00
-3.223365210772503708e+00
-3.210964448301982799e+00
-3.198564041692851134e+00
-3.186149027208902140e+00
-3.173734425526909320e+00
-3.161305137541809529e+00
-3.148876318232852523e+00
-3.136432730755313703e+00
-3.123989666765305540e+00
-3.111531749243966249e+00
-3.099074408962541050e+00
-3.086602126227182108e+00
-3.074130473428940302e+00
-3.061643785629790671e+00
-3.049157779413492086e+00
-3.036656641957639735e+00
-3.024156236682983945e+00
-3.011640600168684845e+00
-2.999125745390487818e+00
-2.986595555538576807e+00
-2.974066195938268820e+00
-2.961521393521000522e+00
-2.948977468835501714e+00
-2.936417989602104761e+00
-2.923859434549530345e+00
-2.911285209149041986e+00
-2.898711953351423176e+00
-2.886122907252026248e+00
-2.873534875154702739e+00
-2.860930928559555220e+00
-2.848328039347152618e+00
-2.835709107106795468e+00
-2.823091274615534552e+00
-2.810457266136266785e+00
-2.797824398762375875e+00
-2.785175217910760281e+00
-2.772527218515044911e+00
-2.759862763517979101e+00
-2.747199529325747402e+00
-2.734519692666231627e+00
-2.721841115163216696e+00
-2.709145783471164304e+00
-2.696451748294245387e+00
-2.683740802232513101e+00
-2.671031189055719679e+00
-2.658304503200696889e+00
-2.645579185615841933e+00
-2.632836628332505757e+00
-2.620095473724153301e+00
-2.607336907035346041e+00
-2.594579776450095299e+00
-2.581805055899364376e+00
-2.569031803908677247e+00
-2.556240778416813964e+00
-2.543451252973316645e+00
-2.530643764687701580e+00
-2.517837806974693837e+00
-2.505013691111351637e+00
-2.492191135384822953e+00
-2.479350220062781940e+00
-2.466510893485563294e+00
-2.453652999552889735e+00
-2.440796722020648346e+00
-2.427921662871738384e+00
-2.415048246830233669e+00
-2.402155828213871747e+00
-2.389265078466878300e+00
-2.376355098284305800e+00
-2.363446811791841018e+00
-2.350519059884736084e+00
-2.337593025550509296e+00
-2.324647283477538462e+00
-2.311703281925775233e+00
-2.298739322727408219e+00
-2.285777126067394249e+00
-2.272794714018415263e+00
-2.259814085596954847e+00
-2.246812975945379875e+00
-2.233813670085457836e+00
-2.220793608777305916e+00
-2.207775370503015200e+00
-2.194736093891885176e+00
-2.181698658637615029e+00
-2.168639893178345712e+00
-2.155582986482360575e+00
-2.142504448406969519e+00
-2.129427785587274524e+00
-2.116329180562872114e+00
-2.103232466374894472e+00
-2.090113489141666836e+00
-2.076996417416011820e+00
-2.063856751403864820e+00
-2.050719004663112965e+00
-2.037558321586200538e+00
-2.024399570638764079e+00
-2.011217530065193326e+00
-1.998037433575293509e+00
-1.984833682471055738e+00
-1.971631886502167808e+00
-1.958406058746917200e+00
-1.945182196277415621e+00
-1.931933912150112009e+00
-1.918687602558725835e+00
-1.905416468190865409e+00
-1.892147316709607674e+00
-1.878852923503226080e+00
-1.865560520635197728e+00
-1.852242444643283470e+00
-1.838926365542906671e+00
-1.825584166808709163e+00
-1.812243970620717626e+00
-1.798877192473012032e+00
-1.785512421627422519e+00
-1.772120589927769441e+00
-1.758730769386767978e+00
-1.745313391724671481e+00
-1.731898028177634608e+00
-1.718454593009281606e+00
-1.705013174011045241e+00
-1.691543149736528528e+00
-1.678075142784370088e+00
-1.664577976757729560e+00
-1.651082828301110750e+00
-1.637557945767651013e+00
-1.624035080144967669e+00
-1.610481883098172418e+00
-1.596930701393330265e+00
-1.583348567344511792e+00
-1.569768446156331709e+00
-1.556156726808239021e+00
-1.542547016923466074e+00
-1.528905036738441137e+00
-1.515265061699458737e+00
-1.501592116351570194e+00
-1.487921170908062196e+00
-1.474216525607156436e+00
-1.460513874039638615e+00
-1.446776761714018811e+00
-1.433041636015976339e+00
-1.419271255338695692e+00
-1.405502853242235339e+00
-1.391698366483209215e+00
-1.377895849310732501e+00
-1.364056379996245516e+00
-1.350218870319080722e+00
-1.336343500675589935e+00
-1.322470079757196659e+00
-1.308557847914610273e+00
-1.294647552913120725e+00
-1.280697449838746893e+00
-1.266749270740104905e+00
-1.252760236869800980e+00
-1.238773113117962676e+00
-1.224744034646308322e+00
-1.210716851432660723e+00
-1.196646556218237789e+00
-1.182578140385796006e+00
-1.168465393420061060e+00
-1.154354508931219714e+00
-1.140198007311379991e+00
-1.126043350219932959e+00
-1.111841717556205422e+00
-1.097641910413018618e+00
-1.083393690588510427e+00
-1.069147276200158370e+00
-1.054850926386441845e+00
-1.040556360829536731e+00
-1.026210243644278819e+00
-1.011865888421292770e+00
-9.974682630913899173e-01
-9.830723762921603770e-01
-9.686213886599381873e-01
-9.541721149659785350e-01
-9.396657861425333769e-01
-9.251611454781332178e-01
-9.105973589064438878e-01
-8.960352334998487045e-01
-8.814117201394507939e-01
-8.667898397047627546e-01
-8.521041609836232933e-01
-8.374200856697764372e-01
-8.226696137658667807e-01
-8.079207144353486303e-01
-7.931026093436683855e-01
-7.782860446358930151e-01
-7.633972273376599116e-01
-7.485099168342909115e-01
-7.335470377027041300e-01
-7.185856303289042124e-01
-7.035450316643291346e-01
-6.885058682190789980e-01
-6.733835394833100896e-01
-6.582626078676836467e-01
-6.430541317457967310e-01
-6.278470130184360398e-01
-6.125474998310730390e-01
-5.972493026127358995e-01
-5.818533097520203201e-01
-5.664585896525079489e-01
-5.509600215051183580e-01
-5.354626810360149092e-01
-5.198546631020697362e-01
-5.042478257831207733e-01
-4.885225440959968801e-01
-4.727983938598733782e-01
-4.569468868597537092e-01
-4.410964599076604986e-01
-4.251083437561738454e-01
-4.091212538499581775e-01
-3.929843522546210277e-01
-3.768484205133241782e-01
-3.605482536009191885e-01
-3.442489973384725288e-01
-3.277680554067455287e-01
-3.112879618373295965e-01
-2.946046374644227250e-01
-2.779220957498582112e-01
-2.610090465313918418e-01
-2.440967104326666748e-01
-2.269182144189243466e-01
-2.097403576102922496e-01
-1.922477458004119844e-01
-1.747556941781799877e-01
-1.568787236256545259e-01
-1.390022281130825488e-01
-1.206305968369799086e-01
-1.022593477585041627e-01
-8.319463586705025393e-02
-6.413020295564592077e-02
-4.390966338693133575e-02
-2.368928345525981791e-02
-1.716842715979797008e-15
