5.000000000000067502e+00
4.950196159279560248e+00
4.807139832946402791e+00
4.587826939882669208e+00
4.314914169555920331e+00
4.011409880174504394e+00
3.696993548907498095e+00
3.386446959390330136e+00
3.089666119549425716e+00
2.812480721069403611e+00
2.557698885081915563e+00
2.326065992097995583e+00
2.117023216738766145e+00
1.929256727058536569e+00
1.761071167939783244e+00
1.610630680264641734e+00
1.476106372117313992e+00
1.355760690421612180e+00
1.247990792278577121e+00
1.151346213796954343e+00
1.064531074610975070e+00
9.863974856573994865e-01
9.159343933829308115e-01
8.522544748027605088e-01
7.945806428654612619e-01
7.422330455859048604e-01
6.946170130489691674e-01
6.512121292795152172e-01
6.115624217768477200e-01
5.752675537991513988e-01
5.419748902566140503e-01
5.113723907056019202e-01
4.831824074230692823e-01
4.571565377451272116e-01
4.330716339421904482e-01
4.107269279077650492e-01
3.899420610751965222e-01
3.705557034028145180e-01
3.524244353563019128e-01
3.354216388131966986e-01
3.194362539102919563e-01
3.043713660589896786e-01
2.901426640089072029e-01
2.766768483476598206e-01
2.639100760100591692e-01
2.517865118334409735e-01
2.402570344814372871e-01
2.292781196886352346e-01
2.188109036102611205e-01
2.088204149228505002e-01
1.992749560794053187e-01
1.901456106515238831e-01
1.814058535769521585e-01
1.730312430626192999e-01
1.649991758442550804e-01
1.572886907567880299e-01
1.498803086869990309e-01
1.427558997263126683e-01
1.358985706291448436e-01
1.292925675070524250e-01
1.229231900962460544e-01
1.167767149906162871e-01
1.108403260033353765e-01
1.051020503707986165e-01
9.955069989778488060e-02
9.417581640665387277e-02
8.896762103032446189e-02
8.391696700552975230e-02
7.901529569775235518e-02
7.425459563696892862e-02
6.962736437317208760e-02
6.512657297923926669e-02
6.074563304091847027e-02
5.647836598186688206e-02
5.231897457815817137e-02
4.826201652240428436e-02
4.430237990271152643e-02
4.043526046769309323e-02
3.665614055415861855e-02
3.296076956026524479e-02
2.934514585317898883e-02
2.580550000645612241e-02
2.233827926878534376e-02
1.894013317195231833e-02
1.560790019202067808e-02
1.233859538365503217e-02
9.129398913226838275e-03
5.977645421723867813e-03
2.880814153728109006e-03
-1.634802065653834235e-04
-3.157496046661004141e-03
-6.103372734601902883e-03
-9.003137971559202479e-03
-1.185871463076405841e-02
-1.467192712198418791e-02
-1.744450731756334166e-02
-2.017810007323087018e-02
-2.287426837422647241e-02
-2.553449813475345415e-02
-2.816020267664436777e-02
-3.075272691097376276e-02
-3.331335124449759377e-02
-3.584329523107881305e-02
-3.834372098657996830e-02
-4.081573638437172025e-02
-4.326039804713707748e-02
-4.567871414951526349e-02
-4.807164704493258750e-02
-5.044011572901780510e-02
-5.278499815090813285e-02
-5.510713338310451598e-02
-5.740732365942287363e-02
-5.968633629023198384e-02
-6.194490546311910706e-02
-6.418373393677972993e-02
-6.640349463521778850e-02
-6.860483214889341597e-02
-7.078836414886022221e-02
-7.295468271967173179e-02
-7.510435561621810197e-02
-7.723792744944822652e-02
-7.935592080549691563e-02
-8.145883730242844956e-02
-8.354715858851598231e-02
-8.562134728572780296e-02
-8.768184788179245182e-02
-8.972908757401881763e-02
-9.176347706782513047e-02
-9.378541133268064600e-02
-9.579527031811307936e-02
-9.779341963203336263e-02
-9.978021118379239163e-02
-1.017559837938335487e-01
-1.037210637721246442e-01
-1.056757654669938928e-01
-1.076203917861811021e-01
-1.095552346916762315e-01
-1.114805756698200312e-01
-1.133966861780764113e-01
-1.153038280698032575e-01
-1.172022539982113670e-01
-1.190922078006958762e-01
-1.209739248646160559e-01
-1.228476324755072985e-01
-1.247135501487415116e-01
-1.265718899454605362e-01
-1.284228567736508675e-01
-1.302666486751933583e-01
-1.321034570995513191e-01
-1.339334671648594044e-01
-1.357568579070629611e-01
-1.375738025176858059e-01
-1.393844685708705844e-01
-1.411890182402124883e-01
-1.429876085059016977e-01
-1.447803913526681530e-01
-1.465675139590197351e-01
-1.483491188781476955e-01
-1.501253442109760639e-01
-1.518963237717249615e-01
-1.536621872463214689e-01
-1.554230603440550085e-01
-1.571790649427723396e-01
-1.589303192279343802e-01
-1.606769378258627312e-01
-1.624190319313468522e-01
-1.641567094300274143e-01
-1.658900750156926118e-01
-1.676192303027522201e-01
-1.693442739341407821e-01
-1.710653016848323327e-01
-1.727824065611763271e-01
-1.744956788962427618e-01
-1.762052064414032504e-01
-1.779110744541999578e-01
-1.796133657828458685e-01
-1.813121609473232754e-01
-1.830075382173691478e-01
-1.846995736874197658e-01
-1.863883413486725205e-01
-1.880739131583445134e-01
-1.897563591063563537e-01
-1.914357472794059323e-01
-1.931121439226823333e-01
-1.947856134992355381e-01
-1.964562187471235732e-01
-1.981240207344562299e-01
-1.997890789123678845e-01
-2.014514511660921436e-01
-2.031111938641140813e-01
-2.047683619055745141e-01
-2.064230087659300050e-01
-2.080751865409915247e-01
-2.097249459893579526e-01
-2.113723365733592707e-01
-2.130174064985241589e-01
-2.146602027516793521e-01
-2.163007711376916942e-01
-2.179391563149319921e-01
-2.195754018294970855e-01
-2.212095501482584381e-01
-2.228416426907829095e-01
-2.244717198601099417e-01
-2.260998210725408963e-01
-2.277259847863764564e-01
-2.293502485297050919e-01
-2.309726489272240779e-01
-2.325932217262091373e-01
-2.342120018215850252e-01
-2.358290232801709685e-01
-2.374443193641360694e-01
-2.390579225536792751e-01
-2.406698645689540894e-01
-2.422801763913077222e-01
-2.438888882838073369e-01
-2.454960298111134587e-01
-2.471016298587225823e-01
-2.487057166515696527e-01
-2.503083177720840102e-01
-2.519094601776237230e-01
-2.535091702173816741e-01
-2.551074736487903838e-01
-2.567043956533471283e-01
-2.582999608520112900e-01
-2.598941933200966670e-01
-2.614871166016965454e-01
-2.630787537236791707e-01
-2.646691272092590586e-01
-2.662582590911401481e-01
-2.678461709242815347e-01
-2.694328837982469249e-01
-2.710184183492090892e-01
-2.726027947715989330e-01
-2.741860328293817539e-01
-2.757681518670169751e-01
-2.773491708200916395e-01
-2.789291082256376009e-01
-2.805079822321529526e-01
-2.820858106093183659e-01
-2.836626107574494737e-01
-2.852383997166615393e-01
-2.868131941757626202e-01
-2.883870104809254653e-01
-2.899598646440698646e-01
-2.915317723510322256e-01
-2.931027489695008370e-01
-2.946728095567116568e-01
-2.962419688669493678e-01
-2.978102413588251673e-01
-2.993776412023533284e-01
-3.009441822858225923e-01
-3.025098782225041361e-01
-3.040747423571493746e-01
-3.056387877723049096e-01
-3.072020272944867569e-01
-3.087644735001481844e-01
-3.103261387215181522e-01
-3.118870350522548462e-01
-3.134471743529698706e-01
-3.150065682565805769e-01
-3.165652281735444329e-01
-3.181231652969380708e-01
-3.196803906073936719e-01
-3.212369148779474215e-01
-3.227927486786816846e-01
-3.243479023813330420e-01
-3.259023861637235231e-01
-3.274562100140983589e-01
-3.290093837353330608e-01
-3.305619169490575104e-01
-3.321138190996541506e-01
-3.336650994581583096e-01
-3.352157671260656002e-01
-3.367658310390258536e-01
-3.383152999704768238e-01
-3.398641825351318424e-01
-3.414124871924402727e-01
-3.429602222499105735e-01
-3.445073958663844027e-01
-3.460540160552094124e-01
-3.476000906873497609e-01
-3.491456274943940397e-01
-3.506906340715115200e-01
-3.522351178803490579e-01
-3.537790862517919965e-01
-3.553225463887449975e-01
-3.568655053687913581e-01
-3.584079701467796641e-01
-3.599499475573949003e-01
-3.614914443176215353e-01
-3.630324670291700251e-01
-3.645730221808606841e-01
-3.661131161508898724e-01
-3.676527552091251594e-01
-3.691919455192861910e-01
-3.707306931410956352e-01
-3.722690040323702321e-01
-3.738068840510839208e-01
-3.753443389573503097e-01
-3.768813744153973744e-01
-3.784179959954555028e-01
-3.799542091756349937e-01
-3.814900193437424369e-01
-3.830254317990650637e-01
-3.845604517541050260e-01
-3.860950843362725982e-01
-3.876293345895641118e-01
-3.891632074761702809e-01
-3.906967078780635427e-01
-3.922298405985551462e-01
-3.937626103638050545e-01
-3.952950218243096447e-01
-3.968270795563381137e-01
-3.983587880633591150e-01
-3.998901517774294256e-01
-4.014211750605353735e-01
-4.029518622059216626e-01
-4.044822174393979397e-01
-4.060122449205875172e-01
-4.075419487441836464e-01
-4.090713329411381216e-01
-4.106004014798858570e-01
-4.121291582674642129e-01
-4.136576071506690155e-01
-4.151857519171715527e-01
-4.167135962965847762e-01
-4.182411439615505988e-01
-4.197683985287605224e-01
-4.212953635599836488e-01
-4.228220425630707102e-01
-4.243484389929191303e-01
-4.258745562524321460e-01
-4.274003976934618865e-01
-4.289259666177094865e-01
-4.304512662776460719e-01
-4.319762998773660767e-01
-4.335010705734579362e-01
-4.350255814758579032e-01
-4.365498356486562925e-01
-4.380738361109102752e-01
-4.395975858374517320e-01
-4.411210877596367097e-01
-4.426443447661235209e-01
-4.441673597036095433e-01
-4.456901353775632457e-01
-4.472126745529309555e-01
-4.487349799548528417e-01
-4.502570542693370426e-01
-4.517789001439267427e-01
-4.533005201883628654e-01
-4.548219169752461544e-01
-4.563430930406494057e-01
-4.578640508847326984e-01
-4.593847929723784973e-01
-4.609053217337729103e-01
-4.624256395649748996e-01
-4.639457488285128051e-01
-4.654656518539344590e-01
-4.669853509383605217e-01
-4.685048483470197200e-01
-4.700241463137983522e-01
-4.715432470417151301e-01
-4.730621527034855611e-01
-4.745808654419805261e-01
-4.760993873707396462e-01
-4.776177205744363552e-01
-4.791358671093548516e-01
-4.806538290038603334e-01
-4.821716082588444752e-01
-4.836892068481690732e-01
-4.852066267191045279e-01
-4.867238697927621649e-01
-4.882409379645205605e-01
-4.897578331044116218e-01
-4.912745570575638987e-01
-4.927911116445652384e-01
-4.943074986618684608e-01
-4.958237198821941472e-01
-4.973397770548509400e-01
-4.988556719061684741e-01
-5.003714061398146784e-01
-5.018869814371746951e-01
-5.034023994576851679e-01
-5.049176618391867377e-01
-5.064327701982598295e-01
-5.079477261305502811e-01
-5.094625312110874216e-01
-5.109771869946267975e-01
-5.124916950159313922e-01
-5.140060567901055810e-01
-5.155202738128854545e-01
-5.170343475609214812e-01
-5.185482794921008054e-01
-5.200620710458044860e-01
-5.215757236431982635e-01
-5.230892386875197753e-01
-5.246026175643283551e-01
-5.261158616417901390e-01
-5.276289722709240904e-01
-5.291419507858687865e-01
-5.306547985041371041e-01
-5.321675167268533624e-01
-5.336801067390044562e-01
-5.351925698096833273e-01
-5.367049071923106762e-01
-5.382171201248814318e-01
-5.397292098301883501e-01
-5.412411775160290706e-01
-5.427530243754595807e-01
-5.442647515869741826e-01
-5.457763603147348652e-01
-5.472878517087886863e-01
-5.487992269052518468e-01
-5.503104870265327353e-01
-5.518216331815112285e-01
-5.533326664657453042e-01
-5.548435879616604449e-01
-5.563543987387361556e-01
-5.578650998536900385e-01
-5.593756923506681966e-01
-5.608861772614108787e-01
-5.623965556054446591e-01
-5.639068283902407552e-01
-5.654169966113901102e-01
-5.669270612527825826e-01
-5.684370232867542727e-01
-5.699468836742609401e-01
-5.714566433650274391e-01
-5.729663032977218018e-01
-5.744758644000896863e-01
-5.759853275891275715e-01
-5.774946937712042150e-01
-5.790039638422374013e-01
-5.805131386878183974e-01
-5.820222191833605008e-01
-5.835312061942412587e-01
-5.850401005759388040e-01
-5.865489031741603076e-01
-5.880576148249967439e-01
-5.895662363550231433e-01
-5.910747685814496943e-01
-5.925832123122452000e-01
-5.940915683462645314e-01
-5.955998374733539880e-01
-5.971080204745004005e-01
-5.986161181219243899e-01
-6.001241311792202549e-01
-6.016320604014547824e-01
-6.031399065352821554e-01
-6.046476703190752922e-01
-6.061553524830073370e-01
-6.076629537491853306e-01
-6.091704748317428031e-01
-6.106779164369451340e-01
-6.121852792633051266e-01
-6.136925640016673844e-01
-6.151997713353299924e-01
-6.167069019401201224e-01
-6.182139564845122726e-01
-6.197209356297118665e-01
-6.212278400297517322e-01
-6.227346703315912446e-01
-6.242414271751969279e-01
-6.257481111936501472e-01
-6.272547230132130558e-01
-6.287612632534321788e-01
-6.302677325272285636e-01
-6.317741314409666131e-01
-6.332804605945449028e-01
-6.347867205814937686e-01
-6.362929119890274876e-01
-6.377990353981418670e-01
-6.393050913837081684e-01
-6.408110805145117439e-01
-6.423170033533611711e-01
-6.438228604571550884e-01
-6.453286523769546923e-01
-6.468343796580415805e-01
-6.483400428400317717e-01
-6.498456424569013512e-01
-6.513511790370820620e-01
-6.528566531035225884e-01
-6.543620651737515059e-01
-6.558674157599672094e-01
-6.573727053690759936e-01
-6.588779345027648837e-01
-6.603831036575831259e-01
-6.618882133249828215e-01
-6.633932639913945328e-01
-6.648982561382816847e-01
-6.664031902422072884e-01
-6.679080667748921174e-01
-6.694128862032723282e-01
-6.709176489895505302e-01
-6.724223555912740569e-01
-6.739270064613636091e-01
-6.754316020481940797e-01
-6.769361427956357424e-01
-6.784406291431037683e-01
-6.799450615256267261e-01
-6.814494403738922124e-01
-6.829537661142902616e-01
-6.844580391689791821e-01
-6.859622599559229705e-01
-6.874664288889550390e-01
-6.889705463778119654e-01
-6.904746128281945561e-01
-6.919786286418041499e-01
-6.934825942164004609e-01
-6.949865099458431006e-01
-6.964903762201359871e-01
-6.979941934254766389e-01
-6.994979619442919239e-01
-7.010016821552911281e-01
-7.025053544335194688e-01
-7.040089791503622019e-01
-7.055125566736325515e-01
-7.070160873675869206e-01
-7.085195715929722970e-01
-7.100230097070667767e-01
-7.115264020637127595e-01
-7.130297490133777893e-01
-7.145330509031674326e-01
-7.160363080768715749e-01
-7.175395208750161569e-01
-7.190426896348877106e-01
-7.205458146905578953e-01
-7.220488963729593257e-01
-7.235519350098759128e-01
-7.250549309260070352e-01
-7.265578844429954053e-01
-7.280607958794488299e-01
-7.295636655510079338e-01
-7.310664937703379440e-01
-7.325692808471895301e-01
-7.340720270884213416e-01
-7.355747327980356465e-01
-7.370773982772093058e-01
-7.385800238243253046e-01
-7.400826097349958443e-01
-7.415851563021216286e-01
-7.430876638158744329e-01
-7.445901325637660495e-01
-7.460925628306706026e-01
-7.475949548988399807e-01
-7.490973090479433605e-01
-7.505996255550964058e-01
-7.521019046948780318e-01
-7.536041467393721494e-01
-7.551063519581913130e-01
-7.566085206184930412e-01
-7.581106529850194509e-01
-7.596127493201200176e-01
-7.611148098837724474e-01
-7.626168349336116536e-01
-7.641188247249580678e-01
-7.656207795108391778e-01
-7.671226995420159511e-01
-7.686245850669988222e-01
-7.701264363320878825e-01
-7.716282535813840937e-01
-7.731300370568171543e-01
-7.746317869981649284e-01
-7.761335036430772050e-01
-7.776351872271120014e-01
-7.791368379837311231e-01
-7.806384561443482362e-01
-7.821400419383337521e-01
-7.836415955930458033e-01
-7.851431173338422331e-01
-7.866446073841130149e-01
-7.881460659652935741e-01
-7.896474932968802207e-01
-7.911488895964654544e-01
-7.926502550797469571e-01
-7.941515899605487983e-01
-7.956528944508338697e-01
-7.971541687607481830e-01
-7.986554130986079914e-01
-8.001566276709461967e-01
-8.016578126824988049e-01
-8.031589683362586607e-01
-8.046600948334736714e-01
-8.061611923736641261e-01
-8.076622611546493413e-01
-8.091633013725564316e-01
-8.106643132218440684e-01
-8.121652968953186891e-01
-8.136662525841451554e-01
-8.151671804778682917e-01
-8.166680807644327578e-01
-8.181689536301951504e-01
-8.196697992599331073e-01
-8.211706178368788356e-01
-8.226714095427118956e-01
-8.241721745576029434e-01
-8.256729130602015188e-01
-8.271736252276599144e-01
-8.286743112356711460e-01
-8.301749712584380880e-01
-8.316756054687302058e-01
-8.331762140378836667e-01
-8.346767971357993421e-01
-8.361773549309835518e-01
-8.376778875905406263e-01
-8.391783952802035484e-01
-8.406788781643332875e-01
-8.421793364059466658e-01
-8.436797701667145821e-01
-8.451801796069859929e-01
-8.466805648857929079e-01
-8.481809261608754813e-01
-8.496812635886776821e-01
-8.511815773243730510e-01
-8.526818675218813537e-01
-8.541821343338568129e-01
-8.556823779117236350e-01
-8.571825984056872239e-01
-8.586827959647301833e-01
-8.601829707366345223e-01
-8.616831228679929788e-01
-8.631832525042265614e-01
-8.646833597895734469e-01
-8.661834448671329456e-01
-8.676835078788451838e-01
-8.691835489655208580e-01
-8.706835682668532250e-01
-8.721835659214187686e-01
-8.736835420666843044e-01
-8.751834968390362901e-01
-8.766834303737754963e-01
-8.781833428051308843e-01
-8.796832342662769255e-01
-8.811831048893282725e-01
-8.826829548053644059e-01
-8.841827841444314107e-01
-8.856825930355626264e-01
-8.871823816067579971e-01
-8.886821499850483530e-01
-8.901818982964400107e-01
-8.916816266659778334e-01
-8.931813352177216947e-01
-8.946810240747635756e-01
-8.961806933592550983e-01
-8.976803431923782162e-01
-8.991799736944008359e-01
-9.006795849846388480e-01
-9.021791771815040883e-01
-9.036787504024850204e-01
-9.051783047641692725e-01
-9.066778403822515209e-01
-9.081773573715324899e-01
-9.096768558459443765e-01
-9.111763359185316435e-01
-9.126757977014955392e-01
-9.141752413061576821e-01
-9.156746668430170155e-01
-9.171740744217160568e-01
-9.186734641510703181e-01
-9.201728361390688615e-01
-9.216721904928869558e-01
-9.231715273188840776e-01
-9.246708467226242290e-01
-9.261701488088752710e-01
-9.276694336816120323e-01
-9.291687014440270787e-01
-9.306679521985443682e-01
-9.321671860468250248e-01
-9.336664030897586786e-01
-9.351656034274898888e-01
-9.366647871594118158e-01
-9.381639543841834294e-01
-9.396631051997225148e-01
-9.411622397032244347e-01
-9.426613579911694574e-01
-9.441604601593150958e-01
-9.456595463027173132e-01
-9.471586165157250825e-01
-9.486576708919975953e-01
-9.501567095244978223e-01
-9.516557325055216010e-01
-9.531547399266675491e-01
-9.546537318788738125e-01
-9.561527084524188425e-01
-9.576516697369106268e-01
-9.591506158213070066e-01
-9.606495467939180077e-01
-9.621484627424203850e-01
-9.636473637538424120e-01
-9.651462499145871954e-01
-9.666451213104265694e-01
-9.681439780265228556e-01
-9.696428201474117659e-01
-9.711416477570318229e-01
-9.726404609387033773e-01
-9.741392597751580285e-01
-9.756380443485335174e-01
-9.771368147403755033e-01
-9.786355710316414491e-01
-9.801343133027186072e-01
-9.816330416334173581e-01
-9.831317561029820906e-01
-9.846304567900855398e-01
-9.861291437728484377e-01
-9.876278171288344065e-01
-9.891264769350537334e-01
-9.906251232679854635e-01
-9.921237562035484236e-01
-9.936223758171415232e-01
-9.951209821836229930e-01
-9.966195753773333665e-01
-9.981181554720793825e-01
-9.996167225411606294e-01
-1.001115276657356112e+00
-1.002613817892938242e+00
-1.004112346319670390e+00
-1.005610862008823769e+00
-1.007109365031164661e+00
-1.008607855456971070e+00
-1.010106333356030728e+00
-1.011604798797653304e+00
-1.013103251850653086e+00
-1.014601692583387171e+00
-1.016100121063721273e+00
-1.017598537359071242e+00
-1.019096941536375311e+00
-1.020595333662117410e+00
-1.022093713802318504e+00
-1.023592082022552585e+00
-1.025090438387943337e+00
-1.026588782963163915e+00
-1.028087115812448049e+00
-1.029585436999593595e+00
-1.031083746587962535e+00
-1.032582044640481644e+00
-1.034080331219657367e+00
-1.035578606387556722e+00
-1.037076870205845713e+00
-1.038575122735759582e+00
-1.040073364038127446e+00
-1.041571594173355431e+00
-1.043069813201457530e+00
-1.044568021182033402e+00
-1.046066218174281248e+00
-1.047564404237008029e+00
-1.049062579428627240e+00
-1.050560743807149811e+00
-1.052058897430214079e+00
-1.053557040355055374e+00
-1.055055172638543093e+00
-1.056553294337159610e+00
-1.058051405507016707e+00
-1.059549506203845803e+00
-1.061047596483011946e+00
-1.062545676399518912e+00
-1.064043746007995228e+00
-1.065541805362718808e+00
-1.067039854517599640e+00
-1.068537893526201099e+00
-1.070035922441730181e+00
-1.071533941317040828e+00
-1.073031950204646146e+00
-1.074529949156709074e+00
-1.076027938225055047e+00
-1.077525917461166438e+00
-1.079023886916192110e+00
-1.080521846640950523e+00
-1.082019796685922408e+00
-1.083517737101262313e+00
-1.085015667936797046e+00
-1.086513589242034339e+00
-1.088011501066154629e+00
-1.089509403458029935e+00
-1.091007296466209642e+00
-1.092505180138925391e+00
-1.094003054524105290e+00
-1.095500919669368356e+00
-1.096998775622023636e+00
-1.098496622429074421e+00
-1.099994460137226016e+00
-1.101492288792887075e+00
-1.102990108442161610e+00
-1.104487919130868967e+00
-1.105985720904526737e+00
-1.107483513808366293e+00
-1.108981297887328799e+00
-1.110479073186073640e+00
-1.111976839748972878e+00
-1.113474597620121243e+00
-1.114972346843329687e+00
-1.116470087462128502e+00
-1.117967819519785522e+00
-1.119465543059279256e+00
-1.120963258123334638e+00
-1.122460964754391943e+00
-1.123958662994638980e+00
-1.125456352885982447e+00
-1.126954034470079025e+00
-1.128451707788315161e+00
-1.129949372881833281e+00
-1.131447029791500025e+00
-1.132944678557937346e+00
-1.134442319221512951e+00
-1.135939951822343419e+00
-1.137437576400290640e+00
-1.138935192994977585e+00
-1.140432801645775207e+00
-1.141930402391815313e+00
-1.143427995271978137e+00
-1.144925580324915204e+00
-1.146423157589027797e+00
-1.147920727102499816e+00
-1.149418288903250263e+00
-1.150915843028994301e+00
-1.152413389517197961e+00
-1.153910928405105452e+00
-1.155408459729721615e+00
-1.156905983527845017e+00
-1.158403499836025086e+00
-1.159901008690606306e+00
-1.161398510127704231e+00
-1.162896004183215926e+00
-1.164393490892817296e+00
-1.165890970291969309e+00
-1.167388442415923544e+00
-1.168885907299707094e+00
-1.170383364978141882e+00
-1.171880815485839111e+00
-1.173378258857197043e+00
-1.174875695126412989e+00
-1.176373124327465769e+00
-1.177870546494148130e+00
-1.179367961660035213e+00
-1.180865369858505209e+00
-1.182362771122735579e+00
-1.183860165485704830e+00
-1.185357552980192075e+00
-1.186854933638792575e+00
-1.188352307493887761e+00
-1.189849674577683425e+00
-1.191347034922178638e+00
-1.192844388559194835e+00
-1.194341735520358272e+00
-1.195839075837108023e+00
-1.197336409540697533e+00
-1.198833736662192839e+00
-1.200331057232482346e+00
-1.201828371282267938e+00
-1.203325678842062985e+00
-1.204822979942220984e+00
-1.206320274612892263e+00
-1.207817562884071494e+00
-1.209314844785561727e+00
-1.210812120347002141e+00
-1.212309389597850506e+00
-1.213806652567392286e+00
-1.215303909284751294e+00
-1.216801159778872155e+00
-1.218298404078528963e+00
-1.219795642212341491e+00
-1.221292874208744550e+00
-1.222790100096023513e+00
-1.224287319902293003e+00
-1.225784533655501773e+00
-1.227281741383438263e+00
-1.228778943113738809e+00
-1.230276138873871883e+00
-1.231773328691144087e+00
-1.233270512592711476e+00
-1.234767690605570234e+00
-1.236264862756566441e+00
-1.237762029072383418e+00
-1.239259189579556164e+00
-1.240756344304468461e+00
-1.242253493273356213e+00
-1.243750636512293894e+00
-1.245247774047217648e+00
-1.246744905903909961e+00
-1.248242032108009880e+00
-1.249739152685013899e+00
-1.251236267660263080e+00
-1.252733377058959041e+00
-1.254230480906165734e+00
-1.255727579226796564e+00
-1.257224672045631042e+00
-1.258721759387304351e+00
-1.260218841276315782e+00
-1.261715917737022519e+00
-1.263212988793645408e+00
-1.264710054470275402e+00
-1.266207114790849797e+00
-1.267704169779199752e+00
-1.269201219458998109e+00
-1.270698263853796028e+00
-1.272195302987008780e+00
-1.273692336881923293e+00
-1.275189365561694377e+00
-1.276686389049355386e+00
-1.278183407367796232e+00
-1.279680420539792252e+00
-1.281177428587988665e+00
-1.282674431534903681e+00
-1.284171429402924725e+00
-1.285668422214333528e+00
-1.287165409991261278e+00
-1.288662392755741459e+00
-1.290159370529675664e+00
-1.291656343334838253e+00
-1.293153311192897226e+00
-1.294650274125390466e+00
-1.296147232153738837e+00
-1.297644185299249964e+00
-1.299141133583114227e+00
-1.300638077026399220e+00
-1.302135015650067285e+00
-1.303631949474952201e+00
-1.305128878521791602e+00
-1.306625802811189230e+00
-1.308122722363655122e+00
-1.309619637199579634e+00
-1.311116547339237437e+00
-1.312613452802804392e+00
-1.314110353610334903e+00
-1.315607249781778565e+00
-1.317104141336986833e+00
-1.318601028295682820e+00
-1.320097910677505038e+00
-1.321594788501970763e+00
-1.323091661788497353e+00
-1.324588530556398913e+00
-1.326085394824886965e+00
-1.327582254613060453e+00
-1.329079109939924397e+00
-1.330575960824376791e+00
-1.332072807285219040e+00
-1.333569649341152408e+00
-1.335066487010765135e+00
-1.336563320312564862e+00
-1.338060149264952647e+00
-1.339556973886218083e+00
-1.341053794194579263e+00
-1.342550610208132378e+00
-1.344047421944896348e+00
-1.345544229422783511e+00
-1.347041032659611837e+00
-1.348537831673108700e+00
-1.350034626480906441e+00
-1.351531417100535704e+00
-1.353028203549455633e+00
-1.354524985845011464e+00
-1.356021764004467833e+00
-1.357518538044992784e+00
-1.359015307983662879e+00
-1.360512073837478741e+00
-1.362008835623337744e+00
-1.363505593358043555e+00
-1.365002347058337895e+00
-1.366499096740844577e+00
-1.367995842422113917e+00
-1.369492584118610079e+00
-1.370989321846713960e+00
-1.372486055622716750e+00
-1.373982785462818601e+00
-1.375479511383147724e+00
-1.376976233399740845e+00
-1.378472951528554313e+00
-1.379969665785453437e+00
-1.381466376186234912e+00
-1.382963082746604844e+00
-1.384459785482186511e+00
-1.385956484408527922e+00
-1.387453179541089598e+00
-1.388949870895267003e+00
-1.390446558486348572e+00
-1.391943242329578112e+00
-1.393439922440092404e+00
-1.394936598832968500e+00
-1.396433271523191744e+00
-1.397929940525685089e+00
-1.399426605855277561e+00
-1.400923267526738236e+00
-1.402419925554752034e+00
-1.403916579953931265e+00
-1.405413230738809194e+00
-1.406909877923847807e+00
-1.408406521523434263e+00
-1.409903161551887552e+00
-1.411399798023440733e+00
-1.412896430952266469e+00
-1.414393060352461040e+00
-1.415889686238040346e+00
-1.417386308622961444e+00
-1.418882927521104786e+00
-1.420379542946279328e+00
-1.421876154912220303e+00
-1.423372763432601218e+00
-1.424869368521016089e+00
-1.426365970190996313e+00
-1.427862568455997794e+00
-1.429359163329420479e+00
-1.430855754824579273e+00
-1.432352342954729574e+00
-1.433848927733056611e+00
-1.435345509172682776e+00
-1.436842087286659186e+00
-1.438338662087966124e+00
-1.439835233589523256e+00
-1.441331801804182744e+00
-1.442828366744726587e+00
-1.444324928423876830e+00
-1.445821486854280247e+00
-1.447318042048537645e+00
-1.448814594019151691e+00
-1.450311142778592854e+00
-1.451807688339243230e+00
-1.453304230713436507e+00
-1.454800769913434655e+00
-1.456297305951428145e+00
-1.457793838839549050e+00
-1.459290368589867937e+00
-1.460786895214390979e+00
-1.462283418725048634e+00
-1.463779939133726060e+00
-1.465276456452223375e+00
-1.466772970692292954e+00
-1.468269481865613457e+00
-1.469765989983798260e+00
-1.471262495058403896e+00
-1.472758997100911849e+00
-1.474255496122751419e+00
-1.475751992135272861e+00
-1.477248485149774027e+00
-1.478744975177476384e+00
-1.480241462229543226e+00
-1.481737946317067900e+00
-1.483234427451076698e+00
-1.484730905642531518e+00
-1.486227380902324313e+00
-1.487723853241282645e+00
-1.489220322670163021e+00
-1.490716789199652892e+00
-1.492213252840369986e+00
-1.493709713602867195e+00
-1.495206171497617698e+00
-1.496702626535027836e+00
-1.498199078725428679e+00
-1.499695528079084239e+00
-1.501191974606181478e+00
-1.502688418316823427e+00
-1.504184859221046500e+00
-1.505681297328800072e+00
-1.507177732649969570e+00
-1.508674165194348937e+00
-1.510170594971646407e+00
-1.511667021991497828e+00
-1.513163446263444678e+00
-1.514659867796951831e+00
-1.516156286601380687e+00
-1.517652702686022703e+00
-1.519149116060055427e+00
-1.520645526732579800e+00
-1.522141934712588629e+00
-1.523638340008980796e+00
-1.525134742630553042e+00
-1.526631142585998191e+00
-1.528127539883896935e+00
-1.529623934532732488e+00
-1.531120326540860166e+00
-1.532616715916531813e+00
-1.534113102667872708e+00
-1.535609486802884449e+00
-1.537105868329454728e+00
-1.538602247255321132e+00
-1.540098623588094684e+00
-1.541594997335260064e+00
-1.543091368504138750e+00
-1.544587737101923652e+00
-1.546084103135634713e+00
-1.547580466612150207e+00
-1.549076827538180545e+00
-1.550573185920265606e+00
-1.552069541764767635e+00
-1.553565895077877235e+00
-1.555062245865589832e+00
-1.556558594133715001e+00
-1.558054939887847823e+00
-1.559551283133391975e+00
-1.561047623875527757e+00
-1.562543962119210095e+00
-1.564040297869172091e+00
-1.565536631129893719e+00
-1.567032961905617361e+00
-1.568529290200326942e+00
-1.570025616017727055e+00
-1.571521939361256504e+00
-1.573018260234065435e+00
-1.574514578638995577e+00
-1.576010894578593557e+00
-1.577507208055074273e+00
-1.579003519070313555e+00
-1.580499827625862830e+00
-1.581996133722884057e+00
-1.583492437362191474e+00
-1.584988738544196529e+00
-1.586485037268918541e+00
-1.587981333535949391e+00
-1.589477627344458410e+00
-1.590973918693157074e+00
-1.592470207580305219e+00
-1.593966494003656642e+00
-1.595462777960479528e+00
-1.596959059447518259e+00
-1.598455338460975650e+00
-1.599951614996490967e+00
-1.601447889049124829e+00
-1.602944160613341218e+00
-1.604440429682965297e+00
-1.605936696251183182e+00
-1.607432960310500869e+00
-1.608929221852738678e+00
-1.610425480868979964e+00
-1.611921737349571337e+00
-1.613417991284074260e+00
-1.614914242661240618e+00
-1.616410491469004729e+00
-1.617906737694418284e+00
-1.619402981323647461e+00
-1.620899222341926960e+00
-1.622395460733531136e+00
-1.623891696481741143e+00
-1.625387929568805179e+00
-1.626884159975905630e+00
-1.628380387683122654e+00
-1.629876612669389546e+00
-1.631372834912458103e+00
-1.632869054388860208e+00
-1.634365271073860759e+00
-1.635861484941405042e+00
-1.637357695964100746e+00
-1.638853904113143134e+00
-1.640350109358283515e+00
-1.641846311667774838e+00
-1.643342511008328399e+00
-1.644838707345045892e+00
-1.646334900641389432e+00
-1.647831090859106284e+00
-1.649327277958186899e+00
-1.650823461896796518e+00
-1.652319642631225660e+00
-1.653815820115817514e+00
-1.655311994302917311e+00
-1.656808165142791944e+00
-1.658304332583596441e+00
-1.659800496571268047e+00
-1.661296657049476488e+00
-1.662792813959548921e+00
-1.664288967240400430e+00
-1.665785116828451651e+00
-1.667281262657559937e+00
-1.668777404658931651e+00
-1.670273542761051999e+00
-1.671769676889596434e+00
-1.673265806967336511e+00
-1.674761932914073270e+00
-1.676258054646528661e+00
-1.677754172078267159e+00
-1.679250285119596509e+00
-1.680746393677475359e+00
-1.682242497655408453e+00
-1.683738596953357813e+00
-1.685234691467623946e+00
-1.686730781090764797e+00
-1.688226865711467628e+00
-1.689722945214446437e+00
-1.691219019480327601e+00
-1.692715088385547961e+00
-1.694211151802214710e+00
-1.695707209598010579e+00
-1.697203261636061944e+00
-1.698699307774799605e+00
-1.700195347867858198e+00
-1.701691381763923872e+00
-1.703187409306617495e+00
-1.704683430334352545e+00
-1.706179444680183677e+00
-1.707675452171701247e+00
-1.709171452630844801e+00
-1.710667445873794046e+00
-1.712163431710794992e+00
-1.713659409946020284e+00
-1.715155380377400229e+00
-1.716651342796484903e+00
-1.718147296988270512e+00
-1.719643242731034860e+00
-1.721139179796171259e+00
-1.722635107948022659e+00
-1.724131026943710676e+00
-1.725626936532948852e+00
-1.727122836457867905e+00
-1.728618726452842091e+00
-1.730114606244292697e+00
-1.731610475550500849e+00
-1.733106334081422562e+00
-1.734602181538484889e+00
-1.736098017614399636e+00
-1.737593841992943089e+00
-1.739089654348773273e+00
-1.740585454347203243e+00
-1.742081241644000356e+00
-1.743577015885173109e+00
-1.745072776706743323e+00
-1.746568523734540523e+00
-1.748064256583959475e+00
-1.749559974859742129e+00
-1.751055678155750472e+00
-1.752551366054728499e+00
-1.754047038128059732e+00
-1.755542693935533194e+00
-1.757038333025094934e+00
-1.758533954932605115e+00
-1.760029559181577552e+00
-1.761525145282944127e+00
-1.763020712734774342e+00
-1.764516261022026633e+00
-1.766011789616287020e+00
-1.767507297975503766e+00
-1.769002785543697609e+00
-1.770498251750707519e+00
-1.771993696011911812e+00
-1.773489117727939934e+00
-1.774984516284387359e+00
-1.776479891051542914e+00
-1.777975241384083471e+00
-1.779470566620792615e+00
-1.780965866084250671e+00
-1.782461139080553147e+00
-1.783956384898996772e+00
-1.785451602811771066e+00
-1.786946792073659696e+00
-1.788441951921727835e+00
-1.789937081574999533e+00
-1.791432180234143079e+00
-1.792927247081165465e+00
-1.794422281279060449e+00
-1.795917281971519230e+00
-1.797412248282564295e+00
-1.798907179316243887e+00
-1.800402074156293608e+00
-1.801896931865792695e+00
-1.803391751486834726e+00
-1.804886532040166580e+00
-1.806381272524872017e+00
-1.807875971918005531e+00
-1.809370629174253953e+00
-1.810865243225573629e+00
-1.812359812980846252e+00
-1.813854337325522259e+00
-1.815348815121266446e+00
-1.816843245205583379e+00
-1.818337626391475892e+00
-1.819831957467069383e+00
-1.821326237195248998e+00
-1.822820464313287925e+00
-1.824314637532487016e+00
-1.825808755537800643e+00
-1.827302816987460776e+00
-1.828796820512617494e+00
-1.830290764716942187e+00
-1.831784648176265629e+00
-1.833278469438203162e+00
-1.834772227021769453e+00
-1.836265919416996795e+00
-1.837759545084563628e+00
-1.839253102455402189e+00
-1.840746589930329469e+00
-1.842240005879661080e+00
-1.843733348642811798e+00
-1.845226616527936070e+00
-1.846719807811529890e+00
-1.848212920738047771e+00
-1.849705953519520163e+00
-1.851198904335171536e+00
-1.852691771331034687e+00
-1.854184552619552395e+00
-1.855677246279219483e+00
-1.857169850354178031e+00
-1.858662362853847672e+00
-1.860154781752532571e+00
-1.861647104989034407e+00
-1.863139330466301757e+00
-1.864631456051011105e+00
-1.866123479573206678e+00
-1.867615398825931861e+00
-1.869107211564832616e+00
-1.870598915507788673e+00
-1.872090508334551817e+00
-1.873581987686352202e+00
-1.875073351165546853e+00
-1.876564596335250634e+00
-1.878055720718948551e+00
-1.879546721800154918e+00
-1.881037597022044761e+00
-1.882528343787081448e+00
-1.884018959456679410e+00
-1.885509441350839754e+00
-1.886999786747795449e+00
-1.888489992883662927e+00
-1.889980056952099918e+00
-1.891469976103967499e+00
-1.892959747446982144e+00
-1.894449368045376669e+00
-1.895938834919580041e+00
-1.897428145045881642e+00
-1.898917295356101764e+00
-1.900406282737273411e+00
-1.901895104031340322e+00
-1.903383756034811025e+00
-1.904872235498485944e+00
-1.906360539127120557e+00
-1.907848663579166271e+00
-1.909336605466422032e+00
-1.910824361353795631e+00
-1.912311927758983732e+00
-1.913799301152214749e+00
-1.915286477955956190e+00
-1.916773454544644650e+00
-1.918260227244449778e+00
-1.919746792332974739e+00
-1.921233146039036388e+00
-1.922719284542396601e+00
-1.924205203973541556e+00
-1.925690900413426165e+00
-1.927176369893257357e+00
-1.928661608394262927e+00
-1.930146611847488813e+00
-1.931631376133575051e+00
-1.933115897082561929e+00
-1.934600170473692149e+00
-1.936084192035217866e+00
-1.937567957444222611e+00
-1.939051462326435882e+00
-1.940534702256086153e+00
-1.942017672755721236e+00
-1.943500369296053298e+00
-1.944982787295834514e+00
-1.946464922121695418e+00
-1.947946769088022778e+00
-1.949428323456844359e+00
-1.950909580437704571e+00
-1.952390535187560561e+00
-1.953871182810685392e+00
-1.955351518358578344e+00
-1.956831536829867657e+00
-1.958311233170266563e+00
-1.959790602272482696e+00
-1.961269638976171459e+00
-1.962748338067883402e+00
-1.964226694281033359e+00
-1.965704702295853368e+00
-1.967182356739394011e+00
-1.968659652185491993e+00
-1.970136583154765253e+00
-1.971613144114639171e+00
-1.973089329479343013e+00
-1.974565133609935685e+00
-1.976040550814339047e+00
-1.977515575347380761e+00
-1.978990201410854022e+00
-1.980464423153554199e+00
-1.981938234671381860e+00
-1.983411630007391846e+00
-1.984884603151903848e+00
-1.986357148042585674e+00
-1.987829258564581369e+00
-1.989300928550598480e+00
-1.990772151781070587e+00
-1.992242921984265003e+00
-1.993713232836450855e+00
-1.995183077962044305e+00
-1.996652450933778411e+00
-1.998121345272872773e+00
-1.999589754449236478e+00
-2.001057671881653732e+00
-2.002525090937973040e+00
-2.003992004935364335e+00
-2.005458407140497279e+00
-2.006924290769809271e+00
-2.008389648989735043e+00
-2.009854474916970002e+00
-2.011318761618733131e+00
-2.012782502113026784e+00
-2.014245689368945325e+00
-2.015708316306954906e+00
-2.017170375799191895e+00
-2.018631860669793721e+00
-2.020092763695203963e+00
-2.021553077604513859e+00
-2.023012795079814019e+00
-2.024471908756515504e+00
-2.025930411223750838e+00
-2.027388295024715514e+00
-2.028845552657062346e+00
-2.030302176573284267e+00
-2.031758159181117573e+00
-2.033213492843947812e+00
-2.034668169881239219e+00
-2.036122182568933070e+00
-2.037575523139918854e+00
-2.039028183784445503e+00
-2.040480156650608556e+00
-2.041931433844775601e+00
-2.043382007432100966e+00
-2.044831869436966265e+00
-2.046281011843497311e+00
-2.047729426596040181e+00
-2.049177105599683468e+00
-2.050624040720769869e+00
-2.052070223787415326e+00
-2.053515646590035715e+00
-2.054960300881901958e+00
-2.056404178379663161e+00
-2.057847270763924374e+00
-2.059289569679796816e+00
-2.060731066737475636e+00
-2.062171753512808792e+00
-2.063611621547892572e+00
-2.065050662351662236e+00
-2.066488867400483986e+00
-2.067926228138783351e+00
-2.069362735979625612e+00
-2.070798382305380603e+00
-2.072233158468308911e+00
-2.073667055791224012e+00
-2.075100065568129093e+00
-2.076532179064860539e+00
-2.077963387519736749e+00
-2.079393682144237143e+00
-2.080823054123642546e+00
-2.082251494617734178e+00
-2.083678994761454017e+00
-2.085105545665593141e+00
-2.086531138417480946e+00
-2.087955764081686816e+00
-2.089379413700701793e+00
-2.090802078295661115e+00
-2.092223748867051647e+00
-2.093644416395411323e+00
-2.095064071842061892e+00
-2.096482706149831898e+00
-2.097900310243782318e+00
-2.099316875031929985e+00
-2.100732391405994548e+00
-2.102146850242135212e+00
-2.103560242401689706e+00
-2.104972558731927901e+00
-2.106383790066793438e+00
-2.107793927227673336e+00
-2.109202961024121858e+00
-2.110610882254655873e+00
-2.112017681707504035e+00
-2.113423350161366177e+00
-2.114827878386179361e+00
-2.116231257143893263e+00
-2.117633477189248659e+00
-2.119034529270526157e+00
-2.120434404130353556e+00
-2.121833092506456353e+00
-2.123230585132452219e+00
-2.124626872738619277e+00
-2.126021946052684353e+00
-2.127415795800606357e+00
-2.128808412707347664e+00
-2.130199787497669472e+00
-2.131589910896909856e+00
-2.132978773631769354e+00
-2.134366366431094786e+00
-2.135752680026660855e+00
-2.137137705153955292e+00
-2.138521432552973778e+00
-2.139903852968980669e+00
-2.141284957153315460e+00
-2.142664735864157066e+00
-2.144043179867315629e+00
-2.145420279937011454e+00
-2.146796026856650386e+00
-2.148170411419594750e+00
-2.149543424429962268e+00
-2.150915056703368577e+00
-2.152285299067731028e+00
-2.153654142364016089e+00
-2.155021577447021386e+00
-2.156387595186134654e+00
-2.157752186466094013e+00
-2.159115342187763797e+00
-2.160477053268888170e+00
-2.161837310644824317e+00
-2.163196105269332925e+00
-2.164553428115301159e+00
-2.165909270175498058e+00
-2.167263622463309503e+00
-2.168616476013493610e+00
-2.169967821882901937e+00
-2.171317651151226436e+00
-2.172665954921700671e+00
-2.174012724321852552e+00
-2.175357950504219318e+00
-2.176701624647042088e+00
-2.178043737955004833e+00
-2.179384281659920930e+00
-2.180723247021448596e+00
-2.182060625327779224e+00
-2.183396407896334601e+00
-2.184730586074452141e+00
-2.186063151240073221e+00
-2.187394094802405320e+00
-2.188723408202619236e+00
-2.190051082914485914e+00
-2.191377110445059007e+00
-2.192701482335323249e+00
-2.194024190160844157e+00
-2.195345225532410627e+00
-2.196664580096670427e+00
-2.197982245536778123e+00
-2.199298213572992822e+00
-2.200612475963323877e+00
-2.201925024504125972e+00
-2.203235851030722614e+00
-2.204544947417987455e+00
-2.205852305580962902e+00
-2.207157917475415232e+00
-2.208461775098445212e+00
-2.209763870489047655e+00
-2.211064195728678961e+00
-2.212362742941819782e+00
-2.213659504296528358e+00
-2.214954472004981856e+00
-2.216247638324030156e+00
-2.217538995555705661e+00
-2.218828536047762423e+00
-2.220116252194195283e+00
-2.221402136435741692e+00
-2.222686181260387084e+00
-2.223968379203864476e+00
-2.225248722850141192e+00
-2.226527204831890483e+00
-2.227803817830970257e+00
-2.229078554578897808e+00
-2.230351407857292578e+00
-2.231622370498327790e+00
-2.232891435385186973e+00
-2.234158595452473417e+00
-2.235423843686664913e+00
-2.236687173126506778e+00
-2.237948576863443506e+00
-2.239208048042007348e+00
-2.240465579860217549e+00
-2.241721165569968477e+00
-2.242974798477419984e+00
-2.244226471943335799e+00
-2.245476179383488535e+00
-2.246723914268987876e+00
-2.247969670126627850e+00
-2.249213440539249209e+00
-2.250455219146038299e+00
-2.251694999642871675e+00
-2.252932775782632291e+00
-2.254168541375508816e+00
-2.255402290289295397e+00
-2.256634016449680757e+00
-2.257863713840541298e+00
-2.259091376504210213e+00
-2.260316998541737732e+00
-2.261540574113168667e+00
-2.262762097437771569e+00
-2.263981562794295854e+00
-2.265198964521204950e+00
-2.266414297016908552e+00
-2.267627554739964690e+00
-2.268838732209308873e+00
-2.270047824004459702e+00
-2.271254824765687630e+00
-2.272459729194241884e+00
-2.273662532052498353e+00
-2.274863228164156759e+00
-2.276061812414373442e+00
-2.277258279749958980e+00
-2.278452625179498980e+00
-2.279644843773498852e+00
-2.280834930664534355e+00
-2.282022881047347074e+00
-2.283208690179000744e+00
-2.284392353378967844e+00
-2.285573866029242840e+00
-2.286753223574428340e+00
-2.287930421521835456e+00
-2.289105455441569514e+00
-2.290278320966585124e+00
-2.291449013792774991e+00
-2.292617529679012556e+00
-2.293783864447219933e+00
-2.294948013982401225e+00
-2.296109974232689144e+00
-2.297269741209372107e+00
-2.298427310986927541e+00
-2.299582679703020993e+00
-2.300735843558538107e+00
-2.301886798817580182e+00
-2.303035541807460618e+00
-2.304182068918697812e+00
-2.305326376604989846e+00
-2.306468461383212709e+00
-2.307608319833374555e+00
-2.308745948598589504e+00
-2.309881344385014579e+00
-2.311014503961847932e+00
-2.312145424161219598e+00
-2.313274101878169287e+00
-2.314400534070567339e+00
-2.315524717759036566e+00
-2.316646650026880305e+00
-2.317766328020008704e+00
-2.318883748946820145e+00
-2.319998910078129306e+00
-2.321111808747057026e+00
-2.322222442348915283e+00
-2.323330808341115716e+00
-2.324436904243022184e+00
-2.325540727635851290e+00
-2.326642276162512957e+00
-2.327741547527522936e+00
-2.328838539496808302e+00
-2.329933249897601311e+00
-2.331025676618272868e+00
-2.332115817608163333e+00
-2.333203670877465274e+00
-2.334289234497005427e+00
-2.335372506598115017e+00
-2.336453485372418371e+00
-2.337532169071694810e+00
-2.338608556007649941e+00
-2.339682644551770885e+00
-2.340754433135090018e+00
-2.341823920248022439e+00
-2.342891104440131045e+00
-2.343955984319949337e+00
-2.345018558554757604e+00
-2.346078825870356876e+00
-2.347136785050876195e+00
-2.348192434938523032e+00
-2.349245774433364797e+00
-2.350296802493117010e+00
-2.351345518132872847e+00
-2.352391920424891314e+00
-2.353436008498360543e+00
-2.354477781539106029e+00
-2.355517238789406775e+00
-2.356554379547700862e+00
-2.357589203168334535e+00
-2.358621709061313521e+00
-2.359651896692025019e+00
-2.360679765581000122e+00
-2.361705315303605168e+00
-2.362728545489804599e+00
-2.363749455823872303e+00
-2.364768046044113170e+00
-2.365784315942583316e+00
-2.366798265364808529e+00
-2.367809894209501387e+00
-2.368819202428268156e+00
-2.369826190025317025e+00
-2.370830857057175223e+00
-2.371833203632367493e+00
-2.372833229911155417e+00
-2.373830936105203904e+00
-2.374826322477300522e+00
-2.375819389341036203e+00
-2.376810137060498374e+00
-2.377798566049978746e+00
-2.378784676773642914e+00
-2.379768469745235926e+00
-2.380749945527746103e+00
-2.381729104733102620e+00
-2.382705948021854869e+00
-2.383680476102860712e+00
-2.384652689732945863e+00
-2.385622589716595243e+00
-2.386590176905626137e+00
-2.387555452198858230e+00
-2.388518416541798306e+00
-2.389479070926292081e+00
-2.390437416390212455e+00
-2.391393454017119780e+00
-2.392347184935930571e+00
-2.393298610320586217e+00
-2.394247731389713696e+00
-2.395194549406299167e+00
-2.396139065677349578e+00
-2.397081281553546717e+00
-2.398021198428919476e+00
-2.398958817740505456e+00
-2.399894140968001022e+00
-2.400827169633430014e+00
-2.401757905300813345e+00
-2.402686349575798630e+00
-2.403612504105353320e+00
-2.404536370577392113e+00
-2.405457950720456761e+00
-2.406377246303367468e+00
-2.407294259134866277e+00
-2.408208991063292448e+00
-2.409121443976234733e+00
-2.410031619800180547e+00
-2.410939520500166910e+00
-2.411845148079457601e+00
-2.412748504579181663e+00
-2.413649592077997230e+00
-2.414548412691738033e+00
-2.415444968573083884e+00
-2.416339261911204073e+00
-2.417231294931422081e+00
-2.418121069894868302e+00
-2.419008589098137207e+00
-2.419893854872940064e+00
-2.420776869585774982e+00
-2.421657635637573414e+00
-2.422536155463357321e+00
-2.423412431531909661e+00
-2.424286466345421776e+00
-2.425158262439160328e+00
-2.426027822381112475e+00
-2.426895148771674560e+00
-2.427760244243288401e+00
-2.428623111460108674e+00
-2.429483753117677836e+00
-2.430342171942569518e+00
-2.431198370692070565e+00
-2.432052352153832864e+00
-2.432904119145551824e+00
-2.433753674514617327e+00
-2.434601021137792198e+00
-2.435446161920877373e+00
-2.436289099798380153e+00
-2.437129837733182480e+00
-2.437968378716216744e+00
-2.438804725766129167e+00
-2.439638881928964054e+00
-2.440470850277831172e+00
-2.441300633912575346e+00
-2.442128235959471372e+00
-2.442953659570867853e+00
-2.443776907924906983e+00
-2.444597984225170606e+00
-2.445416891700373352e+00
-2.446233633604051771e+00
-2.447048213214234824e+00
-2.447860633833132127e+00
-2.448670898786823980e+00
-2.449479011424945174e+00
-2.450284975120367470e+00
-2.451088793268897170e+00
-2.451890469288973140e+00
-2.452690006621331964e+00
-2.453487408728729502e+00
-2.454282679095622477e+00
-2.455075821227865607e+00
-2.455866838652408290e+00
-2.456655734917008616e+00
-2.457442513589905175e+00
-2.458227178259550616e+00
-2.459009732534287895e+00
-2.459790180042073615e+00
-2.460568524430182702e+00
-2.461344769364903762e+00
-2.462118918531264633e+00
-2.462890975632730406e+00
-2.463660944390931196e+00
-2.464428828545353500e+00
-2.465194631853085294e+00
-2.465958358088508717e+00
-2.466720011043027849e+00
-2.467479594524795594e+00
-2.468237112358430796e+00
-2.468992568384729136e+00
-2.469745966460424214e+00
-2.470497310457871798e+00
-2.471246604264806468e+00
-2.471993851784064056e+00
-2.472739056933316970e+00
-2.473482223644798861e+00
-2.474223355865053708e+00
-2.474962457554656936e+00
-2.475699532687977378e+00
-2.476434585252889509e+00
-2.477167619250542963e+00
-2.477898638695076095e+00
-2.478627647613402374e+00
-2.479354650044911068e+00
-2.480079650041256301e+00
-2.480802651666087932e+00
-2.481523658994806425e+00
-2.482242676114318147e+00
-2.482959707122796456e+00
-2.483674756129428118e+00
-2.484387827254188608e+00
-2.485098924627584971e+00
-2.485808052390436007e+00
-2.486515214693626241e+00
-2.487220415697879439e+00
-2.487923659573515689e+00
-2.488624950500237354e+00
-2.489324292666887928e+00
-2.490021690271234878e+00
-2.490717147519727170e+00
-2.491410668627304315e+00
-2.492102257817144562e+00
-2.492791919320455740e+00
-2.493479657376267866e+00
-2.494165476231189338e+00
-2.494849380139230188e+00
-2.495531373361568495e+00
-2.496211460166331886e+00
-2.496889644828400812e+00
-2.497565931629205593e+00
-2.498240324856507044e+00
-2.498912828804205066e+00
-2.499583447772119715e+00
-2.500252186065810012e+00
-2.500919047996380762e+00
-2.501584037880238309e+00
-2.502247160038957308e+00
-2.502908418799052015e+00
-2.503567818491780006e+00
-2.504225363452977859e+00
-2.504881058022847551e+00
-2.505534906545783702e+00
-2.506186913370190616e+00
-2.506837082848282439e+00
-2.507485419335913068e+00
-2.508131927192402522e+00
-2.508776610780349525e+00
-2.509419474465447664e+00
-2.510060522616328171e+00
-2.510699759604372083e+00
-2.511337189803544145e+00
-2.511972817590228946e+00
-2.512606647343043509e+00
-2.513238683442692523e+00
-2.513868930271789370e+00
-2.514497392214691818e+00
-2.515124073657355463e+00
-2.515748978987147666e+00
-2.516372112592718313e+00
-2.516993478863810640e+00
-2.517613082191142659e+00
-2.518230926966217087e+00
-2.518847017581187231e+00
-2.519461358428706443e+00
-2.520073953901778019e+00
-2.520684808393598875e+00
-2.521293926297422772e+00
-2.521901312006417317e+00
-2.522506969913499209e+00
-2.523110904411230759e+00
-2.523713119891643597e+00
-2.524313620746117426e+00
-2.524912411365237919e+00
-2.525509496138666155e+00
-2.526104879455002283e+00
-2.526698565701646082e+00
-2.527290559264674830e+00
-2.527880864528710525e+00
-2.528469485876786660e+00
-2.529056427690234532e+00
-2.529641694348533587e+00
-2.530225290229212387e+00
-2.530807219707719380e+00
-2.531387487157285676e+00
-2.531966096948833567e+00
-2.532543053450828641e+00
-2.533118361029182530e+00
-2.533692024047131675e+00
-2.534264046865119191e+00
-2.534834433840688295e+00
-2.535403189328370832e+00
-2.535970317679557162e+00
-2.536535823242425103e+00
-2.537099710361800042e+00
-2.537661983379058572e+00
-2.538222646632031676e+00
-2.538781704454890598e+00
-2.539339161178044701e+00
-2.539895021128044661e+00
-2.540449288627485647e+00
-2.541001967994900301e+00
-2.541553063544674362e+00
-2.542102579586925426e+00
-2.542650520427439442e+00
-2.543196890367565022e+00
-2.543741693704107742e+00
-2.544284934729247549e+00
-2.544826617730465479e+00
-2.545366746990434414e+00
-2.545905326786932488e+00
-2.546442361392768472e+00
-2.546977855075690744e+00
-2.547511812098289585e+00
-2.548044236717956768e+00
-2.548575133186747887e+00
-2.549104505751336180e+00
-2.549632358652925035e+00
-2.550158696127180935e+00
-2.550683522404126435e+00
-2.551206841708094419e+00
-2.551728658257645499e+00
-2.552248976265478753e+00
-2.552767799938387761e+00
-2.553285133477150026e+00
-2.553800981076498111e+00
-2.554315346925014829e+00
-2.554828235205086173e+00
-2.555339650092828485e+00
-2.555849595758016513e+00
-2.556358076364027898e+00
-2.556865096067757470e+00
-2.557370659019594150e+00
-2.557874769363310818e+00
-2.558377431236036337e+00
-2.558878648768182718e+00
-2.559378426083378510e+00
-2.559876767298435052e+00
-2.560373676523254094e+00
-2.560869157860802936e+00
-2.561363215407033600e+00
-2.561855853250848636e+00
-2.562347075474034508e+00
-2.562836886151203863e+00
-2.563325289349767555e+00
-2.563812289129859145e+00
-2.564297889544278508e+00
-2.564782094638482501e+00
-2.565264908450486825e+00
-2.565746335010865131e+00
-2.566226378342661096e+00
-2.566705042461363551e+00
-2.567182331374859849e+00
-2.567658249083394129e+00
-2.568132799579508241e+00
-2.568605986848026212e+00
-2.569077814865978748e+00
-2.569548287602590797e+00
-2.570017409019228705e+00
-2.570485183069362467e+00
-2.570951613698520877e+00
-2.571416704844268430e+00
-2.571880460436156035e+00
-2.572342884395675711e+00
-2.572803980636259258e+00
-2.573263753063209869e+00
-2.573722205573672817e+00
-2.574179342056619024e+00
-2.574635166392795771e+00
-2.575089682454701379e+00
-2.575542894106555014e+00
-2.575994805204268712e+00
-2.576445419595401187e+00
-2.576894741119147625e+00
-2.577342773606301485e+00
-2.577789520879237184e+00
-2.578234986751862579e+00
-2.578679175029614079e+00
-2.579122089509418014e+00
-2.579563733979666651e+00
-2.580004112220197321e+00
-2.580443228002268885e+00
-2.580881085088539972e+00
-2.581317687233027680e+00
-2.581753038181112014e+00
-2.582187141669511021e+00
-2.582620001426232381e+00
-2.583051621170584511e+00
-2.583482004613147254e+00
-2.583911155455738129e+00
-2.584339077391413664e+00
-2.584765774104448077e+00
-2.585191249270303970e+00
-2.585615506555629217e+00
-2.586038549618224547e+00
-2.586460382107055533e+00
-2.586881007662195309e+00
-2.587300429914854316e+00
-2.587718652487341231e+00
-2.588135678993046085e+00
-2.588551513036439822e+00
-2.588966158213068081e+00
-2.589379618109502790e+00
-2.589791896303383023e+00
-2.590202996363363486e+00
-2.590612921849106520e+00
-2.591021676311303867e+00
-2.591429263291631813e+00
-2.591835686322763177e+00
-2.592240948928342004e+00
-2.592645054622993772e+00
-2.593048006912298309e+00
-2.593449809292807551e+00
-2.593850465252006465e+00
-2.594249978268333034e+00
-2.594648351811161380e+00
-2.595045589340800873e+00
-2.595441694308474823e+00
-2.595836670156342230e+00
-2.596230520317477364e+00
-2.596623248215855551e+00
-2.597014857266377597e+00
-2.597405350874844920e+00
-2.597794732437961329e+00
-2.598183005343332130e+00
-2.598570172969466796e+00
-2.598956238685764752e+00
-2.599341205852534031e+00
-2.599725077820965957e+00
-2.600107857933155575e+00
-2.600489549522085220e+00
-2.600870155911644943e+00
-2.601249680416607646e+00
-2.601628126342653058e+00
-2.602005496986349975e+00
-2.602381795635174910e+00
-2.602757025567501881e+00
-2.603131190052607291e+00
-2.603504292350681038e+00
-2.603876335712810075e+00
-2.604247323381006840e+00
-2.604617258588195483e+00
-2.604986144558212313e+00
-2.605353984505824450e+00
-2.605720781636734262e+00
-2.606086539147558501e+00
-2.606451260225872701e+00
-2.606814948050182768e+00
-2.607177605789939623e+00
-2.607539236605571187e+00
-2.607899843648440630e+00
-2.608259430060892115e+00
-2.608617998976245023e+00
-2.608975553518790402e+00
-2.609332096803813172e+00
-2.609687631937604113e+00
-2.610042162017435441e+00
