-2.801369652162411773e-16
-3.238320266102276079e+00
-6.280125066637323172e+00
-8.969982161700752243e+00
-1.121682903186471947e+01
-1.299422696811113376e+01
-1.432494119806967348e+01
-1.526087791498880897e+01
-1.586593472545312622e+01
-1.620444699733157279e+01
-1.633482940090345892e+01
-1.630691647028179148e+01
-1.616152561353992567e+01
-1.593116184613507613e+01
-1.564118900302148418e+01
-1.531109314105810171e+01
-1.495565506701762004e+01
-1.458595942043225158e+01
-1.421022551022964819e+01
-1.383447277810438258e+01
-1.346304402588387461e+01
-1.309901190374792357e+01
-1.274449190685403366e+01
-1.240088212580896787e+01
-1.206904598876220547e+01
-1.174945131634443207e+01
-1.144227576591318218e+01
-1.114748687793866999e+01
-1.086490260676651509e+01
-1.059423714619279799e+01
-1.033513508703848416e+01
-1.008719651180728327e+01
-9.849994561806322935e+00
-9.623087392082604552e+00
-9.406025853887189925e+00
-9.198358754028649997e+00
-8.999636659463824628e+00
-8.809415405547493805e+00
-8.627259360405915345e+00
-8.452744796682747364e+00
-8.285462841286305391e+00
-8.125022125558803765e+00
-7.971050597424890860e+00
-7.823196792606763594e+00
-7.681130206187210874e+00
-7.544541249957753770e+00
-7.413140527995475182e+00
-7.286657981253881644e+00
-7.164841612302316420e+00
-7.047456325455438986e+00
-6.934282526210599151e+00
-6.825114982770903893e+00
-6.719761529087221241e+00
-6.618042093385020586e+00
-6.519787584982858597e+00
-6.424839122390607393e+00
-6.333047104349829759e+00
-6.244270618129129424e+00
-6.158376664654162447e+00
-6.075239712383023516e+00
-5.994741041454845210e+00
-5.916768410014864976e+00
-5.841215487414568308e+00
-5.767981606665105510e+00
-5.696971264011155611e+00
-5.628093938230592563e+00
-5.561263640307220868e+00
-5.496398785894962558e+00
-5.433421783584496012e+00
-5.372258950838589620e+00
-5.312840132638589452e+00
-5.255098653890296845e+00
-5.198970962430011333e+00
-5.144396612685290471e+00
-5.091317928474778043e+00
-5.039680013896783883e+00
-4.989430432337369936e+00
-4.940519241373127812e+00
-4.892898685082623267e+00
-4.846523250328609755e+00
-4.801349369963062053e+00
-4.757335498282547981e+00
-4.714441823094335682e+00
-4.672630358471478118e+00
-4.631864663944477378e+00
-4.592109952950964136e+00
-4.553332817660440845e+00
-4.515501351734652502e+00
-4.478584879495715931e+00
-4.442554091799908456e+00
-4.407380778431610580e+00
-4.373037976051831421e+00
-4.339499702847632534e+00
-4.306741117653553275e+00
-4.274738256012629911e+00
-4.243468199686217801e+00
-4.212908813392237661e+00
-4.183038924020939575e+00
-4.153838057410189855e+00
-4.125286626672425072e+00
-4.097365668449008069e+00
-4.070057039829833911e+00
-4.043343153599511908e+00
-4.017207183296896744e+00
-3.991632797027385049e+00
-3.966604370266980872e+00
-3.942106717867995602e+00
-3.918125314261842629e+00
-3.894646023331803875e+00
-3.871655325711572893e+00
-3.849140046238873847e+00
-3.827087588084100211e+00
-3.805485657533330457e+00
-3.784322504714073165e+00
-3.763586645486038940e+00
-3.743267108559614975e+00
-3.723353154299258172e+00
-3.703834528054191111e+00
-3.684701175702677745e+00
-3.665943503035975048e+00
-3.647552087891417383e+00
-3.629517945449663774e+00
-3.611832236821702402e+00
-3.594486540135752861e+00
-3.577472555458907522e+00
-3.560782381564111532e+00
-3.544408217080484924e+00
-3.528342642843410371e+00
-3.512578319179167963e+00
-3.497108273752334906e+00
-3.481925594900574961e+00
-3.467023724903140813e+00
-3.452396149290687610e+00
-3.438036695467328485e+00
-3.423939217928294365e+00
-3.410097902174959561e+00
-3.396506945780774611e+00
-3.383160867545347283e+00
-3.370054184354662308e+00
-3.357181725526616312e+00
-3.344538305416896229e+00
-3.332119042913333828e+00
-3.319919029743930050e+00
-3.307933655081841451e+00
-3.296158269516384465e+00
-3.284588514734406939e+00
-3.273219983118734966e+00
-3.262048552475927288e+00
-3.251070041229530361e+00
-3.240280548167140839e+00
-3.229676103199572879e+00
-3.219253012102455624e+00
-3.209007502815125257e+00
-3.198936075155075276e+00
-3.189035142632100861e+00
-3.179301387116288069e+00
-3.169731396145558655e+00
-3.160322022529482133e+00
-3.151070017130266798e+00
-3.141972393386975870e+00
-3.133026055551161537e+00
-3.124228168117687776e+00
-3.115575779498233278e+00
-3.107066196346158993e+00
-3.098696602652356802e+00
-3.090464438952744253e+00
-3.082367016832589623e+00
-3.074401903006587666e+00
-3.066566529218047066e+00
-3.058858581183035774e+00
-3.051275603872205977e+00
-3.043815395310871974e+00
-3.036475607232301588e+00
-3.029254143726787252e+00
-3.022148757255536555e+00
-3.015157452142812389e+00
-3.008278075940497676e+00
-3.001508727757673523e+00
-2.994847344967022096e+00
-2.988292116366634055e+00
-2.981841064219717286e+00
-2.975492462244680780e+00
-2.969244412979715531e+00
-2.963095270597651432e+00
-2.957043213587881247e+00
-2.951086672392487564e+00
-2.945223897398671742e+00
-2.939453391393280768e+00
-2.933773472858939968e+00
-2.928182713244707802e+00
-2.922679495559401541e+00
-2.917262456456525932e+00
-2.911930040118668739e+00
-2.906680945155023732e+00
-2.901513673771068280e+00
-2.896426983477487394e+00
-2.891419431539569374e+00
-2.886489831496426017e+00
-2.881636792884774145e+00
-2.876859182567868434e+00
-2.872155659728597321e+00
-2.867525142007515626e+00
-2.862966335760246395e+00
-2.858478207004687022e+00
-2.854059506937901780e+00
-2.849709247692177705e+00
-2.845426223107077934e+00
-2.841209489294630686e+00
-2.837057880661907561e+00
-2.832970495285678680e+00
-2.828946206181392142e+00
-2.824984151487676787e+00
-2.821083240977524387e+00
-2.817242651053496694e+00
-2.813461326496864423e+00
-2.809738480274330374e+00
-2.806073090521254532e+00
-2.802464405160798311e+00
-2.798911434117446806e+00
-2.795413458749399727e+00
-2.791969519288772350e+00
-2.788578929088636027e+00
-2.785240757285631030e+00
-2.781954347863385912e+00
-2.778718797533899831e+00
-2.775533479618365718e+00
-2.772397517144036261e+00
-2.769310311544020742e+00
-2.766271010965816846e+00
-2.763279043791764256e+00
-2.760333582155749976e+00
-2.757434080286116806e+00
-2.754579733227017435e+00
-2.751770020005333439e+00
-2.749004157553426975e+00
-2.746281648702027844e+00
-2.743601731300776336e+00
-2.740963931039073653e+00
-2.738367505761023946e+00
-2.735812003116300239e+00
-2.733296700066017770e+00
-2.730821165365743042e+00
-2.728384694259051280e+00
-2.725986875794621955e+00
-2.723627022704233624e+00
-2.721304743556235195e+00
-2.719019367814447197e+00
-2.716770522830548984e+00
-2.714557554080403889e+00
-2.712380106997529072e+00
-2.710237542383810982e+00
-2.708129523086484802e+00
-2.706055424579606683e+00
-2.704014926487062542e+00
-2.702007418331810129e+00
-2.700032595907136290e+00
-2.698089862190266253e+00
-2.696178928564620936e+00
-2.694299210894437913e+00
-2.692450435600533432e+00
-2.690632030892760262e+00
-2.688843737701769321e+00
-2.687084996065979947e+00
-2.685355560922269014e+00
-2.683654883643703748e+00
-2.681982732692309135e+00
-2.680338570304193979e+00
-2.678722178006663679e+00
-2.677133028447876040e+00
-2.675570915781209091e+00
-2.674035322635730516e+00
-2.672526055370763487e+00
-2.671042606183980705e+00
-2.669584793238955367e+00
-2.668152117907491849e+00
-2.666744409772993762e+00
-2.665361179003870706e+00
-2.664002266235657501e+00
-2.662667190071902112e+00
-2.661355801848225511e+00
-2.660067628257183792e+00
-2.658802530997310232e+00
-2.657560044518709308e+00
-2.656340040559981741e+00
-2.655142061010909771e+00
-2.653965987340906274e+00
-2.652811368575040074e+00
-2.651678095616849085e+00
-2.650565724334818629e+00
-2.649474154782432755e+00
-2.648402949391551520e+00
-2.647352017093133281e+00
-2.646320926613662028e+00
-2.645309595500235922e+00
-2.644317598516335632e+00
-2.643344861574224325e+00
-2.642390965226959043e+00
-2.641455843511368862e+00
-2.640539082532523008e+00
-2.639640624220774612e+00
-2.638760060005031161e+00
-2.637897339487309534e+00
-2.637052059201256959e+00
-2.636224176207488945e+00
-2.635413291933720092e+00
-2.634619370694490925e+00
-2.633842018609268365e+00
-2.633081207049788652e+00
-2.632336546632597418e+00
-2.631608015597681316e+00
-2.630895228871509506e+00
-2.630198171380550232e+00
-2.629516462181164194e+00
-2.628850092711612962e+00
-2.628198685984991734e+00
-2.627562239783182374e+00
-2.626940380909320361e+00
-2.626333113327320223e+00
-2.625740067469840788e+00
-2.625161253327216837e+00
-2.624596304807139902e+00
-2.624045237776740702e+00
-2.623507689469822157e+00
-2.622983681486116936e+00
-2.622472854242368534e+00
-2.621975234932010235e+00
-2.621490467016580617e+00
-2.621018583149588466e+00
-2.620559229704229498e+00
-2.620112444665404716e+00
-2.619677877189558135e+00
-2.619255570468918659e+00
-2.618845176319497980e+00
-2.618446743021279666e+00
-2.618059924930520754e+00
-2.617684775299701894e+00
-2.617320950910200672e+00
-2.616968509876003601e+00
-2.616627111292422647e+00
-2.616296818027845195e+00
-2.615977291384427694e+00
-2.615668598881546014e+00
-2.615370403924711873e+00
-2.615082778584743028e+00
-2.614805388270533104e+00
-2.614538309508222191e+00
-2.614281209613642520e+00
-2.614034169475441871e+00
-2.613796858223106145e+00
-2.613569361018350801e+00
-2.613351348714390454e+00
-2.613142910659448148e+00
-2.612943719343342686e+00
-2.612753868217610353e+00
-2.612573031324530781e+00
-2.612401306138191437e+00
-2.612238368172152825e+00
-2.612084318845306896e+00
-2.611938835063788211e+00
-2.611802022116179511e+00
-2.611673558225162228e+00
-2.611553552476260087e+00
-2.611441684335281010e+00
-2.611338066614609321e+00
-2.611242379951858705e+00
-2.611154740818473652e+00
-2.611074830955045556e+00
-2.611002770426623876e+00
-2.610938242010051091e+00
-2.610881369300528831e+00
-2.610831836046704435e+00
-2.610789769312777509e+00
-2.610754853756625415e+00
-2.610727219852098990e+00
-2.610706553105951677e+00
-2.610692987344362948e+00
-2.610686208864285707e+00
-2.610686354788928298e+00
-2.610693112148466444e+00
-2.610706621309658360e+00
-2.610726569980943879e+00
-2.610753101720595826e+00
-2.610785904862026996e+00
-2.610825126104899585e+00
-2.610870454355879833e+00
-2.610922039407354234e+00
-2.610979570689136331e+00
-2.611043201039433992e+00
-2.611112620362473269e+00
-2.611187984496819769e+00
-2.611268983773955998e+00
-2.611355776988627309e+00
-2.611448054853977574e+00
-2.611545979078228275e+00
-2.611649240711700681e+00
-2.611758004334924888e+00
-2.611871961292215438e+00
-2.611991278996392829e+00
-2.612115649043964982e+00
-2.612245241641274696e+00
-2.612379748596486362e+00
-2.612519342871856054e+00
-2.612663716447761963e+00
-2.612813045006067370e+00
-2.612967020661008721e+00
-2.613125821778861990e+00
-2.613289140570531632e+00
-2.613457158052479912e+00
-2.613629566496243672e+00
-2.613806549535313994e+00
-2.613987799466687356e+00
-2.614173502508982949e+00
-2.614363350950420717e+00
-2.614557533563620861e+00
-2.614755742594897736e+00
-2.614958169340716676e+00
-2.615164505973248676e+00
-2.615374946283584023e+00
-2.615589182338380336e+00
-2.615807410395054156e+00
-2.616029322384183953e+00
-2.616255117002070918e+00
-2.616484486013540334e+00
-2.616717630527130467e+00
-2.616954242113095130e+00
-2.617194524266336586e+00
-2.617438168334376147e+00
-2.617685380173506271e+00
-2.617935850881210058e+00
-2.618189788650821637e+00
-2.618446884303127220e+00
-2.618707348344944119e+00
-2.618970871294477920e+00
-2.619237665949190497e+00
-2.619507422499389726e+00
-2.619780356011064626e+00
-2.620056156322017493e+00
-2.620335040745250588e+00
-2.620616698742144646e+00
-2.620901349851756379e+00
-2.621188683135738717e+00
-2.621478920339061602e+00
-2.621771750100789777e+00
-2.622067396352133706e+00
-2.622365547287494270e+00
-2.622666429005224398e+00
-2.622969729233437519e+00
-2.623275676219138930e+00
-2.623583957203043937e+00
-2.623894802562946271e+00
-2.624207899031549829e+00
-2.624523479100006718e+00
-2.624841228972995211e+00
-2.625161383238087343e+00
-2.625483627552414045e+00
-2.625808198583559072e+00
-2.626134781422031494e+00
-2.626463614799463553e+00
-2.626794383221139562e+00
-2.627127327467323248e+00
-2.627462131439839421e+00
-2.627799037952639694e+00
-2.628137730286312035e+00
-2.628478453273941806e+00
-2.628820889557530460e+00
-2.629165285975205268e+00
-2.629511324513527537e+00
-2.629859254001832181e+00
-2.630208755754718020e+00
-2.630560080579538162e+00
-2.630912909102646857e+00
-2.631267494096546589e+00
-2.631623515483688447e+00
-2.631981227989006022e+00
-2.632340310815635576e+00
-2.632701020628955391e+00
-2.633063035897565296e+00
-2.633426615215438638e+00
-2.633791436302096223e+00
-2.634157759668527721e+00
-2.634525262270654089e+00
-2.634894206525522531e+00
-2.635264268611312133e+00
-2.635635712840409095e+00
-2.636008214599365740e+00
-2.636382040085371248e+00
-2.636756863880040935e+00
-2.637132954055130263e+00
-2.637509984374041494e+00
-2.637888224773329515e+00
-2.638267348185240113e+00
-2.638647626401586344e+00
-2.639028731510757897e+00
-2.639410937150553416e+00
-2.639793914553176801e+00
-2.640177939193376844e+00
-2.640562681435052461e+00
-2.640948418581171353e+00
-2.641334820115359250e+00
-2.641722165160479641e+00
-2.642110122308226838e+00
-2.642498972493033005e+00
-2.642888383403330099e+00
-2.643278637777202622e+00
-2.643669402388598488e+00
-2.644060961771525164e+00
-2.644452981774449096e+00
-2.644845748719879985e+00
-2.645238927520075389e+00
-2.645632806278778393e+00
-2.646027048961454575e+00
-2.646421945446084667e+00
-2.646817158740969678e+00
-2.647212980491604029e+00
-2.647609072738991820e+00
-2.648005728889359922e+00
-2.648402610006605151e+00
-2.648800011251379427e+00
-2.649197592700544668e+00
-2.649595651263025431e+00
-2.649993846019098598e+00
-2.650392475620034549e+00
-2.650791198139981208e+00
-2.651190313966737211e+00
-2.651589480159252776e+00
-2.651988998836134481e+00
-2.652388526031965732e+00
-2.652788365590933228e+00
-2.653188172514179932e+00
-2.653588252366193778e+00
-2.653988259106024650e+00
-2.654388500013316055e+00
-2.654788627996481409e+00
-2.655188952045309581e+00
-2.655589124009068769e+00
-2.655989454583103537e+00
-2.656389594549128930e+00
-2.656789856303428454e+00
-2.657189889551991424e+00
-2.657590008387643810e+00
-2.657989861432602297e+00
-2.658389764471821515e+00
-2.658789365035901575e+00
-2.659188980597954277e+00
-2.659588257588958449e+00
-2.659987515166210237e+00
-2.660386398653475482e+00
-2.660785228888342679e+00
-2.661183650079840479e+00
-2.661581984742160234e+00
-2.661979875962059428e+00
-2.662377647926828850e+00
-2.662774942593658878e+00
-2.663172085819434542e+00
-2.663568718424571102e+00
-2.663965167932305089e+00
-2.664361074019130804e+00
-2.664756765871395316e+00
-2.665151882014683338e+00
-2.665546753295489513e+00
-2.665941017081507436e+00
-2.666335005876402597e+00
-2.666728355883182022e+00
-2.667121401259931801e+00
-2.667513777038275968e+00
-2.667905819027877712e+00
-2.668297161082403779e+00
-2.668688140660599561e+00
-2.669078390431533165e+00
-2.669468249500563495e+00
-2.669857349345752695e+00
-2.670246030716675545e+00
-2.670633923894004891e+00
-2.671021371269317601e+00
-2.671408001919592490e+00
-2.671794159876198282e+00
-2.672179473006229600e+00
-2.672564286978879267e+00
-2.672948228445145791e+00
-2.673331644710026822e+00
-2.673714161202411344e+00
-2.674096126861307710e+00
-2.674477165887513053e+00
-2.674857628852183922e+00
-2.675237138722156072e+00
-2.675616047699067579e+00
-2.675993977509945942e+00
-2.676371281985332029e+00
-2.676747581606619963e+00
-2.677123231831788353e+00
-2.677497851890932701e+00
-2.677871798868003417e+00
-2.678244690736123701e+00
-2.678616886203962988e+00
-2.678988001982043343e+00
-2.679358398402527097e+00
-2.679727690907789839e+00
-2.680096241452298411e+00
-2.680463664204915997e+00
-2.680830322741214022e+00
-2.681195829951164455e+00
-2.681560551030531148e+00
-2.681924097584873934e+00
-2.682286836429303101e+00
-2.682648377879704338e+00
-2.683009090369643523e+00
-2.683368582920100831e+00
-2.683727225582302367e+00
-2.684084626077078095e+00
-2.684441156072628232e+00
-2.684796421984506853e+00
-2.685150797097269226e+00
-2.685503886516028338e+00
-2.685856065141150939e+00
-2.686206936762303155e+00
-2.686556877895042383e+00
-2.686905491008636293e+00
-2.687253154233512742e+00
-2.687599468713386397e+00
-2.687944814193227394e+00
-2.688288790486362601e+00
-2.688631778951961149e+00
-2.688973378067986530e+00
-2.689313970807657217e+00
-2.689653154308697225e+00
-2.689991313158186514e+00
-2.690328043148864534e+00
-2.690663730481458238e+00
-2.690997969598910800e+00
-2.691331148315696531e+00
-2.691662859720147072e+00
-2.691993493240458779e+00
-2.692322640605685713e+00
-2.692650692857745831e+00
-2.692977240361749569e+00
-2.693302675773571409e+00
-2.693626588089624629e+00
-2.693949371579882790e+00
-2.694270613867592701e+00
-2.694590710836952230e+00
-2.694909248733432072e+00
-2.695226625055838987e+00
-2.695542424667213055e+00
-2.695857046681415792e+00
-2.696170074574453235e+00
-2.696481909075658212e+00
-2.696792132269489439e+00
-2.697101146501206248e+00
-2.697408532459252939e+00
-2.697714694105285194e+00
-2.698019210727319539e+00
-2.698322487903960898e+00
-2.698624103518331374e+00
-2.698924464766578435e+00
-2.699223148122555038e+00
-2.699520562400589352e+00
-2.699816282660911337e+00
-2.700110719336721310e+00
-2.700403446070162250e+00
-2.700694874914171262e+00
-2.700984578088440724e+00
-2.701272969266411028e+00
-2.701559619241013621e+00
-2.701844943307035507e+00
-2.702128510826277363e+00
-2.702410738715806726e+00
-2.702691194902094640e+00
-2.702970297925369803e+00
-2.703247614272377142e+00
-2.703523564107565669e+00
-2.703797712473765547e+00
-2.704070481160630202e+00
-2.704341433762770031e+00
-2.704610993696193511e+00
-2.704878723103062210e+00
-2.705145047026760174e+00
-2.705409526152823485e+00
-2.705672587153207687e+00
-2.705933789252597421e+00
-2.706193560752740090e+00
-2.706451459413296678e+00
-2.706707915166929990e+00
-2.706962484304143768e+00
-2.707215598389939970e+00
-2.707466812241331677e+00
-2.707716559056984273e+00
-2.707964392176385626e+00
-2.708210746433191041e+00
-2.708455173685127004e+00
-2.708698110402263382e+00
-2.708939106956475662e+00
-2.709178601455701774e+00
-2.709416142781819303e+00
-2.709652170682085526e+00
-2.709886232544251872e+00
-2.710118769756460377e+00
-2.710349328208250252e+00
-2.710578350930105351e+00
-2.710805382309238176e+00
-2.711030867020210344e+00
-2.711254347943781617e+00
-2.711476271400106164e+00
-2.711696178759399167e+00
-2.711914517989168605e+00
-2.712130828945009231e+00
-2.712345561243440617e+00
-2.712558253221360793e+00
-2.712769356145988464e+00
-2.712978406831509925e+00
-2.713185858197653566e+00
-2.713391245531732832e+00
-2.713595023407832763e+00
-2.713796725582354519e+00
-2.713996808285553008e+00
-2.714194803738823936e+00
-2.714391169830526529e+00
-2.714585437243006716e+00
-2.714778065524587003e+00
-2.714968583814481029e+00
-2.715157453322991632e+00
-2.715344201642123867e+00
-2.715529291646076260e+00
-2.715712249375674681e+00
-2.715893539371008192e+00
-2.716072686117660506e+00
-2.716250155823656698e+00
-2.716425471415226944e+00
-2.716599100770489272e+00
-2.716770565252268899e+00
-2.716940334410854252e+00
-2.717107928041591514e+00
-2.717273817369132427e+00
-2.717437520617300262e+00
-2.717599510687231934e+00
-2.717759304227171047e+00
-2.717917375816977898e+00
-2.718073240525247680e+00
-2.718227374612860014e+00
-2.718379291564664069e+00
-2.718529469324759695e+00
-2.718677419790219041e+00
-2.718823622590752276e+00
-2.718967588031542260e+00
-2.719109797430172115e+00
-2.719249759495992347e+00
-2.719387957236773623e+00
-2.719523897761870312e+00
-2.719658065771755506e+00
-2.719789966771660961e+00
-2.719920087157212674e+00
-2.720047930825475468e+00
-2.720173985869586808e+00
-2.720297754574373172e+00
-2.720419726733038335e+00
-2.720539403014093249e+00
-2.720657274913262480e+00
-2.720772841478633630e+00
-2.720886595911057082e+00
-2.720998035634100365e+00
-2.721107655556277205e+00
-2.721214951472514798e+00
-2.721320420001654306e+00
-2.721423555305826802e+00
-2.721524855716834335e+00
-2.721623813759937338e+00
-2.721720929482543294e+00
-2.721815693768902200e+00
-2.721908608384699946e+00
-2.721999162569056718e+00
-2.722087859808712818e+00
-2.722174187693474856e+00
-2.722258651433898002e+00
-2.722340736966354591e+00
-2.722420951227930264e+00
-2.722498778497394412e+00
-2.722574727441276821e+00
-2.722648280676551291e+00
-2.722719948601941109e+00
-2.722789212168474027e+00
-2.722856583510048001e+00
-2.722921541907508569e+00
-2.722984601232739443e+00
-2.723045239092280578e+00
-2.723103971098926657e+00
-2.723160273180662116e+00
-2.723214662694218191e+00
-2.723266613884790743e+00
-2.723316645855991869e+00
-2.723364231166029104e+00
-2.723409890668374356e+00
-2.723453095230032872e+00
-2.723494367457447218e+00
-2.723533176522086485e+00
-2.723570046786453425e+00
-2.723604445722221268e+00
-2.723636899451026494e+00
-2.723666873740492100e+00
-2.723694896474519123e+00
-2.723720431712451262e+00
-2.723744009103575614e+00
-2.723765090994565874e+00
-2.723784208803326390e+00
-2.723800823159648221e+00
-2.723815467253197120e+00
-2.723827599992511228e+00
-2.723837756342327943e+00
-2.723845393485572419e+00
-2.723851048165275568e+00
-2.723854175834453439e+00
-2.723855315017724710e+00
-2.723853919433841586e+00
-2.723850529392332742e+00
-2.723844596873209234e+00
-2.723836663974384731e+00
-2.723826180932754859e+00
-2.723813691637841039e+00
-2.723798644579138895e+00
-2.723781585441219288e+00
-2.723761960961618378e+00
-2.723740318623497636e+00
-2.723716103408035050e+00
-2.723689864600320920e+00
-2.723661045420759041e+00
-2.723630196959920369e+00
-2.723596760672984285e+00
-2.723561289459412116e+00
-2.723523223004701066e+00
-2.723483116020840367e+00
-2.723440406419080251e+00
-2.723395650727489681e+00
-2.723348285078600384e+00
-2.723298867820204805e+00
-2.723246833301487868e+00
-2.723192741693591934e+00
-2.723136025557903128e+00
-2.723077246892515291e+00
-2.723015836466466943e+00
-2.722952358108509330e+00
-2.722886240790661549e+00
-2.722818050176099902e+00
-2.722747213435265046e+00
-2.722674298069478027e+00
-2.722598729442968324e+00
-2.722521076898946291e+00
-2.722440763990822798e+00
-2.722358361907494917e+00
-2.722273292386941268e+00
-2.722186128467493749e+00
-2.722096290067031354e+00
-2.722004352077281197e+00
-2.721909732591205611e+00
-2.721813008357871766e+00
-2.721713595640622430e+00
-2.721612073049712865e+00
-2.721507855014191346e+00
-2.721401522009422536e+00
-2.721292486625476847e+00
-2.721181331206693699e+00
-2.721067466499373921e+00
-2.720951476720967932e+00
-2.720832770769114006e+00
-2.720711934738412108e+00
-2.720588375673071546e+00
-2.720462681548803108e+00
-2.720334257551633605e+00
-2.720203693542526224e+00
-2.720070392844319063e+00
-2.719934947207339082e+00
-2.719796758086520327e+00
-2.719656419125628499e+00
-2.719513329906739774e+00
-2.719368085971256122e+00
-2.719220085023492217e+00
-2.719069924506710478e+00
-2.718917000242480064e+00
-2.718761911580110269e+00
-2.718604052453546860e+00
-2.718444024122394609e+00
-2.718281218627964346e+00
-2.718116239144447999e+00
-2.717948475815447296e+00
-2.717778533734134250e+00
-2.717605801141411703e+00
-2.717430885053681688e+00
-2.717253171804145051e+00
-2.717073270336816559e+00
-2.716890565072065833e+00
-2.716705666885918635e+00
-2.716517958280889822e+00
-2.716328052069427734e+00
-2.716135328830985518e+00
-2.715940403319022867e+00
-2.715742654184704730e+00
-2.715542698126913734e+00
-2.715339911863503097e+00
-2.715134914043269010e+00
-2.714927079445524694e+00
-2.714717028673534482e+00
-2.714504134562792714e+00
-2.714289019675686809e+00
-2.714071054898680391e+00
-2.713850864757763048e+00
-2.713627818185176732e+00
-2.713402541675220991e+00
-2.713174402200467128e+00
-2.712944028228303939e+00
-2.712710784766320327e+00
-2.712475302259558685e+00
-2.712236943745418127e+00
-2.711996341651298437e+00
-2.711752857038945308e+00
-2.711507124322998230e+00
-2.711258502584108054e+00
-2.711007628228865762e+00
-2.710753858351472534e+00
-2.710497831355297205e+00
-2.710238902342625877e+00
-2.709977711718425830e+00
-2.709713612587623555e+00
-2.709447247361678190e+00
-2.709177967142566423e+00
-2.708906416353250357e+00
-2.708631944087148469e+00
-2.708355196783698293e+00
-2.708075521522257834e+00
-2.707793566763571746e+00
-2.707508677567435296e+00
-2.707221504420947777e+00
-2.706931390358620515e+00
-2.706638987899024240e+00
-2.706343638045690003e+00
-2.706045995353689282e+00
-2.705745398789964451e+00
-2.705442504951213856e+00
-2.705136650762040240e+00
-2.704828494865882949e+00
-2.704517372139219056e+00
-2.704203943277532218e+00
-2.703887541103317638e+00
-2.703568828369229404e+00
-2.703247135838160009e+00
-2.702923128325051216e+00
-2.702596134527326832e+00
-2.702266821327552471e+00
-2.701934515351755550e+00
-2.701599885555505676e+00
-2.701262256487483082e+00
-2.700922299181590880e+00
-2.700579336103311689e+00
-2.700234040370125488e+00
-2.699885732358325630e+00
-2.699535087274496536e+00
-2.699181423399759971e+00
-2.698825418035232016e+00
-2.698466387360676677e+00
-2.698105010777273716e+00
-2.697740602357544315e+00
-2.697373843608016575e+00
-2.697004046487886608e+00
-2.696631894614752056e+00
-2.696256697828253390e+00
-2.695879141862552064e+00
-2.695498534431562732e+00
-2.695115563391755842e+00
-2.694729534325083442e+00
-2.694341137215847670e+00
-2.693949675507867347e+00
-2.693555841319056121e+00
-2.693158935948728239e+00
-2.692759653654055896e+00
-2.692357293583649724e+00
-2.691952552139692312e+00
-2.691544726313702895e+00
-2.691134514658619192e+00
-2.690721212002589624e+00
-2.690305519055080641e+00
-2.689886728474376376e+00
-2.689465543132419700e+00
-2.689041253511169405e+00
-2.688614564650896988e+00
-2.688184764850783726e+00
-2.687752561325377876e+00
-2.687317240184463607e+00
-2.686879510822852701e+00
-2.686438657154422760e+00
-2.685995390760247403e+00
-2.685548993351658975e+00
-2.685100178701977036e+00
-2.684648226313442798e+00
-2.684193852157668481e+00
-2.683736333521031803e+00
-2.683276388579693972e+00
-2.682813292397400406e+00
-2.682347765360909797e+00
-2.681879080304632623e+00
-2.681407959832156074e+00
-2.680933674541733147e+00
-2.680456949259950150e+00
-2.679977052342101818e+00
-2.679494710844080085e+00
-2.679009190871209256e+00
-2.678521221715012945e+00
-2.678030067224068222e+00
-2.677536458931765839e+00
-2.677039658422889268e+00
-2.676540399479118815e+00
-2.676037941414524113e+00
-2.675533020265425943e+00
-2.675024893068063570e+00
-2.674514298119931244e+00
-2.674000490172333766e+00
-2.673484209790396804e+00
-2.672964709433303998e+00
-2.672442731940447125e+00
-2.671917527471708631e+00
-2.671389841147226551e+00
-2.670858920820355920e+00
-2.670325513898576641e+00
-2.669788865921535415e+00
-2.669249726590710470e+00
-2.668707339124640310e+00
-2.668162455525438403e+00
-2.667614316683271980e+00
-2.667063676907596825e+00
-2.666509774752756190e+00
-2.665953366842354733e+00
-2.665393689387405285e+00
-2.664831501332531438e+00
-2.664266036537894067e+00
-2.663698056275956016e+00
-2.663126792048467806e+00
-2.662553007462618027e+00
-2.661975931654165350e+00
-2.661396330571955904e+00
-2.660813430978087535e+00
-2.660228001170017009e+00
-2.659639265528523477e+00
-2.659047994706652762e+00
-2.658453410696131503e+00
-2.657856286512646271e+00
-2.657255841751022807e+00
-2.656652851796736492e+00
-2.656046533839853119e+00
-2.655437665642716105e+00
-2.654825461982765145e+00
-2.654210703006421923e+00
-2.653592601070547286e+00
-2.652971938712778588e+00
-2.652347925861358924e+00
-2.651721347452516309e+00
-2.651091410977823415e+00
-2.650458903779370878e+00
-2.649823030903847076e+00
-2.649184582106552277e+00
-2.648542759981268979e+00
-2.647898356703834111e+00
-2.647250572406834035e+00
-2.646600201694101262e+00
-2.645946442228773510e+00
-2.645290091050111592e+00
-2.644630343343479240e+00
-2.643967998591108870e+00
-2.643302249492140099e+00
-2.642633897979364210e+00
-2.641962134257237693e+00
-2.641287762716712173e+00
-2.640609971059068251e+00
-2.639929566141006489e+00
-2.639245733152105089e+00
-2.638559281422501179e+00
-2.637869393621417924e+00
-2.637176881560211683e+00
-2.636480925378916762e+00
-2.635782339377994887e+00
-2.635080301159657967e+00
-2.634375627521077678e+00
-2.633667493517885649e+00
-2.632956718451854083e+00
-2.632242474823149880e+00
-2.631525584446110066e+00
-2.630805217256388939e+00
-2.630082197588865967e+00
-2.629355692805759315e+00
-2.628626529770439202e+00
-2.627893873262562074e+00
-2.627158552682035353e+00
-2.626419730216934312e+00
-2.625678237811740257e+00
-2.624933235053641845e+00
-2.624185556439933897e+00
-2.623434358947595690e+00
-2.622680479634940998e+00
-2.621923072859435599e+00
-2.621162978248499975e+00
-2.620399347530812939e+00
-2.619633022911180387e+00
-2.618863153479912498e+00
-2.618090584027605416e+00
-2.617314460996603920e+00
-2.616535631771637505e+00
-2.615753240137567381e+00
-2.614968136081527561e+00
-2.614179460721285153e+00
-2.613388066654877662e+00
-2.612593092323111765e+00
-2.611795392943493610e+00
-2.610994104270028870e+00
-2.610190084148248602e+00
-2.609382465635451620e+00
-2.608572109213680434e+00
-2.607758145233668223e+00
-2.606941436822663327e+00
-2.606121111614622343e+00
-2.605298035390727573e+00
-2.604471333058120841e+00
-2.603641873060614120e+00
-2.602808777568240917e+00
-2.601972917696269150e+00
-2.601133412867421502e+00
-2.600291136877235232e+00
-2.599445206390683438e+00
-2.598596497892478929e+00
-2.597744125279421556e+00
-2.596888967734316989e+00
-2.596030136375346409e+00
-2.595168513092289242e+00
-2.594303206214131574e+00
-2.593435100346723754e+00
-2.592563301019120026e+00
-2.591688695562353484e+00
-2.590810386694748058e+00
-2.589929264481672710e+00
-2.589044428819927468e+00
-2.588156772518332982e+00
-2.587265392641263428e+00
-2.586371184750305030e+00
-2.585473243066292781e+00
-2.584572465912870154e+00
-2.583667944656380833e+00
-2.582760580391774141e+00
-2.581849461619684760e+00
-2.580935492215863825e+00
-2.580017757803962475e+00
-2.579097165049951457e+00
-2.578172796689199853e+00
-2.577245562187430838e+00
-2.576314541380244183e+00
-2.575380646542713148e+00
-2.574442954599160505e+00
-2.573502380643643228e+00
-2.572557998677613256e+00
-2.571610726623823062e+00
-2.570659635549229716e+00
-2.569705646214927253e+00
-2.568747826741565543e+00
-2.567787100738502470e+00
-2.566822533368242176e+00
-2.565855051098238970e+00
-2.564883716120902601e+00
-2.563909457771746503e+00
-2.562931335261084520e+00
-2.561950280802458124e+00
-2.560965350611937641e+00
-2.559977479791259114e+00
-2.558985721550019132e+00
-2.557991013888258003e+00
-2.556992406996869693e+00
-2.555990841784365308e+00
-2.554985365410577192e+00
-2.553976921702793224e+00
-2.552964554777296335e+00
-2.551949211390576622e+00
-2.550929932602793215e+00
-2.549907668109980374e+00
-2.548881455903630577e+00
-2.547852248629889793e+00
-2.546819081198786971e+00
-2.545782909217215284e+00
-2.544742764500949495e+00
-2.543699605628181981e+00
-2.542652461307670197e+00
-2.541602293099683774e+00
-2.540548126592941269e+00
-2.539490926340613353e+00
-2.538429714798326131e+00
-2.537365459523158506e+00
-2.536297179824456460e+00
-2.535225846274228978e+00
-2.534150475022350690e+00
-2.533072039666782516e+00
-2.531989553184692987e+00
-2.530903992211253062e+00
-2.529814366537531001e+00
-2.528721655847109506e+00
-2.527624866731521980e+00
-2.526524981934285208e+00
-2.525421004833840577e+00
-2.524313921244991210e+00
-2.523202731319547532e+00
-2.522088423955295422e+00
-2.520969996063659124e+00
-2.519848439637075721e+00
-2.518722748332881345e+00
-2.517593917249978386e+00
-2.516460936777791702e+00
-2.515324805133572372e+00
-2.514184509424939318e+00
-2.513041050999575976e+00
-2.511893413669306518e+00
-2.510742601924425887e+00
-2.509587596266897425e+00
-2.508429404341906199e+00
-2.507267003327426025e+00
-2.506101404035955049e+00
-2.504931580307381278e+00
-2.503758546133978413e+00
-2.502581272003279622e+00
-2.501400775100035556e+00
-2.500216022545111993e+00
-2.499028034728570269e+00
-2.497835775390227386e+00
-2.496640268138383689e+00
-2.495440473317343866e+00
-2.494237417766747456e+00
-2.493030058421002781e+00
-2.491819425364231844e+00
-2.490604472106293432e+00
-2.489386231989303866e+00
-2.488163655084042691e+00
-2.486937778003996957e+00
-2.485707547366207582e+00
-2.484474003069331083e+00
-2.483236088261927765e+00
-2.481994846141614808e+00
-2.480749216373713484e+00
-2.479500245468876596e+00
-2.478246869594376900e+00
-2.476990138587988888e+00
-2.475728985104141078e+00
-2.474464462322130576e+00
-2.473195499368532335e+00
-2.471923152778721988e+00
-2.470646348136549264e+00
-2.469366145348092623e+00
-2.468081466439516980e+00
-2.466793374702440644e+00
-2.465500788590339276e+00
-2.464204774795550446e+00
-2.462904248183671374e+00
-2.461600278862984492e+00
-2.460291778096131754e+00
-2.458979819422892898e+00
-2.457663310487786745e+00
-2.456343328277656557e+00
-2.455018776803735925e+00
-2.453690736515795834e+00
-2.452358107776635876e+00
-2.451021974514993929e+00
-2.449681233429914951e+00
-2.448336971945452412e+00
-2.446988083081622189e+00
-2.445635657774193117e+00
-2.444278585348886423e+00
-2.442917960269944899e+00
-2.441552668153427419e+00
-2.440183807008957650e+00
-2.438810258727601266e+00
-2.437433124881430491e+00
-2.436051283621150532e+00
-2.434665840098761969e+00
-2.433275668709095729e+00
-2.431881878201642699e+00
-2.430483339200006920e+00
-2.429081164068994436e+00
-2.427674219645520548e+00
-2.426263621927783110e+00
-2.424848233950429144e+00
-2.423429175363442489e+00
-2.422005305383722717e+00
-2.420577747331530194e+00
-2.419145356590513440e+00
-2.417709260170044061e+00
-2.416268309604899578e+00
-2.414823635612577846e+00
-2.413374085863535523e+00
-2.411920794802691503e+00
-2.410462606220498571e+00
-2.409000658308842358e+00
-2.407533790962566034e+00
-2.406063146140462017e+00
-2.404587559825977827e+00
-2.403108177764871733e+00
-2.401623832013671578e+00
-2.400135672125310649e+00
-2.398642526213679904e+00
-2.397145547659619069e+00
-2.395643560618576640e+00
-2.394137722320182515e+00
-2.392626852945732185e+00
-2.391112113594675126e+00
-2.389592320458448604e+00
-2.388068638527794274e+00
-2.386539879988360369e+00
-2.385007213743939314e+00
-2.383469447958574516e+00
-2.381927755470949926e+00
-2.380380940407668788e+00
-2.378830179564620728e+00
-2.377274273015062445e+00
-2.375714401534514852e+00
-2.374149361126901780e+00
-2.372580336570274007e+00
-2.371006119783226840e+00
-2.369427899569291007e+00
-2.367844463745794048e+00
-2.366257005165136817e+00
-2.364664307527178710e+00
-2.363067567756857557e+00
-2.361465565420505452e+00
-2.359859501539474103e+00
-2.358248151530313752e+00
-2.356632720535020820e+00
-2.355011979804191302e+00
-2.353387138624877473e+00
-2.351756964065390143e+00
-2.350122669582599411e+00
-2.348483018046289672e+00
-2.346839227108053372e+00
-2.345190055422715414e+00
-2.343536724862006704e+00
-2.341877989849234343e+00
-2.340215076501828140e+00
-2.338546734995007981e+00
-2.336874195717784097e+00
-2.335196204580712198e+00
-2.333513996270458968e+00
-2.331826312416168889e+00
-2.330134392028631041e+00
-2.328436972438710395e+00
-2.326735297008001080e+00
-2.325028098752201622e+00
-2.323316625410730474e+00
-2.321599605667060473e+00
-2.319878291665597558e+00
-2.318151407740568271e+00
-2.316420210468860041e+00
-2.314683419818152288e+00
-2.312942296825692967e+00
-2.311195557075227391e+00
-2.309444466092360759e+00
-2.307687735059494205e+00
-2.305926634018830690e+00
-2.304159869733824362e+00
-2.302388716791998302e+00
-2.300611877520040149e+00
-2.298830631079518572e+00
-2.297043675342555158e+00
-2.295252294073894639e+00
-2.293455180673000804e+00
-2.291653623537202034e+00
-2.289846311575069571e+00
-2.288034537846066030e+00
-2.286216986749644686e+00
-2.284394956037249180e+00
-2.282567125580562628e+00
-2.280734797853148699e+00
-2.278896648180287698e+00
-2.277053983788033253e+00
-2.275205475436243407e+00
-2.273352435134146532e+00
-2.271493529057118099e+00
-2.269630074028315292e+00
-2.267760731619381520e+00
-2.265886823498493907e+00
-2.264007006614003448e+00
-2.262122607510508754e+00
-2.260232278493278457e+00
-2.258337351014872318e+00
-2.256436472717581410e+00
-2.254530979993645712e+00
-2.252619515802186889e+00
-2.250703421507244339e+00
-2.248781335364239187e+00
-2.246854603741182288e+00
-2.244921860169243111e+00
-2.242984456052777631e+00
-2.241041020177707122e+00
-2.239092909017546873e+00
-2.237138746591688765e+00
-2.235179894475653573e+00
-2.233214971900746360e+00
-2.231245345577740569e+00
-2.229269629928051444e+00
-2.227289196830918971e+00
-2.225302655875846192e+00
-2.223311384144050606e+00
-2.221313986370740068e+00
-2.219311844872876804e+00
-2.217303559508554844e+00
-2.215290517864505926e+00
-2.213271314898686448e+00
-2.211247343501678397e+00
-2.209217193707962323e+00
-2.207182263746307882e+00
-2.205141138704028503e+00
-2.203095222182626767e+00
-2.201043094298103409e+00
-2.198986164059470561e+00
-2.196923006587048643e+00
-2.194855036332239440e+00
-2.192780823394862466e+00
-2.190701787703920100e+00
-2.188616494313505356e+00
-2.186526368665467235e+00
-2.184429970742679306e+00
-2.182328731535348343e+00
-2.180221205929210537e+00
-2.178108830498458826e+00
-2.175990155005309123e+00
-2.173866621643832264e+00
-2.171736775025952415e+00
-2.169602063001714765e+00
-2.167461025005589903e+00
-2.165315114579761335e+00
-2.163162865953607295e+00
-2.161005738397945297e+00
-2.158842260909015209e+00
-2.156673898522801114e+00
-2.154499174973948605e+00
-2.152319561100367817e+00
-2.150133575346183434e+00
-2.147942694388176310e+00
-2.145745431350538190e+00
-2.143543268786155753e+00
-2.141334714469294020e+00
-2.139121256866246323e+00
-2.136901398371102268e+00
-2.134676633400995449e+00
-2.132445458939029148e+00
-2.130209375390916371e+00
-2.127966874297340993e+00
-2.125719462090502887e+00
-2.123465624836879506e+00
-2.121206875033141870e+00
-2.118941693239278390e+00
-2.116671598054715719e+00
-2.114395064499964949e+00
-2.112113617315702019e+00
-2.109825725949689978e+00
-2.107532921322371244e+00
-2.105233667274788445e+00
-2.102929500946093100e+00
-2.100618880536166522e+00
-2.098303349441813737e+00
-2.095981360186782272e+00
-2.093654462464770827e+00
-2.091321103087825595e+00
-2.088982838085912341e+00
-2.086638108523372281e+00
-2.084288476806117174e+00
-2.081932378213986468e+00
-2.079571381568628752e+00
-2.077203916328255406e+00
-2.074831557770353996e+00
-2.072452729493578172e+00
-2.070069013271563563e+00
-2.067678826805032788e+00
-2.065283758404219405e+00
-2.062882219832943509e+00
-2.060475805978769337e+00
-2.058062922629075864e+00
-2.055645171289635975e+00
-2.053220951731201449e+00
-2.050791872119027470e+00
-2.048356326166383745e+00
-2.045915928739451939e+00
-2.043469067452615473e+00
-2.041017363914695348e+00
-2.038559199599177418e+00
-2.036096202899385421e+00
-2.033626749105327480e+00
-2.031152473437071837e+00
-2.028671744957782241e+00
-2.026186205756830283e+00
-2.023694218626569175e+00
-2.021197432568423213e+00
-2.018694204059456876e+00
-2.016186189056138112e+00
-2.013671737675038376e+00
-2.011152512871048348e+00
-2.008626858354340516e+00
-2.006096444121888922e+00
-2.003559607430934530e+00
-2.001018025364596387e+00
-1.998470028679961485e+00
-1.995917301590439452e+00
-1.993358168305270350e+00
-1.990794320212758706e+00
-1.988224074925654339e+00
-1.985649131052195315e+00
-1.983067799559484978e+00
-1.980481786320967386e+00
-1.977889395608168011e+00
-1.975292340605350416e+00
-1.972688918838005012e+00
-1.970080850847275800e+00
-1.967466427361187264e+00
-1.964847376324273309e+00
-1.962221981615161592e+00
-1.959591978628501874e+00
-1.956955644340900857e+00
-1.954314721644287767e+00
-1.951667480559896362e+00
-1.949015671524570559e+00
-1.946357557550021156e+00
-1.943694896666091854e+00
-1.941025944820151672e+00
-1.938352467683496450e+00
-1.935672714083653378e+00
-1.932988457382280423e+00
-1.930297939230775306e+00
-1.927602940730562597e+00
-1.924901696299952114e+00
-1.922195994829904331e+00
-1.919484063447920441e+00
-1.916767698884916049e+00
-1.914045120919048992e+00
-1.911318134172030891e+00
-1.908584951013429842e+00
-1.905847384007080203e+00
-1.903103638054027602e+00
-1.900355533712135170e+00
-1.897601268353072523e+00
-1.894842670581192046e+00
-1.892077930177298306e+00
-1.889308883845172371e+00
-1.886533713712494453e+00
-1.883754264635952858e+00
-1.880968711027005913e+00
-1.878178905949492217e+00
-1.875383016034705363e+00
-1.872582902608343369e+00
-1.869776724456915229e+00
-1.866966351223283249e+00
-1.864149933783663560e+00
-1.861329350154116380e+00
-1.858502743234333954e+00
-1.855671999470114519e+00
-1.852835253717492137e+00
-1.849994400909353187e+00
-1.847147567790134559e+00
-1.844296657837781961e+00
-1.841439789616375000e+00
-1.838578875207527163e+00
-1.835712024925384656e+00
-1.832841159514587037e+00
-1.829964380968959414e+00
-1.827083618756251582e+00
-1.824196966478518922e+00
-1.821306362387598021e+00
-1.818409891621663554e+00
-1.815509501278040005e+00
-1.812603267958094122e+00
-1.809693147667007729e+00
-1.806777208395379919e+00
-1.803857415119526575e+00
-1.800931827144362396e+00
-1.798002418481266851e+00
-1.795067239673823201e+00
-1.792128273833329510e+00
-1.789183562665362270e+00
-1.786235098446783631e+00
-1.783280913967640435e+00
-1.780323010736840850e+00
-1.777359412550412410e+00
-1.774392130216842167e+00
-1.771419178458650157e+00
-1.768442577452127740e+00
-1.765460332765966367e+00
-1.762474474013586034e+00
-1.759482997528353465e+00
-1.756487942431117943e+00
-1.753487295737592877e+00
-1.750483106147147749e+00
-1.747473351274476006e+00
-1.744460089469757058e+00
-1.741441288862277004e+00
-1.738419017526088295e+00
-1.735391234019767248e+00
-1.732360016215427345e+00
-1.729323313014558217e+00
-1.726283212162615266e+00
-1.723237652816423049e+00
-1.720188732671108722e+00
-1.717134381050370528e+00
-1.714076705676489398e+00
-1.711013625950255079e+00
-1.707947259699727383e+00
-1.704875516312099437e+00
-1.701800523800857778e+00
-1.698720181447727295e+00
-1.695636627532491225e+00
-1.692547751138482992e+00
-1.689455700893787826e+00
-1.686358355589142377e+00
-1.683257874284284306e+00
-1.680152125382064821e+00
-1.677043278458292930e+00
-1.673929191431433150e+00
-1.670812044479136782e+00
-1.667689684937831540e+00
-1.664564303674059165e+00
-1.661433737343144257e+00
-1.658300187588901187e+00
-1.655161480285524567e+00
-1.652019827943624675e+00
-1.648873045554787309e+00
-1.645723356587638131e+00
-1.642568565048238671e+00
-1.639410905455735534e+00
-1.636248170726664730e+00
-1.633082606524393743e+00
-1.629911994570568678e+00
-1.626738591768188469e+00
-1.623560168537154125e+00
-1.620378993116882604e+00
-1.617192824517336591e+00
-1.614003942412612247e+00
-1.610810094293214423e+00
-1.607613571367772165e+00
-1.604412109496186067e+00
-1.601208011523040042e+00
-1.597999001565168387e+00
-1.594787394205976039e+00
-1.591570901705418706e+00
-1.588351850490220540e+00
-1.585127940847832040e+00
-1.581901511154648610e+00
-1.578670249608584708e+00
-1.575436506643590473e+00
-1.572197958249390126e+00
-1.568956967027123506e+00
-1.565711196638037261e+00
-1.562463021961895793e+00
-1.559210094209578346e+00
-1.555954800652680881e+00
-1.552694779928015301e+00
-1.549432431814085964e+00
-1.546165382248327891e+00
-1.542896043632989045e+00
-1.539622029079162235e+00
-1.536345763731493230e+00
-1.533064847745933879e+00
-1.529781719130276052e+00
-1.526493964954486637e+00
-1.523204036212399082e+00
-1.519909506755493300e+00
-1.516612840688061681e+00
-1.513311598508791711e+00
-1.510008257559257272e+00
-1.506700364848947205e+00
-1.503390411085455680e+00
-1.500075929650797502e+00
-1.496759424749619871e+00
-1.493438415995973712e+00
-1.490115421224720293e+00
-1.486787946139541683e+00
-1.483458522340900254e+00
-1.480124641477537750e+00
-1.476788849053104258e+00
-1.473448622514747619e+00
-1.470106521409189515e+00
-1.466760008833163820e+00
-1.463411658518755765e+00
-1.460058919061069993e+00
-1.456704378522270416e+00
-1.453345470842344334e+00
-1.449984798560835619e+00
-1.446619780806751132e+00
-1.443253034746612595e+00
-1.439881964540257631e+00
-1.436509202133414265e+00
-1.433132136556156455e+00
-1.429753414688285096e+00
-1.426370410266786681e+00
-1.422985785263107150e+00
-1.419596897955444526e+00
-1.416206425567116955e+00
-1.412811710749149574e+00
-1.409415446139734129e+00
-1.406014958591643493e+00
-1.402612956323876947e+00
-1.399206750217047324e+00
-1.395799064239783727e+00
-1.392387193123882039e+00
-1.388973876759413306e+00
-1.385556393549777887e+00
-1.382137499481235432e+00
-1.378714456446328063e+00
-1.375290036705449248e+00
-1.371861485454700658e+00
-1.368431591409762893e+00
-1.364997582881652072e+00
-1.361562265225571888e+00
-1.358122849675739374e+00
-1.354682158414579174e+00
-1.351237385404368885e+00
-1.347791369845840137e+00
-1.344341288230934905e+00
-1.340889996973247955e+00
-1.337434654892627472e+00
-1.333978135813485677e+00
-1.330517580678310274e+00
-1.327055880924165487e+00
-1.323590159407273870e+00
-1.320123325382698498e+00
-1.316652483407904972e+00
-1.313180560765194294e+00
-1.309704643497018317e+00
-1.306227677125997522e+00
-1.302746728959437661e+00
-1.299264762977370813e+00
-1.295778827527883426e+00
-1.292291905269646213e+00
-1.288801025363392805e+00
-1.285309189371715899e+00
-1.281813407035766517e+00
-1.278316699051722960e+00
-1.274816055504582657e+00
-1.271314516458073030e+00
-1.267809052100280942e+00
-1.264302722100923537e+00
-1.260792476505739002e+00
-1.257281394833633437e+00
-1.253766406737962580e+00
-1.250250611834643921e+00
-1.246730919130045745e+00
-1.243210448589685990e+00
-1.239686088313427526e+00
-1.236160978873968697e+00
-1.232631987200246471e+00
-1.229102274734802380e+00
-1.225568686966034493e+00
-1.222034406474222790e+00
-1.218496257032435581e+00
-1.214957442631920070e+00
-1.211414765050264908e+00
-1.207871449968341615e+00
-1.204324276882573264e+00
-1.200776493447732962e+00
-1.197224856587813635e+00
-1.193672636221578376e+00
-1.190116566403293996e+00
-1.186559939611856906e+00
-1.182999466728609006e+00
-1.179438463094611311e+00
-1.175873616109061714e+00
-1.172308264283475010e+00
-1.168739071219226711e+00
-1.165169398913166177e+00
-1.161595886846696457e+00
-1.158021920823201212e+00
-1.154444115875388421e+00
-1.150865881941384616e+00
-1.147283809269373123e+00
-1.143701332267373028e+00
-1.140115016056369557e+00
-1.136528319856352054e+00
-1.132937783311106728e+00
-1.129346890802255698e+00
-1.125752156138843940e+00
-1.122157089221317960e+00
-1.118558177658691699e+00
-1.114958957235198111e+00
-1.111355888986726992e+00
-1.107752534954165480e+00
-1.104145329218990668e+00
-1.100537860459988693e+00
-1.096926535414441739e+00
-1.093314969788672375e+00
-1.089699542577489799e+00
-1.086083896913063951e+00
-1.082464383640427075e+00
-1.078844673725070091e+00
-1.075221089445659084e+00
-1.071597330017610927e+00
-1.067969688727399502e+00
-1.064341893466483002e+00
-1.060710208093355922e+00
-1.057078389611570302e+00
-1.053442672005860059e+00
-1.049806841837969795e+00
-1.046167102762695533e+00
-1.042527271356525231e+00
-1.038883520477436928e+00
-1.035239697184007879e+00
-1.031591943059450900e+00
-1.027944136122891816e+00
-1.024292386193434767e+00
-1.020640602740565228e+00
-1.016984863318220134e+00
-1.013329109347980594e+00
-1.009669385605294956e+00
-1.006009665977754208e+00
-1.002345961936511154e+00
-9.986822803617103617e-01
-9.950145988813803299e-01
-9.913469579077247573e-01
-9.876753006734609874e-01
-9.840037016758429456e-01
-9.803280691862266139e-01
-9.766525123537382891e-01
-9.729729039079835218e-01
-9.692933882313116145e-01
-9.656098019162788759e-01
-9.619263251744721854e-01
-9.582387578509994341e-01
-9.545513165980517023e-01
-9.508597638869986657e-01
-9.471683534379420344e-01
-9.434728097055646856e-01
-9.397774241217848878e-01
-9.360778824648762209e-01
-9.323785145392419205e-01
-9.286749667693718902e-01
-9.249716080105917504e-01
-9.212640446380729875e-01
-9.175566852546773733e-01
-9.138450954716194063e-01
-9.101337243550408074e-01
-9.064180960181638103e-01
-9.027027007253832780e-01
-8.989830203377008333e-01
-8.952635870732463808e-01
-8.915398397652996021e-01
-8.878163533623597559e-01
-8.840885228726221845e-01
-8.803609667734193511e-01
-8.766290354279953068e-01
-8.728973916635466290e-01
-8.691613403547920891e-01
-8.654255895235805074e-01
-8.616853976881082566e-01
-8.579455189340534638e-01
-8.542011645296803124e-01
-8.504571355190039261e-01
-8.467085950006268957e-01
-8.429603918979456934e-01
-8.392076401925314677e-01
-8.354552376357019527e-01
-8.316982481161073748e-01
-8.279416191900524913e-01
-8.241803636477051942e-01
-8.204194798572055358e-01
-8.166539284735262472e-01
-8.128887597144665023e-01
-8.091188810311256141e-01
-8.053493955609175581e-01
-8.015751564485562586e-01
-7.978013208547700685e-01
-7.940226864804740270e-01
-7.902444656482809915e-01
-7.864613994414257903e-01
-7.826787565195417740e-01
-7.788912201360473908e-01
-7.751041165009165956e-01
-7.713120697859529029e-01
-7.675204650044465948e-01
-7.637238659531708773e-01
-7.599277177433167996e-01
-7.561265224599194035e-01
-7.523257866498760382e-01
-7.485199493044676355e-01
-7.447145797894795249e-01
-7.409040525729808646e-01
-7.370940012702980049e-01
-7.332787343470902330e-01
-7.294639511484747318e-01
-7.256438926066858253e-01
-7.218243253287198735e-01
-7.179994211280312788e-01
-7.141750154599014744e-01
-7.103452093766274844e-01
-7.065159088252321862e-01
-7.026811423946383028e-01
-6.988468882269127658e-01
-6.950071006826975539e-01
-6.911678318648418751e-01
-6.873229600751959989e-01
-6.834786132089526456e-01
-6.796285916093275370e-01
-6.757791008646555353e-01
-6.719238613871356680e-01
-6.680691584314873976e-01
-6.642086304300973687e-01
-6.603486443537049944e-01
-6.564827545257994057e-01
-6.526174117631671212e-01
-6.487460840663927808e-01
-6.448753083130106534e-01
-6.409984638778636334e-01
-6.371221760028394909e-01
-6.332397330399291979e-01
-6.293578509932444831e-01
-6.254697246956424372e-01
-6.215821634103669835e-01
-6.176882658501805512e-01
-6.137949371389616049e-01
-6.098951771576164305e-01
-6.059959896031748006e-01
-6.020902726957898521e-01
-5.981851315348437614e-01
-5.942733597270638546e-01
-5.903621667275372742e-01
-5.864442384453527612e-01
-5.825268917758195109e-01
-5.786027017071526668e-01
-5.746790957984442283e-01
-5.707485347461753733e-01
-5.668185601444069022e-01
-5.628815148701599158e-01
-5.589450580803630997e-01
-5.550014111381703641e-01
-5.510583544579696902e-01
-5.471079840172954345e-01
-5.431582053598048576e-01
-5.392009850166773477e-01
-5.352443577216305926e-01
-5.312801562973306080e-01
-5.273165489296618436e-01
-5.233452302556398372e-01
-5.193745063901868964e-01
-5.153959290780930624e-01
-5.114179470697299834e-01
-5.074319642652982409e-01
-5.034465770025874365e-01
-4.994530361220479997e-01
-4.954600907635988705e-01
-4.914588332106530899e-01
-4.874581709021775233e-01
-4.834490317645596669e-01
-4.794404873350252561e-01
-4.754232950577901295e-01
-4.714066966926536706e-01
-4.673812727266317135e-01
-4.633564416163979960e-01
-4.593226000392379715e-01
-4.552893500001730098e-01
-4.512468971071992296e-01
-4.472050341721128808e-01
-4.431537680341464114e-01
-4.391030900100354462e-01
-4.350427999944039836e-01
-4.309830959834487496e-01
-4.269135622348482206e-01
-4.228446121149218584e-01
-4.187656049914766365e-01
-4.146871788521764857e-01
-4.105984583116611408e-01
-4.065103158403582384e-01
-4.024116307715609464e-01
-3.983135205844808846e-01
-3.942046080768425442e-01
-3.900962669885663647e-01
-3.859768515330248562e-01
-3.818580037571081554e-01
-3.777277963701693997e-01
-3.735981526430225963e-01
-3.694568499041280263e-01
-3.653161065220618120e-01
-3.611633895137290051e-01
-3.570112272728480640e-01
-3.528467604106382272e-01
-3.486828434366218143e-01
-3.445062731745799356e-01
-3.403302476276518496e-01
-3.361412010219187452e-01
-3.319526936604206280e-01
-3.277507767713388476e-01
-3.235493933531526367e-01
-3.193341894623800137e-01
-3.151195129617456181e-01
-3.108905805766445929e-01
-3.066621691883466005e-01
-3.024190398012911452e-01
-2.981764246992764100e-01
-2.939186002628650929e-01
-2.896612830750801559e-01
-2.853882331466910949e-01
-2.811156830990685362e-01
-2.768268415990436382e-01
-2.725384922729610082e-01
-2.682332537882388679e-01
-2.639284994238019211e-01
-2.596062149749602810e-01
-2.552844062371170120e-01
-2.509443784075374162e-01
-2.466048175143528975e-01
-2.422462948163517649e-01
-2.378882299044643989e-01
-2.335104002269321466e-01
-2.291330187980805400e-01
-2.247350017405971845e-01
-2.203374229946667151e-01
-2.159182608405488257e-01
-2.114995266472295410e-01
-2.070581736592507771e-01
-2.026172378525394613e-01
-1.981525474827467437e-01
-1.936882630688640250e-01
-1.891989725476481143e-01
-1.847100762924417938e-01
-1.801947878891483057e-01
-1.756798815764266386e-01
-1.711370395811352974e-01
-1.665945669918054428e-01
-1.620224291217594037e-01
-1.574506474374791631e-01
-1.528472488711717370e-01
-1.482441927046994901e-01
-1.436073002017271005e-01
-1.389707357125530840e-01
-1.342977881489487157e-01
-1.296251535734931071e-01
-1.249131834601576591e-01
-1.202015106237433045e-01
-1.154470383419833046e-01
-1.106928468864345899e-01
-1.058917346518041536e-01
-1.010908859890675277e-01
-9.623813035180281417e-02
-9.138562015115796189e-02
-8.647504688460594391e-02
-8.156469994336558449e-02
-7.658849625450669940e-02
-7.161249868412106201e-02
-6.656045762427793833e-02
-6.150860122577301442e-02
-5.636681668888630925e-02
-5.122519389827780850e-02
-4.597359579382514355e-02
-4.072213476919758768e-02
-3.532920756836353815e-02
-2.993639058240906217e-02
-2.434544221046993154e-02
-1.875457422411711331e-02
-1.283339055775780876e-02
-6.912252840483172449e-03
4.901839538338206992e-16
