5.000000000000067502e+00
4.950196159279560248e+00
4.807139832946402791e+00
4.587826939882669208e+00
4.314914169555920331e+00
4.011409880174504394e+00
3.696993548907498095e+00
3.386446959390330136e+00
3.089666119549425716e+00
2.812480721069403611e+00
2.557698885081915563e+00
2.326065992097995583e+00
2.117023216738766145e+00
1.929256727058536569e+00
1.761071167939783244e+00
1.610630680264641734e+00
1.476106372117313992e+00
1.355760690421612180e+00
1.247990792278577121e+00
1.151346213796954343e+00
1.064531074610974848e+00
9.863974856573874961e-01
9.159343933822905459e-01
8.522544747847713431e-01
7.945806425657576666e-01
7.422330423347781592e-01
6.946169883092530029e-01
6.512119890715584170e-01
6.115618006006178220e-01
5.752653156944419477e-01
5.419681161861258367e-01
5.113546999803915138e-01
4.831416492233002180e-01
4.570721451142158442e-01
4.329121353554774010e-01
4.104481585454136661e-01
3.894864858460523327e-01
3.698530171394836530e-01
3.513933398080992254e-01
3.339724939203797538e-01
3.174742024151068764e-01
3.017995328442897862e-01
2.868651049761504757e-01
2.726010307911210795e-01
2.589487816838856871e-01
2.458591451251713189e-01
2.332903826426962202e-01
2.212066497221674144e-01
2.095766957539609288e-01
1.983728320599190686e-01
1.875701380084492942e-01
1.771458669754603366e-01
1.670790125672610149e-01
1.573499984383401884e-01
1.479404601316023360e-01
1.388330931873883456e-01
1.300115474136614990e-01
1.214603522003217806e-01
1.131648619046851934e-01
1.051112136154058602e-01
9.728629209922159959e-02
8.967769857088865593e-02
8.227372123287811367e-02
7.506330642947919851e-02
6.803602985437129380e-02
6.118206762620335970e-02
5.449216726862204929e-02
4.795761874963604121e-02
4.157022578534695645e-02
3.532227762134967919e-02
2.920652148875800547e-02
2.321613590266778659e-02
1.734470493694548199e-02
1.158619357470137834e-02
5.934924201905791841e-03
3.855542835549258252e-04
-5.066944762399550051e-03
-1.042730749718918937e-02
-1.569999321910488244e-02
-2.088920357848439435e-02
-2.599889908986684206e-02
-3.103281458765030920e-02
-3.599447367547561893e-02
-4.088720222186949249e-02
-4.571414095558429258e-02
-5.047825721393427167e-02
-5.518235589647614570e-02
-5.982908967491540331e-02
-6.442096850808848307e-02
-6.896036850879794233e-02
-7.344954020678681750e-02
-7.789061624973479814e-02
-8.228561858164454290e-02
-8.663646513555088580e-02
-9.094497607507803782e-02
-9.521287961699384517e-02
-9.944181746476420114e-02
-1.036333498809951376e-01
-1.077889604245698685e-01
-1.119100603765313673e-01
-1.159979928769176855e-01
-1.200540367931582086e-01
-1.240794103391284486e-01
-1.280752744624561457e-01
-1.320427360164858066e-01
-1.359828507319583157e-01
-1.398966260024278874e-01
-1.437850234963241325e-01
-1.476489616076878952e-01
-1.514893177565752591e-01
-1.553069305495256569e-01
-1.591026018094189864e-01
-1.628770984837239477e-01
-1.666311544391200217e-01
-1.703654721501535463e-01
-1.740807242889003681e-01
-1.777775552221731448e-01
-1.814565824222328649e-01
-1.851183977967127969e-01
-1.887635689428550367e-01
-1.923926403309630939e-01
-1.960061344215456303e-01
-1.996045527203235970e-01
-2.031883767749891878e-01
-2.067580691173574181e-01
-2.103140741542589010e-01
-2.138568190103295463e-01
-2.173867143256316137e-01
-2.209041550107954388e-01
-2.244095209623207798e-01
-2.279031777402774905e-01
-2.313854772108104862e-01
-2.348567581553034911e-01
-2.383173468483777702e-01
-2.417675576063434972e-01
-2.452076933079092302e-01
-2.486380458887166855e-01
-2.520588968111708295e-01
-2.554705175109711068e-01
-2.588731698216671373e-01
-2.622671063784253742e-01
-2.656525710021890863e-01
-2.690297990653043314e-01
-2.723990178395938599e-01
-2.757604468278949672e-01
-2.791142980798813622e-01
-2.824607764930388565e-01
-2.858000800996253199e-01
-2.891324003402784837e-01
-2.924579223250323157e-01
-2.957768250823908374e-01
-2.990892817970373097e-01
-3.023954600368207735e-01
-3.056955219695423054e-01
-3.089896245700533561e-01
-3.122779198181613314e-01
-3.155605548878321898e-01
-3.188376723280631486e-01
-3.221094102359031153e-01
-3.253759024219891605e-01
-3.286372785689326559e-01
-3.318936643829533129e-01
-3.351451817390539989e-01
-3.383919488200584635e-01
-3.416340802498422646e-01
-3.448716872209238726e-01
-3.481048776168345071e-01
-3.513337561294019862e-01
-3.545584243712124328e-01
-3.577789809835038026e-01
-3.609955217396699778e-01
-3.642081396445883690e-01
-3.674169250299565426e-01
-3.706219656458662470e-01
-3.738233467486649086e-01
-3.770211511854497655e-01
-3.802154594751609995e-01
-3.834063498865610820e-01
-3.865938985131750494e-01
-3.897781793453470867e-01
-3.929592643394960727e-01
-3.961372234847941876e-01
-3.993121248672383827e-01
-4.024840347313600741e-01
-4.056530175395922644e-01
-4.088191360294140542e-01
-4.119824512683913365e-01
-4.151430227071474799e-01
-4.183009082304357529e-01
-4.214561642062895075e-01
-4.246088455334245948e-01
-4.277590056868974533e-01
-4.309066967621422162e-01
-4.340519695174027692e-01
-4.371948734146746118e-01
-4.403354566591708430e-01
-4.434737662374203526e-01
-4.466098479540092647e-01
-4.497437464670430152e-01
-4.528755053223679772e-01
-4.560051669866186375e-01
-4.591327728791382845e-01
-4.622583634027545019e-01
-4.653819779735685058e-01
-4.685036550496912700e-01
-4.716234321590320744e-01
-4.747413459261178859e-01
-4.778574320980635837e-01
-4.809717255696409621e-01
-4.840842604075248912e-01
-4.871950698737467778e-01
-4.903041864483753121e-01
-4.934116418514405411e-01
-4.965174670641718246e-01
-4.996216923495249707e-01
-5.027243472720542838e-01
-5.058254607171556172e-01
-5.089250609096678257e-01
-5.120231754319293227e-01
-5.151198312412111902e-01
-5.182150546866240992e-01
-5.213088715255215222e-01
-5.244013069393259618e-01
-5.274923855489255242e-01
-5.305821314295658953e-01
-5.336705681252754685e-01
-5.367577186628609276e-01
-5.398436055654775023e-01
-5.429282508657731210e-01
-5.460116761186529777e-01
-5.490939024136295421e-01
-5.521749503868265130e-01
-5.552548402326279442e-01
-5.583335917149547800e-01
-5.614112241782233115e-01
-5.644877565579800027e-01
-5.675632073912173503e-01
-5.706375948263961995e-01
-5.737109366331614169e-01
-5.767832502117944404e-01
-5.798545526023776153e-01
-5.829248604936877465e-01
-5.859941902318672735e-01
-5.890625578288074538e-01
-5.921299789703168281e-01
-5.951964690240572065e-01
-5.982620430472392892e-01
-6.013267157941235563e-01
-6.043905017232976684e-01
-6.074534150047532499e-01
-6.105154695267578369e-01
-6.135766789025617340e-01
-6.166370564768967055e-01
-6.196966153322902571e-01
-6.227553682952400305e-01
-6.258133279421815853e-01
-6.288705066053271731e-01
-6.319269163783187704e-01
-6.349825691217522161e-01
-6.380374764685298183e-01
-6.410916498290946119e-01
-6.441451003965092958e-01
-6.471978391513928397e-01
-6.502498768667682727e-01
-6.533012241127058584e-01
-6.563518912609297429e-01
-6.594018884892509647e-01
-6.624512257859033193e-01
-6.654999129537517710e-01
-6.685479596144159320e-01
-6.715953752122683085e-01
-6.746421690183345143e-01
-6.776883501341010030e-01
-6.807339274952087793e-01
-6.837789098750868266e-01
-6.868233058884405384e-01
-6.898671239947109513e-01
-6.929103725013988635e-01
-6.959530595673385500e-01
-6.989951932058703354e-01
-7.020367812879517722e-01
-7.050778315451643463e-01
-7.081183515726710009e-01
-7.111583488321122637e-01
-7.141978306543674826e-01
-7.172368042423354906e-01
-7.202752766735938117e-01
-7.233132549029854808e-01
-7.263507457651906529e-01
-7.293877559771880792e-01
-7.324242921406834972e-01
-7.354603607444927249e-01
-7.384959681668069598e-01
-7.415311206774894970e-01
-7.445658244402559856e-01
-7.476000855148242641e-01
-7.506339098590073533e-01
-7.536673033307753622e-01
-7.567002716902376802e-01
-7.597328206016188412e-01
-7.627649556351455695e-01
-7.657966822689248332e-01
-7.688280058907596137e-01
-7.718589317999338117e-01
-7.748894652089467483e-01
-7.779196112452055889e-01
-7.809493749527033346e-01
-7.839787612936280903e-01
-7.870077751499493512e-01
-7.900364213249757572e-01
-7.930647045448645516e-01
-7.960926294601096131e-01
-7.991202006469775299e-01
-8.021474226089345683e-01
-8.051742997780353406e-01
-8.082008365162637320e-01
-8.112270371168621708e-01
-8.142529058056384716e-01
-8.172784467422133936e-01
-8.203036640212784114e-01
-8.233285616737835433e-01
-8.263531436681614828e-01
-8.293774139114477029e-01
-8.324013762504364200e-01
-8.354250344727969235e-01
-8.384483923081408330e-01
-8.414714534291081183e-01
-8.444942214523887269e-01
-8.475166999397503176e-01
-8.505388923990415684e-01
-8.535608022851591814e-01
-8.565824330010043397e-01
-8.596037878984280622e-01
-8.626248702791299294e-01
-8.656456833955799013e-01
-8.686662304518710798e-01
-8.716865146045905677e-01
-8.747065389636734523e-01
-8.777263065932087160e-01
-8.807458205122525863e-01
-8.837650836956356670e-01
-8.867840990747127838e-01
-8.898028695381412501e-01
-8.928213979326174998e-01
-8.958396870636089471e-01
-8.988577396960606425e-01
-9.018755585551122556e-01
-9.048931463267706476e-01
-9.079105056585780043e-01
-9.109276391602747491e-01
-9.139445494044603491e-01
-9.169612389272069342e-01
-9.199777102286735841e-01
-9.229939657737420422e-01
-9.260100079925976946e-01
-9.290258392812987820e-01
-9.320414620023725893e-01
-9.350568784853662274e-01
-9.380720910274000790e-01
-9.410871018937018162e-01
-9.441019133181569600e-01
-9.471165275037837228e-01
-9.501309466232971124e-01
-9.531451728195671214e-01
-9.561592082061327602e-01
-9.591730548676667967e-01
-9.621867148604530406e-01
-9.652001902128560795e-01
-9.682134829257669217e-01
-9.712265949730466419e-01
-9.742395283019655849e-01
-9.772522848336340218e-01
-9.802648664634301401e-01
-9.832772750613855139e-01
-9.862895124726283047e-01
-9.893015805177455269e-01
-9.923134809931897227e-01
-9.953252156716808630e-01
-9.983367863025274236e-01
-1.001348194612058373e+00
-1.004359442303941474e+00
-1.007370531059560648e+00
-1.010381462538353148e+00
-1.013392238378158616e+00
-1.016402860195557256e+00
-1.019413329586194683e+00
-1.022423648125099227e+00
-1.025433817367026990e+00
-1.028443838846739844e+00
-1.031453714079341832e+00
-1.034463444560569600e+00
-1.037473031767072174e+00
-1.040482477156736696e+00
-1.043491782168944004e+00
-1.046500948224859728e+00
-1.049509976727720728e+00
-1.052518869063086671e+00
-1.055527626599122915e+00
-1.058536250686848090e+00
-1.061544742660400553e+00
-1.064553103837293069e+00
-1.067561335518649734e+00
-1.070569438989456668e+00
-1.073577415518807143e+00
-1.076585266360121418e+00
-1.079592992751394087e+00
-1.082600595915417685e+00
-1.085608077059989185e+00
-1.088615437378165129e+00
-1.091622678048439266e+00
-1.094629800234973249e+00
-1.097636805087813805e+00
-1.100643693743077245e+00
-1.103650467323171513e+00
-1.106657126936976487e+00
-1.109663673680049589e+00
-1.112670108634816302e+00
-1.115676432870756241e+00
-1.118682647444586120e+00
-1.121688753400452265e+00
-1.124694751770094703e+00
-1.127700643573039896e+00
-1.130706429816758618e+00
-1.133712111496842034e+00
-1.136717689597179781e+00
-1.139723165090107182e+00
-1.142728538936580662e+00
-1.145733812086324299e+00
-1.148738985478006125e+00
-1.151744060039371798e+00
-1.154749036687417574e+00
-1.157753916328511989e+00
-1.160758699858572607e+00
-1.163763388163190582e+00
-1.166767982117779434e+00
-1.169772482587716267e+00
-1.172776890428478769e+00
-1.175781206485774666e+00
-1.178785431595694044e+00
-1.181789566584812379e+00
-1.184793612270339525e+00
-1.187797569460244285e+00
-1.190801438953381197e+00
-1.193805221539596451e+00
-1.196808917999876654e+00
-1.199812529106442538e+00
-1.202816055622888625e+00
-1.205819498304280923e+00
-1.208822857897273950e+00
-1.211826135140239957e+00
-1.214829330763352866e+00
-1.217832445488718829e+00
-1.220835480030471265e+00
-1.223838435094876109e+00
-1.226841311380445720e+00
-1.229844109578024369e+00
-1.232846830370910363e+00
-1.235849474434930650e+00
-1.238852042438559620e+00
-1.241854535043002805e+00
-1.244856952902292591e+00
-1.247859296663388573e+00
-1.250861566966257055e+00
-1.253863764443979179e+00
-1.256865889722817320e+00
-1.259867943422317671e+00
-1.262869926155401057e+00
-1.265871838528431992e+00
-1.268873681141309495e+00
-1.271875454587563237e+00
-1.274877159454407050e+00
-1.277878796322837518e+00
-1.280880365767725237e+00
-1.283881868357855893e+00
-1.286883304656037730e+00
-1.289884675219169274e+00
-1.292885980598312168e+00
-1.295887221338746897e+00
-1.298888397980090037e+00
-1.301889511056318227e+00
-1.304890561095862100e+00
-1.307891548621670896e+00
-1.310892474151272857e+00
-1.313893338196866267e+00
-1.316894141265357643e+00
-1.319894883858433454e+00
-1.322895566472643614e+00
-1.325896189599439667e+00
-1.328896753725252289e+00
-1.331897259331544792e+00
-1.334897706894879965e+00
-1.337898096886978694e+00
-1.340898429774777245e+00
-1.343898706020478118e+00
-1.346898926081628201e+00
-1.349899090411148750e+00
-1.352899199457413770e+00
-1.355899253664294202e+00
-1.358899253471204993e+00
-1.361899199313175046e+00
-1.364899091620890959e+00
-1.367898930820743209e+00
-1.370898717334890549e+00
-1.373898451581296420e+00
-1.376898133973793792e+00
-1.379897764922120240e+00
-1.382897344831975461e+00
-1.385896874105061682e+00
-1.388896353139137840e+00
-1.391895782328063769e+00
-1.394895162061843497e+00
-1.397894492726674320e+00
-1.400893774704983219e+00
-1.403893008375479701e+00
-1.406892194113207761e+00
-1.409891332289554100e+00
-1.412890423272330942e+00
-1.415889467425794912e+00
-1.418888465110693220e+00
-1.421887416684303407e+00
-1.424886322500468427e+00
-1.427885182909655493e+00
-1.430883998258970280e+00
-1.433882768892202453e+00
-1.436881495149877841e+00
-1.439880177369283309e+00
-1.442878815884489851e+00
-1.445877411026430748e+00
-1.448875963122889576e+00
-1.451874472498565494e+00
-1.454872939475101434e+00
-1.457871364371105427e+00
-1.460869747502217209e+00
-1.463868089181103116e+00
-1.466866389717512931e+00
-1.469864649418305635e+00
-1.472862868587483165e+00
-1.475861047526222602e+00
-1.478859186532907266e+00
-1.481857285903148469e+00
-1.484855345929847470e+00
-1.487853366903175933e+00
-1.490851349110645652e+00
-1.493849292837130527e+00
-1.496847198364882559e+00
-1.499845065973571145e+00
-1.502842895940311507e+00
-1.505840688539682670e+00
-1.508838444043768767e+00
-1.511836162722181909e+00
-1.514833844842080168e+00
-1.517831490668204664e+00
-1.520829100462906203e+00
-1.523826674486161048e+00
-1.526824212995604890e+00
-1.529821716246558383e+00
-1.532819184492048015e+00
-1.535816617982836085e+00
-1.538814016967431808e+00
-1.541811381692135718e+00
-1.544808712401048778e+00
-1.547806009336100797e+00
-1.550803272737069305e+00
-1.553800502841603981e+00
-1.556797699885263730e+00
-1.559794864101509138e+00
-1.562791995721754423e+00
-1.565789094975370110e+00
-1.568786162089714331e+00
-1.571783197290144152e+00
-1.574780200800050656e+00
-1.577777172840868491e+00
-1.580774113632094080e+00
-1.583771023391320032e+00
-1.586767902334244251e+00
-1.589764750674689919e+00
-1.592761568624621038e+00
-1.595758356394182842e+00
-1.598755114191691584e+00
-1.601751842223680722e+00
-1.604748540694885151e+00
-1.607745209808298936e+00
-1.610741849765169986e+00
-1.613738460765017146e+00
-1.616735043005661066e+00
-1.619731596683228414e+00
-1.622728121992177641e+00
-1.625724619125315629e+00
-1.628721088273806572e+00
-1.631717529627195740e+00
-1.634713943373427680e+00
-1.637710329698859324e+00
-1.640706688788267753e+00
-1.643703020824885508e+00
-1.646699325990391705e+00
-1.649695604464957555e+00
-1.652691856427232153e+00
-1.655688082054367793e+00
-1.658684281522057713e+00
-1.661680455004505008e+00
-1.664676602674478589e+00
-1.667672724703314735e+00
-1.670668821260914427e+00
-1.673664892515783986e+00
-1.676660938635027742e+00
-1.679656959784378678e+00
-1.682652956128197319e+00
-1.685648927829501265e+00
-1.688644875049960747e+00
-1.691640797949925057e+00
-1.694636696688426092e+00
-1.697632571423203895e+00
-1.700628422310702437e+00
-1.703624249506095367e+00
-1.706620053163302453e+00
-1.709615833434977805e+00
-1.712611590472545853e+00
-1.715607324426211555e+00
-1.718603035444957960e+00
-1.721598723676566634e+00
-1.724594389267630756e+00
-1.727590032363570893e+00
-1.730585653108625666e+00
-1.733581251645893939e+00
-1.736576828117316174e+00
-1.739572382663702621e+00
-1.742567915424747094e+00
-1.745563426539025409e+00
-1.748558916144005382e+00
-1.751554384376071916e+00
-1.754549831370527668e+00
-1.757545257261600158e+00
-1.760540662182464411e+00
-1.763536046265234525e+00
-1.766531409640990757e+00
-1.769526752439778861e+00
-1.772522074790632063e+00
-1.775517376821549975e+00
-1.778512658659564316e+00
-1.781507920430680958e+00
-1.784503162259944320e+00
-1.787498384271414942e+00
-1.790493586588184360e+00
-1.793488769332404420e+00
-1.796483932625256852e+00
-1.799479076587009896e+00
-1.802474201336978776e+00
-1.805469306993576328e+00
-1.808464393674290127e+00
-1.811459461495707801e+00
-1.814454510573524804e+00
-1.817449541022541082e+00
-1.820444552956689277e+00
-1.823439546489013630e+00
-1.826434521731715277e+00
-1.829429478796116282e+00
-1.832424417792715143e+00
-1.835419338831154601e+00
-1.838414242020249834e+00
-1.841409127467990459e+00
-1.844403995281551190e+00
-1.847398845567291614e+00
-1.850393678430776179e+00
-1.853388493976772411e+00
-1.856383292309254696e+00
-1.859378073531416486e+00
-1.862372837745681409e+00
-1.865367585053709698e+00
-1.868362315556392206e+00
-1.871357029353872603e+00
-1.874351726545544938e+00
-1.877346407230067626e+00
-1.880341071505358341e+00
-1.883335719468612668e+00
-1.886330351216310763e+00
-1.889324966844210030e+00
-1.892319566447366874e+00
-1.895314150120129382e+00
-1.898308717956157965e+00
-1.901303270048414484e+00
-1.904297806489195555e+00
-1.907292327370099239e+00
-1.910286832782064126e+00
-1.913281322815368224e+00
-1.916275797559619631e+00
-1.919270257103776522e+00
-1.922264701536148479e+00
-1.925259130944412700e+00
-1.928253545415597126e+00
-1.931247945036104863e+00
-1.934242329891707302e+00
-1.937236700067567874e+00
-1.940231055648221181e+00
-1.943225396717606968e+00
-1.946219723359044584e+00
-1.949214035655265631e+00
-1.952208333688408182e+00
-1.955202617540018117e+00
-1.958196887291052235e+00
-1.961191143021898453e+00
-1.964185384812366486e+00
-1.967179612741701389e+00
-1.970173826888575119e+00
-1.973168027331109631e+00
-1.976162214146867102e+00
-1.979156387412858820e+00
-1.982150547205563162e+00
-1.985144693600900068e+00
-1.988138826674266779e+00
-1.991132946500522305e+00
-1.994127053154007845e+00
-1.997121146708529693e+00
-2.000115227237386328e+00
-2.003109294813358865e+00
-2.006103349508717937e+00
-2.009097391395227472e+00
-2.012091420544159348e+00
-2.015085437026278292e+00
-2.018079440911864086e+00
-2.021073432270703130e+00
-2.024067411172105757e+00
-2.027061377684886256e+00
-2.030055331877401503e+00
-2.033049273817517211e+00
-2.036043203572648785e+00
-2.039037121209735126e+00
-2.042031026795260384e+00
-2.045024920395245083e+00
-2.048018802075262990e+00
-2.051012671900438011e+00
-2.054006529935443304e+00
-2.057000376244513262e+00
-2.059994210891443966e+00
-2.062988033939599397e+00
-2.065981845451905219e+00
-2.068975645490867876e+00
-2.071969434118554609e+00
-2.074963211396631646e+00
-2.077956977386334003e+00
-2.080950732148490800e+00
-2.083944475743507496e+00
-2.086938208231399194e+00
-2.089931929671765332e+00
-2.092925640123803888e+00
-2.095919339646321156e+00
-2.098913028297732186e+00
-2.101906706136046576e+00
-2.104900373218902665e+00
-2.107894029603536445e+00
-2.110887675346817538e+00
-2.113881310505227429e+00
-2.116874935134878122e+00
-2.119868549291501036e+00
-2.122862153030461663e+00
-2.125855746406763558e+00
-2.128849329475035024e+00
-2.131842902289554420e+00
-2.134836464904231512e+00
-2.137830017372629676e+00
-2.140823559747955240e+00
-2.143817092083063258e+00
-2.146810614430466391e+00
-2.149804126842326912e+00
-2.152797629370471366e+00
-2.155791122066380794e+00
-2.158784604981206279e+00
-2.161778078165763617e+00
-2.164771541670535537e+00
-2.167764995545675699e+00
-2.170758439841010912e+00
-2.173751874606048684e+00
-2.176745299889970564e+00
-2.179738715741647237e+00
-2.182732122209628312e+00
-2.185725519342146317e+00
-2.188718907187129137e+00
-2.191712285792194681e+00
-2.194705655204653105e+00
-2.197699015471507256e+00
-2.200692366639463327e+00
-2.203685708754928196e+00
-2.206679041864007207e+00
-2.209672366012519706e+00
-2.212665681245982174e+00
-2.215658987609627761e+00
-2.218652285148396075e+00
-2.221645573906946947e+00
-2.224638853929652438e+00
-2.227632125260607943e+00
-2.230625387943622862e+00
-2.233618642022229039e+00
-2.236611887539693644e+00
-2.239605124538995629e+00
-2.242598353062859040e+00
-2.245591573153725040e+00
-2.248584784853781215e+00
-2.251577988204933156e+00
-2.254571183248839095e+00
-2.257564370026885481e+00
-2.260557548580213627e+00
-2.263550718949690843e+00
-2.266543881175938413e+00
-2.269537035299324934e+00
-2.272530181359966761e+00
-2.275523319397725341e+00
-2.278516449452224091e+00
-2.281509571562833294e+00
-2.284502685768686092e+00
-2.287495792108661163e+00
-2.290488890621411144e+00
-2.293481981345336873e+00
-2.296475064318622472e+00
-2.299468139579186499e+00
-2.302461207164744561e+00
-2.305454267112761801e+00
-2.308447319460483982e+00
-2.311440364244914836e+00
-2.314433401502852927e+00
-2.317426431270848131e+00
-2.320419453585245595e+00
-2.323412468482158655e+00
-2.326405475997486150e+00
-2.329398476166903542e+00
-2.332391469025872244e+00
-2.335384454609643612e+00
-2.338377432953243851e+00
-2.341370404091495327e+00
-2.344363368059010799e+00
-2.347356324890186308e+00
-2.350349274619219830e+00
-2.353342217280091297e+00
-2.356335152906591901e+00
-2.359328081532297450e+00
-2.362321003190586133e+00
-2.365313917914635855e+00
-2.368306825737424237e+00
-2.371299726691731280e+00
-2.374292620810151799e+00
-2.377285508125067004e+00
-2.380278388668682688e+00
-2.383271262472998142e+00
-2.386264129569835468e+00
-2.389256989990819591e+00
-2.392249843767390693e+00
-2.395242690930801999e+00
-2.398235531512118435e+00
-2.401228365542229515e+00
-2.404221193051837790e+00
-2.407214014071454855e+00
-2.410206828631435094e+00
-2.413199636761929057e+00
-2.416192438492931416e+00
-2.419185233854244998e+00
-2.422178022875508319e+00
-2.425170805586180034e+00
-2.428163582015545607e+00
-2.431156352192728853e+00
-2.434149116146673730e+00
-2.437141873906154999e+00
-2.440134625499791987e+00
-2.443127370956019728e+00
-2.446120110303124040e+00
-2.449112843569218434e+00
-2.452105570782252553e+00
-2.455098291970014834e+00
-2.458091007160140951e+00
-2.461083716380100039e+00
-2.464076419657197814e+00
-2.467069117018591662e+00
-2.470061808491276878e+00
-2.473054494102099987e+00
-2.476047173877744090e+00
-2.479039847844743516e+00
-2.482032516029483382e+00
-2.485025178458198258e+00
-2.488017835156963731e+00
-2.491010486151715941e+00
-2.494003131468235601e+00
-2.496995771132163533e+00
-2.499988405168996231e+00
-2.502981033604073868e+00
-2.505973656462598509e+00
-2.508966273769634547e+00
-2.511958885550094056e+00
-2.514951491828758101e+00
-2.517944092630261199e+00
-2.520936687979101976e+00
-2.523929277899638279e+00
-2.526921862416090736e+00
-2.529914441552551629e+00
-2.532907015332956036e+00
-2.535899583781136446e+00
-2.538892146920765480e+00
-2.541884704775394077e+00
-2.544877257368437284e+00
-2.547869804723183140e+00
-2.550862346862785568e+00
-2.553854883810277698e+00
-2.556847415588550110e+00
-2.559839942220377917e+00
-2.562832463728406118e+00
-2.565824980135153144e+00
-2.568817491463006419e+00
-2.571809997734247677e+00
-2.574802498971007658e+00
-2.577794995195320737e+00
-2.580787486429087618e+00
-2.583779972694082439e+00
-2.586772454011974975e+00
-2.589764930404300447e+00
-2.592757401892482161e+00
-2.595749868497827073e+00
-2.598742330241524456e+00
-2.601734787144642791e+00
-2.604727239228144420e+00
-2.607719686512862900e+00
-2.610712129019535865e+00
-2.613704566768767723e+00
-2.616696999781066957e+00
-2.619689428076825255e+00
-2.622681851676317066e+00
-2.625674270599717808e+00
-2.628666684867082104e+00
-2.631659094498359774e+00
-2.634651499513401163e+00
-2.637643899931930491e+00
-2.640636295773586273e+00
-2.643628687057885784e+00
-2.646621073804245494e+00
-2.649613456031979730e+00
-2.652605833760300680e+00
-2.655598207008306400e+00
-2.658590575795002575e+00
-2.661582940139286091e+00
-2.664575300059959684e+00
-2.667567655575723506e+00
-2.670560006705166245e+00
-2.673552353466795317e+00
-2.676544695879012004e+00
-2.679537033960104342e+00
-2.682529367728293312e+00
-2.685521697201671554e+00
-2.688514022398260206e+00
-2.691506343335970275e+00
-2.694498660032619952e+00
-2.697490972505936835e+00
-2.700483280773552153e+00
-2.703475584852997216e+00
-2.706467884761730947e+00
-2.709460180517097694e+00
-2.712452472136361870e+00
-2.715444759636692407e+00
-2.718437043035163647e+00
-2.721429322348777102e+00
-2.724421597594429034e+00
-2.727413868788923779e+00
-2.730406135949001278e+00
-2.733398399091286013e+00
-2.736390658232326967e+00
-2.739382913388587859e+00
-2.742375164576449365e+00
-2.745367411812200675e+00
-2.748359655112041722e+00
-2.751351894492100492e+00
-2.754344129968412602e+00
-2.757336361556932403e+00
-2.760328589273524980e+00
-2.763320813133985698e+00
-2.766313033154018441e+00
-2.769305249349246267e+00
-2.772297461735214519e+00
-2.775289670327381941e+00
-2.778281875141143331e+00
-2.781274076191783351e+00
-2.784266273494544919e+00
-2.787258467064561707e+00
-2.790250656916907879e+00
-2.793242843066567005e+00
-2.796235025528456930e+00
-2.799227204317404460e+00
-2.802219379448175118e+00
-2.805211550935449605e+00
-2.808203718793835790e+00
-2.811195883037862053e+00
-2.814188043681985274e+00
-2.817180200740586837e+00
-2.820172354227981071e+00
-2.823164504158393040e+00
-2.826156650545988747e+00
-2.829148793404857809e+00
-2.832140932749006357e+00
-2.835133068592383232e+00
-2.838125200948859561e+00
-2.841117329832234084e+00
-2.844109455256230490e+00
-2.847101577234510739e+00
-2.850093695780654635e+00
-2.853085810908181141e+00
-2.856077922630530175e+00
-2.859070030961085696e+00
-2.862062135913145511e+00
-2.865054237499945256e+00
-2.868046335734650398e+00
-2.871038430630362015e+00
-2.874030522200106574e+00
-2.877022610456840379e+00
-2.880014695413455339e+00
-2.883006777082774086e+00
-2.885998855477548197e+00
-2.888990930610465746e+00
-2.891983002494137089e+00
-2.894975071141124623e+00
-2.897967136563889934e+00
-2.900959198774858194e+00
-2.903951257786364426e+00
-2.906943313610689916e+00
-2.909935366260042677e+00
-2.912927415746554782e+00
-2.915919462082295244e+00
-2.918911505279266905e+00
-2.921903545349403775e+00
-2.924895582304559483e+00
-2.927887616156537032e+00
-2.930879646917047943e+00
-2.933871674597750889e+00
-2.936863699210222833e+00
-2.939855720765970570e+00
-2.942847739276435615e+00
-2.945839754752976880e+00
-2.948831767206893328e+00
-2.951823776649394659e+00
-2.954815783091629733e+00
-2.957807786544662587e+00
-2.960799787019485763e+00
-2.963791784527013196e+00
-2.966783779078079775e+00
-2.969775770683441340e+00
-2.972767759353772465e+00
-2.975759745099668674e+00
-2.978751727931639781e+00
-2.981743707860110781e+00
-2.984735684895419627e+00
-2.987727659047823447e+00
-2.990719630327478118e+00
-2.993711598744456026e+00
-2.996703564308730972e+00
-2.999695527030189268e+00
-3.002687486918614646e+00
-3.005679443983684695e+00
-3.008671398234983752e+00
-3.011663349681978907e+00
-3.014655298334047107e+00
-3.017647244200442280e+00
-3.020639187290299787e+00
-3.023631127612648850e+00
-3.026623065176386795e+00
-3.029614999990298152e+00
-3.032606932063023564e+00
-3.035598861403089099e+00
-3.038590788018865396e+00
-3.041582711918598303e+00
-3.044574633110374240e+00
-3.047566551602136631e+00
-3.050558467401669471e+00
-3.053550380516595997e+00
-3.056542290954366692e+00
-3.059534198722270837e+00
-3.062526103827401869e+00
-3.065518006276679586e+00
-3.068509906076823501e+00
-3.071501803234349737e+00
-3.074493697755580790e+00
-3.077485589646600683e+00
-3.080477478913278055e+00
-3.083469365561259501e+00
-3.086461249595930045e+00
-3.089453131022439791e+00
-3.092445009845657289e+00
-3.095436886070194404e+00
-3.098428759700375235e+00
-3.101420630740225892e+00
-3.104412499193462960e+00
-3.107404365063493046e+00
-3.110396228353381254e+00
-3.113388089065855624e+00
-3.116379947203269829e+00
-3.119371802767620494e+00
-3.122363655760504564e+00
-3.125355506183112642e+00
-3.128347354036222328e+00
-3.131339199320156474e+00
-3.134331042034795178e+00
-3.137322882179538031e+00
-3.140314719753280137e+00
-3.143306554754410342e+00
-3.146298387180781919e+00
-3.149290217029678818e+00
-3.152282044297818331e+00
-3.155273868981303576e+00
-3.158265691075601289e+00
-3.161257510575547602e+00
-3.164249327475265439e+00
-3.167241141768196488e+00
-3.170232953447027491e+00
-3.173224762503691121e+00
-3.176216568929308259e+00
-3.179208372714185327e+00
-3.182200173847756997e+00
-3.185191972318575093e+00
-3.188183768114239758e+00
-3.191175561221397228e+00
-3.194167351625687878e+00
-3.197159139311703591e+00
-3.200150924262948227e+00
-3.203142706461801215e+00
-3.206134485889476693e+00
-3.209126262525959117e+00
-3.212118036349979722e+00
-3.215109807338953019e+00
-3.218101575468942599e+00
-3.221093340714586528e+00
-3.224085103049072476e+00
-3.227076862444056005e+00
-3.230068618869614827e+00
-3.233060372294206619e+00
-3.236052122684575316e+00
-3.239043870005715142e+00
-3.242035614220797779e+00
-3.245027355291102200e+00
-3.248019093175953831e+00
-3.251010827832645944e+00
-3.254002559216373491e+00
-3.256994287280153610e+00
-3.259986011974748354e+00
-3.262977733248586532e+00
-3.265969451047684657e+00
-3.268961165315556361e+00
-3.271952875993120013e+00
-3.274944583018629896e+00
-3.277936286327562065e+00
-3.280927985852528206e+00
-3.283919681523177481e+00
-3.286911373266098391e+00
-3.289903061004703311e+00
-3.292894744659144113e+00
-3.295886424146177607e+00
-3.298878099379075390e+00
-3.301869770267488846e+00
-3.304861436717347445e+00
-3.307853098630718858e+00
-3.310844755905703707e+00
-3.313836408436279246e+00
-3.316828056112210543e+00
-3.319819698818871956e+00
-3.322811336437126339e+00
-3.325802968843181606e+00
-3.328794595908445952e+00
-3.331786217499371094e+00
-3.334777833477307496e+00
-3.337769443698332950e+00
-3.340761048013108692e+00
-3.343752646266700879e+00
-3.346744238298406060e+00
-3.349735823941595303e+00
-3.352727403023517017e+00
-3.355718975365125978e+00
-3.358710540780892817e+00
-3.361702099078614836e+00
-3.364693650059211727e+00
-3.367685193516539055e+00
-3.370676729237164437e+00
-3.373668257000184134e+00
-3.376659776576986349e+00
-3.379651287731038067e+00
-3.382642790217659901e+00
-3.385634283783809373e+00
-3.388625768167825125e+00
-3.391617243099206647e+00
-3.394608708298370470e+00
-3.397600163476374835e+00
-3.400591608334702087e+00
-3.403583042564967798e+00
-3.406574465848676958e+00
-3.409565877856943317e+00
-3.412557278250201165e+00
-3.415548666677959311e+00
-3.418540042778470234e+00
-3.421531406178473400e+00
-3.424522756492873743e+00
-3.427514093324449007e+00
-3.430505416263525120e+00
-3.433496724887681761e+00
-3.436488018761413965e+00
-3.439479297435809269e+00
-3.442470560448209760e+00
-3.445461807321875458e+00
-3.448453037565645918e+00
-3.451444250673570302e+00
-3.454435446124558773e+00
-3.457426623382023667e+00
-3.460417781893497136e+00
-3.463408921090256776e+00
-3.466400040386945935e+00
-3.469391139181179362e+00
-3.472382216853153736e+00
-3.475373272765229782e+00
-3.478364306261539696e+00
-3.481355316667560373e+00
-3.484346303289691082e+00
-3.487337265414836018e+00
-3.490328202309951333e+00
-3.493319113221621031e+00
-3.496309997375591117e+00
-3.499300853976320624e+00
-3.502291682206526424e+00
-3.505282481226709823e+00
-3.508273250174677393e+00
-3.511263988165061356e+00
-3.514254694288835523e+00
-3.517245367612814366e+00
-3.520236007179149418e+00
-3.523226612004836777e+00
-3.526217181081178875e+00
-3.529207713373274657e+00
-3.532198207819495117e+00
-3.535188663330949943e+00
-3.538179078790925747e+00
-3.541169453054362037e+00
-3.544159784947289449e+00
-3.547150073266265746e+00
-3.550140316777804728e+00
-3.553130514217817115e+00
-3.556120664291015476e+00
-3.559110765670339571e+00
-3.562100816996351504e+00
-3.565090816876652191e+00
-3.568080763885266293e+00
-3.571070656562029377e+00
-3.574060493411978179e+00
-3.577050272904728878e+00
-3.580039993473840720e+00
-3.583029653516179192e+00
-3.586019251391296070e+00
-3.589008785420749970e+00
-3.591998253887495718e+00
-3.594987655035184915e+00
-3.597976987067531329e+00
-3.600966248147638993e+00
-3.603955436397320522e+00
-3.606944549896429653e+00
-3.609933586682157358e+00
-3.612922544748374154e+00
-3.615911422044913337e+00
-3.618900216476886200e+00
-3.621888925903967937e+00
-3.624877548139698646e+00
-3.627866080950773231e+00
-3.630854522056326417e+00
-3.633842869127201780e+00
-3.636831119785245647e+00
-3.639819271602569462e+00
-3.642807322100821477e+00
-3.645795268750445572e+00
-3.648783108969954281e+00
-3.651770840125184492e+00
-3.654758459528547831e+00
-3.657745964438298358e+00
-3.660733352057759848e+00
-3.663720619534590828e+00
-3.666707763960027844e+00
-3.669694782368124297e+00
-3.672681671734991049e+00
-3.675668428978040581e+00
-3.678655050955215167e+00
-3.681641534464236809e+00
-3.684627876241835853e+00
-3.687614072962971612e+00
-3.690600121240086295e+00
-3.693586017622322526e+00
-3.696571758594758172e+00
-3.699557340577639852e+00
-3.702542759925611549e+00
-3.705528012926948112e+00
-3.708513095802774107e+00
-3.711498004706317744e+00
-3.714482735722123952e+00
-3.717467284865302535e+00
-3.720451648080749685e+00
-3.723435821242381483e+00
-3.726419800152402928e+00
-3.729403580540504137e+00
-3.732387158063124932e+00
-3.735370528302706994e+00
-3.738353686766920703e+00
-3.741336628887921734e+00
-3.744319350021611648e+00
-3.747301845446878055e+00
-3.750284110364868084e+00
-3.753266139898251641e+00
-3.756247929090468674e+00
-3.759229472905022629e+00
-3.762210766224750813e+00
-3.765191803851088093e+00
-3.768172580503380775e+00
-3.771153090818159193e+00
-3.774133329348434707e+00
-3.777113290563003378e+00
-3.780092968845753632e+00
-3.783072358494991683e+00
-3.786051453722747873e+00
-3.789030248654105648e+00
-3.792008737326547863e+00
-3.794986913689289754e+00
-3.797964771602627909e+00
-3.800942304837297669e+00
-3.803919507073856288e+00
-3.806896371902023013e+00
-3.809872892820096890e+00
-3.812849063234316382e+00
-3.815824876458301596e+00
-3.818800325712406796e+00
-3.821775404123198605e+00
-3.824750104722842714e+00
-3.827724420448572751e+00
-3.830698344142119183e+00
-3.833671868549170636e+00
-3.836644986318875628e+00
-3.839617690003279904e+00
-3.842589972056857928e+00
-3.845561824835995068e+00
-3.848533240598526195e+00
-3.851504211503244068e+00
-3.854474729609454808e+00
-3.857444786876524923e+00
-3.860414375163458534e+00
-3.863383486228469277e+00
-3.866352111728577512e+00
-3.869320243219221300e+00
-3.872287872153869603e+00
-3.875254989883665235e+00
-3.878221587657063374e+00
-3.881187656619513593e+00
-3.884153187813124131e+00
-3.887118172176348363e+00
-3.890082600543719682e+00
-3.893046463645546851e+00
-3.896009752107666202e+00
-3.898972456451198720e+00
-3.901934567092315120e+00
-3.904896074342020906e+00
-3.907856968405964082e+00
-3.910817239384256183e+00
-3.913776877271287535e+00
-3.916735871955614900e+00
-3.919694213219802048e+00
-3.922651890740318059e+00
-3.925608894087436074e+00
-3.928565212725160904e+00
-3.931520836011155762e+00
-3.934475753196717385e+00
-3.937429953426732077e+00
-3.940383425739666379e+00
-3.943336159067599933e+00
-3.946288142236235696e+00
-3.949239363964946570e+00
-3.952189812866843788e+00
-3.955139477448861740e+00
-3.958088346111865441e+00
-3.961036407150753114e+00
-3.963983648754626721e+00
-3.966930059006916753e+00
-3.969875625885589621e+00
-3.972820337263320845e+00
-3.975764180907742418e+00
-3.978707144481635982e+00
-3.981649215543228593e+00
-3.984590381546440074e+00
-3.987530629841195218e+00
-3.990469947673723539e+00
-3.993408322186899895e+00
-3.996345740420588211e+00
-3.999282189312029612e+00
-4.002217655696227006e+00
-4.005152126306335880e+00
-4.008085587774142589e+00
-4.011018026630458699e+00
-4.013949429305637473e+00
-4.016879782130033050e+00
-4.019809071334532469e+00
-4.022737283051075252e+00
-4.025664403313188089e+00
-4.028590418056579914e+00
-4.031515313119715671e+00
-4.034439074244415835e+00
-4.037361687076503003e+00
-4.040283137166428062e+00
-4.043203409969947870e+00
-4.046122490848812703e+00
-4.049040365071448377e+00
-4.051957017813707651e+00
-4.054872434159593197e+00
-4.057786599102024105e+00
-4.060699497543616587e+00
-4.063611114297475346e+00
-4.066521434088016917e+00
-4.069430441551813438e+00
-4.072338121238419539e+00
-4.075244457611274740e+00
-4.078149435048563198e+00
-4.081053037844155185e+00
-4.083955250208494370e+00
-4.086856056269582815e+00
-4.089755440073902015e+00
-4.092653385587420978e+00
-4.095549876696569669e+00
-4.098444897209261306e+00
-4.101338430855929751e+00
-4.104230461290559795e+00
-4.107120972091752087e+00
-4.110009946763812039e+00
-4.112897368737829851e+00
-4.115783221372800504e+00
-4.118667487956746420e+00
-4.121550151707858767e+00
-4.124431195775654757e+00
-4.127310603242145604e+00
-4.130188357123032894e+00
-4.133064440368889869e+00
-4.135938835866406649e+00
-4.138811526439581279e+00
-4.141682494851003149e+00
-4.144551723803073351e+00
-4.147419195939296088e+00
-4.150284893845563872e+00
-4.153148800051440936e+00
-4.156010897031473306e+00
-4.158871167206521058e+00
-4.161729592945073719e+00
-4.164586156564613617e+00
-4.167440840332959695e+00
-4.170293626469636195e+00
-4.173144497147251997e+00
-4.175993434492896839e+00
-4.178840420589525095e+00
-4.181685437477376865e+00
-4.184528467155399056e+00
-4.187369491582661141e+00
-4.190208492679801999e+00
-4.193045452330475875e+00
-4.195880352382815204e+00
-4.198713174650872126e+00
-4.201543900916109742e+00
-4.204372512928876482e+00
-4.207198992409889371e+00
-4.210023321051729717e+00
-4.212845480520343244e+00
-4.215665452456555329e+00
-4.218483218477554253e+00
-4.221298760178445519e+00
-4.224112059133766195e+00
-4.226923096899001031e+00
-4.229731855012126118e+00
-4.232538314995145434e+00
-4.235342458355644268e+00
-4.238144266588309783e+00
-4.240943721176513748e+00
-4.243740803593844646e+00
-4.246535495305669983e+00
-4.249327777770695924e+00
-4.252117632442528716e+00
-4.254905040771238767e+00
-4.257689984204923839e+00
-4.260472444191274910e+00
-4.263252402179149136e+00
-4.266029839620132158e+00
-4.268804737970108398e+00
-4.271577078690829588e+00
-4.274346843251478845e+00
-4.277114013130253412e+00
-4.279878569815908307e+00
-4.282640494809344389e+00
-4.285399769625152899e+00
-4.288156375793194641e+00
-4.290910294860153407e+00
-4.293661508391090287e+00
-4.296409997970996208e+00
-4.299155745206361345e+00
-4.301898731726698344e+00
-4.304638939186111735e+00
-4.307376349264822046e+00
-4.310110943670713013e+00
-4.312842704140854799e+00
-4.315571612443033445e+00
-4.318297650377284747e+00
-4.321020799777403276e+00
-4.323741042512438959e+00
-4.326458360488231847e+00
-4.329172735648890047e+00
-4.331884149978292520e+00
-4.334592585501562567e+00
-4.337298024286564413e+00
-4.340000448445359815e+00
-4.342699840135692213e+00
-4.345396181562407811e+00
-4.348089454978936175e+00
-4.350779642688729965e+00
-4.353466727046664708e+00
-4.356150690460500741e+00
-4.358831515392266986e+00
-4.361509184359683822e+00
-4.364183679937545079e+00
-4.366854984759116043e+00
-4.369523081517494134e+00
-4.372187952966985591e+00
-4.374849581924451059e+00
-4.377507951270662723e+00
-4.380163043951616153e+00
-4.382814842979869674e+00
-4.385463331435850876e+00
-4.388108492469153354e+00
-4.390750309299826348e+00
-4.393388765219642167e+00
-4.396023843593384939e+00
-4.398655527860062975e+00
-4.401283801534185969e+00
-4.403908648206965815e+00
-4.406530051547544957e+00
-4.409147995304187440e+00
-4.411762463305481496e+00
-4.414373439461488857e+00
-4.416980907764932240e+00
-4.419584852292330446e+00
-4.422185257205134334e+00
-4.424782106750845934e+00
-4.427375385264127772e+00
-4.429965077167889120e+00
-4.432551166974382006e+00
-4.435133639286235940e+00
-4.437712478797529947e+00
-4.440287670294823741e+00
-4.442859198658171138e+00
-4.445427048862129027e+00
-4.447991205976750351e+00
-4.450551655168561105e+00
-4.453108381701509799e+00
-4.455661370937921362e+00
-4.458210608339433279e+00
-4.460756079467899760e+00
-4.463297769986292352e+00
-4.465835665659596110e+00
-4.468369752355655145e+00
-4.470900016046053693e+00
-4.473426442806927028e+00
-4.475949018819806113e+00
-4.478467730372406308e+00
-4.480982563859423173e+00
-4.483493505783306965e+00
-4.486000542755032683e+00
-4.488503661494811503e+00
-4.491002848832856387e+00
-4.493498091710063314e+00
-4.495989377178712054e+00
-4.498476692403166943e+00
-4.500960024660498604e+00
-4.503439361341163405e+00
-4.505914689949625185e+00
-4.508385998104971648e+00
-4.510853273541504116e+00
-4.513316504109320171e+00
-4.515775677774897190e+00
-4.518230782621624364e+00
-4.520681806850340934e+00
-4.523128738779867319e+00
-4.525571566847483851e+00
-4.528010279609441469e+00
-4.530444865741415583e+00
-4.532875314038975922e+00
-4.535301613418005751e+00
-4.537723752915141517e+00
-4.540141721688180532e+00
-4.542555509016450443e+00
-4.544965104301221359e+00
-4.547370497066030914e+00
-4.549771676957059086e+00
-4.552168633743424841e+00
-4.554561357317536086e+00
-4.556949837695366767e+00
-4.559334065016735771e+00
-4.561714029545598237e+00
-4.564089721670264055e+00
-4.566461131903672310e+00
-4.568828250883590236e+00
-4.571191069372832594e+00
-4.573549578259444637e+00
-4.575903768556880635e+00
-4.578253631404189505e+00
-4.580599158066130272e+00
-4.582940339933335494e+00
-4.585277168522408076e+00
-4.587609635476046499e+00
-4.589937732563124761e+00
-4.592261451678774087e+00
-4.594580784844442434e+00
-4.596895724207954004e+00
-4.599206262043527893e+00
-4.601512390751816284e+00
-4.603814102859907109e+00
-4.606111391021319612e+00
-4.608404248015984805e+00
-4.610692666750205504e+00
-4.612976640256634120e+00
-4.615256161694194503e+00
-4.617531224348021546e+00
-4.619801821629361704e+00
-4.622067947075514383e+00
-4.624329594349673833e+00
-4.626586757240846559e+00
-4.628839429663704763e+00
-4.631087605658431805e+00
-4.633331279390579205e+00
-4.635570445150904106e+00
-4.637805097355156114e+00
-4.640035230543918310e+00
-4.642260839382386983e+00
-4.644481918660151365e+00
-4.646698463290991121e+00
-4.648910468312608124e+00
-4.651117928886401742e+00
-4.653320840297181959e+00
-4.655519197952943777e+00
-4.657712997384537701e+00
-4.659902234245408614e+00
-4.662086904311287583e+00
-4.664267003479865004e+00
-4.666442527770510829e+00
-4.668613473323888208e+00
-4.670779836401661278e+00
-4.672941613386099036e+00
-4.675098800779763586e+00
-4.677251395205096252e+00
-4.679399393404080953e+00
-4.681542792237816109e+00
-4.683681588686154917e+00
-4.685815779847263940e+00
-4.687945362937244731e+00
-4.690070335289695080e+00
-4.692190694355264924e+00
-4.694306437701256662e+00
-4.696417563011137553e+00
-4.698524068084102723e+00
-4.700625950834633748e+00
-4.702723209291983508e+00
-4.704815841599739201e+00
-4.706903846015332959e+00
-4.708987220909509830e+00
-4.711065964765891678e+00
-4.713140076180436289e+00
-4.715209553860921332e+00
-4.717274396626442545e+00
-4.719334603406873718e+00
-4.721390173242358657e+00
-4.723441105282738306e+00
-4.725487398787040050e+00
-4.727529053122914604e+00
-4.729566067766081794e+00
-4.731598442299765672e+00
-4.733626176414134079e+00
-4.735649269905731096e+00
-4.737667722676888182e+00
-4.739681534735150414e+00
-4.741690706192693838e+00
-4.743695237265714404e+00
-4.745695128273859531e+00
-4.747690379639604608e+00
-4.749680991887661463e+00
-4.751666965644360197e+00
-4.753648301637029228e+00
-4.755625000693399329e+00
-4.757597063740963250e+00
-4.759564491806362874e+00
-4.761527286014739957e+00
-4.763485447589121513e+00
-4.765438977849777658e+00
-4.767387878213587449e+00
-4.769332150193384301e+00
-4.771271795397315607e+00
-4.773206815528199698e+00
-4.775137212382861485e+00
-4.777062987851500964e+00
-4.778984143917003102e+00
-4.780900682654309009e+00
-4.782812606229735586e+00
-4.784719916900319170e+00
-4.786622617013145842e+00
-4.788520709004680853e+00
-4.790414195400107822e+00
-4.792303078812649275e+00
-4.794187361942889858e+00
-4.796067047578108422e+00
-4.797942138591600347e+00
-4.799812637941990090e+00
-4.801678548672555280e+00
-4.803539873910564140e+00
-4.805396616866554282e+00
-4.807248780833695889e+00
-4.809096369187064290e+00
-4.810939385382988043e+00
-4.812777832958349933e+00
-4.814611715529893310e+00
-4.816441036793551511e+00
-4.818265800523752418e+00
-4.820086010572731894e+00
-4.821901670869835677e+00
-4.823712785420852356e+00
-4.825519358307312601e+00
-4.827321393685799933e+00
-4.829118895787261501e+00
-4.830911868916335727e+00
-4.832700317450640881e+00
-4.834484245840109828e+00
-4.836263658606290150e+00
-4.838038560341658467e+00
-4.839808955708935656e+00
-4.841574849440412720e+00
-4.843336246337250017e+00
-4.845093151268795140e+00
-4.846845569171920332e+00
-4.848593505050313723e+00
-4.850336963973816751e+00
-4.852075951077726046e+00
-4.853810471562144180e+00
-4.855540530691272672e+00
-4.857266133792749407e+00
-4.858987286256978955e+00
-4.860703993536439782e+00
-4.862416261145035001e+00
-4.864124094657405806e+00
-4.865827499708274217e+00
-4.867526481991760967e+00
-4.869221047260735347e+00
-4.870911201326142859e+00
-4.872596950056345300e+00
-4.874278299376458179e+00
-4.875955255267697019e+00
-4.877627823766715665e+00
-4.879296010964957908e+00
-4.880959823008002907e+00
-4.882619266094910593e+00
-4.884274346477587514e+00
-4.885925070460114483e+00
-4.887571444398135512e+00
-4.889213474698196116e+00
-4.890851167817104717e+00
-4.892484530261310027e+00
-4.894113568586257124e+00
-4.895738289395750620e+00
-4.897358699341339161e+00
-4.898974805121681264e+00
-4.900586613481920040e+00
-4.902194131213065020e+00
-4.903797365151385534e+00
-4.905396322177762336e+00
-4.906991009217112065e+00
-4.908581433237753977e+00
-4.910167601250806868e+00
-4.911749520309589556e+00
-4.913327197509021360e+00
-4.914900639985007480e+00
-4.916469854913865234e+00
-4.918034849511710327e+00
-4.919595631033881311e+00
-4.921152206774349835e+00
-4.922704584065130895e+00
-4.924252770275710844e+00
-4.925796772812454982e+00
-4.927336599118062210e+00
-4.928872256670949525e+00
-4.930403752984733323e+00
-4.931931095607623661e+00
-4.933454292121881579e+00
-4.934973350143262216e+00
-4.936488277320452589e+00
-4.937999081334510265e+00
-4.939505769898350884e+00
-4.941008350756151302e+00
-4.942506831682845991e+00
-4.944001220483573711e+00
-4.945491524993142818e+00
-4.946977753075498363e+00
-4.948459912623198065e+00
-4.949938011556873185e+00
-4.951412057824733814e+00
-4.952882059402014647e+00
-4.954348024290494479e+00
-4.955809960517942869e+00
-4.957267876137666285e+00
-4.958721779227944992e+00
-4.960171677891574760e+00
-4.961617580255349935e+00
-4.963059494469573174e+00
-4.964497428707558058e+00
-4.965931391165148590e+00
-4.967361390060230697e+00
-4.968787433632258832e+00
-4.970209530141760368e+00
-4.971627687869882628e+00
-4.973041915117915046e+00
-4.974452220206817543e+00
-4.975858611476753346e+00
-4.977261097286646674e+00
-4.978659686013712005e+00
-4.980054386053007320e+00
-4.981445205816969590e+00
-4.982832153734998215e+00
-4.984215238252986069e+00
-4.985594467832888732e+00
-4.986969850952299055e+00
-4.988341396103986192e+00
-4.989709111795506580e+00
-4.991073006548757185e+00
-4.992433088899549176e+00
-4.993789367397193146e+00
-4.995141850604097655e+00
-4.996490547095342905e+00
-4.997835465458282833e+00
-4.999176614292123233e+00
-5.000514002207543385e+00
-5.001847637826303483e+00
-5.003177529780801436e+00
-5.004503686713745125e+00
-5.005826117277732301e+00
-5.007144830134859781e+00
-5.008459833956369067e+00
-5.009771137422244003e+00
-5.011078749220856388e+00
-5.012382678048591167e+00
-5.013682932609464515e+00
-5.014979521614773894e+00
-5.016272453782744556e+00
-5.017561737838163616e+00
-5.018847382512015898e+00
-5.020129396541157973e+00
-5.021407788667951344e+00
-5.022682567639924933e+00
-5.023953742209444684e+00
-5.025221321133357399e+00
-5.026485313172673663e+00
-5.027745727092231220e+00
-5.029002571660359244e+00
-5.030255855648575469e+00
-5.031505587831238024e+00
-5.032751776985257663e+00
-5.033994431889747823e+00
-5.035233561325757279e+00
-5.036469174075921096e+00
-5.037701278924173742e+00
-5.038929884655449776e+00
-5.040155000055381862e+00
-5.041376633910002347e+00
-5.042594795005451935e+00
-5.043809492127699023e+00
-5.045020734062225287e+00
-5.046228529593785872e+00
-5.047432887506094978e+00
-5.048633816581554079e+00
-5.049831325600985465e+00
-5.051025423343361354e+00
-5.052216118585529436e+00
-5.053403420101949095e+00
-5.054587336664429387e+00
-5.055767877041867919e+00
-5.056945049999999497e+00
-5.058118864301140327e+00
-5.059289328703923339e+00
-5.060456451963069924e+00
-5.061620242829141247e+00
-5.062780710048278898e+00
-5.063937862361989950e+00
-5.065091708506888502e+00
-5.066242257214472744e+00
-5.067389517210894034e+00
-5.068533497216721528e+00
-5.069674205946724577e+00
-5.070811652109647127e+00
-5.071945844407968806e+00
-5.073076791537727281e+00
-5.074204502188265131e+00
-5.075328985042032670e+00
-5.076450248774383667e+00
-5.077568302053360405e+00
-5.078683153539479633e+00
-5.079794811885547823e+00
-5.080903285736457775e+00
-5.082008583728982565e+00
-5.083110714491593463e+00
-5.084209686644247661e+00
-5.085305508798224849e+00
-5.086398189555928262e+00
-5.087487737510691943e+00
-5.088574161246599559e+00
-5.089657469338325413e+00
-5.090737670350937272e+00
-5.091814772839718728e+00
-5.092888785350012881e+00
-5.093959716417043815e+00
-5.095027574565730077e+00
-5.096092368310572773e+00
-5.097154106155423747e+00
-5.098212796593367457e+00
-5.099268448106550444e+00
-5.100321069166035670e+00
-5.101370668231623107e+00
-5.102417253751717396e+00
-5.103460834163184856e+00
-5.104501417891175841e+00
-5.105539013349018163e+00
-5.106573628938029685e+00
-5.107605273047420624e+00
-5.108633954054118576e+00
-5.109659680322650388e+00
-5.110682460205008937e+00
-5.111702302040507462e+00
-5.112719214155657887e+00
-5.113733204864029602e+00
-5.114744282466154424e+00
-5.115752455249354291e+00
-5.116757731487656891e+00
-5.117760119441657984e+00
-5.118759627358396180e+00
-5.119756263471263225e+00
-5.120750035999847682e+00
-5.121740953149862108e+00
-5.122729023112998270e+00
-5.123714254066840113e+00
-5.124696654174750066e+00
-5.125676231585747367e+00
-5.126652994434437005e+00
-5.127626950840878273e+00
-5.128598108910475517e+00
-5.129566476733930180e+00
-5.130532062387081815e+00
-5.131494873930864564e+00
-5.132454919411174821e+00
-5.133412206858795734e+00
-5.134366744289307505e+00
-5.135318539703004781e+00
-5.136267601084785639e+00
-5.137213936404101844e+00
-5.138157553614836281e+00
-5.139098460655253220e+00
-5.140036665447899722e+00
-5.140972175899535479e+00
-5.141904999901043993e+00
-5.142835145327372182e+00
-5.143762620037446887e+00
-5.144687431874087835e+00
-5.145609588663979217e+00
-5.146529098217556886e+00
-5.147445968328950627e+00
-5.148360206775931758e+00
-5.149271821319833187e+00
-5.150180819705490798e+00
-5.151087209661183941e+00
-5.151990998898570595e+00
-5.152892195112620755e+00
-5.153790805981568468e+00
-5.154686839166850554e+00
-5.155580302313059526e+00
-5.156471203047868102e+00
-5.157359548981997222e+00
-5.158245347709158324e+00
-5.159128606805992057e+00
-5.160009333832032752e+00
-5.160887536329657799e+00
-5.161763221824042347e+00
-5.162636397823093581e+00
-5.163507071817437399e+00
-5.164375251280367785e+00
-5.165240943667779305e+00
-5.166104156418158233e+00
-5.166964896952533692e+00
-5.167823172674422594e+00
-5.168678990969816311e+00
-5.169532359207135386e+00
-5.170383284737192220e+00
-5.171231774893159105e+00
-5.172077836990530919e+00
-5.172921478327112688e+00
-5.173762706182953863e+00
-5.174601527820357205e+00
-5.175437950483829042e+00
-5.176271981400049960e+00
-5.177103627777859707e+00
-5.177932896808234098e+00
-5.178759795664232612e+00
-5.179584331501023264e+00
-5.180406511455816876e+00
-5.181226342647857308e+00
-5.182043832178422349e+00
-5.182858987130776640e+00
-5.183671814570174341e+00
-5.184482321543818273e+00
-5.185290515080872353e+00
-5.186096402192416299e+00
-5.186899989871461614e+00
-5.187701285092907177e+00
-5.188500294813547242e+00
-5.189297025972051891e+00
-5.190091485488961709e+00
-5.190883680266658473e+00
-5.191673617189383805e+00
-5.192461303123212524e+00
-5.193246744916036661e+00
-5.194029949397588553e+00
-5.194810923379401757e+00
-5.195589673654826157e+00
-5.196366206999012860e+00
-5.197140530168918637e+00
-5.197912649903289939e+00
-5.198682572922680656e+00
-5.199450305929424587e+00
-5.200215855607660309e+00
-5.200979228623306305e+00
-5.201740431624087613e+00
-5.202499471239509177e+00
-5.203256354080882495e+00
-5.204011086741306968e+00
-5.204763675795692990e+00
-5.205514127800747737e+00
-5.206262449294991157e+00
-5.207008646798762186e+00
-5.207752726814209865e+00
-5.208494695825320875e+00
-5.209234560297911543e+00
-5.209972326679633170e+00
-5.210708001399993350e+00
-5.211441590870364848e+00
-5.212173101483967841e+00
-5.212902539615925868e+00
-5.213629911623234747e+00
-5.214355223844784781e+00
-5.215078482601402499e+00
-5.215799694195812464e+00
-5.216518864912687903e+00
-5.217236001018656033e+00
-5.217951108762294510e+00
-5.218664194374166954e+00
-5.219375264066840714e+00
-5.220084324034870882e+00
