5.380162111516869334e-16
-3.270267381174241983e+00
-6.344024777146239913e+00
-9.065845454580786722e+00
-1.134467243232685085e+01
-1.315407261942284123e+01
-1.451681692734091200e+01
-1.548481737017725912e+01
-1.612197748027697486e+01
-1.649263875211739361e+01
-1.665522213504191029e+01
-1.665956871744202772e+01
-1.654650267470643854e+01
-1.634853615527921278e+01
-1.609104042057285255e+01
-1.579350943460100254e+01
-1.547073231576317731e+01
-1.513380264926709451e+01
-1.479094925373672176e+01
-1.444820193024767896e+01
-1.410991464475151425e+01
-1.377917238476640271e+01
-1.345810417531108527e+01
-1.314812334100139957e+01
-1.285011043185348356e+01
-1.256455311450392465e+01
-1.229165230184115920e+01
-1.203140390186664277e+01
-1.178366107464805168e+01
-1.154818240388126505e+01
-1.132466667885806011e+01
-1.111277638714872928e+01
-1.091214910342690203e+01
-1.072240022877913113e+01
-1.054311910233913174e+01
-1.037386455112533490e+01
-1.021416211426826948e+01
-1.006350692375577793e+01
-9.921370743417332605e+00
-9.787213702045091779e+00
-9.660496777167798754e+00
-9.540694884245846552e+00
-9.427307017288153901e+00
-9.319864593738918401e+00
-9.217935694920313949e+00
-9.121127588883599202e+00
-9.029085878851221381e+00
-8.941493140173779608e+00
-8.858065360023694268e+00
-8.778549026036804648e+00
-8.702716859983535613e+00
-8.630364904605801968e+00
-8.561308634880713697e+00
-8.495380722052779277e+00
-8.432427882221093185e+00
-8.372309446114947207e+00
-8.314894919891527181e+00
-8.260063243596713178e+00
-8.207700900493167140e+00
-8.157701684896514038e+00
-8.109965184614853939e+00
-8.064396897737164949e+00
-8.020906947966402356e+00
-7.979410431804389248e+00
-7.939826269025815009e+00
-7.902077701277746336e+00
-7.866091214897920736e+00
-7.831797141687074415e+00
-7.799128615879855175e+00
-7.768022247765006050e+00
-7.738417092453002688e+00
-7.710255379425969835e+00
-7.683481480344123149e+00
-7.658042684949461609e+00
-7.633888160713990345e+00
-7.610969769694094111e+00
-7.589241015930272560e+00
-7.568657900142303774e+00
-7.549177852469428629e+00
-7.530760623120681174e+00
-7.513367198928549762e+00
-7.496960728704499033e+00
-7.481505422535608574e+00
-7.466967510920864193e+00
-7.453314125973861337e+00
-7.440514293585034800e+00
-7.428537795816986922e+00
-7.417356195430998334e+00
-7.406941678834628284e+00
-7.397268112370158910e+00
-7.388309865224880646e+00
-7.380042896924684293e+00
-7.372443559659741297e+00
-7.365489716468030856e+00
-7.359159522468722514e+00
-7.353432573259326865e+00
-7.348288664588791264e+00
-7.343708970531436897e+00
-7.339674781169733819e+00
-7.336168710146361072e+00
-7.333173409964628853e+00
-7.330672808557142872e+00
-7.328650801847654606e+00
-7.327092519010017568e+00
-7.325982991969341107e+00
-7.325308449058147708e+00
-7.325054961166254763e+00
-7.325209763531667306e+00
-7.325759878277997572e+00
-7.326693464105624720e+00
-7.327998414982049624e+00
-7.329663737524456657e+00
-7.331678125632664411e+00
-7.334031365377412293e+00
-7.336712885386971195e+00
-7.339713189076529254e+00
-7.343022380619312450e+00
-7.346631624370682623e+00
-7.350531646272066233e+00
-7.354714220340410336e+00
-7.359170645368467767e+00
-7.363893258365234118e+00
-7.368873886430074016e+00
-7.374105387042654947e+00
-7.379580075001017647e+00
-7.385291289471526355e+00
-7.391231795891347822e+00
-7.397395379699528206e+00
-7.403775223114360315e+00
-7.410365525475897996e+00
-7.417159854817074738e+00
-7.424152794756362361e+00
-7.431338270789061617e+00
-7.438711223676375717e+00
-7.446265910390037490e+00
-7.453997603950115902e+00
-7.461900868962598743e+00
-7.469971287864181519e+00
-7.478203710997369136e+00
-7.486594009225991719e+00
-7.495137298496858058e+00
-7.503829718794420955e+00
-7.512666633142398354e+00
-7.521644432869917907e+00
-7.530758711010435924e+00
-7.540006093855375902e+00
-7.549382388710485614e+00
-7.558884441716979374e+00
-7.568508259928279358e+00
-7.578250895381189345e+00
-7.588108541459027023e+00
-7.598078443197753273e+00
-7.608156967903880741e+00
-7.618341541683256501e+00
-7.628628694283693612e+00
-7.639016021836216197e+00
-7.649500205894569582e+00
-7.660079002380560276e+00
-7.670749234794184801e+00
-7.681508809356655476e+00
-7.692354682365879270e+00
-7.703284901532556184e+00
-7.714296547457410114e+00
-7.725387801156777812e+00
-7.736555859639186572e+00
-7.747799029618182232e+00
-7.759114617167003125e+00
-7.770501047617718982e+00
-7.781955729273018818e+00
-7.793477199492363283e+00
-7.805062962440950436e+00
-7.816711661363765273e+00
-7.828420890353060990e+00
-7.840189392812384916e+00
-7.852014847223724558e+00
-7.863896091804893018e+00
-7.875830884258264497e+00
-7.887818152625244217e+00
-7.899855728999432003e+00
-7.911942626582220583e+00
-7.924076747343530513e+00
-7.936257185283995597e+00
-7.948481908026297837e+00
-7.960750086289806404e+00
-7.973059749396257168e+00
-7.985410140963026926e+00
-7.997799348307377265e+00
-8.010226684365028049e+00
-8.022690290977308791e+00
-8.035189547042437042e+00
-8.047722645669887598e+00
-8.060289028572292125e+00
-8.072886937071706015e+00
-8.085515872740238308e+00
-8.098174122243145590e+00
-8.110861244236858170e+00
-8.123575568033746919e+00
-8.136316706766683282e+00
-8.149083029860463512e+00
-8.161874202472208850e+00
-8.174688631754831292e+00
-8.187526032582914226e+00
-8.200384847593156223e+00
-8.213264839206203760e+00
-8.226164483429247554e+00
-8.239083588183875762e+00
-8.252020660856425494e+00
-8.264975552942502190e+00
-8.277946801330291038e+00
-8.290934299272688435e+00
-8.303936611389087119e+00
-8.316953670976140245e+00
-8.329984068713274681e+00
-8.343027776323955536e+00
-8.356083408969928072e+00
-8.369150975274571636e+00
-8.382229113391552744e+00
-8.395317867402026124e+00
-8.408415897043040488e+00
-8.421523280490529118e+00
-8.434638697732870227e+00
-8.447762259752398251e+00
-8.460892665528747969e+00
-8.474030057631750878e+00
-8.487173152839831758e+00
-8.500322124156809878e+00
-8.513475705030771223e+00
-8.526634097807633594e+00
-8.539796051535404331e+00
-8.552961796867981192e+00
-8.566130097439451418e+00
-8.579301211231824098e+00
-8.592473915504239557e+00
-8.605648494637879509e+00
-8.618823738605225770e+00
-8.631999957305918514e+00
-8.645175952560602894e+00
-8.658352058951919616e+00
-8.671527089327371485e+00
-8.684701402159664241e+00
-8.697873820543160051e+00
-8.711044726087878942e+00
-8.724212951394079596e+00
-8.737378900494132239e+00
-8.750541414789738681e+00
-8.763700920056578525e+00
-8.776856265828037351e+00
-8.790007898977629353e+00
-8.803154676533370804e+00
-8.816297065852911174e+00
-8.829433930852683687e+00
-8.842565758790957631e+00
-8.855691419895455496e+00
-8.868811420769809217e+00
-8.881924637403573186e+00
-8.895031595217353981e+00
-8.908131175438962046e+00
-8.921223921803070667e+00
-8.934308720276865401e+00
-8.947386132430045436e+00
-8.960455048493578545e+00
-8.973516047415984076e+00
-8.986568023238429959e+00
-8.999611571853570524e+00
-9.012645590679937868e+00
-9.025670692140032259e+00
-9.038685776616986800e+00
-9.051691472667974026e+00
-9.064686683246458543e+00
-9.077672052667645985e+00
-9.090646486078888699e+00
-9.103610643194050667e+00
-9.116563430994720107e+00
-9.129505524250539850e+00
-9.142435831433758153e+00
-9.155355042042383928e+00
-9.168262065710866437e+00
-9.181157606353210099e+00
-9.194040574451873837e+00
-9.206911688038543318e+00
-9.219769858143241237e+00
-9.232615816630245220e+00
-9.245448474789768056e+00
-9.258268578046497055e+00
-9.271075037675402086e+00
-9.283868612401555254e+00
-9.296648213221370582e+00
-9.309414611911407178e+00
-9.322166718937280550e+00
-9.334905318889301640e+00
-9.347629321460612317e+00
-9.360339523827942543e+00
-9.373034834680112226e+00
-9.385716063562993483e+00
-9.398382117939162228e+00
-9.411033819515399301e+00
-9.423670074315131373e+00
-9.436291716007096042e+00
-9.448897648971323449e+00
-9.461488718648059404e+00
-9.474063827577914765e+00
-9.486623832790330724e+00
-9.499167634798512339e+00
-9.511696102046510504e+00
-9.524208132839520502e+00
-9.536704606869088607e+00
-9.549184420059123823e+00
-9.561648463188536340e+00
-9.574095629633337268e+00
-9.586526821106577501e+00
-9.598940928276354256e+00
-9.611338863642934882e+00
-9.623719515012664871e+00
-9.636083805532342339e+00
-9.648430619998789481e+00
-9.660760892070369366e+00
-9.673073503392087602e+00
-9.685369398004800345e+00
-9.697647454264867406e+00
-9.709908626471685622e+00
-9.722151789561348068e+00
-9.734377907973097876e+00
-9.746585853096011220e+00
-9.758776599395297069e+00
-9.770949014591103321e+00
-9.783104083065355283e+00
-9.795240668751850066e+00
-9.807359765844509525e+00
-9.819460234377530128e+00
-9.831543078256583357e+00
-9.843607153507152319e+00
-9.855653473650264118e+00
-9.867680890597636534e+00
-9.879690427393295948e+00
-9.891680931733887405e+00
-9.903653436097721752e+00
-9.915606783868605945e+00
-9.927542016874291164e+00
-9.939457974091352455e+00
-9.951355706615382601e+00
-9.963234048924789477e+00
-9.975094061304735860e+00
-9.986934573647635816e+00
-9.998756655353176370e+00
-1.001055913164290168e+01
-1.002234308095900595e+01
-1.003410732377039061e+01
-1.004585294749252355e+01
-1.005757876776238113e+01
-1.006928588090255339e+01
-1.008097309764173133e+01
-1.009264152314583107e+01
-1.010428996316122152e+01
-1.011591953163630286e+01
-1.012752902926367682e+01
-1.013911957871539116e+01
-1.015068997556123165e+01
-1.016224135114079274e+01
-1.017377249583407384e+01
-1.018528454959432494e+01
-1.019677629754697001e+01
-1.020824888820708054e+01
-1.021970110138300569e+01
-1.023113409410198926e+01
-1.024254664079446542e+01
-1.025393990695230606e+01
-1.026531266156927735e+01
-1.027666607855621628e+01
-1.028799892141318928e+01
-1.029931237242616682e+01
-1.031060518954638283e+01
-1.032187856339293042e+01
-1.033313124631467694e+01
-1.034436443722347043e+01
-1.035557688281396693e+01
-1.036676979025214784e+01
-1.037794190052807153e+01
-1.038909442902490454e+01
-1.040022611097908545e+01
-1.041133816995559869e+01
-1.042242933538979877e+01
-1.043350083899444769e+01
-1.044455140435782603e+01
-1.045558227130780793e+01
-1.046659215754087846e+01
-1.047758231096885240e+01
-1.048855144335287370e+01
-1.049950081065894558e+01
-1.051042911867052077e+01
-1.052133763137915956e+01
-1.053222504854958430e+01
-1.054309264217151565e+01
-1.055393910595101659e+01
-1.056476571984975443e+01
-1.057557117147623771e+01
-1.058635674873911725e+01
-1.059712113311140591e+01
-1.060786562042484960e+01
-1.061858888598008832e+01
-1.062929223350911379e+01
-1.063997433210433385e+01
-1.065063649337607465e+01
-1.066127738017359583e+01
-1.067189831196474259e+01
-1.068249794532142971e+01
-1.069307760754926662e+01
-1.070363594890955206e+01
-1.071417430452661890e+01
-1.072469131831883615e+01
-1.073518833321113242e+01
-1.074566398674733136e+01
-1.075611962963586343e+01
-1.076655389301501664e+01
-1.077696813536037013e+01
-1.078736098137456345e+01
-1.079773379728474580e+01
-1.080808520132852202e+01
-1.081841656746978053e+01
-1.082872650745237841e+01
-1.083901640296290303e+01
-1.084928485922328711e+01
-1.085953326562960974e+01
-1.086976022085436000e+01
-1.087996712199046101e+01
-1.089015256113418140e+01
-1.090031794306332813e+01
-1.091046185327159357e+01
-1.092058570421045616e+01
-1.093068807474531567e+01
-1.094077038499069410e+01
-1.095083120715847613e+01
-1.096087196901619087e+01
-1.097089123609753969e+01
-1.098089044381368318e+01
-1.099086815099596492e+01
-1.100082580069031479e+01
-1.101076194500196159e+01
-1.102067803460338702e+01
-1.103057261485050056e+01
-1.104044714403450733e+01
-1.105030016073920685e+01
-1.106013313086744532e+01
-1.106994458620845556e+01
-1.107973600026998362e+01
-1.108950589802474163e+01
-1.109925576057921148e+01
-1.110898410606805520e+01
-1.111869242319070139e+01
-1.112837922322252560e+01
-1.113804600245078902e+01
-1.114769126527067300e+01
-1.115731651555243609e+01
-1.116692025079063200e+01
-1.117650398243412191e+01
-1.118606620105673777e+01
-1.119560842568198744e+01
-1.120512913994314097e+01
-1.121462987043485704e+01
-1.122410909383033406e+01
-1.123356834429225692e+01
-1.124300609151452157e+01
-1.125242387722515680e+01
-1.126182016411982012e+01
-1.127119650148950569e+01
-1.128055134501298262e+01
-1.128988625154227243e+01
-1.129919966972094336e+01
-1.130849316396027859e+01
-1.131776517585054442e+01
-1.132701727736118080e+01
-1.133624790301107765e+01
-1.134545863232692398e+01
-1.135464789273876107e+01
-1.136381727132973651e+01
-1.137296518842368087e+01
-1.138209323866002087e+01
-1.139119983523901425e+01
-1.140028658035644682e+01
-1.140935188007216539e+01
-1.141839734413850671e+01
-1.142742137145807568e+01
-1.143642557934044390e+01
-1.144540835951443469e+01
-1.145437133684783682e+01
-1.146331289587908486e+01
-1.147223466903541400e+01
-1.148113503364883137e+01
-1.149001562970733303e+01
-1.149887482732040134e+01
-1.150771427403863179e+01
-1.151653233273309773e+01
-1.152533065851897831e+01
-1.153410760701308391e+01
-1.154286484089748654e+01
-1.155160070851925980e+01
-1.156031688012978087e+01
-1.156901169679089136e+01
-1.157768683632604656e+01
-1.158634063249655632e+01
-1.159497477070097027e+01
-1.160358757738484492e+01
-1.161218074552499679e+01
-1.162075259423621354e+01
-1.162930482407703892e+01
-1.163783574681654009e+01
-1.164634707059859764e+01
-1.165483709983176119e+01
-1.166330755024913657e+01
-1.167175671888397837e+01
-1.168018632906276721e+01
-1.168859467042887701e+01
-1.169698347390637316e+01
-1.170535102173416853e+01
-1.171369905243855492e+01
-1.172202584083957433e+01
-1.173033313307023917e+01
-1.173861919651750085e+01
-1.174688578492605906e+01
-1.175513115823539145e+01
-1.176335707780696538e+01
-1.177156179611865028e+01
-1.177974708215398003e+01
-1.178791118091506007e+01
-1.179605586901285363e+01
-1.180417938395983057e+01
-1.181228350999996479e+01
-1.182036647714200761e+01
-1.182843007726888551e+01
-1.183647253287162293e+01
-1.184449564347807282e+01
-1.185249762404780860e+01
-1.186048028175960667e+01
-1.186844182402787595e+01
-1.187638406568860105e+01
-1.188430520659724365e+01
-1.189220706925352111e+01
-1.190008784594025038e+01
-1.190794936682748428e+01
-1.191578981661176329e+01
-1.192361103314026494e+01
-1.193141119350964452e+01
-1.193919214325106637e+01
-1.194695205184782161e+01
-1.195469277252220586e+01
-1.196241246713045747e+01
-1.197011299659330597e+01
-1.197779251512655030e+01
-1.198545289135653746e+01
-1.199309227184523508e+01
-1.200071253293226903e+01
-1.200831181351219357e+01
-1.201589199764553939e+01
-1.202345121654614246e+01
-1.203099136200317787e+01
-1.203851055753641042e+01
-1.204601070267161944e+01
-1.205348991322106222e+01
-1.206095009645520300e+01
-1.206838936046544219e+01
-1.207580962027516591e+01
-1.208320897624159151e+01
-1.209058935114931899e+01
-1.209794883760804218e+01
-1.210528936617206952e+01
-1.211260902169029841e+01
-1.211990974249524733e+01
-1.212718960566177806e+01
-1.213445055730932509e+01
-1.214169066672533503e+01
-1.214891188782505438e+01
-1.215611228209528250e+01
-1.216329381125599696e+01
-1.217045452897992597e+01
-1.217759640480099748e+01
-1.218471748456463111e+01
-1.219181974562772730e+01
-1.219890122599513482e+01
-1.220596391085620169e+01
-1.221300583036181564e+01
-1.222002897754308925e+01
-1.222703137468365497e+01
-1.223401502266609597e+01
-1.224097793589346672e+01
-1.224792212310934225e+01
-1.225484559082289593e+01
-1.226175035564850369e+01
-1.226863441618816886e+01
-1.227549979693690396e+01
-1.228234448857611305e+01
-1.228917052349153849e+01
-1.229597588443061795e+01
-1.230276261167989738e+01
-1.230952868003940637e+01
-1.231627613770678131e+01
-1.232300295152127134e+01
-1.232971117760186175e+01
-1.233639877481354752e+01
-1.234306780720715935e+01
-1.234971622566006033e+01
-1.235634610216528984e+01
-1.236295537959916047e+01
-1.236954613790768676e+01
-1.237611631195247952e+01
-1.238266798964332160e+01
-1.238919909781358086e+01
-1.239571173234769219e+01
-1.240220381203726419e+01
-1.240867744075227108e+01
-1.241513052922894467e+01
-1.242156518933383502e+01
-1.242797932373430037e+01
-1.243437505230458306e+01
-1.244075026962941699e+01
-1.244710710360210904e+01
-1.245344344071106768e+01
-1.245976141687992644e+01
-1.246605891048712600e+01
-1.247233806549814616e+01
-1.247859675216759001e+01
-1.248483712251434063e+01
-1.249105703865543227e+01
-1.249725866067482016e+01
-1.250343984253807150e+01
-1.250960275240598207e+01
-1.251574523607877509e+01
-1.252186946980591919e+01
-1.252797329120853576e+01
-1.253405888463653284e+01
-1.254012407951790387e+01
-1.254617106831526030e+01
-1.255219767224939176e+01
-1.255820609190772252e+01
-1.256419414028980164e+01
-1.257016402612001293e+01
-1.257611355416271870e+01
-1.258204494129160622e+01
-1.258795598402154248e+01
-1.259384890738801666e+01
-1.259972149964236543e+01
-1.260557599399420781e+01
-1.261141017041711976e+01
-1.261722627030759725e+01
-1.262302206534708127e+01
-1.262879980513169542e+01
-1.263455725303637145e+01
-1.264029666686966280e+01
-1.264601580168564254e+01
-1.265171692351817967e+01
-1.265739777908599706e+01
-1.266306064266127862e+01
-1.266870325261302455e+01
-1.267432789146468863e+01
-1.267993228922102311e+01
-1.268551873666992336e+01
-1.269108495543730264e+01
-1.269663324458879039e+01
-1.270216131735678289e+01
-1.270767148109798583e+01
-1.271316144063655784e+01
-1.271863351163375455e+01
-1.272408539049070519e+01
-1.272951940118678138e+01
-1.273493323168525038e+01
-1.274032921429720666e+01
-1.274570502853313059e+01
-1.275106301504958140e+01
-1.275640084488941817e+01
-1.276172086706843523e+01
-1.276702074414670740e+01
-1.277230283351324758e+01
-1.277756478923035388e+01
-1.278280897707419150e+01
-1.278803304259413309e+01
-1.279323935996760042e+01
-1.279842556621591498e+01
-1.280359404393182565e+01
-1.280874242159329413e+01
-1.281387309022278842e+01
-1.281898366973955916e+01
-1.282407655961012694e+01
-1.282914937117965160e+01
-1.283420451237308058e+01
-1.283923958594610504e+01
-1.284425700829671868e+01
-1.284925437357541966e+01
-1.285423410666793487e+01
-1.285919379310409738e+01
-1.286413586627203642e+01
-1.286905790306515485e+01
-1.287396234538883100e+01
-1.287884676148440732e+01
-1.288371360178937941e+01
-1.288856042587711848e+01
-1.289338969273227953e+01
-1.289819895324445653e+01
-1.290299067496052920e+01
-1.290776240007033415e+01
-1.291251660469809792e+01
-1.291725082231792143e+01
-1.292196753764677908e+01
-1.292666427542679131e+01
-1.293134352898302453e+01
-1.293600281430950361e+01
-1.294064463335485904e+01
-1.294526649334875223e+01
-1.294987090487889070e+01
-1.295445536639435424e+01
-1.295902239713747406e+01
-1.296356948676030285e+01
-1.296809916317565481e+01
-1.297260890722201232e+01
-1.297710125549849280e+01
-1.298157368001344025e+01
-1.298602872606823055e+01
-1.299046385682442128e+01
-1.299488162630165355e+01
-1.299927948879800077e+01
-1.300366000706745062e+01
-1.300802062652777735e+01
-1.301236391868359199e+01
-1.301668732005540186e+01
-1.302099341091472695e+01
-1.302527961886797847e+01
-1.302954853296988169e+01
-1.303379757189567201e+01
-1.303802933349986404e+01
-1.304224122750929382e+01
-1.304643586059486182e+01
-1.305061063351783979e+01
-1.305476816178217803e+01
-1.305890583716624853e+01
-1.306302628402385047e+01
-1.306712688513309217e+01
-1.307121027371444910e+01
-1.307527382352827772e+01
-1.307932017667873126e+01
-1.308334669789082305e+01
-1.308735603816954196e+01
-1.309134555318686033e+01
-1.309531790286563790e+01
-1.309927043380714906e+01
-1.310320581486949898e+01
-1.310712138356530332e+01
-1.311101981770522862e+01
-1.311489844569548069e+01
-1.311875995431666020e+01
-1.312260166285047092e+01
-1.312642626706509574e+01
-1.313023107709955362e+01
-1.313401879772735192e+01
-1.313778672992663665e+01
-1.314153758749389489e+01
-1.314526866222813162e+01
-1.314898267696670153e+01
-1.315267691431114550e+01
-1.315635410615750267e+01
-1.316001152589139700e+01
-1.316365191448571004e+01
-1.316727253609149706e+01
-1.317087614077663460e+01
-1.317445998343892732e+01
-1.317802682325952368e+01
-1.318157390586423361e+01
-1.318510399956581125e+01
-1.318861434069914296e+01
-1.319210770672711597e+01
-1.319558132467479084e+01
-1.319903798117363003e+01
-1.320247489391977425e+01
-1.320589485873203373e+01
-1.320929508395849616e+01
-1.321267837462401040e+01
-1.321604192970933411e+01
-1.321938856346424096e+01
-1.322271546548276255e+01
-1.322602545925866480e+01
-1.322931572497975772e+01
-1.323258909540277983e+01
-1.323584274128982052e+01
-1.323907950467981998e+01
-1.324229654688944002e+01
-1.324549671925909422e+01
-1.324867717364022823e+01
-1.325184077069411970e+01
-1.325498465278713311e+01
-1.325811168992094657e+01
-1.326121901495686473e+01
-1.326430950725650426e+01
-1.326738029015602471e+01
-1.327043425239673091e+01
-1.327346850776940279e+01
-1.327648595441492851e+01
-1.327948369655832472e+01
-1.328246464176001673e+01
-1.328542588465889907e+01
-1.328837034225486313e+01
-1.329129509958016442e+01
-1.329420308309442156e+01
-1.329709136820256354e+01
-1.329996289084420269e+01
-1.330281471677611549e+01
-1.330564979143826854e+01
-1.330846517091863745e+01
-1.331126381017787708e+01
-1.331404275561406614e+01
-1.331680497172935240e+01
-1.331954749521082171e+01
-1.332227330012263522e+01
-1.332497941341977388e+01
-1.332766881874934128e+01
-1.333033853331281371e+01
-1.333299155036120176e+01
-1.333562487732091206e+01
-1.333824151706801331e+01
-1.334083846723241606e+01
-1.334341874033618325e+01
-1.334597932419113775e+01
-1.334852324098675780e+01
-1.335104746869481751e+01
-1.335355503919362441e+01
-1.335604292059309195e+01
-1.335851415448180823e+01
-1.336096569908580634e+01
-1.336340060572560162e+01
-1.336581582272119029e+01
-1.336821441114669007e+01
-1.337059330939389490e+01
-1.337295558831243625e+01
-1.337529817634334428e+01
-1.337762415413383366e+01
-1.337993044015171407e+01
-1.338222012486386170e+01
-1.338449011674212841e+01
-1.338674351609531143e+01
-1.338897722137667401e+01
-1.339119434275916376e+01
-1.339339176865457404e+01
-1.339557261912251818e+01
-1.339773377251022346e+01
-1.339987835878661926e+01
-1.340200324621119599e+01
-1.340411157468494174e+01
-1.340620020235636289e+01
-1.340827227908125252e+01
-1.341032465287377029e+01
-1.341236048356748611e+01
-1.341437660901869400e+01
-1.341637619906182266e+01
-1.341835608137157720e+01
-1.342031943580657227e+01
-1.342226307983604272e+01
-1.342419020336608604e+01
-1.342609761363664411e+01
-1.342798851062473986e+01
-1.342985969131689572e+01
-1.343171436578469446e+01
-1.343354932073708419e+01
-1.343536777636382240e+01
-1.343716650907202492e+01
-1.343894874919354088e+01
-1.344071126280901396e+01
-1.344245729041648474e+01
-1.344418358774551514e+01
-1.344589340548436596e+01
-1.344758348898686151e+01
-1.344925709915573364e+01
-1.345091097094411303e+01
-1.345254837549353510e+01
-1.345416603733151106e+01
-1.345576723786294693e+01
-1.345734869116441246e+01
-1.345891368892885254e+01
-1.346045893475667299e+01
-1.346198773065363419e+01
-1.346349676971843401e+01
-1.346498936429454218e+01
-1.346646219695342594e+01
-1.346791859040135897e+01
-1.346935521665676738e+01
-1.347077540881389446e+01
-1.347217582831217264e+01
-1.347355981865925756e+01
-1.347492403068961409e+01
-1.347627181834960197e+01
-1.347759982184256700e+01
-1.347891140557926981e+01
-1.348020319910549070e+01
-1.348147857732216615e+01
-1.348273415909104678e+01
-1.348397332982911578e+01
-1.348519269768745232e+01
-1.348639565862517031e+01
-1.348757881005574433e+01
-1.348874555850663448e+01
-1.348989249062684515e+01
-1.349102302353846206e+01
-1.349213373309887665e+01
-1.349322804705126444e+01
-1.349430253043412620e+01
-1.349536062163839567e+01
-1.349639887485625600e+01
-1.349742073915304275e+01
-1.349842275784711099e+01
-1.349940839070519694e+01
-1.350037417014390684e+01
-1.350132356665852562e+01
-1.350225310173604143e+01
-1.350316625662737025e+01
-1.350405954186193114e+01
-1.350493644947357197e+01
-1.350579347900582228e+01
-1.350663413330314278e+01
-1.350745490089469492e+01
-1.350825929546313553e+01
-1.350904379449480253e+01
-1.350981192253827423e+01
-1.351056014600834665e+01
-1.351129200034754518e+01
-1.351200394087018175e+01
-1.351269951394085744e+01
-1.351337516374424652e+01
-1.351403444759542616e+01
-1.351467379852011597e+01
-1.351529678481230512e+01
-1.351589982830940073e+01
-1.351648650831280385e+01
-1.351705323544205761e+01
-1.351760360003473238e+01
-1.351813400146273025e+01
-1.351864804112874552e+01
-1.351914210712704012e+01
-1.351961981195446327e+01
-1.352007753239757015e+01
-1.352051889207666058e+01
-1.352094025644022857e+01
-1.352134526026138062e+01
-1.352173025762002112e+01
-1.352209889447179592e+01
-1.352244751349727814e+01
-1.352277977186424529e+01
-1.352309200082327934e+01
-1.352338786878411270e+01
-1.352366369553624459e+01
-1.352392316076152667e+01
-1.352416257275702804e+01
-1.352438562250704379e+01
-1.352458860678485308e+01
-1.352477522790746356e+01
-1.352494177109282170e+01
-1.352509195002120457e+01
-1.352522203832339898e+01
-1.352533576107377833e+01
-1.352542938028395270e+01
-1.352550663245331464e+01
-1.352556376794207260e+01
-1.352560453470576185e+01
-1.352562517142085241e+01
-1.352562943753014224e+01
-1.352561355999388049e+01
-1.352558130977369721e+01
-1.352552890208070302e+01
-1.352546011942692239e+01
-1.352537116524141503e+01
-1.352526583361848544e+01
-1.352514031617191037e+01
-1.352499841861016705e+01
-1.352483632069842123e+01
-1.352465783979155489e+01
-1.352445914377245906e+01
-1.352424406167473059e+01
-1.352400874946527232e+01
-1.352375704788890154e+01
-1.352348510096248368e+01
-1.352319676117472191e+01
-1.352288816055838083e+01
-1.352256316337886233e+01
-1.352221788965029425e+01
-1.352185621544798444e+01
-1.352147424873280102e+01
-1.352107587742313477e+01
-1.352065719739176863e+01
-1.352022210843366778e+01
-1.351976669429838296e+01
-1.351929486669110680e+01
-1.351880269720290073e+01
-1.351829410948303867e+01
-1.351776516292855845e+01
-1.351721979316674194e+01
-1.351665404736495724e+01
-1.351607187316272451e+01
-1.351546930546169456e+01
-1.351485030394813869e+01
-1.351421089122175445e+01
-1.351355503905008959e+01
-1.351287875769456548e+01
-1.351218603103878735e+01
-1.351147285696923106e+01
-1.351074323152053580e+01
-1.350999314016738140e+01
-1.350922659113069102e+01
-1.350843955743607872e+01
-1.350763605952616508e+01
-1.350681205794033346e+01
-1.350597158537835796e+01
-1.350511058985574664e+01
-1.350423311636524559e+01
-1.350333510036068674e+01
-1.350242059916384463e+01
-1.350148553562871179e+01
-1.350053397944222588e+01
-1.349956184082034838e+01
-1.349857320185155629e+01
-1.349756396007502879e+01
-1.349653821001761678e+01
-1.349549183650288953e+01
-1.349442894653272695e+01
-1.349334541217610983e+01
-1.349224535294687044e+01
-1.349112462812019153e+01
-1.348998736975915236e+01
-1.348882942430535437e+01
-1.348765493640858892e+01
-1.348645973963714972e+01
-1.348524799126511731e+01
-1.348401551194735681e+01
-1.348276647162012232e+01
-1.348149667798443829e+01
-1.348021031367689204e+01
-1.347890317340394617e+01
-1.347757945254081591e+01
-1.347623493275851736e+01
-1.347487382220937313e+01
-1.347349188948775733e+01
-1.347209335556181919e+01
-1.347067397590787330e+01
-1.346923798434878883e+01
-1.346778112320108534e+01
-1.346630763918152418e+01
-1.346481326140476398e+01
-1.346330224952086141e+01
-1.346177031940030666e+01
-1.346022174366604318e+01
-1.345865222490182056e+01
-1.345706604874319723e+01
-1.345545890444431336e+01
-1.345383509069351646e+01
-1.345219028337208478e+01
-1.345052879426131298e+01
-1.344884628582616060e+01
-1.344714708298144856e+01
-1.344542683473204647e+01
-1.344368987916702984e+01
-1.344193185178692929e+01
-1.344015710389603058e+01
-1.343836125744634025e+01
-1.343654867699838462e+01
-1.343471497091088551e+01
-1.343286451704211437e+01
-1.343099291011249896e+01
-1.342910454131957643e+01
-1.342719499170018693e+01
-1.342526866583303757e+01
-1.342332113102570013e+01
-1.342135680528015307e+01
-1.341937124212862997e+01
-1.341736887303876813e+01
-1.341534523772124210e+01
-1.341330478115176028e+01
-1.341124302917284083e+01
-1.340916444031108945e+01
-1.340706452649384062e+01
-1.340494775984166154e+01
-1.340280963831931160e+01
-1.340065464768467507e+01
-1.339847827189235652e+01
-1.339628501038082042e+01
-1.339407033304659400e+01
-1.339183875305253224e+01
-1.338958572618873255e+01
-1.338731577938636441e+01
-1.338502435428030957e+01
-1.338271599161434899e+01
-1.338038611881917106e+01
-1.337803929049551677e+01
-1.337567091982038292e+01
-1.337328557529623119e+01
-1.337087865579667856e+01
-1.336845474377073373e+01
-1.336600922373841804e+01
-1.336354669214056834e+01
-1.336106251909303388e+01
-1.335856131507389044e+01
-1.335603843574393679e+01
-1.335349850566406360e+01
-1.335093686598884410e+01
-1.334835815540788317e+01
-1.334575770051772992e+01
-1.334314015418299171e+01
-1.334050082839010187e+01
-1.333784439022493906e+01
-1.333516613701153730e+01
-1.333247075010360128e+01
-1.332975351210993509e+01
-1.332701911869904698e+01
-1.332426283771110676e+01
-1.332148937917663289e+01
-1.331869399611362503e+01
-1.331588141296190742e+01
-1.331304686786318570e+01
-1.331019509971430459e+01
-1.330732133172622511e+01
-1.330443031730076520e+01
-1.330151726466316831e+01
-1.329858694176836842e+01
-1.329563454180069293e+01
-1.329266484731659226e+01
-1.328967303640360598e+01
-1.328666390626852589e+01
-1.328363261984595312e+01
-1.328058398904194704e+01
-1.327751316158155426e+01
-1.327442496411930151e+01
-1.327131452911367582e+01
-1.326818669801716766e+01
-1.326503658796432994e+01
-1.326186905525523230e+01
-1.325867920164254876e+01
-1.325547189832416706e+01
-1.325224223161240467e+01
-1.324899508765327383e+01
-1.324572553725996471e+01
-1.324243848157718872e+01
-1.323912897585974768e+01
-1.323580193630194834e+01
-1.323245240254046351e+01
-1.322908530587045206e+01
-1.322569567025021087e+01
-1.322228844212712140e+01
-1.321885862972067827e+01
-1.321541119468217218e+01
-1.321194112943105026e+01
-1.320845341087473024e+01
-1.320494301557102901e+01
-1.320141493573582281e+01
-1.319786413200328923e+01
-1.319429561195042844e+01
-1.319070432022525274e+01
-1.318709527981888741e+01
-1.318346341933019872e+01
-1.317981377721778458e+01
-1.317614126596788005e+01
-1.317245093956018920e+01
-1.316873769430449848e+01
-1.316500659975545773e+01
-1.316125253598194789e+01
-1.315748058816803301e+01
-1.315368562007675557e+01
-1.314987273257621325e+01
-1.314603677305827922e+01
-1.314218285813007903e+01
-1.313830581874652026e+01
-1.313441078730905609e+01
-1.313049257826931715e+01
-1.312655633987888315e+01
-1.312259687001929009e+01
-1.311861933284830428e+01
-1.311461850961012487e+01
-1.311059958042519824e+01
-1.310655730983264888e+01
-1.310249689397246975e+01
-1.309841308061050036e+01
-1.309431108196355353e+01
-1.309018562895548854e+01
-1.308604194993760395e+01
-1.308187475892261808e+01
-1.307768930045445543e+01
-1.307348027156505488e+01
-1.306925293304948532e+01
-1.306500196488882537e+01
-1.306073264418818525e+01
-1.305643963380731165e+01
-1.305212822722075394e+01
-1.304779307009587441e+01
-1.304343947233654788e+01
-1.303906206234624499e+01
-1.303466616651864385e+01
-1.303024639592133838e+01
-1.302580809349855606e+01
-1.302134585290970037e+01
-1.301686503371088754e+01
-1.301236021208048932e+01
-1.300783676424839008e+01
-1.300328924883864623e+01
-1.299872305881724621e+01
-1.299413273518027623e+01
-1.298952368769274557e+01
-1.298489043964865530e+01
-1.298023841767542308e+01
-1.297556212729038450e+01
-1.297086701204756309e+01
-1.296614755961256549e+01
-1.296140923053056859e+01
-1.295664649454015915e+01
-1.295186482924287397e+01
-1.294705868637442592e+01
-1.294223356065858432e+01
-1.293738388575200737e+01
-1.293251517356712377e+01
-1.292762183960499378e+01
-1.292270941303381804e+01
-1.291777229112205383e+01
-1.291281602036154297e+01
-1.290783497971063376e+01
-1.290283473305330730e+01
-1.289780964096027027e+01
-1.289276528477668826e+01
-1.288769600660743286e+01
-1.288260740532887638e+01
-1.287749380450164338e+01
-1.287236082060388043e+01
-1.286720275857318363e+01
-1.286202525256091178e+01
-1.285682258880242657e+01
-1.285160041919449014e+01
-1.284635301119089057e+01
-1.284108603450669861e+01
-1.283579373773427257e+01
-1.283048180848084030e+01
-1.282514447639731081e+01
-1.281978744705764939e+01
-1.281440493109083789e+01
-1.280900265211320033e+01
-1.280357480165113238e+01
-1.279812712143952602e+01
-1.279265378382132035e+01
-1.278716054872727881e+01
-1.278164156923554629e+01
-1.277610262355100446e+01
-1.277053784540554737e+01
-1.276495303135723347e+01
-1.275934229570992606e+01
-1.275371145345501489e+01
-1.274805459938634478e+01
-1.274237756700962443e+01
-1.273667443152647394e+01
-1.273095104503897801e+01
-1.272520146307406819e+01
-1.271943155641340795e+01
-1.271363536082645318e+01
-1.270781876585852999e+01
-1.270197578743878886e+01
-1.269611233396147654e+01
-1.269022240143229396e+01
-1.268431191718068440e+01
-1.267837485720557389e+01
-1.267241716785905936e+01
-1.266643280504984936e+01
-1.266042773424115175e+01
-1.265439589116783026e+01
-1.264834326049390434e+01
-1.264226375769652222e+01
-1.263616338673137030e+01
-1.263003604273380631e+01
-1.262388774904336586e+01
-1.261771238036949683e+01
-1.261151597952866688e+01
-1.260529240072022716e+01
-1.259904770633197124e+01
-1.259277572996862027e+01
-1.258648255368527025e+01
-1.258016199040728189e+01
-1.257382014195394859e+01
-1.256745080048664853e+01
-1.256106008768711924e+01
-1.255464177486792110e+01
-1.254820200367282723e+01
-1.254173452448041282e+01
-1.253524549899753282e+01
-1.252872865658366308e+01
-1.252219017911089693e+01
-1.251562377483435284e+01
-1.250903564589502714e+01
-1.250241947935822751e+01
-1.249578149773877911e+01
-1.248911536682678225e+01
-1.248242732961720947e+01
-1.247571103053924446e+01
-1.246897273317573784e+01
-1.246220606050919422e+01
-1.245541729681966991e+01
-1.244860004355692240e+01
-1.244176060580875109e+01
-1.243489256340630433e+01
-1.242800224235707951e+01
-1.242108320078733463e+01
-1.241414178573790394e+01
-1.240717153354375668e+01
-1.240017881239404396e+01
-1.239315713674603181e+01
-1.238611289605344901e+01
-1.237903958280929295e+01
-1.237194360784993918e+01
-1.236481844161711585e+01
-1.235767051644930525e+01
-1.235049328065013619e+01
-1.234329318818094379e+01
-1.233606366512007391e+01
-1.232881118717432400e+01
-1.232152915810932825e+01
-1.231422407550123310e+01
-1.230688932071541331e+01
-1.229953141332286926e+01
-1.229214371220094115e+01
-1.228473275904240580e+01
-1.227729189014863564e+01
-1.226982766946273706e+01
-1.226233341062170545e+01
-1.225481569994915354e+01
-1.224726782832918381e+01
-1.223969640459747232e+01
-1.223209469679635930e+01
-1.222446933640678957e+01
-1.221681356854027278e+01
-1.220913404745765085e+01
-1.220142399525007093e+01
-1.219369008909453100e+01
-1.218592552797218431e+01
-1.217813701211382416e+01
-1.217031771730038159e+01
-1.216247436695586437e+01
-1.215460011357045111e+01
-1.214670170390209059e+01
-1.213877226705918488e+01
-1.213081857327616397e+01
-1.212283372818829363e+01
-1.211482452565018519e+01
-1.210678404773208960e+01
-1.209871911205437556e+01
-1.209062277702986599e+01
-1.208250188419157212e+01
-1.207434946820194277e+01
-1.206617239465514935e+01
-1.205796367436985328e+01
-1.204973019715120230e+01
-1.204146494988012250e+01
-1.203317484672418658e+01
-1.202485285053188058e+01
-1.201650589998613228e+01
-1.200812693380768437e+01
-1.199972291534918156e+01
-1.199128675910768038e+01
-1.198282545326138759e+01
-1.197433188798683723e+01
-1.196581307644529701e+01
-1.195726188439531690e+01
-1.194868535013976008e+01
-1.194007631492103982e+01
-1.193144184234380489e+01
-1.192277474903519163e+01
-1.191408212406332900e+01
-1.190535675933999471e+01
-1.189660576955973248e+01
-1.188782192181831654e+01
-1.187901235660095978e+01
-1.187016981608546651e+01
-1.186130146671361096e+01
-1.185240002564241912e+01
-1.184347268543730358e+01
-1.183451213813062353e+01
-1.182552560257994578e+01
-1.181650574558802091e+01
-1.180745981247430443e+01
-1.179838044470590575e+01
-1.178927491423532814e+01
-1.178013583708671597e+01
-1.177097051201806721e+01
-1.176177152950217142e+01
-1.175254621527613708e+01
-1.174328713415175862e+01
-1.173400163902015692e+01
-1.172468226892115872e+01
-1.171533640407621490e+01
-1.170595655764069676e+01
-1.169655013734381654e+01
-1.168710963034289030e+01
-1.167764247205344752e+01
-1.166814112351957888e+01
-1.165861304802309029e+01
-1.164905068037810310e+01
-1.163946151191375478e+01
-1.162983795109594531e+01
-1.162018751748350986e+01
-1.161050259307430288e+01
-1.160079072584016657e+01
-1.159104427118957048e+01
-1.158127080569184741e+01
-1.157146265804296625e+01
-1.156162743359555733e+01
-1.155175743420806178e+01
-1.154186029420327664e+01
-1.153192828847557827e+01
-1.152196908050568780e+01
-1.151197491809555018e+01
-1.150195349407281142e+01
-1.149189702901658983e+01
-1.148181324529163128e+01
-1.147169433612183731e+01
-1.146154805360025009e+01
-1.145136656346137016e+01
-1.144115764771866850e+01
-1.143091344448104252e+01
-1.142064176587566138e+01
-1.141033472224742162e+01
-1.140000015603144590e+01
-1.138963014966820175e+01
-1.137923257609619476e+01
-1.136879948970881316e+01
-1.135833879414414227e+01
-1.134784251560376411e+01
-1.133731858862273434e+01
-1.132675901106359539e+01
-1.131617174855683139e+01
-1.130554877047656248e+01
-1.129489807374804933e+01
-1.128421159910520188e+01
-1.127349737496841620e+01
-1.126274731327727885e+01
-1.125196947414864290e+01
-1.124115574057117506e+01
-1.123031420456053731e+01
-1.121943671999534686e+01
-1.120853141099348704e+01
-1.119759010216184869e+01
-1.118662094992498801e+01
-1.117561574945373515e+01
-1.116458268968463052e+01
-1.115351353618567920e+01
-1.114241651061173677e+01
-1.113128334875849568e+01
-1.112012230520650213e+01
-1.110892508580680804e+01
-1.109769997827410748e+01
-1.108643865833983888e+01
-1.107514944706215942e+01
-1.106382398987516602e+01
-1.105247064139098079e+01
-1.104108101656560592e+01
-1.102966350377665528e+01
-1.101820968731857597e+01
-1.100672798954697384e+01
-1.099520996390831229e+01
-1.098366406694980135e+01
-1.097208182108053620e+01
-1.096047171725400382e+01
-1.094882524664955348e+01
-1.093715093484277112e+01
-1.092544024158784310e+01
-1.091370172729923738e+01
-1.090192682010765601e+01
-1.089012411548454651e+01
-1.087828500973532009e+01
-1.086641813360761510e+01
-1.085451485137696359e+01
-1.084258382928754294e+01
-1.083061639937702481e+01
-1.081862126360773146e+01
-1.080658972156841280e+01
-1.079453051116229823e+01
-1.078243489931474919e+01
-1.077031166009408381e+01
-1.075815202754470157e+01
-1.074596481212515364e+01
-1.073374121477801957e+01
-1.072149008257883018e+01
-1.070920258314394324e+01
-1.069688760039388420e+01
-1.068453626839109916e+01
-1.067215750813054242e+01
-1.065974241988971372e+01
-1.064729996196869166e+01
-1.063482120062551672e+01
-1.062231513169774999e+01
-1.060977278718596395e+01
-1.059720320069888899e+01
-1.058459736973813392e+01
-1.057196436591893374e+01
-1.055929515199892244e+01
-1.054659883783671326e+01
-1.053386635119735537e+01
-1.052110684042133748e+01
-1.050831119802897184e+01
-1.049548861108272568e+01
-1.048262993660238251e+01
-1.046974440061443090e+01
-1.045682282437858568e+01
-1.044387447312881534e+01
-1.043089013210187233e+01
-1.041787910598467803e+01
-1.040483214372404852e+01
-1.039175858970723887e+01
-1.037864915632064644e+01
-1.036551322790105800e+01
-1.035234148000008680e+01
-1.033914333715526368e+01
-1.032590943780544812e+01
-1.031264924694208673e+01
-1.029935336560929571e+01
-1.028603129950783490e+01
-1.027267361200137508e+01
-1.025928984975741898e+01
-1.024587053816950011e+01
-1.023242526513161366e+01
-1.021894451777366086e+01
-1.020543792547801232e+01
-1.019189593681357664e+01
-1.017832822291534711e+01
-1.016472519348974224e+01
-1.015109656169113173e+01
-1.013743269805811487e+01
-1.012374335803355763e+01
-1.011001887267882537e+01
-1.009626903999689418e+01
-1.008248415125859765e+01
-1.006867404730118842e+01
-1.005482897928739483e+01
-1.004095883116593413e+01
-1.002705381366968318e+01
-1.001312385413847217e+01
-9.999159122549656331e+00
-9.985169589916607080e+00
-9.971145385131340078e+00
-9.957096523166230284e+00
-9.943013091493677180e+00
-9.928905149333511204e+00
-9.914762742400277773e+00
-9.900595974452617298e+00
-9.886394849104574334e+00
-9.872169514948195612e+00
-9.857909933150089898e+00
-9.843626297433575090e+00
-9.829308526166526505e+00
-9.814966858504579506e+00
-9.800591169661263535e+00
-9.786191744528997205e+00
-9.771758414806885895e+00
-9.757301511432038055e+00
-9.742810822224759804e+00
-9.728296724478230573e+00
-9.713748961764871126e+00
-9.699177958049171266e+00
-9.684573412282095006e+00
-9.669945795418268375e+00
-9.655284761409127725e+00
-9.640600828521995069e+00
-9.625883605326130521e+00
-9.611143657728037581e+00
-9.596370548527444200e+00
-9.581574891600656230e+00
-9.566746203585623221e+00
-9.551895146663159863e+00
-9.537011190912608072e+00
-9.522105047158007096e+00
-9.507166138518526211e+00
-9.492205224804482810e+00
-9.477211681768297424e+00
-9.462196318554209284e+00
-9.447148463136338492e+00
-9.432078974344696221e+00
-9.416977131958788050e+00
-9.401853844850998954e+00
-9.386698344184750908e+00
-9.371521589235966232e+00
-9.356312762125471139e+00
-9.341082872898763156e+00
-9.325821054202354077e+00
-9.310538367222303435e+00
-9.295223894693894096e+00
-9.279888749319548324e+00
-9.264521963481271882e+00
-9.249134701778899625e+00
-9.233715945793464996e+00
-9.218276912408606805e+00
-9.202806531951493341e+00
-9.187316073980998254e+00
-9.171794417112058895e+00
-9.156252883975867007e+00
-9.140680301011155251e+00
-9.125088044323854675e+00
-9.109464887706966607e+00
-9.093822261149476560e+00
-9.078148885323308548e+00
-9.062456244514484283e+00
-9.046733005792741977e+00
-9.030990708161040104e+00
-9.015217964600021006e+00
-8.999426369255623115e+00
-8.983604480526237168e+00
-8.967763948132926544e+00
-8.951893275392972527e+00
-8.936004168040916795e+00
-8.920085073807706877e+00
-8.904147754886142963e+00
-8.888180602909523387e+00
-8.872195436980220506e+00
-8.856180592116121630e+00
-8.840147944787164036e+00
-8.824085772871708144e+00
-8.808006010672045250e+00
-8.791896878396148196e+00
-8.775770368650443132e+00
-8.759614643435327253e+00
-8.743441754140029332e+00
-8.727239804013098734e+00
-8.711020903712682895e+00
-8.694773097184558708e+00
-8.678508554849008405e+00
-8.662215260791048976e+00
-8.645905445694030078e+00
-8.629567033216950733e+00
-8.613212314814838066e+00
-8.596829153148334512e+00
-8.580429900960211853e+00
-8.564002359333150238e+00
-8.547558942821966710e+00
-8.531087390344008980e+00
-8.514600178798575669e+00
-8.498084984342726855e+00
-8.481554346760795227e+00
-8.464995878846929500e+00
-8.448422183819607412e+00
-8.431820810499329966e+00
-8.415204426096307699e+00
-8.398560514838841584e+00
-8.381901808495104689e+00
-8.365215726074424651e+00
-8.348515064478176484e+00
-8.331787176861299216e+00
-8.315044925842851598e+00
-8.298275598079561277e+00
-8.281492122501807884e+00
-8.264681718615602080e+00
-8.247857382265644688e+00
-8.231006265145843770e+00
-8.214141430628025375e+00
-8.197249961923425587e+00
-8.180344990553635398e+00
-8.163413530567401821e+00
-8.146468782268827979e+00
-8.129497689854913389e+00
-8.112513523055000064e+00
-8.095503155515817895e+00
-8.078479927044979192e+00
-8.061430640030350148e+00
-8.044368705021884836e+00
-8.027280852429697688e+00
-8.010180564221041521e+00
-7.993054498099442462e+00
-7.975916208134994356e+00
-7.958752278585474293e+00
-7.941576336320928853e+00
-7.924374891403407339e+00
-7.907161644211431195e+00
-7.889923029850494984e+00
-7.872672822927992087e+00
-7.855397382820752838e+00
-7.838110559097376751e+00
-7.820798634622748935e+00
-7.803475534671141745e+00
-7.786127464800509657e+00
-7.768768426747857170e+00
-7.751384547957377968e+00
-7.733989907398385988e+00
-7.716570553582559278e+00
-7.699140643494168934e+00
-7.681686145880977534e+00
-7.664221296538193506e+00
-7.646731983605625338e+00
-7.629232522499013847e+00
-7.611708719893256259e+00
-7.594174971647786876e+00
-7.576617002102477016e+00
-7.559049288397821087e+00
-7.541457471655038880e+00
-7.523856111147442682e+00
-7.506230763879954360e+00
-7.488596072125202063e+00
-7.470937507860132776e+00
-7.453269797238189831e+00
-7.435578326282203498e+00
-7.417877905923164761e+00
-7.400153835288795889e+00
-7.382421011000126931e+00
-7.364664644333587695e+00
-7.346899718528770329e+00
-7.329111356039109459e+00
-7.311314627667639954e+00
-7.293494566057245443e+00
-7.275666330535811355e+00
-7.257814862932010058e+00
-7.239955412077184960e+00
-7.222072827965259734e+00
-7.204182449927222898e+00
-7.186269035084777990e+00
-7.168348014282354796e+00
-7.150404050714620041e+00
-7.132452667771588040e+00
-7.114478433648126376e+00
-7.096496965330693740e+00
-7.078492734923197638e+00
-7.060481454078519015e+00
-7.042447497699800607e+00
-7.024406673195728423e+00
-7.006343257139703518e+00
-6.988273153805632631e+00
-6.970180540288525073e+00
-6.952081418857278372e+00
-6.933959865959649527e+00
-6.915831983010369832e+00
-6.897681744620481226e+00
-6.879525352522581905e+00
-6.861346678280356493e+00
-6.843162025138320281e+00
-6.824955160380498320e+00
-6.806742489979854760e+00
-6.788507675686033416e+00
-6.770267227439851432e+00
-6.752004700179260688e+00
-6.733736709075876625e+00
-6.715446700955090442e+00
-6.697151397506321935e+00
-6.678834136117682618e+00
-6.660511746308113601e+00
-6.642167454678927108e+00
-6.623818199915761262e+00
-6.605447096458255452e+00
-6.587071193521729207e+00
-6.568673491983640922e+00
-6.550271152978421441e+00
-6.531847062394112946e+00
-6.513418494701024741e+00
-6.494968219343255633e+00
-6.476513625571712396e+00
-6.458037364903947974e+00
-6.439556942844791187e+00
-6.421054891473909620e+00
-6.402548834052814719e+00
-6.384021181682406620e+00
-6.365489676913646200e+00
-6.346936608297461646e+00
-6.328379839238015947e+00
-6.309801534133891998e+00
-6.291219678838015916e+00
-6.272616311962035951e+00
-6.254009543435899765e+00
-6.235381284416941838e+00
-6.216749770573573919e+00
-6.198096783907683260e+00
-6.179440687522114395e+00
-6.160763132527284469e+00
-6.142082611191740149e+00
-6.123380641962739901e+00
-6.104675848041829944e+00
-6.085949613404758374e+00
-6.067220693990860170e+00
-6.048470337457957591e+00
-6.029717434326266279e+00
-6.010943094050545277e+00
-5.992166343614075075e+00
-5.973368152343548232e+00
-5.954567685608123107e+00
-5.935745770640033392e+00
-5.916921713158731500e+00
-5.898076196293367879e+00
-5.879228668120850543e+00
-5.860359665614937263e+00
-5.841488781261282348e+00
-5.822596403781036933e+00
-5.803702272165137899e+00
-5.784786624738748273e+00
-5.765869349141119038e+00
-5.746930531110554519e+00
-5.727990209125740861e+00
-5.709028314097931656e+00
-5.690065037585978480e+00
-5.671080153383394773e+00
-5.652094008420641913e+00
-5.633086217030824017e+00
-5.614077283859911560e+00
-5.595046661384203368e+00
-5.576015014363137290e+00
-5.556961630964421417e+00
-5.537907338514635569e+00
-5.518831258363941394e+00
-5.499754382917155127e+00
-5.480655664139097105e+00
-5.461556262083187008e+00
-5.442434956700193283e+00
-5.423313078323587000e+00
-5.404169232198778872e+00
-5.385024921633583261e+00
-5.365858574412020410e+00
-5.346691869575696643e+00
-5.327503054624217249e+00
-5.308313987159568370e+00
-5.289102731504843113e+00
-5.269891326718374458e+00
-5.250657650983374225e+00
-5.231423927781864158e+00
-5.212167846120094872e+00
-5.192911816945235515e+00
-5.173633336973287200e+00
-5.154355007734264582e+00
-5.135054130461848665e+00
-5.115753500465875625e+00
-5.096430220223989949e+00
-5.077107282104253549e+00
-5.057761586470559401e+00
-5.038416326112048260e+00
-5.019048195833966552e+00
-4.999680592296782855e+00
-4.980290001211569617e+00
-4.960900026651003714e+00
-4.941486941603375982e+00
-4.922074561187754327e+00
-4.902638941944077899e+00
-4.883204113769066268e+00
-4.863745912928683524e+00
-4.844288587928829770e+00
-4.824807750831623387e+00
-4.805327872688068602e+00
-4.785824337319101396e+00
-4.766321842363967498e+00
-4.746795539253589880e+00
-4.727270356370750548e+00
-4.707721208491392417e+00
-4.688173259012990535e+00
-4.668601181671354183e+00
-4.649030379270159941e+00
-4.629435279995397501e+00
-4.609841530573061341e+00
-4.590223308999958007e+00
-4.570606510570289771e+00
-4.550965058317796519e+00
-4.531325100885330137e+00
-4.511660301429900599e+00
-4.491997066863254950e+00
-4.472308795406712889e+00
-4.452622157306528550e+00
-4.432910280638189704e+00
-4.413200104199389351e+00
-4.393464480552387919e+00
-4.373730622420239023e+00
-4.353971101321213233e+00
-4.334213409441320941e+00
-4.314429831553542982e+00
-4.294648145014778429e+00
-4.274840341974310398e+00
-4.255034490845043038e+00
-4.235202285089243901e+00
-4.215372090245825376e+00
-4.195515294834152975e+00
-4.175660567781665833e+00
-4.155778986208123804e+00
-4.135899528892873711e+00
-4.115992954889669875e+00
-4.096088559502746307e+00
-4.076156776834846340e+00
-4.056227225606611420e+00
-4.036270007856333386e+00
-4.016315072840957789e+00
-3.996332183182314424e+00
-3.976351626032083253e+00
-3.956342816994282252e+00
-3.936336388722860402e+00
-3.916301401942052784e+00
-3.896268842676450461e+00
-3.876207408635349072e+00
-3.856148447355232545e+00
-3.836060285109872403e+00
-3.815974639374182242e+00
-3.795859456266727161e+00
-3.775746831926481306e+00
-3.755604323283650015e+00
-3.735464414180195369e+00
-3.715294262996027719e+00
-3.695126750643769942e+00
-3.674928627246351720e+00
-3.654733180499060818e+00
-3.634506742199422380e+00
-3.614283016899229484e+00
-3.594027907621858642e+00
-3.573775546229582378e+00
-3.553491396123466650e+00
-3.533210027329334313e+00
-3.512896452357610944e+00
-3.492585690670871656e+00
-3.472242292178501888e+00
-3.451901737494881495e+00
-3.431528101752286730e+00
-3.411157338897293556e+00
-3.390753036618744165e+00
-3.370351634865970336e+00
-3.349916220700599023e+00
-3.329483733262520229e+00
-3.309016745256678771e+00
-3.288552708746511843e+00
-3.268053667774862170e+00
-3.247557601637652613e+00
-3.227026010800879696e+00
-3.206497416711067583e+00
-3.185932760698545252e+00
-3.165371121921911612e+00
-3.144772866335692640e+00
-3.124177647053496543e+00
-3.103545237691629488e+00
-3.082915882283254305e+00
-3.062248744378731846e+00
-3.041584676660600284e+00
-3.020882214073253191e+00
-3.000182836490195459e+00
-2.979444430847431491e+00
-2.958709123612998315e+00
-2.937934133395259551e+00
-2.917162253576996989e+00
-2.896350013144073809e+00
-2.875540893689401578e+00
-2.854690712242339945e+00
-2.833843660939986187e+00
-2.812954821413558015e+00
-2.792069119785633546e+00
-2.771140877665463798e+00
-2.750215779784030534e+00
-2.729247361841923070e+00
-2.708282093063960616e+00
-2.687272696004463945e+00
-2.666266451617823385e+00
-2.645215240628114195e+00
-2.624167184400967301e+00
-2.603073291595395133e+00
-2.581982554220250581e+00
-2.560845076970128531e+00
-2.539710754392923153e+00
-2.518528753530488995e+00
-2.497349905153875671e+00
-2.476122403038815367e+00
-2.454898049788274417e+00
-2.433624028223447144e+00
-2.412353150462112517e+00
-2.391031548443430577e+00
-2.369713083721340929e+00
-2.348342795005531780e+00
-2.326975635626467476e+00
-2.305555506097353380e+00
-2.284138496484580116e+00
-2.262667321297375356e+00
-2.241199255136835156e+00
-2.219675775616465785e+00
-2.198155392754303161e+00
-2.176578293020472010e+00
-2.155004276087050918e+00
-2.133372179375992772e+00
-2.111743150106758726e+00
-2.090054614754559115e+00
-2.068369129972098097e+00
-2.046622645019871900e+00
-2.024879192237916126e+00
-2.003073172613623498e+00
-1.981270165217792423e+00
-1.959402946442338811e+00
-1.937538718394681503e+00
-1.915608550752383010e+00
-1.893681350760511473e+00
-1.871686392864311044e+00
-1.849694377945135582e+00
-1.827632689616446759e+00
-1.805573917974085507e+00
-1.783443452342939439e+00
-1.761315875467527770e+00
-1.739114470184088601e+00
-1.716915924060926413e+00
-1.694641291489390689e+00
-1.672369486790884707e+00
-1.650019203034272408e+00
-1.627671714142501225e+00
-1.605243206718663940e+00
-1.582817459398881299e+00
-1.560307993354199230e+00
-1.537801250865822311e+00
-1.515207913070547807e+00
-1.492617260459515371e+00
-1.469936941777326256e+00
-1.447259268042287550e+00
-1.424488643001010635e+00
-1.401720620760677383e+00
-1.378856124271052197e+00
-1.355994186478878927e+00
-1.333031987044499767e+00
-1.310072300194132566e+00
-1.287008268925482923e+00
-1.263946702060072980e+00
-1.240776376637052758e+00
-1.217608465306113663e+00
-1.194327007815305874e+00
-1.171047911905999994e+00
-1.147650059192412808e+00
-1.124254513274241196e+00
-1.100734518068397172e+00
-1.077216772512323839e+00
-1.053568333083777953e+00
-1.029922083706727554e+00
-1.006138259104311317e+00
-9.823565623992337459e-01
-9.584296693846150461e-01
-9.345048394417800885e-01
-9.104263258887308474e-01
-8.863498077810817444e-01
-8.621100954118037230e-01
-8.378723079148414632e-01
-8.134605944867955296e-01
-7.890507322458500949e-01
-7.644547392114000584e-01
-7.398605203777203210e-01
-7.150661658284088729e-01
-6.902735049750013951e-01
-6.652644719929945438e-01
-6.402570484309144661e-01
-6.150142033847328937e-01
-5.897728794148233700e-01
-5.642734687602055654e-01
-5.387754864179911118e-01
-5.129919954506781954e-01
-4.872098351862706456e-01
-4.611083099282649589e-01
-4.350080123950555433e-01
-4.085454867529159650e-01
-3.820840798315021658e-01
-3.552044198546267517e-01
-3.283257627179000382e-01
-3.009524890896247973e-01
-2.735800944021223868e-01
-2.456028258911247264e-01
-2.176263027881755741e-01
-1.888717082518823476e-01
-1.601177134993812257e-01
-1.302739907923254614e-01
-1.004307059408806047e-01
-6.877068165025702895e-02
-3.711090794707974649e-02
-1.469073170012038656e-15
