1.456981265145196190e-15
-3.273817060626689646e+00
-6.351124744980566561e+00
-9.076496931567453075e+00
-1.135887725460041509e+01
-1.317183324734636152e+01
-1.453813645281549682e+01
-1.550969953186486094e+01
-1.615042667525740328e+01
-1.652466005820470940e+01
-1.669082132772395610e+01
-1.669875230045981951e+01
-1.658927790372494115e+01
-1.639491107851745255e+01
-1.614102391141189230e+01
-1.584711124499465562e+01
-1.552796312117935784e+01
-1.519467411913764288e+01
-1.485547411412638574e+01
-1.451639405826359841e+01
-1.418178915795904160e+01
-1.385474577154622722e+01
-1.353739442736188181e+01
-1.323115014268944201e+01
-1.293689536997474221e+01
-1.265511998096610036e+01
-1.238602747249982983e+01
-1.212961690452530839e+01
-1.188574534885712808e+01
-1.165417632140222004e+01
-1.143461463350468321e+01
-1.122672970663110803e+01
-1.103016627471808420e+01
-1.084454609952318904e+01
-1.066946279661156360e+01
-1.050447630635829199e+01
-1.034910938702432404e+01
-1.020285042577890700e+01
-1.006516089708527950e+01
-9.935488024863124323e+00
-9.813278325599082308e+00
-9.697991857433287066e+00
-9.589113286161859762e+00
-9.486161016086921194e+00
-9.388691860335100614e+00
-9.296303848764257083e+00
-9.208635362279633085e+00
-9.125363713387097064e+00
-9.046201331992742567e+00
-8.970892659434737126e+00
-8.899209563736073747e+00
-8.830948229254104831e+00
-8.765924979968868769e+00
-8.703973903015855385e+00
-8.644943470803134744e+00
-8.588695037639865859e+00
-8.535100232729496028e+00
-8.484040201982011808e+00
-8.435403593364146246e+00
-8.389086348509129820e+00
-8.344990089410417866e+00
-8.303022285261866031e+00
-8.263094888027731955e+00
-8.225124745708745522e+00
-8.189032380694108326e+00
-8.154742563838553338e+00
-8.122183167630202760e+00
-8.091285847886203086e+00
-8.061984930579336961e+00
-8.034218169645710006e+00
-8.007925643543488903e+00
-7.983050571152152664e+00
-7.959538204556804608e+00
-7.937336692978830932e+00
-7.916395964296110144e+00
-7.896668631449354159e+00
-7.878108858551706284e+00
-7.860673306672238958e+00
-7.844319982179063899e+00
-7.829009220097574939e+00
-7.814702513258044547e+00
-7.801363532084721442e+00
-7.788956933584636033e+00
-7.777449416748557276e+00
-7.766808510643805619e+00
-7.757003664766596529e+00
-7.748005015612170254e+00
-7.739784511397261646e+00
-7.732314656538957109e+00
-7.725569670211305251e+00
-7.719524208201901772e+00
-7.714154554799438124e+00
-7.709437321527762066e+00
-7.705350671891869396e+00
-7.701872996519397496e+00
-7.698984170323007525e+00
-7.696664203610620980e+00
-7.694894531254830028e+00
-7.693656639365231698e+00
-7.692933386087915437e+00
-7.692707603466362620e+00
-7.692963449526838637e+00
-7.693684984986334463e+00
-7.694857556311471392e+00
-7.696466346962901106e+00
-7.698497791146061253e+00
-7.700938099310500995e+00
-7.703774702339418745e+00
-7.706994751049813352e+00
-7.710586590593858425e+00
-7.714538233731295769e+00
-7.718838865240035929e+00
-7.723477288754812875e+00
-7.728443461006662574e+00
-7.733726912042624413e+00
-7.739318309133960128e+00
-7.745207850210427125e+00
-7.751386857294732202e+00
-7.757846143001998485e+00
-7.764577633374248222e+00
-7.771572707310376416e+00
-7.778823848689198073e+00
-7.786322958608776545e+00
-7.794063036698975822e+00
-7.802036466061261777e+00
-7.810236723683469329e+00
-7.818656637981439061e+00
-7.827290128239099865e+00
-7.836130434662704758e+00
-7.845171886778519621e+00
-7.854408105918901484e+00
-7.863833802517843807e+00
-7.873442950955542585e+00
-7.883230615699608812e+00
-7.893191098441340259e+00
-7.903319793036248875e+00
-7.913611304871680296e+00
-7.924061334566267156e+00
-7.934664769513221749e+00
-7.945417596303700591e+00
-7.956314964394635147e+00
-7.967353127225669240e+00
-7.978527477964443726e+00
-7.989834519290821113e+00
-8.001269871176440063e+00
-8.012830269313258924e+00
-8.024511544887333869e+00
-8.036310651632639690e+00
-8.048223617561477639e+00
-8.060247600627192810e+00
-8.072378812376756585e+00
-8.084614602208336720e+00
-8.096951352913741573e+00
-8.109386593519726460e+00
-8.121916866689431913e+00
-8.134539870138432605e+00
-8.147252295866687533e+00
-8.160052000141796213e+00
-8.172935814534614707e+00
-8.185901744464390006e+00
-8.198946752011950778e+00
-8.212068983023110391e+00
-8.225265521675083846e+00
-8.238534646135732942e+00
-8.251873554859948001e+00
-8.265280650803232376e+00
-8.278753239426384525e+00
-8.292289841463396982e+00
-8.305887862612472361e+00
-8.319545934860068215e+00
-8.333261557837470690e+00
-8.347033468702967696e+00
-8.360859255144259095e+00
-8.374737753821914765e+00
-8.388666634997958838e+00
-8.402644829545112160e+00
-8.416670085182458294e+00
-8.430741422054971679e+00
-8.444856660558594186e+00
-8.459014905495052972e+00
-8.473214045468392186e+00
-8.487453265621692111e+00
-8.501730518587038432e+00
-8.516045065811146841e+00
-8.530394920041642237e+00
-8.544779415248651588e+00
-8.559196620630567409e+00
-8.573645939139659333e+00
-8.588125492990469567e+00
-8.602634750797742313e+00
-8.617171884571055429e+00
-8.631736425474043628e+00
-8.646326592288716029e+00
-8.660941975805274140e+00
-8.675580838740041045e+00
-8.690242828765663674e+00
-8.704926249866431931e+00
-8.719630804018938974e+00
-8.734354833968872356e+00
-8.749098093572696300e+00
-8.763858961979968498e+00
-8.778637242646857075e+00
-8.793431348907924772e+00
-8.808241131673026914e+00
-8.823065036372739200e+00
-8.837902959349634102e+00
-8.852753376161905052e+00
-8.867616226681153790e+00
-8.882490014737884465e+00
-8.897374721937920228e+00
-8.912268878634369784e+00
-8.927172506474850167e+00
-8.942084160683931415e+00
-8.957003901354017472e+00
-8.971930307022496720e+00
-8.986863474719035239e+00
-9.001802004821595204e+00
-9.016746029873287327e+00
-9.031694170701436875e+00
-9.046646594017316190e+00
-9.061601939782205406e+00
-9.076560407603933456e+00
-9.091520655333546586e+00
-9.106482914272680418e+00
-9.121445858984937871e+00
-9.136409751327757789e+00
-9.151373281462616305e+00
-9.166336740725808951e+00
-9.181298833820910943e+00
-9.196259880543115273e+00
-9.211218599137639629e+00
-9.226175336892451284e+00
-9.241128824646153817e+00
-9.256079436263718208e+00
-9.271025914277633007e+00
-9.285968658261898767e+00
-9.300906421589473894e+00
-9.315839628720015142e+00
-9.330767043056958698e+00
-9.345689113164469930e+00
-9.360604611707291411e+00
-9.375514010612565841e+00
-9.390416091075740823e+00
-9.405311347682950185e+00
-9.420198569465894067e+00
-9.435078273001064275e+00
-9.449949254496219808e+00
-9.464812051882866228e+00
-9.479665467917046229e+00
-9.494510061281301816e+00
-9.509344640682556360e+00
-9.524169784980339060e+00
-9.538984308263897205e+00
-9.553788809023458839e+00
-9.568582106189323255e+00
-9.583364817362932442e+00
-9.598135765799931107e+00
-9.612895587718465862e+00
-9.627643110208241595e+00
-9.642378987633327014e+00
-9.657102050449216435e+00
-9.671812970717578395e+00
-9.686510581813150722e+00
-9.701195573068167377e+00
-9.715866780350628673e+00
-9.730524909856450577e+00
-9.745168799540621762e+00
-9.759799172074785645e+00
-9.774414867112959371e+00
-9.789016623432818420e+00
-9.803603282017016696e+00
-9.818175597396630039e+00
-9.832732411529251593e+00
-9.847274494362945774e+00
-9.861800688492229128e+00
-9.876311778961206045e+00
-9.890806608678307299e+00
-9.905285977477387149e+00
-9.919748728271871485e+00
-9.934195675393022285e+00
-9.948625661463912806e+00
-9.963039515033921489e+00
-9.977436078153225196e+00
-9.991816193322783590e+00
-1.000617870174923674e+01
-1.002052445963052385e+01
-1.003485230707096676e+01
-1.004916311372190663e+01
-1.006345571833754526e+01
-1.007773100379006870e+01
-1.009198780724605804e+01
-1.010622702457624911e+01
-1.012044749113193554e+01
-1.013465011556996842e+01
-1.014883373120836829e+01
-1.016299925928664116e+01
-1.017714553088048035e+01
-1.019127347961773822e+01
-1.020538193413117511e+01
-1.021947184025108513e+01
-1.023354202397490020e+01
-1.024759344315734566e+01
-1.026162492097597934e+01
-1.027563742713972239e+01
-1.028962978182905097e+01
-1.030360296644403384e+01
-1.031755579799798817e+01
-1.033148926942616441e+01
-1.034540219441119646e+01
-1.035929557727423500e+01
-1.037316822821023088e+01
-1.038702116278320453e+01
-1.040085318754950627e+01
-1.041466532917910115e+01
-1.042845639044475980e+01
-1.044222740899116175e+01
-1.045597718366794915e+01
-1.046970676296897018e+01
-1.048341494168654719e+01
-1.049710277904328848e+01
-1.051076906564514601e+01
-1.052441487132825237e+01
-1.053803898238779979e+01
-1.055164247916296105e+01
-1.056522414351873707e+01
-1.057878506619129411e+01
-1.059232402450020949e+01
-1.060584211947728051e+01
-1.061933812378568653e+01
-1.063281314865561100e+01
-1.064626596198687736e+01
-1.065969768511484794e+01
-1.067310708107299000e+01
-1.068649528121243719e+01
-1.069986104360091694e+01
-1.071320550951972983e+01
-1.072652743197509650e+01
-1.073982796209634216e+01
-1.075310584773567335e+01
-1.076636224979177214e+01
-1.077959591087372004e+01
-1.079280800157398978e+01
-1.080599725917241116e+01
-1.081916486388299425e+01
-1.083230954757316056e+01
-1.084543250000910319e+01
-1.085853244756558311e+01
-1.087161058949442527e+01
-1.088466564660009084e+01
-1.089769882755636310e+01
-1.091070884752255310e+01
-1.092369692453319985e+01
-1.093666176802986989e+01
-1.094960460534949398e+01
-1.096252414014580445e+01
-1.097542160900174402e+01
-1.098829570971556002e+01
-1.100114768806251320e+01
-1.101397623591965313e+01
-1.102678260820300515e+01
-1.103956549080495009e+01
-1.105232614773272992e+01
-1.106506325883274755e+01
-1.107777809715612882e+01
-1.109046933644365396e+01
-1.110313825874496452e+01
-1.111578353163753263e+01
-1.112840644612615826e+01
-1.114100566356909638e+01
-1.115358248388456452e+01
-1.116613556215745184e+01
-1.117866620717961723e+01
-1.119117306771001275e+01
-1.120365746137584573e+01
-1.121611803055930423e+01
-1.122855610168635820e+01
-1.124097031071293884e+01
-1.125336199282891947e+01
-1.126572977751581917e+01
-1.127807500869402979e+01
-1.129039630932412841e+01
-1.130269503202488401e+01
-1.131496979319068608e+01
-1.132722195410813626e+01
-1.133945012456144141e+01
-1.135165567447568158e+01
-1.136383720698217203e+01
-1.137599610061666944e+01
-1.138813095181585133e+01
-1.140024314769942215e+01
-1.141233127796909130e+01
-1.142439673830294034e+01
-1.143643811162846546e+01
-1.144845680215769512e+01
-1.146045138600562474e+01
-1.147242327589515121e+01
-1.148437104109132889e+01
-1.149629610280580039e+01
-1.150819702341744311e+01
-1.152007523260554223e+01
-1.153192928582742560e+01
-1.154376062120988600e+01
-1.155556778725422440e+01
-1.156735223051570216e+01
-1.157911249250592434e+01
-1.159085002819042920e+01
-1.160256337205833788e+01
-1.161425398746819049e+01
-1.162592040185468001e+01
-1.163756408695289579e+01
-1.164918356311185477e+01
-1.166078031042773944e+01
-1.167235284213330715e+01
-1.168390264667112177e+01
-1.169542823012785249e+01
-1.170693108927851789e+01
-1.171840972303466621e+01
-1.172986563649047653e+01
-1.174129732135392779e+01
-1.175270629102599251e+01
-1.176409102998319156e+01
-1.177545305992154923e+01
-1.178679085805889137e+01
-1.179810595437527887e+01
-1.180939681880320435e+01
-1.182066498959632739e+01
-1.183190892937572158e+01
-1.184313018465899425e+01
-1.185432721073021511e+01
-1.186550156236179809e+01
-1.187665168747573752e+01
-1.188777914909075228e+01
-1.189888238774233287e+01
-1.190996297468752196e+01
-1.192101934305114241e+01
-1.193205307232133805e+01
-1.194306258818861011e+01
-1.195404947836539833e+01
-1.196501216108476484e+01
-1.197595223227702910e+01
-1.198686810269515313e+01
-1.199776137648172458e+01
-1.200863045688709008e+01
-1.201947695626085100e+01
-1.203029927032888580e+01
-1.204109901964299567e+01
-1.205187459238301706e+01
-1.206262761729865574e+01
-1.207335647500247333e+01
-1.208406280243832498e+01
-1.209474497263057202e+01
-1.210540463071381723e+01
-1.211604014210370472e+01
-1.212665316012257932e+01
-1.213724204255720807e+01
-1.214780845091515005e+01
-1.215835073533438049e+01
-1.216887056550545765e+01
-1.217936628389801257e+01
-1.218983956838390981e+01
-1.220028875374505084e+01
-1.221071552603321742e+01
-1.222111821232352824e+01
-1.223149850684678697e+01
-1.224185472895246107e+01
-1.225218858104973663e+01
-1.226249837474397530e+01
-1.227278582062232815e+01
-1.228304922252787001e+01
-1.229329029922582173e+01
-1.230350734677868019e+01
-1.231370209213029909e+01
-1.232387282354489777e+01
-1.233402127614538557e+01
-1.234414573038011831e+01
-1.235424792955236661e+01
-1.236432614627694626e+01
-1.237438213203877524e+01
-1.238441415160218284e+01
-1.239442396463517149e+01
-1.240440982803444570e+01
-1.241437350965321684e+01
-1.242431325850365909e+01
-1.243423085062643274e+01
-1.244412452713238970e+01
-1.245399607225207816e+01
-1.246384371917868172e+01
-1.247366926033534718e+01
-1.248347092098110522e+01
-1.249325050173478324e+01
-1.250300621990507999e+01
-1.251273988430978967e+01
-1.252244970429111959e+01
-1.253213749686938705e+01
-1.254180146340439173e+01
-1.255144342912270083e+01
-1.256106158738598566e+01
-1.257065777163103704e+01
-1.258023016720556875e+01
-1.258978061576102014e+01
-1.259930729461556709e+01
-1.260881205363965840e+01
-1.261829306210654345e+01
-1.262775217811035233e+01
-1.263718756286409040e+01
-1.264660108269050731e+01
-1.265599089072701133e+01
-1.266535886153015333e+01
-1.267470314014663479e+01
-1.268402560937211732e+01
-1.269332440614747526e+01
-1.270260142151307470e+01
-1.271185478428896509e+01
-1.272108639376600259e+01
-1.273029437062852764e+01
-1.273948062242367207e+01
-1.274864326168537154e+01
-1.275778420422324366e+01
-1.276690155440592989e+01
-1.277599723631184148e+01
-1.278506934612970980e+01
-1.279411981621331229e+01
-1.280314673455671937e+01
-1.281215204179575906e+01
-1.282113381771545235e+01
-1.283009401124040672e+01
-1.283903069393200091e+01
-1.284794582301087829e+01
-1.285683746180023590e+01
-1.286570757582385305e+01
-1.287455422015243833e+01
-1.288337936862029665e+01
-1.289218106803136799e+01
-1.290096130053786005e+01
-1.290971810466260017e+01
-1.291845347088357521e+01
-1.292716542942815572e+01
-1.293585597910795570e+01
-1.294452314184062480e+01
-1.295316892477944748e+01
-1.296179134151821621e+01
-1.297039240755988310e+01
-1.297897012816025430e+01
-1.298752652718044764e+01
-1.299605960152397088e+01
-1.300457138341853813e+01
-1.301305986140132553e+01
-1.302152707607521620e+01
-1.302997100759695215e+01
-1.303839370495338734e+01
-1.304679313990664546e+01
-1.305517136983649529e+01
-1.306352635809641960e+01
-1.307186017046803350e+01
-1.308017076188217054e+01
-1.308846020653154341e+01
-1.309672645091016108e+01
-1.310497157763117926e+01
-1.311319352473773669e+01
-1.312139438327289831e+01
-1.312957208281493315e+01
-1.313772872284630466e+01
-1.314586222446636476e+01
-1.315397469560673649e+01
-1.316206404887385695e+01
-1.317013240065829827e+01
-1.317817765505948913e+01
-1.318620193693696407e+01
-1.319420314186909771e+01
-1.320218340319445893e+01
-1.321014060795634748e+01
-1.321807689798258245e+01
-1.322599015176725423e+01
-1.323388251963786288e+01
-1.324175187152519051e+01
-1.324960036626679027e+01
-1.325742586521612409e+01
-1.326523053573146349e+01
-1.327301223057476776e+01
-1.328077312563564405e+01
-1.328851106507045365e+01
-1.329622823331108172e+01
-1.330392246589412864e+01
-1.331159595580458621e+01
-1.331924652994520386e+01
-1.332687638986511836e+01
-1.333448335381906169e+01
-1.334206963193152973e+01
-1.334963303379494626e+01
-1.335717577812041235e+01
-1.336469566582391444e+01
-1.337219492421454703e+01
-1.337967134551755422e+01
-1.338712716565154892e+01
-1.339456016813673145e+01
-1.340197259751290382e+01
-1.340936222858085713e+01
-1.341673131451326206e+01
-1.342407762137729854e+01
-1.343140341099018542e+01
-1.343870644067115983e+01
-1.344598898089404670e+01
-1.345324878021553872e+01
-1.346048811777820475e+01
-1.346770473336179386e+01
-1.347490091478970520e+01
-1.348207439305029176e+01
-1.348922746466004519e+01
-1.349635785180136516e+01
-1.350346785969619745e+01
-1.351055520170648627e+01
-1.351762219177206781e+01
-1.352466653441978828e+01
-1.353169055231999174e+01
-1.353869194114980701e+01
-1.354567303232269282e+01
-1.355263151265139854e+01
-1.355956972230533886e+01
-1.356648533921805644e+01
-1.357338071232778987e+01
-1.358025351067422903e+01
-1.358710609197736119e+01
-1.359393611636808430e+01
-1.360074595036133260e+01
-1.360753324516433693e+01
-1.361430037610012711e+01
-1.362104498543737918e+01
-1.362776945732043821e+01
-1.363447142506444720e+01
-1.364115328164854546e+01
-1.364781265141931499e+01
-1.365445193620408837e+01
-1.366106875136581422e+01
-1.366766550759361643e+01
-1.367423981125172006e+01
-1.368079408190471824e+01
-1.368732591690286604e+01
-1.369383774470003701e+01
-1.370032715361734255e+01
-1.370679658101168208e+01
-1.371324360615975202e+01
-1.371967067533556417e+01
-1.372607535875594387e+01
-1.373246011162617108e+01
-1.373882249508769782e+01
-1.374516497329123510e+01
-1.375148509828742682e+01
-1.375778534318673074e+01
-1.376406325093341998e+01
-1.377032130361194362e+01
-1.377655703504476747e+01
-1.378277293630478084e+01
-1.378896653207687528e+01
-1.379514032243696953e+01
-1.380129182291672230e+01
-1.380742354260970117e+01
-1.381353298787855266e+01
-1.381962267684925827e+01
-1.382569010669947751e+01
-1.383173780460259117e+01
-1.383776325853538935e+01
-1.384376900473348648e+01
-1.384975252195682494e+01
-1.385571635551833225e+01
-1.386165797494500751e+01
-1.386757993464223659e+01
-1.387347969488801880e+01
-1.387935981919544304e+01
-1.388521775857718765e+01
-1.389105608566943850e+01
-1.389687224220330108e+01
-1.390266880995347876e+01
-1.390844322135316524e+01
-1.391419806733110498e+01
-1.391993077100622145e+01
-1.392564393247683263e+01
-1.393133496553112494e+01
-1.393700647945274440e+01
-1.394265587868255274e+01
-1.394828578170539402e+01
-1.395389358359813237e+01
-1.395948191206266031e+01
-1.396504815279521594e+01
-1.397059494273080560e+01
-1.397611965816810198e+01
-1.398162494529136879e+01
-1.398710817098494985e+01
-1.399257199069856838e+01
-1.399801376188515789e+01
-1.400343614927623825e+01
-1.400883650087640753e+01
-1.401421749071532119e+01
-1.401957645733214619e+01
-1.402491608407120260e+01
-1.403023369998891567e+01
-1.403553199776097671e+01
-1.404080829694390253e+01
-1.404606529956122252e+01
-1.405130031565222204e+01
-1.405651605660528425e+01
-1.406170982292491622e+01
-1.406688433538113259e+01
-1.407203688492618454e+01
-1.407717020172881739e+01
-1.408228156717138724e+01
-1.408737372083839823e+01
-1.409244393452469168e+01
-1.409749495724764756e+01
-1.410252405119682528e+01
-1.410753397483988714e+01
-1.411252198074315167e+01
-1.411749083684190254e+01
-1.412243778606134015e+01
-1.412736560582187906e+01
-1.413227152938947739e+01
-1.413715834368733759e+01
-1.414202327230410816e+01
-1.414686911168332983e+01
-1.415169307571813739e+01
-1.415649797039031377e+01
-1.416128099987910716e+01
-1.416604497972237198e+01
-1.417078710436711653e+01
-1.417551019892531272e+01
-1.418021144809323708e+01
-1.418489368657501082e+01
-1.418955408929752693e+01
-1.419419550057534352e+01
-1.419881508554736094e+01
-1.420341569815677474e+01
-1.420799449373565793e+01
-1.421255433587437977e+01
-1.421709237007929261e+01
-1.422161146960636202e+01
-1.422610877011728014e+01
-1.423058715455226420e+01
-1.423504374870921652e+01
-1.423948144523139625e+01
-1.424389736003377038e+01
-1.424829439548128995e+01
-1.425266965758680726e+01
-1.425702605845602200e+01
-1.426136069418015140e+01
-1.426567648662467747e+01
-1.426997052193986626e+01
-1.427424573176999623e+01
-1.427849919230475528e+01
-1.428273384498657528e+01
-1.428694675602488395e+01
-1.429114087667958977e+01
-1.429531326316010187e+01
-1.429946687656324933e+01
-1.430359876307854705e+01
-1.430771189365933971e+01
-1.431180330445525151e+01
-1.431587597629574837e+01
-1.431992693527059224e+01
-1.432395917210511804e+01
-1.432796970280899274e+01
-1.433196152802334211e+01
-1.433593165365743261e+01
-1.433988309028818975e+01
-1.434381283370405491e+01
-1.434772390443791679e+01
-1.435161328813684101e+01
-1.435548401530984997e+01
-1.435933306144211485e+01
-1.436316346703906532e+01
-1.436697219740318587e+01
-1.437076230305685165e+01
-1.437453073909903978e+01
-1.437828056608957006e+01
-1.438200872890298676e+01
-1.438571829815715830e+01
-1.438940620848113383e+01
-1.439307554057171146e+01
-1.439672321879122308e+01
-1.440035233393621539e+01
-1.440395980008107735e+01
-1.440754871814312565e+01
-1.441111599188743675e+01
-1.441466473237313473e+01
-1.441819183303444163e+01
-1.442170041509357858e+01
-1.442518736163230386e+01
-1.442865580405725190e+01
-1.443210261507598169e+01
-1.443553093630101181e+01
-1.443893763004379593e+01
-1.444232584814432840e+01
-1.444569244249599294e+01
-1.444904057518797735e+01
-1.445236708767347800e+01
-1.445567515231264366e+01
-1.445896160009630727e+01
-1.446222961367751481e+01
-1.446547601356235191e+01
-1.446870399271885255e+01
-1.447191036114592499e+01
-1.447509832214870151e+01
-1.447826467519627869e+01
-1.448141263395326384e+01
-1.448453898733629863e+01
-1.448764695939171609e+01
-1.449073332846091411e+01
-1.449380132899457685e+01
-1.449684772873583682e+01
-1.449987577256235305e+01
-1.450288221759591956e+01
-1.450587031916397684e+01
-1.450883682374381323e+01
-1.451178499713550174e+01
-1.451471157514844101e+01
-1.451761983407842749e+01
-1.452050649904348845e+01
-1.452337485685822749e+01
-1.452622162192581179e+01
-1.452905009160292948e+01
-1.453185696955406137e+01
-1.453464556370140315e+01
-1.453741256694697981e+01
-1.454016129780197986e+01
-1.454288843838192591e+01
-1.454559731781067100e+01
-1.454828460739320484e+01
-1.455095364688972204e+01
-1.455360109677046943e+01
-1.455623030745594271e+01
-1.455883792855716230e+01
-1.456142732117900529e+01
-1.456399512404872709e+01
-1.456654470897981568e+01
-1.456907270379108965e+01
-1.457158249102884362e+01
-1.457407068757875201e+01
-1.457654068674433745e+01
-1.457898909445325408e+01
-1.458141931479075026e+01
-1.458382794270127825e+01
-1.458621839307667756e+01
-1.458858724985297250e+01
-1.459093793875334022e+01
-1.459326703268006575e+01
-1.459557796821261988e+01
-1.459786730719409142e+01
-1.460013849708527012e+01
-1.460238808864445836e+01
-1.460461954023897491e+01
-1.460682939151653237e+01
-1.460902111177649232e+01
-1.461119122952990956e+01
-1.461334322503366501e+01
-1.461547361563620484e+01
-1.461758589257751950e+01
-1.461967656201719201e+01
-1.462174912620415945e+01
-1.462380008008280541e+01
-1.462583293693683650e+01
-1.462784418046898161e+01
-1.462983733502383643e+01
-1.463180887303566813e+01
-1.463376232993628001e+01
-1.463569416686467228e+01
-1.463760793036608732e+01
-1.463950007025743538e+01
-1.464137414422387273e+01
-1.464322659073295441e+01
-1.464506097863644563e+01
-1.464687373502538748e+01
-1.464866843994486345e+01
-1.465044150908192577e+01
-1.465219653370192887e+01
-1.465392991806035816e+01
-1.465564526466996753e+01
-1.465733896632686850e+01
-1.465901463681837669e+01
-1.466066865745341019e+01
-1.466230465332125554e+01
-1.466391899421551948e+01
-1.466551531655493790e+01
-1.466708997858958519e+01
-1.466864662809538622e+01
-1.467018161175051461e+01
-1.467169858871582555e+01
-1.467319389406904939e+01
-1.467467119838399192e+01
-1.467612682510919697e+01
-1.467756445625952821e+01
-1.467898040362552159e+01
-1.468037836069132673e+01
-1.468175462756038918e+01
-1.468311290921475276e+01
-1.468444949404141298e+01
-1.468576809854883081e+01
-1.468706499937832888e+01
-1.468834392459347882e+01
-1.468960113906036469e+01
-1.469084038242656831e+01
-1.469205790775315457e+01
-1.469325746630091700e+01
-1.469443529929597858e+01
-1.469559516964140222e+01
-1.469673330669843381e+01
-1.469785348504187006e+01
-1.469895192213761703e+01
-1.470003240426188462e+01
-1.470109113695490777e+01
-1.470213191822380949e+01
-1.470315094165266068e+01
-1.470415201700936514e+01
-1.470513132589104188e+01
-1.470609268985649543e+01
-1.470703227848476757e+01
-1.470795392515583799e+01
-1.470885378739960636e+01
-1.470973571044748596e+01
-1.471059583974897400e+01
-1.471143803241743697e+01
-1.471225842179044996e+01
-1.471306087689410091e+01
-1.471384151892220693e+01
-1.471460422884456065e+01
-1.471534511567934267e+01
-1.471606807237104597e+01
-1.471676919573020115e+01
-1.471745239070714639e+01
-1.471811374187257648e+01
-1.471875716621403640e+01
-1.471937873602985114e+01
-1.471998238037649465e+01
-1.472056415924719275e+01
-1.472112801379898706e+01
-1.472166999168731039e+01
-1.472219404620171090e+01
-1.472269621262669759e+01
-1.472318045641643991e+01
-1.472364280045123053e+01
-1.472408722238227874e+01
-1.472450973265214991e+01
-1.472491432114148324e+01
-1.472529698582162538e+01
-1.472566172883511548e+01
-1.472600453564833956e+01
-1.472632942069862239e+01
-1.472663235691318206e+01
-1.472691737105723497e+01
-1.472718042348454937e+01
-1.472742555332144576e+01
-1.472764870831387540e+01
-1.472785393998243109e+01
-1.472803718343062584e+01
-1.472820250260701691e+01
-1.472834581993774350e+01
-1.472847121183311003e+01
-1.472857458800667807e+01
-1.472866003736448803e+01
-1.472872345687233242e+01
-1.472876894796594271e+01
-1.472879239482789160e+01
-1.472879791145802209e+01
-1.472878136921986680e+01
-1.472874689471184340e+01
-1.472869034644250519e+01
-1.472861586364367170e+01
-1.472851929193266507e+01
-1.472840478320953572e+01
-1.472826817016403211e+01
-1.472811361739960923e+01
-1.472793694464176895e+01
-1.472774232923258886e+01
-1.472752557789656258e+01
-1.472729088074991921e+01
-1.472703403147902712e+01
-1.472675923300984557e+01
-1.472646226595347585e+01
-1.472614734608150400e+01
-1.472581024089206458e+01
-1.472545517903860990e+01
-1.472507791486852824e+01
-1.472468268995337226e+01
-1.472426524545187121e+01
-1.472382983589015559e+01
-1.472337218919992097e+01
-1.472289657289869780e+01
-1.472239870165272890e+01
-1.472188285600780411e+01
-1.472134473732599425e+01
-1.472078863921839442e+01
-1.472021024970401903e+01
-1.471961387549662170e+01
-1.471899519123287980e+01
-1.471835851676685536e+01
-1.471769951331335058e+01
-1.471702251390443905e+01
-1.471632316629345283e+01
-1.471560581672840051e+01
-1.471486609946116708e+01
-1.471410837399392513e+01
-1.471332826103684432e+01
-1.471253013338474247e+01
-1.471170959816551260e+01
-1.471087104150518421e+01
-1.471001005690879815e+01
-1.470913104387242498e+01
-1.470822958223716093e+01
-1.470731008490815483e+01
-1.470636811802138411e+01
-1.470540810793034225e+01
-1.470442560702434243e+01
-1.470342505514472364e+01
-1.470240199089233357e+01
-1.470136086763612937e+01
-1.470029721014633495e+01
-1.469921548535952383e+01
-1.469811120417301886e+01
-1.469698884713111475e+01
-1.469584391121563982e+01
-1.469468089061892258e+01
-1.469349526836448838e+01
-1.469229155233342965e+01
-1.469106521154765055e+01
-1.468982076761783517e+01
-1.468855367552091806e+01
-1.468726847063818752e+01
-1.468596059385786035e+01
-1.468463459437320395e+01
-1.468328589893965486e+01
-1.468191907060403700e+01
-1.468052952194462257e+01
-1.467912182990358616e+01
-1.467769139283741175e+01
-1.467624280162566919e+01
-1.467477144035815328e+01
-1.467328191389403003e+01
-1.467176959201118613e+01
-1.467023909359088663e+01
-1.466868577405358920e+01
-1.466711426634539173e+01
-1.466551991148351064e+01
-1.466390735652178456e+01
-1.466227192802800694e+01
-1.466061828720709315e+01
-1.465894174613091749e+01
-1.465724698019879746e+01
-1.465552928694004109e+01
-1.465379335599207877e+01
-1.465203447029446870e+01
-1.465025733376670658e+01
-1.464845721471113471e+01
-1.464663883137356137e+01
-1.464479743737141426e+01
-1.464293776532122138e+01
-1.464105505410728725e+01
-1.463915405076153675e+01
-1.463722997938690717e+01
-1.463528760147555730e+01
-1.463332212630022866e+01
-1.463133832985855420e+01
-1.462933140654402209e+01
-1.462730614690506492e+01
-1.462525773040648325e+01
-1.462319096219325054e+01
-1.462110100675164581e+01
-1.461899268386911643e+01
-1.461686114300322714e+01
-1.461471121863010403e+01
-1.461253804512815080e+01
-1.461034647170851386e+01
-1.460813161761958590e+01
-1.460589834685426958e+01
-1.460364176347966669e+01
-1.460136674631738174e+01
-1.459906838420158870e+01
-1.459675157082986630e+01
-1.459441137975153424e+01
-1.459205271958746764e+01
-1.458967064854979157e+01
-1.458727009023039223e+01
-1.458484608745157551e+01
-1.458240357882417193e+01
-1.457993759172741477e+01
-1.457745307983941352e+01
-1.457494505504289251e+01
-1.457241848613163171e+01
-1.456986836943792518e+01
-1.456729968892004301e+01
-1.456470742530554752e+01
-1.456209657776618016e+01
-1.455946211137006685e+01
-1.455680904055175162e+01
-1.455413231466474677e+01
-1.455143696345598947e+01
-1.454871792050887613e+01
-1.454598023093245374e+01
-1.454321881248417370e+01
-1.454043872568530027e+01
-1.453763487241082153e+01
-1.453481232864470485e+01
-1.453196598032269726e+01
-1.452910091894197286e+01
-1.452621201444197041e+01
-1.452330437388384077e+01
-1.452037285115313203e+01
-1.451742256892617533e+01
-1.451444836497644530e+01
-1.451145537764700677e+01
-1.450843842854068910e+01
-1.450540267171898279e+01
-1.450234291255515906e+01
-1.449926432088103923e+01
-1.449616168578095809e+01
-1.449304019290944190e+01
-1.448989461500189968e+01
-1.448673015358811611e+01
-1.448354156499430800e+01
-1.448033406667838641e+01
-1.447710239849642200e+01
-1.447385179388766119e+01
-1.447057697617690408e+01
-1.446728319483801073e+01
-1.446396515660274318e+01
-1.446062812703338274e+01
-1.445726679620637434e+01
-1.445388644582637561e+01
-1.445048174925198836e+01
-1.444705800438444143e+01
-1.444360986780124811e+01
-1.444014265365500016e+01
-1.443665100167831561e+01
-1.443314024233004922e+01
-1.442960499843387723e+01
-1.442605061681004130e+01
-1.442247170330860584e+01
-1.441887362116678872e+01
-1.441525095919594257e+01
-1.441160909710602134e+01
-1.440794260660397619e+01
-1.440425688392872594e+01
-1.440054648361670431e+01
-1.439681681849222983e+01
-1.439306242585452544e+01
-1.438928873517017237e+01
-1.438549026643403472e+01
-1.438167246581203962e+01
-1.437782983592708241e+01
-1.437396783970188174e+01
-1.437008096231914500e+01
-1.436617468351625071e+01
-1.436224347096698750e+01
-1.435829282128157303e+01
-1.435431718455569694e+01
-1.435032207433089191e+01
-1.434630192305506924e+01
-1.434226226125996817e+01
-1.433819750367532109e+01
-1.433411319788242011e+01
-1.433000374082215167e+01
-1.432587469718487050e+01
-1.432172044605132122e+01
-1.431754656928099756e+01
-1.431334742802268067e+01
-1.430912862136534969e+01
-1.430488449245347304e+01
-1.430062065766641410e+01
-1.429633144207142692e+01
-1.429202247939940307e+01
-1.428768807656715900e+01
-1.428333388471863330e+01
-1.427895419254622844e+01
-1.427455466866911138e+01
-1.427012958348084837e+01
-1.426568462313832519e+01
-1.426121403966134515e+01
-1.425672353680734261e+01
-1.425220734814694978e+01
-1.424767119510162239e+01
-1.424310929271685566e+01
-1.423852738014196539e+01
-1.423391965382081814e+01
-1.422929187069485479e+01
-1.422463820852949823e+01
-1.421996444212309996e+01
-1.421526473048509231e+01
-1.421054486633609137e+01
-1.420579898985157463e+01
-1.420103291174037530e+01
-1.419624075326542112e+01
-1.419142834319013424e+01
-1.418658978378608282e+01
-1.418173092193799967e+01
-1.417684584084668309e+01
-1.417194040558583801e+01
-1.416700868020543602e+01
-1.416205654803616198e+01
-1.415707805389680729e+01
-1.415207909944370179e+01
-1.414705371018362534e+01
-1.414200780616769926e+01
-1.413693539350935247e+01
-1.413184241072448444e+01
-1.412672284445133997e+01
-1.412158265174096350e+01
-1.411641579967430005e+01
-1.411122826390874607e+01
-1.410601399188516147e+01
-1.410077897793913237e+01
-1.409551714978834980e+01
-1.409023452051905956e+01
-1.408492499804228082e+01
-1.407959461426819914e+01
-1.407423725721707974e+01
-1.406885897769706339e+01
-1.406345364375322049e+01
-1.405802732516635523e+01
-1.405257386992169977e+01
-1.404709936684808547e+01
-1.404159764378567843e+01
-1.403607480868763702e+01
-1.403052466916349772e+01
-1.402495335236780072e+01
-1.401935464559351452e+01
-1.401373469527452009e+01
-1.400808726830077156e+01
-1.400241853046424012e+01
-1.399672222816533207e+01
-1.399100454663364346e+01
-1.398525921169293085e+01
-1.397949242809101023e+01
-1.397369790098767162e+01
-1.396788185473026545e+01
-1.396203797372692534e+01
-1.395617250200697868e+01
-1.395027910313883623e+01
-1.394436404091708681e+01
-1.393842095798216008e+01
-1.393245613797820504e+01
-1.392646320252901582e+01
-1.392044845521356145e+01
-1.391440549655013825e+01
-1.390834065013891419e+01
-1.390224749530343118e+01
-1.389613237575238891e+01
-1.388998884952520640e+01
-1.388382328052757053e+01
-1.387762920542502343e+01
-1.387141300840969826e+01
-1.386516820468337485e+01
-1.385890119881539917e+01
-1.385260548445344320e+01
-1.384628748663583053e+01
-1.383994067736575495e+01
-1.383357150224354015e+01
-1.382717341153724000e+01
-1.382075287150323462e+01
-1.381430331058355065e+01
-1.380783121578607542e+01
-1.380132999363575408e+01
-1.379480615198850302e+01
-1.378825307536092559e+01
-1.378167729255484986e+01
-1.377507216598706563e+01
-1.376844424550437651e+01
-1.376178687133214495e+01
-1.375510661446262439e+01
-1.374839679283794425e+01
-1.374166399869753441e+01
-1.373490152760827776e+01
-1.372811599315980935e+01
-1.372130066845167029e+01
-1.371446218852822341e+01
-1.370759380392929927e+01
-1.370070217125976342e+01
-1.369378051840739197e+01
-1.368683552364469769e+01
-1.367986039211485760e+01
-1.367286182386672877e+01
-1.366583300120596967e+01
-1.365878064606799747e+01
-1.365169791782810016e+01
-1.364459156041970900e+01
-1.363745471019477407e+01
-1.363029413319779160e+01
-1.362310294266415234e+01
-1.361588792686390192e+01
-1.360864217582270186e+01
-1.360137250015215571e+01
-1.359407196657465633e+01
-1.358674740816094584e+01
-1.357939186823659661e+01
-1.357201220245070594e+01
-1.356460143063812573e+01
-1.355716643114697106e+01
-1.354970020022770427e+01
-1.354220963904950104e+01
-1.353468772018440980e+01
-1.352714136774659082e+01
-1.351956353053544824e+01
-1.351196115573559275e+01
-1.350432716827939572e+01
-1.349666853854886561e+01
-1.348897816751494538e+01
-1.348126304888573124e+01
-1.347351605957585186e+01
-1.346574421674989885e+01
-1.345794037317141445e+01
-1.345011156959318477e+01
-1.344225063453256475e+01
-1.343436463246429291e+01
-1.342644636756425847e+01
-1.341850292816420165e+01
-1.341052709400302767e+01
-1.340252597740649954e+01
-1.339449233358068270e+01
-1.338643329898386902e+01
-1.337834160419338225e+01
-1.337022440994025274e+01
-1.336207442207666318e+01
-1.335389882574830089e+01
-1.334569030198569273e+01
-1.333745606049281207e+01
-1.332918875738146980e+01
-1.332089562705921360e+01
-1.331256930062206401e+01
-1.330421703732796956e+01
-1.329583144315947507e+01
-1.328741980237363407e+01
-1.327897469574172540e+01
-1.327050343267001153e+01
-1.326199856862012005e+01
-1.325346743829963536e+01
-1.324490257176168484e+01
-1.323631132916878173e+01
-1.322768621506632769e+01
-1.321903461522710366e+01
-1.321034900858912131e+01
-1.320163680669235795e+01
-1.319289046276719013e+01
-1.318411741427946104e+01
-1.317531008865111630e+01
-1.316647594943419186e+01
-1.315760739814080260e+01
-1.314871192457119520e+01
-1.313978190422571757e+01
-1.313082485331626792e+01
-1.312183312122897405e+01
-1.311281425075256024e+01
-1.310376056505563547e+01
-1.309467963367063170e+01
-1.308556375344461209e+01
-1.307642052082217887e+01
-1.306724220622412957e+01
-1.305803643317721630e+01
-1.304879544557050153e+01
-1.303952689418456146e+01
-1.303022299627034286e+01
-1.302089143003534844e+01
-1.301152438598531802e+01
-1.300212956992935176e+01
-1.299269914551989125e+01
-1.298324084634401210e+01
-1.297374680909164901e+01
-1.296422479530570904e+01
-1.295466691460372566e+01
-1.294508095666360070e+01
-1.293545900391933579e+01
-1.292580887436477255e+01
-1.291612262313820381e+01
-1.290640809673165812e+01
-1.289665732287444122e+01
-1.288687817674059843e+01
-1.287706265853589294e+01
-1.286721867230164129e+01
-1.285733819060440730e+01
-1.284742914653942414e+01
-1.283748348491702096e+01
-1.282750916807445485e+01
-1.281749811294759311e+01
-1.280745831130516876e+01
-1.279738165208888034e+01
-1.278727615668977435e+01
-1.277713368593437693e+01
-1.276696229102831204e+01
-1.275675380456028485e+01
-1.274651630774410194e+01
-1.273624160480662049e+01
-1.272593780716463918e+01
-1.271559669055755926e+01
-1.270522639680148558e+01
-1.269481867302103240e+01
-1.268438169162910434e+01
-1.267390717100651365e+01
-1.266340331436192734e+01
-1.265286181120166908e+01
-1.264229089573009546e+01
-1.263168222844664257e+01
-1.262104407475272438e+01
-1.261036806600654359e+01
-1.259966249900918811e+01
-1.258891897584133979e+01
-1.257814582490757438e+01
-1.256733461887299796e+01
-1.255649371795058933e+01
-1.254561466524971891e+01
-1.253470585299797513e+01
-1.252375879460687180e+01
-1.251278191452595756e+01
-1.250176669632448245e+01
-1.249072159688254935e+01
-1.247963806978074253e+01
-1.246852460453937539e+01
-1.245737262460173156e+01
-1.244619065233918320e+01
-1.243497008090673361e+01
-1.242371946573877750e+01
-1.241243016954882705e+01
-1.240111078104738773e+01
-1.238975263235099611e+01
-1.237836434566034605e+01
-1.236693722233693116e+01
-1.235547991828705072e+01
-1.234398370395665800e+01
-1.233245726917405349e+01
-1.232089185330667824e+01
-1.230929618032230444e+01
-1.229766145834427427e+01
-1.228599644569847804e+01
-1.227429231909598428e+01
-1.226255787144040177e+01
-1.225078424785974107e+01
-1.223898027605610039e+01
-1.222713706940080236e+01
-1.221526349061628025e+01
-1.220335062114088664e+01
-1.219140735894042393e+01
-1.217942475334091057e+01
-1.216741173777555396e+01
-1.215535932927617679e+01
-1.214327649696848077e+01
-1.213115422540510657e+01
-1.211900151963045147e+01
-1.210680933153008887e+01
-1.209458670229450128e+01
-1.208232455095127378e+01
-1.207003195506537629e+01
-1.205769980061248958e+01
-1.204533720176167932e+01
-1.203293501123956410e+01
-1.202050238005008431e+01
-1.200803012747067200e+01
-1.199552744157193018e+01
-1.198298510797870797e+01
-1.197041235206133614e+01
-1.195779992558546212e+01
-1.194515709145534643e+01
-1.193247456736762224e+01
-1.191976165399587728e+01
-1.190700903475451966e+01
-1.189422604832294539e+01
-1.188140334361702521e+01
-1.186855029755992241e+01
-1.185565752434879627e+01
-1.184273443938971937e+01
-1.182977162193792964e+01
-1.181677852612276958e+01
-1.180374569603073276e+01
-1.179068262475619733e+01
-1.177757982098657763e+01
-1.176444681702429484e+01
-1.175127408592385336e+01
-1.173807119944021871e+01
-1.172482859475753969e+01
-1.171155588332909936e+01
-1.169824346622765887e+01
-1.168490099485213563e+01
-1.167151883391922773e+01
-1.165810667502213960e+01
-1.164465484627315206e+01
-1.163117307971007897e+01
-1.161765166658865667e+01
-1.160410037964305374e+01
-1.159050947301665779e+01
-1.157688876039338055e+01
-1.156322845854464632e+01
-1.154953842235911665e+01
-1.153580883097275311e+01
-1.152204958073566132e+01
-1.150825081288109963e+01
-1.149442246547899771e+01
-1.148055464158873562e+01
-1.146665732126026249e+01
-1.145272056910392955e+01
-1.143875440741170380e+01
-1.142474886206590057e+01
-1.141071399786442342e+01
-1.139663980167843427e+01
-1.138253638107753396e+01
-1.136839368363483871e+01
-1.135422185995935251e+01
-1.134001081803498856e+01
-1.132577075178003057e+01
-1.131149152929410384e+01
-1.129718338807661127e+01
-1.128283615604364876e+01
-1.126846011454970764e+01
-1.125404505102403618e+01
-1.123960129095261884e+01
-1.122511858097016990e+01
-1.121060729097269082e+01
-1.119605712648871965e+01
-1.118147850210505823e+01
-1.116686108192821436e+01
-1.115221532551908723e+01
-1.113753085524184883e+01
-1.112281817591729549e+01
-1.110806686784285802e+01
-1.109328748138749532e+01
-1.107846955445302051e+01
-1.106362368324753476e+01
-1.104873936294418435e+01
-1.103382723588371483e+01
-1.101887675417306234e+01
-1.100389860658206409e+01
-1.098888220180953290e+01
-1.097383827535355394e+01
-1.095875619215845020e+01
-1.094364673475272021e+01
-1.092849922397531515e+01
-1.091332448969030899e+01
-1.089811180827591386e+01
-1.088287205723990780e+01
-1.086759446813992369e+01
-1.085228996643889765e+01
-1.083694773850929849e+01
-1.082157875808379011e+01
-1.080617216598060182e+01
-1.079073898452011981e+01
-1.077526830859258311e+01
-1.075977120942733123e+01
-1.074423673560820447e+01
-1.072867600759847484e+01
-1.071307802729228875e+01
-1.069745396471527421e+01
-1.068179277468398070e+01
-1.066610567711852653e+01
-1.065038157936501761e+01
-1.063463175157404628e+01
-1.061884505322368888e+01
-1.060303280503469558e+01
-1.058718381821457655e+01
-1.057130946439804475e+01
-1.055539850611455677e+01
-1.053946236626053867e+01
-1.052348975827498911e+01
-1.050749215666805370e+01
-1.049145822537065520e+01
-1.047539949086285382e+01
-1.045930456714504153e+01
-1.044318503302782020e+01
-1.042702945215307508e+01
-1.041084945602712075e+01
-1.039463355750047846e+01
-1.037839344114468076e+01
-1.036211756858079447e+01
-1.034581767781977035e+01
-1.032948217880973552e+01
-1.031312286338027739e+01
-1.029672808935768025e+01
-1.028030970277396072e+01
-1.026385600887932981e+01
-1.024737890829741005e+01
-1.023086665324244926e+01
-1.021433119932366118e+01
-1.019776074525411858e+01
-1.018116730202786258e+01
-1.016453901438590002e+01
-1.014788794911179082e+01
-1.013120219649779585e+01
-1.011449387952704093e+01
-1.009775103356074766e+01
-1.008098583819726812e+01
-1.006418627337847127e+01
-1.004736457573943298e+01
-1.003050866930859719e+01
-1.001363084818476246e+01
-9.996718979982913922e+00
-9.979785416698783607e+00
-9.962817969027684128e+00
-9.945829047301398163e+00
-9.928806404783331985e+00
-9.911762510586592967e+00
-9.894685060024290379e+00
-9.877586581442452385e+00
-9.860454711679000894e+00
-9.843302038771035711e+00
-9.826116140549993716e+00
-9.808909665208846107e+00
-9.791670131034667435e+00
-9.774410246847727635e+00
-9.757117470846406349e+00
-9.739804572956472839e+00
-9.722458950736585948e+00
-9.705093435703213700e+00
-9.687695364217422167e+00
-9.670277629878713199e+00
-9.652827507285772768e+00
-9.635357952620825728e+00
-9.617856178148324275e+00
-9.600335203140240026e+00
-9.582782176947780783e+00
-9.565210182447261289e+00
-9.547606305490605294e+00
-9.529983693080696483e+00
-9.512329366976427281e+00
-9.494656538837542570e+00
-9.476952165728908639e+00
-9.459229524505166964e+00
-9.441475506928409089e+00
-9.423703455594745648e+00
-9.405900196346815179e+00
-9.388079138076967922e+00
-9.370227040084078141e+00
-9.352357378119753761e+00
-9.334456844306767920e+00
-9.316538981827941157e+00
-9.298590414989210018e+00
-9.280624754985431935e+00
-9.262628557656650941e+00
-9.244615502799488738e+00
-9.226572077130668958e+00
-9.208512029647579311e+00
-9.190421777277460791e+00
-9.172315138826666825e+00
-9.154178460758116032e+00
-9.136025632304997757e+00
-9.117842928782092571e+00
-9.099644310476840303e+00
-9.081415980862804105e+00
-9.063171971919299352e+00
-9.044898414576330481e+00
-9.026609413152707262e+00
-9.008291025322941792e+00
-8.989957428403270612e+00
-8.971594606091164437e+00
-8.953216809368722551e+00
-8.934809947224950477e+00
-8.916388344987074888e+00
-8.897937836194012462e+00
-8.879472821208237221e+00
-8.860979057366760614e+00
-8.842471020768575940e+00
-8.823934391786536935e+00
-8.805383722968709748e+00
-8.786804616950835367e+00
-8.768211703454291239e+00
-8.749590506593612815e+00
-8.730955733999776314e+00
-8.712292830470998339e+00
-8.693616582295756956e+00
-8.674912354149553195e+00
-8.656195011738901712e+00
-8.637449838798348267e+00
-8.618691781225438220e+00
-8.599906040983794853e+00
-8.581107644947822521e+00
-8.562281712467965988e+00
-8.543443352194346474e+00
-8.524577600009770606e+00
-8.505699647152276555e+00
-8.486794445169747902e+00
-8.467877268713943195e+00
-8.448932984117666578e+00
-8.429976950286071968e+00
-8.410993947443598628e+00
-8.391999419602552024e+00
-8.372978059972080445e+00
-8.353945398539979195e+00
-8.334886040579327471e+00
-8.315815602936568851e+00
-8.296718602013983812e+00
-8.277610742414591272e+00
-8.258476450720500850e+00
-8.239331520204990156e+00
-8.220160286666024163e+00
-8.200978632976255511e+00
-8.181770803170296702e+00
-8.162552770665426394e+00
-8.143308686738413016e+00
-8.124054616312742283e+00
-8.104774616896982309e+00
-8.085484845899104656e+00
-8.066169266032920504e+00
-8.046844128186380729e+00
-8.027493299235421986e+00
-8.008133124560876226e+00
-7.988747374140820590e+00
-7.969352488879661855e+00
-7.949932140780303413e+00
-7.930502867319654037e+00
-7.911048241430404637e+00
-7.891584898229595524e+00
-7.872096310466433877e+00
-7.852599211984715666e+00
-7.833076974218458943e+00
-7.813546430844212409e+00
-7.793990850830034844e+00
-7.774427168811256728e+00
-7.754838550119651508e+00
-7.735242031495699777e+00
-7.715620673444547606e+00
-7.695991615979087541e+00
-7.676337813567259083e+00
-7.656676510682652648e+00
-7.636990554524296648e+00
-7.617297295236928001e+00
-7.597579471497558856e+00
-7.577854540354445056e+00
-7.558105130687620132e+00
-7.538348807704287502e+00
-7.518568089189751724e+00
-7.498780649788858277e+00
-7.478968894871569795e+00
-7.459150609822866151e+00
-7.439308086253014096e+00
-7.419459221614316924e+00
-7.399586192388543537e+00
-7.379707009447425747e+00
-7.359803732750780370e+00
-7.339894487967465686e+00
-7.319961217116237151e+00
-7.300022162067245191e+00
-7.280059145452936420e+00
-7.260090526775583086e+00
-7.240098007809273817e+00
-7.220100067147115830e+00
-7.200078284204942669e+00
-7.180051258153632432e+00
-7.160000444522922614e+00
-7.139944564577175967e+00
-7.119864948403068716e+00
-7.099780440904029710e+00
-7.079672245136928055e+00
-7.059559331220256695e+00
-7.039422773563719815e+00
-7.019281669108183408e+00
-6.999116961967424722e+00
-6.978947877544035450e+00
-6.958755227974876334e+00
-6.938558368796470255e+00
-6.918337978454660586e+00
-6.898113544325833679e+00
-6.877865609416787152e+00
-6.857613794684272790e+00
-6.837338505913002962e+00
-6.817059499416366464e+00
-6.796757041937874000e+00
-6.776451026960121915e+00
-6.756121580329757847e+00
-6.735788734548626699e+00
-6.715432472672627995e+00
-6.695072968111586142e+00
-6.674690059197858183e+00
-6.654304062177222256e+00
-6.633894668685801577e+00
-6.613482339774123808e+00
-6.593046618367805145e+00
-6.572608112332797958e+00
-6.552146213827667154e+00
-6.531681679587153511e+00
-6.511193748902703859e+00
-6.490703329475435268e+00
-6.470189505584608369e+00
-6.449673338040682324e+00
-6.429133753919447081e+00
-6.408591969330362126e+00
-6.388026751906963341e+00
-6.367459475295410343e+00
-6.346868745399042666e+00
-6.326276095687944689e+00
-6.305659967996982473e+00
-6.285042057958071915e+00
-6.264400640947545895e+00
-6.243757577149355420e+00
-6.223090973037635365e+00
-6.202422855792752543e+00
-6.181731160487587751e+00
-6.161038083798747955e+00
-6.140321386842318319e+00
-6.119603438348059754e+00
-6.098861822860971671e+00
-6.078119083779976783e+00
-6.057352626404262530e+00
-6.036585171478704659e+00
-6.015793942319633381e+00
-5.995001839757229334e+00
-5.974185902323713826e+00
-5.953369213738633370e+00
-5.932528624882490220e+00
-5.911687405234768988e+00
-5.890822215088252989e+00
-5.869956512621710587e+00
-5.849066764533541019e+00
-5.828176620712112843e+00
-5.807262351181857518e+00
-5.786347800624208837e+00
-5.765409039234643096e+00
-5.744470109646889533e+00
-5.723506878994720992e+00
-5.702543591101213671e+00
-5.681555906725280991e+00
-5.660568274197398608e+00
-5.639556144505181834e+00
-5.618544173887664250e+00
-5.597507600078940548e+00
-5.576471290714160922e+00
-5.555410266702626387e+00
-5.534349610651996265e+00
-5.513264122983851045e+00
-5.492179104946949053e+00
-5.471069132716961825e+00
-5.449959729947757126e+00
-5.428825244712230713e+00
-5.407691426932018430e+00
-5.386532392618763154e+00
-5.365374121926480555e+00
-5.344190494741267727e+00
-5.323007725520004563e+00
-5.301799453849840305e+00
-5.280592132670398620e+00
-5.259359156982743144e+00
-5.238127222502857450e+00
-5.216869475241415088e+00
-5.195612858101581466e+00
-5.174330263577575195e+00
-5.153048886292714847e+00
-5.131741360572070754e+00
-5.110435137418626539e+00
-5.089102588204545974e+00
-5.067771425103111405e+00
-5.046413751613995302e+00
-5.025057546007458242e+00
-5.003674638849415324e+00
-4.982293279575478628e+00
-4.960885020609985041e+00
-4.939478387768810208e+00
-4.918044649974370408e+00
-4.896612614790408102e+00
-4.875153262118480768e+00
-4.853695686796365649e+00
-4.832210574021046590e+00
-4.810727311595353939e+00
-4.789216284156423420e+00
-4.767707178334707585e+00
-4.746170072173796939e+00
-4.724634957172878735e+00
-4.703071598562440059e+00
-4.681510298937031855e+00
-4.659920504301338973e+00
-4.638332834765507506e+00
-4.616716410493776124e+00
-4.595102175733724259e+00
-4.573458917984554617e+00
-4.551817912463151039e+00
-4.530147606959973317e+00
-4.508479614712138428e+00
-4.486782036528948581e+00
-4.465086830947415208e+00
-4.443361744284725745e+00
-4.421639087895751885e+00
-4.399886245845576305e+00
-4.378135890074012160e+00
-4.356355034373702750e+00
-4.334576719296758363e+00
-4.312767580070924645e+00
-4.290961034159910703e+00
-4.269123329649721299e+00
-4.247288269499356339e+00
-4.225421705778487969e+00
-4.203557835822657296e+00
-4.181662106499099529e+00
-4.159769118712562275e+00
-4.137843904615462698e+00
-4.115921478200559314e+00
-4.093966447051097468e+00
-4.072014248108535739e+00
-4.050029054173960752e+00
-4.028046735356748620e+00
-4.006031019086772282e+00
-3.984018219236180602e+00
-3.961971606879906904e+00
-3.939927950642584165e+00
-3.917850053845471692e+00
-3.895775151270136405e+00
-3.873665566649728387e+00
-3.851559012762421297e+00
-3.829417321460661494e+00
-3.807278695817223113e+00
-3.785104463028799771e+00
-3.762933329242855951e+00
-3.740726103717384454e+00
-3.718522008962232395e+00
-3.696281322478837339e+00
-3.674043796961866004e+00
-3.651769163774011062e+00
-3.629497720181315223e+00
-3.607188636430114226e+00
-3.584882769339426734e+00
-3.562538712433156896e+00
-3.540197897693080797e+00
-3.517818325650119871e+00
-3.495442019723034921e+00
-3.473026370476618663e+00
-3.450614009742691390e+00
-3.428161700403324019e+00
-3.405712700423054518e+00
-3.383223126496750055e+00
-3.360736881228526762e+00
-3.338209415786659751e+00
-3.315685296756378353e+00
-3.293119289554061968e+00
-3.270556644973060312e+00
-3.247951421511586112e+00
-3.225349575338846364e+00
-3.202704435868250155e+00
-3.180062686812438866e+00
-3.157376905269270395e+00
-3.134694525726016590e+00
-3.111967348600736205e+00
-3.089243583519792224e+00
-3.066474228648695899e+00
-3.043708294325181196e+00
-3.020895949599883057e+00
-2.998087032383359940e+00
-2.975230854371236688e+00
-2.952378109285534347e+00
-2.929477221753254756e+00
-2.906579771019515146e+00
-2.883633263351015774e+00
-2.860690194805126652e+00
-2.837697120304799814e+00
-2.814707485700040923e+00
-2.791666859770727704e+00
-2.768629672954904475e+00
-2.745540471138550931e+00
-2.722454706094000976e+00
-2.699315861962389373e+00
-2.676180450696269641e+00
-2.652990853577243513e+00
-2.629804683846761471e+00
-2.606563176369674384e+00
-2.583325089226799154e+00
-2.560030464669026617e+00
-2.536739251806091833e+00
-2.513390251219908667e+00
-2.490044652095818378e+00
-2.466639961193206609e+00
-2.443238659917025046e+00
-2.419776905685917079e+00
-2.396318527632305351e+00
-2.372798274654757567e+00
-2.349281382781135630e+00
-2.325701129220910879e+00
-2.302124220053678005e+00
-2.278482393274328111e+00
-2.254843892525841831e+00
-2.231138844296193469e+00
-2.207437102069115031e+00
-2.183667103307342039e+00
-2.159900388837217911e+00
-2.136063623835478875e+00
-2.112230119713874643e+00
-2.088324679778907900e+00
-2.064422475592462725e+00
-2.040446352025837129e+00
-2.016473437334970864e+00
-1.992424513665534747e+00
-1.968378770234796127e+00
-1.944254813600834630e+00
-1.920134006779429026e+00
-1.895932658341081600e+00
-1.871734427472892426e+00
-1.847453191714627962e+00
-1.823175039438558409e+00
-1.798811272196225053e+00
-1.774450552470733911e+00
-1.750001447487262718e+00
-1.725555352143277599e+00
-1.701017925919902085e+00
-1.676483469509238988e+00
-1.651854544173207318e+00
-1.627228546832904632e+00
-1.602504730686020729e+00
-1.577783798683303873e+00
-1.552961464024646965e+00
-1.528141967575883831e+00
-1.503217225303954852e+00
-1.478295273172416158e+00
-1.453263943559699456e+00
-1.428235353825209275e+00
-1.403092932715382934e+00
-1.377953198966246795e+00
-1.352694818460391968e+00
-1.327439070473691141e+00
-1.302059452934715145e+00
-1.276682410673923185e+00
-1.251175814564853495e+00
-1.225671734010565617e+00
-1.200031889669404439e+00
-1.174394498585616065e+00
-1.148614531483880929e+00
-1.122836952666503407e+00
-1.096909290943965498e+00
-1.070983949744423125e+00
-1.044900211773003296e+00
-1.018818723649041802e+00
-9.925695799229244942e-01
-9.663226123132226952e-01
-9.398976138884860276e-01
-9.134747146345534308e-01
-8.868620773329709550e-01
-8.602514588615246538e-01
-8.334377879902491459e-01
-8.066260520071831808e-01
-7.795959855705668629e-01
-7.525677662418475133e-01
-7.253035040521980115e-01
-6.980409970761675131e-01
-6.705216661672657175e-01
-6.430039941402175829e-01
-6.152047725500220388e-01
-5.874071086878639436e-01
-5.592979804616708961e-01
-5.311903035235282511e-01
-5.027342280442362865e-01
-4.742794915563604552e-01
-4.454295968082817025e-01
-4.165809221812297736e-01
-3.872759712135579457e-01
-3.579721139947955599e-01
-3.281286749119359247e-01
-2.982861944581027824e-01
-2.677838514575013873e-01
-2.372823214569516059e-01
-2.059319861056121692e-01
-1.745823049345968658e-01
-1.420438295236282067e-01
-1.095058316871787285e-01
-7.498593621610487314e-02
-4.046631407003804803e-02
-1.115638605120079396e-15
