-1.375968687411328279e-15
-3.231220907197392300e+00
-6.265925130968670764e+00
-8.948679207727412432e+00
-1.118841938731757857e+01
-1.295870571226408252e+01
-1.428230214712051094e+01
-1.521111359161359999e+01
-1.580903633549227294e+01
-1.614040438515694476e+01
-1.626363101553935309e+01
-1.622854930424619013e+01
-1.607597515550291689e+01
-1.583841199965860191e+01
-1.554122202134340114e+01
-1.520388952027078489e+01
-1.484119345618526786e+01
-1.446421648069117261e+01
-1.408117578945029713e+01
-1.369808852207254013e+01
-1.331929499946883944e+01
-1.294786513018826568e+01
-1.258591140275246012e+01
-1.223482852243287589e+01
-1.189547611251970238e+01
-1.156831758342010019e+01
-1.125352542459584448e+01
-1.095106087262134231e+01
-1.066073405834839427e+01
-1.038224931115091465e+01
-1.011523917774524506e+01
-9.859289872842516900e+00
-9.613960219223962156e+00
-9.378795650594483391e+00
-9.153338465342319097e+00
-8.937135243562718045e+00
-8.729742113951719062e+00
-8.530728401501214364e+00
-8.339679053070053527e+00
-8.156196151046675169e+00
-7.979899744423750718e+00
-7.810428179183901420e+00
-7.647438059677495126e+00
-7.490603947910734028e+00
-7.339617875357630439e+00
-7.194188730196447779e+00
-7.054041561138654437e+00
-6.918916834827237849e+00
-6.788569668364232257e+00
-6.662769058659580246e+00
-6.541297118705508673e+00
-6.423948333474269745e+00
-6.310528838910893334e+00
-6.200855731458845277e+00
-6.094756407818813670e+00
-5.992067939340749660e+00
-5.892636478673897393e+00
-5.796316701358547263e+00
-5.702971278912162489e+00
-5.612470385157808828e+00
-5.524691231863733343e+00
-5.439517634965459258e+00
-5.356839607291942862e+00
-5.276552978856378751e+00
-5.198559040674566312e+00
-5.122764213109000764e+00
-5.049079734842624845e+00
-4.977421373496716761e+00
-4.907709154185520006e+00
-4.839867107077172825e+00
-4.773823030457620575e+00
-4.709508270437920530e+00
-4.646857514004652856e+00
-4.585808596626589129e+00
-4.526302321310509136e+00
-4.468282290386272670e+00
-4.411694747094504265e+00
-4.356488428313310735e+00
-4.302614425663341180e+00
-4.250026056374822225e+00
-4.198678741304060047e+00
-4.148529891522112933e+00
-4.099538800996281651e+00
-4.051666546816057313e+00
-4.004875894604617237e+00
-3.959131210587833127e+00
-3.914398378070097273e+00
-3.870644719802127653e+00
-3.827838924087070716e+00
-3.785950976117631761e+00
-3.744952092477549677e+00
-3.704814660302314433e+00
-3.665512179111604318e+00
-3.627019206805892626e+00
-3.589311307911271953e+00
-3.552365005558860034e+00
-3.516157735348552027e+00
-3.480667802574167524e+00
-3.445874341019180331e+00
-3.411757274789334105e+00
-3.378297281445538314e+00
-3.345475757890432611e+00
-3.313274787322148196e+00
-3.281677108693978884e+00
-3.250666087040286811e+00
-3.220225686091170658e+00
-3.190340441579496922e+00
-3.160995436646331314e+00
-3.132176277788199847e+00
-3.103869072735123691e+00
-3.076060408740389107e+00
-3.048737332652914578e+00
-3.021887331289030421e+00
-2.995498313455547734e+00
-2.969558592174722289e+00
-2.944056868444743458e+00
-2.918982215117027934e+00
-2.894324062206081294e+00
-2.870072182242808356e+00
-2.846216676968329473e+00
-2.822747964007627175e+00
-2.799656764801758513e+00
-2.776934092464287129e+00
-2.754571240823106670e+00
-2.732559773338431253e+00
-2.710891513140237574e+00
-2.689558532900292676e+00
-2.668553145764274603e+00
-2.647867896082460870e+00
-2.627495551147100095e+00
-2.607429092696905482e+00
-2.587661709380200570e+00
-2.568186788957719457e+00
-2.548997911420876061e+00
-2.530088841825684831e+00
-2.511453524002703830e+00
-2.493086073962594629e+00
-2.474980774141161355e+00
-2.457132067322950864e+00
-2.439534551371200344e+00
-2.422182973621351376e+00
-2.405072226050867901e+00
-2.388197340099828203e+00
-2.371553482240048805e+00
-2.355135949184372191e+00
-2.338940163818634677e+00
-2.322961670765018027e+00
-2.307196132644575570e+00
-2.291639325963142682e+00
-2.276287137675127692e+00
-2.261135561364137736e+00
-2.246180694081280738e+00
-2.231418732795404924e+00
-2.216845971482144240e+00
-2.202458797820631808e+00
-2.188253690511864136e+00
-2.174227216201334745e+00
-2.160376027007019140e+00
-2.146696857649394552e+00
-2.133186523171490823e+00
-2.119841916259001202e+00
-2.106660005136603342e+00
-2.093637831062860943e+00
-2.080772506388241183e+00
-2.068061212210837052e+00
-2.055501196582643963e+00
-2.043089772313830377e+00
-2.030824315315228556e+00
-2.018702262539158188e+00
-2.006721110447632572e+00
-1.994878413079149260e+00
-1.983171780632446479e+00
-1.971598877649909154e+00
-1.960157421707765524e+00
-1.948845181707052232e+00
-1.937659976662354566e+00
-1.926599674092106751e+00
-1.915662188898210827e+00
-1.904845481848705280e+00
-1.894147558540949072e+00
-1.883566467969978842e+00
-1.873100301569276649e+00
-1.862747191858257212e+00
-1.852505311554952128e+00
-1.842372872297125985e+00
-1.832348123821257557e+00
-1.822429352752288123e+00
-1.812614881844001102e+00
-1.802903068832636180e+00
-1.793292305734100145e+00
-1.783781017757066323e+00
-1.774367662653024480e+00
-1.765050729684660258e+00
-1.755828739024973828e+00
-1.746700240777272040e+00
-1.737663814419854624e+00
-1.728718067874197573e+00
-1.719861636991924847e+00
-1.711093184667958012e+00
-1.702411400366902194e+00
-1.693814999278320910e+00
-1.685302721879646581e+00
-1.676873333130709076e+00
-1.668525622071016734e+00
-1.660258401050934918e+00
-1.652070505360691666e+00
-1.643960792496105716e+00
-1.635928141817324377e+00
-1.627971453846712713e+00
-1.620089649955231526e+00
-1.612281671690791951e+00
-1.604546480490240290e+00
-1.596883057036242670e+00
-1.589290400993396357e+00
-1.581767530391740006e+00
-1.574313481385389402e+00
-1.566927307661191371e+00
-1.559608080218306325e+00
-1.552354886800646039e+00
-1.545166831695818699e+00
-1.538043035190081342e+00
-1.530982633385577385e+00
-1.523984777676045121e+00
-1.517048634581527056e+00
-1.510173385243692712e+00
-1.503358225276483218e+00
-1.496602364280317898e+00
-1.489905025707656927e+00
-1.483265446394794296e+00
-1.476682876441494097e+00
-1.470156578759372001e+00
-1.463685828964847335e+00
-1.457269914943190026e+00
-1.450908136753656263e+00
-1.444599806208582971e+00
-1.438344246790054015e+00
-1.432140793243034116e+00
-1.425988791502886821e+00
-1.419887598301830423e+00
-1.413836581106666657e+00
-1.407835117737762376e+00
-1.401882596316378127e+00
-1.395978414895711062e+00
-1.390121981416960306e+00
-1.384312713351895763e+00
-1.378550037667263473e+00
-1.372833390478094717e+00
-1.367162217020087445e+00
-1.361535971313077242e+00
-1.355954116140777765e+00
-1.350416122724062751e+00
-1.344921470707710620e+00
-1.339469647842744582e+00
-1.334060149979783949e+00
-1.328692480760311545e+00
-1.323366151615975816e+00
-1.318080681468331461e+00
-1.312835596733850974e+00
-1.307630431031671536e+00
-1.302464725193982042e+00
-1.297338026981462278e+00
-1.292249891098608439e+00
-1.287199878916545304e+00
-1.282187558493086854e+00
-1.277212504302321250e+00
-1.272274297259486264e+00
-1.267372524456902294e+00
-1.262506779193037332e+00
-1.257676660714860839e+00
-1.252881774250887981e+00
-1.248121730759470083e+00
-1.243396146965588089e+00
-1.238704645114929059e+00
-1.234046853014159950e+00
-1.229422403790537688e+00
-1.224830935935345311e+00
-1.220272093068982322e+00
-1.215745523987315169e+00
-1.211250882431911480e+00
-1.206787827139261138e+00
-1.202356021615840431e+00
-1.197955134189991222e+00
-1.193584837791806574e+00
-1.189244810007421771e+00
-1.184934732863238471e+00
-1.180654292882984624e+00
-1.176403180875851717e+00
-1.172181091995839974e+00
-1.167987725534268106e+00
-1.163822784980907521e+00
-1.159685977820648750e+00
-1.155577015596511270e+00
-1.151495613710006083e+00
-1.147441491486293819e+00
-1.143414371977928612e+00
-1.139413982031739936e+00
-1.135440052096250874e+00
-1.131492316290093614e+00
-1.127570512212787923e+00
-1.123674381014712065e+00
-1.119803667211054954e+00
-1.115958118753307415e+00
-1.112137486846313195e+00
-1.108341526021039858e+00
-1.104569993954653162e+00
-1.100822651544579145e+00
-1.097099262731524139e+00
-1.093399594574513189e+00
-1.089723417076881251e+00
-1.086070503262369868e+00
-1.082440629003765364e+00
-1.078833573100018928e+00
-1.075249117107498487e+00
-1.071687045418117767e+00
-1.068147145093037320e+00
-1.064629205941586498e+00
-1.061133020357591716e+00
-1.057658383398992319e+00
-1.054205092626496754e+00
-1.050772948184001576e+00
-1.047361752639540677e+00
-1.043971311066436591e+00
-1.040601430886226808e+00
-1.037251921950749001e+00
-1.033922596387092163e+00
-1.030613268680152794e+00
-1.027323755519854664e+00
-1.024053875884053610e+00
-1.020803450887938002e+00
-1.017572303867365413e+00
-1.014360260230089628e+00
-1.011167147539731248e+00
-1.007992795368797045e+00
-1.004837035383048915e+00
-1.001699701196442804e+00
-9.985806284556988377e-01
-9.954796546972201066e-01
-9.923966194319341350e-01
-9.893313640037727508e-01
-9.862837316750582284e-01
-9.832535674865653386e-01
-9.802407183430579263e-01
-9.772450328751711712e-01
-9.742663615250948261e-01
-9.713045564100103446e-01
-9.683594714080442367e-01
-9.654309620232556233e-01
-9.625188854716458797e-01
-9.596231005477093845e-01
-9.567434677107486962e-01
-9.538798489527559044e-01
-9.510321078846920573e-01
-9.482001096060338474e-01
-9.453837207912315632e-01
-9.425828095602823975e-01
-9.397972455654780566e-01
-9.370268998634699864e-01
-9.342716450018634378e-01
-9.315313548926164033e-01
-9.288059048988168698e-01
-9.260951717091990831e-01
-9.233990334249634335e-01
-9.207173694357875249e-01
-9.180500605063031117e-01
-9.153969886534992773e-01
-9.127580372331774994e-01
-9.101330908185536472e-01
-9.075220352867150453e-01
-9.049247576982379915e-01
-9.023411463837235358e-01
-8.997710908245579731e-01
-8.972144817394056560e-01
-8.946712109659455958e-01
-8.921411715473520632e-01
-8.896242576152841863e-01
-8.871203644759660945e-01
-8.846293884945538588e-01
-8.821512271809289762e-01
-8.796857790749960104e-01
-8.772329438327813866e-01
-8.747926221123047963e-01
-8.723647156597379437e-01
-8.699491271962993544e-01
-8.675457605042552478e-01
-8.651545203147673613e-01
-8.627753123936885427e-01
-8.604080434305206859e-01
-8.580526211239846157e-01
-8.557089540717982556e-01
-8.533769518562983603e-01
-8.510565249349253403e-01
-8.487475847257665018e-01
-8.464500434990749334e-01
-8.441638144623343498e-01
-8.418888116529145149e-01
-8.396249500228825102e-01
-8.373721453323985653e-01
-8.351303142345095631e-01
-8.328993741692692909e-01
-8.306792434484213672e-01
-8.284698411502999793e-01
-8.262710872042492438e-01
-8.240829022864674114e-01
-8.219052079041373471e-01
-8.197379262920266862e-01
-8.175809804965495919e-01
-8.154342942729732036e-01
-8.132977921693438361e-01
-8.111713994245562942e-01
-8.090550420517971242e-01
-8.069486467376579819e-01
-8.048521409252307190e-01
-8.027654527138434748e-01
-8.006885109421243429e-01
-7.986212450883016789e-01
-7.965635853531520816e-01
-7.945154625609638366e-01
-7.924768082422072313e-01
-7.904475545352753763e-01
-7.884276342688640860e-01
-7.864169808643834969e-01
-7.844155284181750787e-01
-7.824232116044714802e-01
-7.804399657575006310e-01
-7.784657267750756393e-01
-7.765004312003345177e-01
-7.745440161261075707e-01
-7.725964192764109839e-01
-7.706575789114072927e-01
-7.687274339086284103e-01
-7.668059236686018965e-01
-7.648929881957814425e-01
-7.629885680049064423e-01
-7.610926042015265791e-01
-7.592050383890370790e-01
-7.573258127490105629e-01
-7.554548699486975938e-01
-7.535921532212195295e-01
-7.517376062736236264e-01
-7.498911733667026347e-01
-7.480527992238508173e-01
-7.462224291105233887e-01
-7.444000087435297397e-01
-7.425854843703874053e-01
-7.407788026792131442e-01
-7.389799108776686776e-01
-7.371887566035263406e-01
-7.354052880032345696e-01
-7.336294536431600122e-01
-7.318612025878712402e-01
-7.301004843117432364e-01
-7.283472487772447712e-01
-7.266014463468535300e-01
-7.248630278611861710e-01
-7.231319445514562405e-01
-7.214081481172421872e-01
-7.196915906395612295e-01
-7.179822246582665546e-01
-7.162800030857628952e-01
-7.145848792840093777e-01
-7.128968069788029771e-01
-7.112157403365235719e-01
-7.095416338788643751e-01
-7.078744425593709311e-01
-7.062141216785428055e-01
-7.045606269603026384e-01
-7.029139144674401152e-01
-7.012739406777299678e-01
-6.996406624000863772e-01
-6.980140368502850690e-01
-6.963940215674423451e-01
-6.947805744898016833e-01
-6.931736538714540208e-01
-6.915732183577308900e-01
-6.899792269027429370e-01
-6.883916388442767875e-01
-6.868104138216890586e-01
-6.852355118507773568e-01
-6.836668932420749689e-01
-6.821045186751996114e-01
-6.805483491178928590e-01
-6.789983458999760968e-01
-6.774544706328421428e-01
-6.759166852832009242e-01
-6.743849520927618357e-01
-6.728592336520284878e-01
-6.713394928203120227e-01
-6.698256927990909881e-01
-6.683177970526317235e-01
-6.668157693810391473e-01
-6.653195738412730487e-01
-6.638291748199468545e-01
-6.623445369546849815e-01
-6.608656252067844905e-01
-6.593924047829388124e-01
-6.579248412075151542e-01
-6.564629002448685302e-01
-6.550065479711973948e-01
-6.535557506973227460e-01
-6.521104750403722283e-01
-6.506706878467596322e-01
-6.492363562637131214e-01
-6.478074476626900502e-01
-6.463839297105766768e-01
-6.449657702934953329e-01
-6.435529375877232505e-01
-6.421453999839330518e-01
-6.407431261578216963e-01
-6.393460849947618652e-01
-6.379542456601114964e-01
-6.365675775242491952e-01
-6.351860502326849289e-01
-6.338096336313743251e-01
-6.324382978367270036e-01
-6.310720131610888517e-01
-6.297107501824984466e-01
-6.283544796708504521e-01
-6.270031726570083341e-01
-6.256568003594679128e-01
-6.243153342532689054e-01
-6.229787459969775565e-01
-6.216470075013800223e-01
-6.203200908566280924e-01
-6.189979684009330185e-01
-6.176806126480073322e-01
-6.163679963552848307e-01
-6.150600924519574741e-01
-6.137568741069417966e-01
-6.124583146569717584e-01
-6.111643876746623016e-01
-6.098750668967410915e-01
-6.085903262919160062e-01
-6.073101399895003416e-01
-6.060344823467990194e-01
-6.047633278783683952e-01
-6.034966513230083374e-01
-6.022344275733220176e-01
-6.009766317425269122e-01
-5.997232390942656144e-01
-5.984742251092844967e-01
-5.972295654154782252e-01
-5.959892358542128177e-01
-5.947532124110309626e-01
-5.935214712814579352e-01
-5.922939888019549404e-01
-5.910707415157461231e-01
-5.898517061039093567e-01
-5.886368594509709951e-01
-5.874261785764215427e-01
-5.862196406999153897e-01
-5.850172231731418648e-01
-5.838189035448955178e-01
-5.826246594931071554e-01
-5.814344688897138402e-01
-5.802483097330543016e-01
-5.790661602124601570e-01
-5.778879986409224401e-01
-5.767138035194447898e-01
-5.755435534700720224e-01
-5.743772273000075090e-01
-5.732148039348190505e-01
-5.720562624824190312e-01
-5.709015821665527346e-01
-5.697507423905728841e-01
-5.686037226711549986e-01
-5.674605027017978198e-01
-5.663210622869921940e-01
-5.651853814053324765e-01
-5.640534401440263634e-01
-5.629252187617841408e-01
-5.618006976236350480e-01
-5.606798572634982269e-01
-5.595626783193518028e-01
-5.584491415956145399e-01
-5.573392279984775710e-01
-5.562329185980843249e-01
-5.551301945642532765e-01
-5.540310372283601126e-01
-5.529354280192215754e-01
-5.518433485249030213e-01
-5.507547804287996618e-01
-5.496697055713526403e-01
-5.485881058861927784e-01
-5.475099634617079936e-01
-5.464352604775511990e-01
-5.453639792658590002e-01
-5.442961022481215272e-01
-5.432316119960924894e-01
-5.421704911689549933e-01
-5.411127225740614000e-01
-5.400582891043337330e-01
-5.390071737986963374e-01
-5.379593597798409954e-01
-5.369148303144436474e-01
-5.358735687511058110e-01
-5.348355585804545065e-01
-5.338007833731764906e-01
-5.327692268401083009e-01
-5.317408727704409088e-01
-5.307157050914210750e-01
-5.296937078071694005e-01
-5.286748650578301234e-01
-5.276591610587414438e-01
-5.266465801595231477e-01
-5.256371067832883437e-01
-5.246307254856354962e-01
-5.236274208940644437e-01
-5.226271777667558238e-01
-5.216299809322214598e-01
-5.206358153479109241e-01
-5.196446660401133899e-01
-5.186565181623100651e-01
-5.176713569352756616e-01
-5.166891677053844223e-01
-5.157099358847996307e-01
-5.147336470095164040e-01
-5.137602866800825563e-01
-5.127898406191522263e-01
-5.118222946124548756e-01
-5.108576345663179419e-01
-5.098958464487902686e-01
-5.089369163468812074e-01
-5.079808304079647119e-01
-5.070275748969195195e-01
-5.060771361375693278e-01
-5.051295005697994389e-01
-5.041846546911634697e-01
-5.032425851136653749e-01
-5.023032785058036964e-01
-5.013667216491244361e-01
-5.004329013803178183e-01
-4.995018046477391893e-01
-4.985734184536609326e-01
-4.976477299105706575e-01
-4.967247261837579031e-01
-4.958043945473369907e-01
-4.948867223269745041e-01
-4.939716969558519133e-01
-4.930593059176437420e-01
-4.921495368020094574e-01
-4.912423772481709361e-01
-4.903378149998919300e-01
-4.894358378494672035e-01
-4.885364336924666318e-01
-4.876395904718040519e-01
-4.867452962325451993e-01
-4.858535390658993980e-01
-4.849643071641021597e-01
-4.840775887644188646e-01
-4.831933722039548629e-01
-4.823116458638326276e-01
-4.814323982237963540e-01
-4.805556178066225370e-01
-4.796812932324982515e-01
-4.788094131637210538e-01
-4.779399663587681202e-01
-4.770729416173846715e-01
-4.762083278342184034e-01
-4.753461139443014849e-01
-4.744862889764915881e-01
-4.736288419990544729e-01
-4.727737621729977135e-01
-4.719210386978553995e-01
-4.710706608647775573e-01
-4.702226180025376734e-01
-4.693768995305240832e-01
-4.685334949049121955e-01
-4.676923936713519026e-01
-4.668535854114082562e-01
-4.660170597951963090e-01
-4.651828065278560964e-01
-4.643508154020650203e-01
-4.635210762446942967e-01
-4.626935789692110945e-01
-4.618683135224321834e-01
-4.610452699367410534e-01
-4.602244382771636388e-01
-4.594058086932993890e-01
-4.585893713666094884e-01
-4.577751165622171436e-01
-4.569630345763269763e-01
-4.561531157877820597e-01
-4.553453506059327305e-01
-4.545397295217711298e-01
-4.537362430559810367e-01
-4.529348818101087693e-01
-4.521356364146758566e-01
-4.513384975801215115e-01
-4.505434560451229697e-01
-4.497505026274641327e-01
-4.489596281724911875e-01
-4.481708236037781345e-01
-4.473840798717532707e-01
-4.465993880042657960e-01
-4.458167390553159359e-01
-4.450361241555620961e-01
-4.442575344611193189e-01
-4.434809612038791982e-01
-4.427063956406451228e-01
-4.419338291032028354e-01
-4.411632529475586484e-01
-4.403946586038992583e-01
-4.396280375260395723e-01
-4.388633812412471302e-01
-4.381006812997372268e-01
-4.373399293244512598e-01
-4.365811169606965692e-01
-4.358242359256612186e-01
-4.350692779584425796e-01
-4.343162348692059527e-01
-4.335650984894492410e-01
-4.328158607210217945e-01
-4.320685134865590027e-01
-4.313230487782888090e-01
-4.305794586086930664e-01
-4.298377350591660040e-01
-4.290978702307891579e-01
-4.283598562928354614e-01
-4.276236854337518434e-01
-4.268893499095278155e-01
-4.261568419947307507e-01
-4.254261540308205691e-01
-4.246972783773869109e-01
-4.239702074601536808e-01
-4.232449337225457908e-01
-4.225214496733901703e-01
-4.217997478387698340e-01
-4.210798208095179462e-01
-4.203616611932517455e-01
-4.196452616616762610e-01
-4.189306149027809401e-01
-4.182177136680843010e-01
-4.175065507249020036e-01
-4.167971189034055945e-01
-4.160894110491465958e-01
-4.153834200699240142e-01
-4.146791388884501495e-01
-4.139765604891552098e-01
-4.132756778708438494e-01
-4.125764840934516564e-01
-4.118789722309063039e-01
-4.111831354176998521e-01
-4.104889668018170679e-01
-4.097964595912720887e-01
-4.091056070072165429e-01
-4.084164023301301572e-01
-4.077288388532959162e-01
-4.070429099287913299e-01
-4.063586089210194929e-01
-4.056759292527385985e-01
-4.049948643585492003e-01
-4.043154077308521166e-01
-4.036375528735330342e-01
-4.029612933477820791e-01
-4.022866227258617422e-01
-4.016135346367618042e-01
-4.009420227202455944e-01
-4.002720806722432356e-01
-3.996037021991288296e-01
-3.989368810628685091e-01
-3.982716110355353778e-01
-3.976078859443423763e-01
-3.969456996261821469e-01
-3.962850459726221519e-01
-3.956259188845541730e-01
-3.949683123170825705e-01
-3.943122202342602134e-01
-3.936576366538329097e-01
-3.930045556022321862e-01
-3.923529711590832414e-01
-3.917028774123632040e-01
-3.910542685027613152e-01
-3.904071385790279791e-01
-3.897614818420871430e-01
-3.891172925006451400e-01
-3.884745648151947672e-01
-3.878332930536119716e-01
-3.871934715350888179e-01
-3.865550945859533849e-01
-3.859181565834308159e-01
-3.852826519115187254e-01
-3.846485750046658159e-01
-3.840159203038503444e-01
-3.833846822999990578e-01
-3.827548554903359435e-01
-3.821264344216095954e-01
-3.814994136465529317e-01
-3.808737877669838290e-01
-3.802495513904729507e-01
-3.796266991731815921e-01
-3.790052257768398158e-01
-3.783851259113448773e-01
-3.777663942918150219e-01
-3.771490256812182751e-01
-3.765330148474087535e-01
-3.759183566057272552e-01
-3.753050457761195613e-01
-3.746930772256512054e-01
-3.740824458257595020e-01
-3.734731464945513224e-01
-3.728651741542179376e-01
-3.722585237733419539e-01
-3.716531903243212587e-01
-3.710491688254931586e-01
-3.704464542988350484e-01
-3.698450418118746641e-01
-3.692449264355236460e-01
-3.686461032858619480e-01
-3.680485674821596387e-01
-3.674523141884765143e-01
-3.668573385718469915e-01
-3.662636358436998640e-01
-3.656712012181667637e-01
-3.650800299535802429e-01
-3.644901173106109282e-01
-3.639014585937662138e-01
-3.633140491098023062e-01
-3.627278842088778044e-01
-3.621429592431317790e-01
-3.615592696079165114e-01
-3.609768107002455650e-01
-3.603955779599840592e-01
-3.598155668285274444e-01
-3.592367727897759488e-01
-3.586591913289410849e-01
-3.580828179733459571e-01
-3.575076482515484599e-01
-3.569336777338130151e-01
-3.563609019914641407e-01
-3.557893166371894345e-01
-3.552189172845738319e-01
-3.546496995882830183e-01
-3.540816592035704868e-01
-3.535147918265429401e-01
-3.529490931537332954e-01
-3.523845589221479835e-01
-3.518211848691106258e-01
-3.512589667720608655e-01
-3.506979004085363782e-01
-3.501379815959904662e-01
-3.495792061517242200e-01
-3.490215699327071097e-01
-3.484650687955501147e-01
-3.479096986362066324e-01
-3.473554553501685405e-01
-3.468023348719446730e-01
-3.462503331354396252e-01
-3.456994461131995267e-01
-3.451496697771256894e-01
-3.446010001374414378e-01
-3.440534332034679288e-01
-3.435069650227069449e-01
-3.429615916415083565e-01
-3.424173091441510275e-01
-3.418741136135919345e-01
-3.413320011704802370e-01
-3.407909679340072051e-01
-3.402510100606619958e-01
-3.397121237054533949e-01
-3.391743050603949206e-01
-3.386375503158018940e-01
-3.381018556988460433e-01
-3.375672174347512100e-01
-3.370336317853485086e-01
-3.365010950104763143e-01
-3.359696034062545911e-01
-3.354391532665953468e-01
-3.349097409215175958e-01
-3.343813626987436893e-01
-3.338540149617807429e-01
-3.333276940717053161e-01
-3.328023964251209943e-01
-3.322781184161177070e-01
-3.317548564740573913e-01
-3.312326070256066401e-01
-3.307113665324563634e-01
-3.301911314535715958e-01
-3.296718982826261080e-01
-3.291536635104562181e-01
-3.286364236623559032e-01
-3.281201752606216493e-01
-3.276049148618807028e-01
-3.270906390195926217e-01
-3.265773443212555138e-01
-3.260650273511661590e-01
-3.255536847273808321e-01
-3.250433130646394053e-01
-3.245339090112042690e-01
-3.240254692119685642e-01
-3.235179903450499661e-01
-3.230114690851058068e-01
-3.225059021398766212e-01
-3.220012862133583287e-01
-3.214976180425313523e-01
-3.209948943605370753e-01
-3.204931119332258271e-01
-3.199922675225592150e-01
-3.194923579229283495e-01
-3.189933799247177681e-01
-3.184953303506378175e-01
-3.179982060192175219e-01
-3.175020037810330487e-01
-3.170067204825211538e-01
-3.165123530018949527e-01
-3.160188982130336943e-01
-3.155263530215878243e-01
-3.150347143286014173e-01
-3.145439790667121094e-01
-3.140541441639724263e-01
-3.135652065796791232e-01
-3.130771632685280803e-01
-3.125900112162992017e-01
-3.121037474039731752e-01
-3.116183688434716603e-01
-3.111338725418486550e-01
-3.106502555368593765e-01
-3.101675148613555200e-01
-3.096856475786191609e-01
-3.092046507470552208e-01
-3.087245214551957440e-01
-3.082452567866355575e-01
-3.077668538549901966e-01
-3.072893097687126041e-01
-3.068126216662322991e-01
-3.063367866806664397e-01
-3.058618019748588490e-01
-3.053876647064105443e-01
-3.049143720623317400e-01
-3.044419212243756889e-01
-3.039703094035345887e-01
-3.034995338053884106e-01
-3.030295916646271182e-01
-3.025604802104940316e-01
-3.020921967011155340e-01
-3.016247383891091927e-01
-3.011581025557733549e-01
-3.006922864768160064e-01
-3.002272874565846128e-01
-2.997631027935545034e-01
-2.992997298147833107e-01
-2.988371658414687992e-01
-2.983754082230364313e-01
-2.979144543031220227e-01
-2.974543014533397867e-01
-2.969949470394686042e-01
-2.965363884551652784e-01
-2.960786230880700365e-01
-2.956216483536256989e-01
-2.951654616612008342e-01
-2.947100604476591834e-01
-2.942554421438670631e-01
-2.938016042079973356e-01
-2.933485440921654863e-01
-2.928962592756566008e-01
-2.924447472314766761e-01
-2.919940054598336165e-01
-2.915440314545859057e-01
-2.910948227364269503e-01
-2.906463768198812025e-01
-2.901986912461028134e-01
-2.897517635499309852e-01
-2.893055912926927875e-01
-2.888601720293757502e-01
-2.884155033413720592e-01
-2.879715828035638858e-01
-2.875284080171099377e-01
-2.870859765766382021e-01
-2.866442861029461775e-01
-2.862033342101205635e-01
-2.857631185383457395e-01
-2.853236367210640889e-01
-2.848848864176465878e-01
-2.844468652806425579e-01
-2.840095709883727060e-01
-2.835730012124144661e-01
-2.831371536497935826e-01
-2.827020259908338828e-01
-2.822676159511778859e-01
-2.818339212396923088e-01
-2.814009395903985800e-01
-2.809686687305699704e-01
-2.805371064124238534e-01
-2.801062503813736559e-01
-2.796760984076843148e-01
-2.792466482547601991e-01
-2.788178977107387269e-01
-2.783898445567882796e-01
-2.779624865986977111e-01
-2.775358216353228102e-01
-2.771098474898787689e-01
-2.766845619786615917e-01
-2.762599629422663461e-01
-2.758360482142104275e-01
-2.754128156521984949e-01
-2.749902631068746328e-01
-2.745683884529069307e-01
-2.741471895578460050e-01
-2.737266643131535671e-01
-2.733068106031562028e-01
-2.728876263359422683e-01
-2.724691094123508073e-01
-2.720512577569818014e-01
-2.716340692871212492e-01
-2.712175419436338997e-01
-2.708016736600350471e-01
-2.703864623933139866e-01
-2.699719060931458081e-01
-2.695580027324435135e-01
-2.691447502768073430e-01
-2.687321467149716980e-01
-2.683201900283354591e-01
-2.679088782212546427e-01
-2.674982092907004505e-01
-2.670881812566419100e-01
-2.666787921314463516e-01
-2.662700399504509541e-01
-2.658619227413054342e-01
-2.654544385545042351e-01
-2.650475854329417125e-01
-2.646413614421687654e-01
-2.642357646400316229e-01
-2.638307931069640011e-01
-2.634264449157422971e-01
-2.630227181614798182e-01
-2.626196109317374128e-01
-2.622171213361803588e-01
-2.618152474769560589e-01
-2.614139874782294704e-01
-2.610133394565518627e-01
-2.606133015504328299e-01
-2.602138718906747972e-01
-2.598150486300089823e-01
-2.594168299133664535e-01
-2.590192139075391808e-01
-2.586221987714677484e-01
-2.582257826858391225e-01
-2.578299638235058699e-01
-2.574347403789094546e-01
-2.570401105386612151e-01
-2.566460725108244412e-01
-2.562526244956276900e-01
-2.558597647146655385e-01
-2.554674913816412096e-01
-2.550758027314949938e-01
-2.546846969913073577e-01
-2.542941724092889211e-01
-2.539042272257616140e-01
-2.535148597019954986e-01
-2.531260680914023675e-01
-2.527378506683105042e-01
-2.523502056991012710e-01
-2.519631314710008563e-01
-2.515766262631545236e-01
-2.511906883755570252e-01
-2.508053161001426723e-01
-2.504205077494932041e-01
-2.500362616281505690e-01
-2.496525760612097744e-01
-2.492694493657218180e-01
-2.488868798791190051e-01
-2.485048659308803365e-01
-2.481234058706772716e-01
-2.477424980402345156e-01
-2.473621408014161638e-01
-2.469823325080371668e-01
-2.466030715340298551e-01
-2.462243562452464118e-01
-2.458461850275052152e-01
-2.454685562586052805e-01
-2.450914683361507251e-01
-2.447149196497691859e-01
-2.443389086087746631e-01
-2.439634336143797211e-01
-2.435884930876196230e-01
-2.432140854412806197e-01
-2.428402091078042113e-01
-2.424668625115024012e-01
-2.420940440961449891e-01
-2.417217522974666744e-01
-2.413499855704996921e-01
-2.409787423621841118e-01
-2.406080211387605639e-01
-2.402378203583368788e-01
-2.398681384981969089e-01
-2.394989740274862389e-01
-2.391303254344380735e-01
-2.387621911992122425e-01
-2.383945698208543573e-01
-2.380274597903591915e-01
-2.376608596175680821e-01
-2.372947678041734954e-01
-2.369291828707312531e-01
-2.365641033295501627e-01
-2.361995277117049097e-01
-2.358354545401404878e-01
-2.354718823563574925e-01
-2.351088096937276883e-01
-2.347462351041904871e-01
-2.343841571313849681e-01
-2.340225743375741185e-01
-2.336614852766848438e-01
-2.333008885210659522e-01
-2.329407826349153832e-01
-2.325811662006237179e-01
-2.322220377924449630e-01
-2.318633960027923768e-01
-2.315052394158995108e-01
-2.311475666341039625e-01
-2.307903762515107204e-01
-2.304336668802152988e-01
-2.300774371242116090e-01
-2.297216856053075351e-01
-2.293664109371711946e-01
-2.290116117512492333e-01
-2.286572866708867502e-01
-2.283034343370626273e-01
-2.279500533826009367e-01
-2.275971424579904812e-01
-2.272447002055264509e-01
-2.268927252850794496e-01
-2.265412163482693475e-01
-2.261901720642985614e-01
-2.258395910940335372e-01
-2.254894721159006465e-01
-2.251398138000204052e-01
-2.247906148338601751e-01
-2.244418738967085825e-01
-2.240935896850736742e-01
-2.237457608872797099e-01
-2.233983862088109174e-01
-2.230514643469212188e-01
-2.227049940160028274e-01
-2.223589739221875083e-01
-2.220134027886437045e-01
-2.216682793303284549e-01
-2.213236022791595925e-01
-2.209793703587612235e-01
-2.206355823097029822e-01
-2.202922368643179807e-01
-2.199493327716864621e-01
-2.196068687727135149e-01
-2.192648436250087818e-01
-2.189232560779452164e-01
-2.185821048975419845e-01
-2.182413888416257775e-01
-2.179011066845425726e-01
-2.175612571924647742e-01
-2.172218391480064681e-01
-2.168828513255961210e-01
-2.165442925160571130e-01
-2.162061615019979510e-01
-2.158684570824061510e-01
-2.155311780480653194e-01
-2.151943232059201627e-01
-2.148578913548143676e-01
-2.145218813097224120e-01
-2.141862918774622981e-01
-2.138511218809132364e-01
-2.135163701348180010e-01
-2.131820354698944764e-01
-2.128481167087628023e-01
-2.125146126898827259e-01
-2.121815222436287951e-01
-2.118488442162269336e-01
-2.115165774457329895e-01
-2.111847207860238773e-01
-2.108532730828098500e-01
-2.105222331975163674e-01
-2.101915999834479687e-01
-2.098613723095311967e-01
-2.095315490365876054e-01
-2.092021290410307488e-01
-2.088731111910806792e-01
-2.085444943705089538e-01
-2.082162774549670692e-01
-2.078884593355434240e-01
-2.075610388951729390e-01
-2.072340150322640739e-01
-2.069073866369718073e-01
-2.065811526148439436e-01
-2.062553118633023985e-01
-2.059298632950000985e-01
-2.056048058145149016e-01
-2.052801383415192027e-01
-2.049558597876725008e-01
-2.046319690797168689e-01
-2.043084651362624959e-01
-2.039853468910424183e-01
-2.036626132696036928e-01
-2.033402632125373699e-01
-2.030182956522935400e-01
-2.026967095363405025e-01
-2.023755038039460052e-01
-2.020546774092967790e-01
-2.017342292984693197e-01
-2.014141584324027345e-01
-2.010944637638830967e-01
-2.007751442604514824e-01
-2.004561988815804774e-01
-2.001376266014576744e-01
-1.998194263861205189e-01
-1.995015972162946793e-01
-1.991841380645970327e-01
-1.988670479182316209e-01
-1.985503257563153157e-01
-1.982339705724636136e-01
-1.979179813522616294e-01
-1.976023570956784436e-01
-1.972870967947171761e-01
-1.969721994556721256e-01
-1.966576640768614992e-01
-1.963434896708768085e-01
-1.960296752422703848e-01
-1.957162198098761352e-01
-1.954031223845172915e-01
-1.950903819911574133e-01
-1.947779976467944874e-01
-1.944659683825131768e-01
-1.941542932214387618e-01
-1.938429712007238848e-01
-1.935320013495679392e-01
-1.932213827111584625e-01
-1.929111143206619639e-01
-1.926011952272499717e-01
-1.922916244721323553e-01
-1.919824011103435091e-01
-1.916735241889652719e-01
-1.913649927689634600e-01
-1.910568059033181942e-01
-1.907489626587449139e-01
-1.904414620940644287e-01
-1.901343032818073597e-01
-1.898274852865483031e-01
-1.895210071865168766e-01
-1.892148680520233384e-01
-1.889090669670152600e-01
-1.886036030074497993e-01
-1.882984752628745484e-01
-1.879936828149419425e-01
-1.876892247587721718e-01
-1.873851001815529937e-01
-1.870813081839873826e-01
-1.867778478588198177e-01
-1.864747183121985563e-01
-1.861719186424162231e-01
-1.858694479609920847e-01
-1.855673053717371013e-01
-1.852654899915855413e-01
-1.849640009297168486e-01
-1.846628373084145958e-01
-1.843619982422122217e-01
-1.840614828587610052e-01
-1.837612902779021395e-01
-1.834614196325423940e-01
-1.831618700477720685e-01
-1.828626406617390177e-01
-1.825637306048125963e-01
-1.822651390202923716e-01
-1.819668650437145929e-01
-1.816689078235712018e-01
-1.813712665005321190e-01
-1.810739402281603960e-01
-1.807769281522374760e-01
-1.804802294314085953e-01
-1.801838432165244475e-01
-1.798877686712418156e-01
-1.795920049514676542e-01
-1.792965512257616578e-01
-1.790014066550487670e-01
-1.787065704128740218e-01
-1.784120416650546992e-01
-1.781178195900245120e-01
-1.778239033585355955e-01
-1.775302921538563228e-01
-1.772369851516571726e-01
-1.769439815400012661e-01
-1.766512804993170538e-01
-1.763588812225316549e-01
-1.760667828948516977e-01
-1.757749847138997679e-01
-1.754834858696649735e-01
-1.751922855644948707e-01
-1.749013829930481656e-01
-1.746107773623113424e-01
-1.743204678717002742e-01
-1.740304537327993228e-01
-1.737407341496655377e-01
-1.734513083384228160e-01
-1.731621755077552838e-01
-1.728733348784140811e-01
-1.725847856635440991e-01
-1.722965270884497246e-01
-1.720085583708620414e-01
-1.717208787404747028e-01
-1.714334874195375946e-01
-1.711463836422265072e-01
-1.708595666351974685e-01
-1.705730356370992185e-01
-1.702867898789952872e-01
-1.700008286038367233e-01
-1.697151510471471281e-01
-1.694297564562086134e-01
-1.691446440708657128e-01
-1.688598131427443139e-01
-1.685752629160054972e-01
-1.682909926465036565e-01
-1.680070015826895524e-01
-1.677232889846875241e-01
-1.674398541052245226e-01
-1.671566962085783981e-01
-1.668738145516834304e-01
-1.665912084030335694e-01
-1.663088770237388381e-01
-1.660268196863774470e-01
-1.657450356562761296e-01
-1.654635242101168691e-01
-1.651822846172839587e-01
-1.649013161585721754e-01
-1.646206181074667263e-01
-1.643401897488130370e-01
-1.640600303600779075e-01
-1.637801392301792003e-01
-1.635005156406131588e-01
-1.632211588842657213e-01
-1.629420682465752279e-01
-1.626632430243985239e-01
-1.623846825071996458e-01
-1.621063859956674846e-01
-1.618283527832330981e-01
-1.615505821744795123e-01
-1.612730734667442156e-01
-1.609958259684384774e-01
-1.607188389807443218e-01
-1.604421118159234383e-01
-1.601656437790291154e-01
-1.598894341860818413e-01
-1.596134823459670893e-01
-1.593377875784645625e-01
-1.590623491962301628e-01
-1.587871665227627849e-01
-1.585122388744794608e-01
-1.582375655786431023e-01
-1.579631459553246520e-01
-1.576889793354660507e-01
-1.574150650428886578e-01
-1.571414024121188802e-01
-1.568679907706595489e-01
-1.565948294567051091e-01
-1.563219178013553479e-01
-1.560492551463980027e-01
-1.557768408265617632e-01
-1.555046741871519145e-01
-1.552327545664878572e-01
-1.549610813134869314e-01
-1.546896537699768981e-01
-1.544184712883522603e-01
-1.541475332140067878e-01
-1.538768389028067896e-01
-1.536063877036303316e-01
-1.533361789758451998e-01
-1.530662120717498631e-01
-1.527964863541363960e-01
-1.525270011788337210e-01
-1.522577559119782653e-01
-1.519887499128040331e-01
-1.517199825508249722e-01
-1.514514531887067306e-01
-1.511831611993049995e-01
-1.509151059486069923e-01
-1.506472868128607701e-01
-1.503797031613628432e-01
-1.501123543736492261e-01
-1.498452398223711068e-01
-1.495783588903132622e-01
-1.493117109534028986e-01
-1.490452953977211559e-01
-1.487791116024143045e-01
-1.485131589568161603e-01
-1.482474368433241707e-01
-1.479819446544198280e-01
-1.477166817757512851e-01
-1.474516476030307000e-01
-1.471868415250272011e-01
-1.469222629405987635e-01
-1.466579112417641384e-01
-1.463937858304059370e-01
-1.461298861017368278e-01
-1.458662114607649773e-01
-1.456027613058201442e-01
-1.453395350449650791e-01
-1.450765320795907309e-01
-1.448137518209053065e-01
-1.445511936733312741e-01
-1.442888570510818536e-01
-1.440267413616858061e-01
-1.437648460223156788e-01
-1.435031704435816291e-01
-1.432417140456176130e-01
-1.429804762419961961e-01
-1.427194564558908196e-01
-1.424586541038234400e-01
-1.421980686118967663e-01
-1.419376993996067371e-01
-1.416775458959719236e-01
-1.414176075234573893e-01
-1.411578837139589870e-01
-1.408983738928243634e-01
-1.406390774948581002e-01
-1.403799939483079962e-01
-1.401211226908104235e-01
-1.398624631534877150e-01
-1.396040147768681239e-01
-1.393457769948651392e-01
-1.390877492508069413e-01
-1.388299309814505500e-01
-1.385723216329399488e-01
-1.383149206448555102e-01
-1.380577274660815812e-01
-1.378007415389802259e-01
-1.375439623151891722e-01
-1.372873892398110418e-01
-1.370310217672503217e-01
-1.367748593453720074e-01
-1.365189014312534199e-01
-1.362631474754740779e-01
-1.360075969378443106e-01
-1.357522492716216056e-01
-1.354971039392812993e-01
-1.352421603967895458e-01
-1.349874181092172720e-01
-1.347328765352590885e-01
-1.344785351425557274e-01
-1.342243933924706645e-01
-1.339704507553071411e-01
-1.337167066949753735e-01
-1.334631606843830753e-01
-1.332098121900802956e-01
-1.329566606874975909e-01
-1.327037056458168773e-01
-1.324509465430122046e-01
-1.321983828507911074e-01
-1.319460140497007439e-01
-1.316938396140011902e-01
-1.314418590266945019e-01
-1.311900717646378445e-01
-1.309384773133242807e-01
-1.306870751520455010e-01
-1.304358647688271255e-01
-1.301848456454878511e-01
-1.299340172724533782e-01
-1.296833791340050168e-01
-1.294329307230516202e-01
-1.291826715263079406e-01
-1.289326010391113331e-01
-1.286827187506122128e-01
-1.284330241585518173e-01
-1.281835167544943255e-01
-1.279341960385021459e-01
-1.276850615046441484e-01
-1.274361126553577583e-01
-1.271873489870221918e-01
-1.269387700044134482e-01
-1.266903752063244515e-01
-1.264421640998708851e-01
-1.261941361861497468e-01
-1.259462909746296433e-01
-1.256986279687233865e-01
-1.254511466802038511e-01
-1.252038466147603613e-01
-1.249567272864846729e-01
-1.247097882033823824e-01
-1.244630288817418634e-01
-1.242164488319054266e-01
-1.239700475724032497e-01
-1.237238246158146870e-01
-1.234777794829147318e-01
-1.232319116885120247e-01
-1.229862207556174925e-01
-1.227407062012792205e-01
-1.224953675506566531e-01
-1.222502043230594554e-01
-1.220052160458078711e-01
-1.217604022404066011e-01
-1.215157624363711469e-01
-1.212712961573327447e-01
-1.210270029349792137e-01
-1.207828822951341752e-01
-1.205389337715643827e-01
-1.202951568922995818e-01
-1.200515511932024604e-01
-1.198081162044202647e-01
-1.195648514639223864e-01
-1.193217565039490086e-01
-1.190788308646364702e-01
-1.188360740802740650e-01
-1.185934856930231374e-01
-1.183510652393592044e-01
-1.181088122634433996e-01
-1.178667263037905949e-01
-1.176248069066280211e-01
-1.173830536125616691e-01
-1.171414659698393618e-01
-1.169000435210738181e-01
-1.166587858164862546e-01
-1.164176924007932074e-01
-1.161767628262055096e-01
-1.159359966393894992e-01
-1.156953933945922414e-01
-1.154549526404533150e-01
-1.152146739331923048e-01
-1.149745568234340765e-01
-1.147346008693276298e-01
-1.144948056235045863e-01
-1.142551706460223498e-01
-1.140156954914527676e-01
-1.137763797218167006e-01
-1.135372228935781491e-01
-1.132982245706887076e-01
-1.130593843115447056e-01
-1.128207016819919306e-01
-1.125821762423187544e-01
-1.123438075602613689e-01
-1.121055951980319404e-01
-1.118675387251786002e-01
-1.116296377058141609e-01
-1.113918917113598528e-01
-1.111543003077968272e-01
-1.109168630683754486e-01
-1.106795795609411409e-01
-1.104424493605147412e-01
-1.102054720368515067e-01
-1.099686471667801341e-01
-1.097319743218283100e-01
-1.094954530806721421e-01
-1.092590830166405014e-01
-1.090228637101825909e-01
-1.087867947364748317e-01
-1.085508756776743106e-01
-1.083151061107624491e-01
-1.080794856196983511e-01
-1.078440137831941509e-01
-1.076086901869586915e-01
-1.073735144115020718e-01
-1.071384860442358561e-01
-1.069036046673903229e-01
-1.066688698701294125e-01
-1.064342812364618140e-01
-1.061998383571990251e-01
-1.059655408180708303e-01
-1.057313882116203418e-01
-1.054973801252565152e-01
-1.052635161532317620e-01
-1.050297958846507923e-01
-1.047962189154211105e-01
-1.045627848363307327e-01
-1.043294932449323198e-01
-1.040963437337378006e-01
-1.038633359019315860e-01
-1.036304693436100322e-01
-1.033977436596929533e-01
-1.031651584458941617e-01
-1.029327133047101134e-01
-1.027004078335539833e-01
-1.024682416364595672e-01
-1.022362143125029876e-01
-1.020043254673736882e-01
-1.017725747016998000e-01
-1.015409616227281042e-01
-1.013094858327188430e-01
-1.010781469405121064e-01
-1.008469445499474565e-01
-1.006158782714096228e-01
-1.003849477103456317e-01
-1.001541524786394577e-01
-9.992349218331775251e-02
-9.969296643785723055e-02
-9.946257485081819172e-02
-9.923231703714320562e-02
-9.900219260700636459e-02
-9.877220117684964995e-02
-9.854234235832542987e-02
-9.831261576945579672e-02
-9.808302102339401529e-02
-9.785355773962189918e-02
-9.762422553278850279e-02
-9.739502402394997760e-02
-9.716595282919529564e-02
-9.693701157102982413e-02
-9.670819986705436744e-02
-9.647951734119124267e-02
-9.625096361261817335e-02
-9.602253830665061218e-02
-9.579424104390375783e-02
-9.556607145112436252e-02
-9.533802915044453652e-02
-9.511011377001846179e-02
-9.488232493337230011e-02
-9.465466227012764300e-02
-9.442712540523652553e-02
-9.419971396973036981e-02
-9.397242758995438816e-02
-9.374526589834800139e-02
-9.351822852269688069e-02
-9.329131509680624323e-02
-9.306452524981996544e-02
-9.283785861697135822e-02
-9.261131482881246324e-02
-9.238489352190636106e-02
-9.215859432816329855e-02
-9.193241688550816970e-02
-9.170636082727685878e-02
-9.148042579273292507e-02
-9.125461141648953667e-02
-9.102891733917094219e-02
-9.080334319684410516e-02
-9.057788863132164303e-02
-9.035255328006489006e-02
-9.012733678621961952e-02
-8.990223878852542094e-02
-8.967725893149093574e-02
-8.945239685518101280e-02
-8.922765220532076491e-02
-8.900302462333253839e-02
-8.877851375623854735e-02
-8.855411924674463919e-02
-8.832984074317087875e-02
-8.810567788947670786e-02
-8.788163033524246104e-02
-8.765769772571870011e-02
-8.743387971180925644e-02
-8.721017593993453387e-02
-8.698658606231041146e-02
-8.676310972657468035e-02
-8.653974658617021032e-02
-8.631649629008804336e-02
-8.609335849289763420e-02
-8.587033284484042739e-02
-8.564741900171590760e-02
-8.542461661503303327e-02
-8.520192534176422583e-02
-8.497934483467803335e-02
-8.475687475189135067e-02
-8.453451474741240090e-02
-8.431226448053578959e-02
-8.409012360650872098e-02
-8.386809178580369173e-02
-8.364616867481569629e-02
-8.342435393525453324e-02
-8.320264722464089380e-02
-8.298104820586919839e-02
-8.275955653768922449e-02
-8.253817188405364325e-02
-8.231689390495366965e-02
-8.209572226546782425e-02
-8.187465662666604249e-02
-8.165369665492477891e-02
-8.143284201239138487e-02
-8.121209236652178476e-02
-8.099144738064363580e-02
-8.077090672332806753e-02
-8.055047005906633417e-02
-8.033013705746126776e-02
-8.010990738419654367e-02
-7.988978070998080383e-02
-7.966975670157681877e-02
-7.944983503079443288e-02
-7.923001536549972856e-02
-7.901029737862502733e-02
-7.879068073910110159e-02
-7.857116512094017291e-02
-7.835175019416189268e-02
-7.813243563381401524e-02
-7.791322111107279458e-02
-7.769410630199885537e-02
-7.747509087886672585e-02
-7.725617451873389996e-02
-7.703735689495129491e-02
-7.681863768568553130e-02
-7.660001656530752989e-02
-7.638149321302138695e-02
-7.616306730420763227e-02
-7.594473851909983031e-02
-7.572650653418064315e-02
-7.550837103069277245e-02
-7.529033168608458004e-02
-7.507238818264312663e-02
-7.485454019885044719e-02
-7.463678741798937533e-02
-7.441912951957987965e-02
-7.420156618786281910e-02
-7.398409710339248768e-02
-7.376672195137588817e-02
-7.354944041337065086e-02
-7.333225217556689490e-02
-7.311515692049741499e-02
-7.289815433536199485e-02
-7.268124410367822474e-02
-7.246442591354948504e-02
-7.224769944951014988e-02
-7.203106440062348459e-02
-7.181452045235647841e-02
-7.159806729476952958e-02
-7.138170461428736124e-02
-7.116543210184732293e-02
-7.094924944488029128e-02
-7.073315633523920287e-02
-7.051715246131400050e-02
-7.030123751587605274e-02
-7.008541118821694227e-02
-6.986967317208055139e-02
-6.965402315770130581e-02
-6.943846083965492244e-02
-6.922298590911572791e-02
-6.900759806161364807e-02
-6.879229698922083303e-02
-6.857708238835066861e-02
-6.836195395196230373e-02
-6.814691137737885485e-02
-6.793195435847035335e-02
-6.771708259342451575e-02
-6.750229577701229167e-02
-6.728759360827080149e-02
-6.707297578285809081e-02
-6.685844200071421051e-02
-6.664399195836114009e-02
-6.642962535657012668e-02
-6.621534189276288840e-02
-6.600114126857169194e-02
-6.578702318224413648e-02
-6.557298733623670439e-02
-6.535903342974626329e-02
-6.514516116599639028e-02
-6.493137024502923516e-02
-6.471766037093716617e-02
-6.450403124456542681e-02
-6.429048257084282736e-02
-6.407701405146752627e-02
-6.386362539218477796e-02
-6.365031629549926240e-02
-6.343708646795787054e-02
-6.322393561291492214e-02
-6.301086343771161724e-02
-6.279786964649890224e-02
-6.258495394742411011e-02
-6.237211604543709681e-02
-6.215935564949748998e-02
-6.194667246534669297e-02
-6.173406620271851275e-02
-6.152153656815117361e-02
-6.130908327211508774e-02
-6.109670602202226658e-02
-6.088440452903622069e-02
-6.067217850135109281e-02
-6.046002765095661452e-02
-6.024795168675839419e-02
-6.003595032151057970e-02
-5.982402326491692568e-02
-5.961217023044260155e-02
-5.940039092854855485e-02
-5.918868507348644392e-02
-5.897705237646631155e-02
-5.876549255239654074e-02
-5.855400531330226532e-02
-5.834259037483331689e-02
-5.813124744969062896e-02
-5.791997625429316787e-02
-5.770877650210521487e-02
-5.749764791019189997e-02
-5.728659019278289216e-02
-5.707560306761697011e-02
-5.686468624969166774e-02
-5.665383945744878469e-02
-5.644306240654835966e-02
-5.623235481616347536e-02
-5.602171640267850777e-02
-5.581114688591972545e-02
-5.560064598297693311e-02
-5.539021341439720469e-02
-5.517984889793400155e-02
-5.496955215479374518e-02
-5.475932290347763909e-02
-5.454916086580563483e-02
-5.433906576098337937e-02
-5.412903731153251297e-02
-5.391907523726811868e-02
-5.370917926138472909e-02
-5.349934910441369457e-02
-5.328958449017113380e-02
-5.307988513983292328e-02
-5.287025077788767846e-02
-5.266068112617949826e-02
-5.245117590982539824e-02
-5.224173485131448219e-02
-5.203235767638685755e-02
-5.182304410817800688e-02
-5.161379387308439454e-02
-5.140460669483995493e-02
-5.119548230051602922e-02
-5.098642041446963674e-02
-5.077742076433520296e-02
-5.056848307515530300e-02
-5.035960707515200335e-02
-5.015079248997609401e-02
-4.994203904846449688e-02
-4.973334647688479326e-02
-4.952471450467346020e-02
-4.931614285871493975e-02
-4.910763126902398940e-02
-4.889917946309527141e-02
-4.869078717153152436e-02
-4.848245412243407104e-02
-4.827418004695242099e-02
-4.806596467378894399e-02
-4.785780773474156841e-02
-4.764970895901350645e-02
-4.744166807896443155e-02
-4.723368482443002225e-02
-4.702575892826900417e-02
-4.681789012099864949e-02
-4.661007813597804056e-02
-4.640232270422729038e-02
-4.619462355973553286e-02
-4.598698043409911451e-02
-4.577939306179552859e-02
-4.557186117499491956e-02
-4.536438450870250438e-02
-4.515696279571681376e-02
-4.494959577153398445e-02
-4.474228316939948824e-02
-4.453502472548163948e-02
-4.432782017351615672e-02
-4.412066925014383745e-02
-4.391357168972497699e-02
-4.370652722935550183e-02
-4.349953560394295704e-02
-4.329259655110817562e-02
-4.308570980623951246e-02
-4.287887510748086134e-02
-4.267209219079177301e-02
-4.246536079476932735e-02
-4.225868065586184386e-02
-4.205205151320130091e-02
-4.184547310373319673e-02
-4.163894516710245353e-02
-4.143246744073998677e-02
-4.122603966472191545e-02
-4.101966157705793509e-02
-4.081333291826005905e-02
-4.060705342682837532e-02
-4.040082284376814159e-02
-4.019464090804065332e-02
-3.998850736112609383e-02
-3.978242194247957886e-02
-3.957638439406408609e-02
-3.937039445574175983e-02
-3.916445186995405614e-02
-3.895855637708642294e-02
-3.875270772000005692e-02
-3.854690563951541915e-02
-3.834114987897815907e-02
-3.813544017965662253e-02
-3.792977628530661005e-02
-3.772415793772086745e-02
-3.751858488102170069e-02
-3.731305685746955786e-02
-3.710757361161612367e-02
-3.690213488619564081e-02
-3.669674042618529392e-02
-3.649138997469089651e-02
-3.628608327717382925e-02
-3.608082007716033324e-02
-3.587560012049406666e-02
-3.567042315117675833e-02
-3.546528891539200284e-02
-3.526019715763469703e-02
-3.505514762448641575e-02
-3.485014006080740939e-02
-3.464517421364221583e-02
-3.444024982820574621e-02
-3.423536665195379275e-02
-3.403052443054595949e-02
-3.382572291176882961e-02
-3.362096184172925356e-02
-3.341624096857064713e-02
-3.321156003877218099e-02
-3.300691880094161479e-02
-3.280231700188016714e-02
-3.259775439057428087e-02
-3.239323071425613543e-02
-3.218874572222209240e-02
-3.198429916209413748e-02
-3.177989078356262265e-02
-3.157552033461549779e-02
-3.137118756529753971e-02
-3.116689222398392675e-02
-3.096263406100571713e-02
-3.075841282520104525e-02
-3.055422826723052862e-02
-3.035008013619234016e-02
-3.014596818316712251e-02
-2.994189215766532297e-02
-2.973785181103456160e-02
-2.953384689310988367e-02
-2.932987715562793835e-02
-2.912594234874999605e-02
-2.892204222455439094e-02
-2.871817653358446631e-02
-2.851434502813504288e-02
-2.831054745911798856e-02
-2.810678357920384091e-02
-2.790305313962015629e-02
-2.769935589326981071e-02
-2.749569159180956582e-02
-2.729205998843152806e-02
-2.708846083507630842e-02
-2.688489388528051902e-02
-2.668135889124139543e-02
-2.647785560685833248e-02
-2.627438378460369983e-02
-2.607094317867425862e-02
-2.586753354187115023e-02
-2.566415462866907665e-02
-2.546080619215025306e-02
-2.525748798707281445e-02
-2.505419976690144782e-02
-2.485094128656150855e-02
-2.464771229986591553e-02
-2.444451256200003142e-02
-2.424134182706622412e-02
-2.403819985055797095e-02
-2.383508638678893260e-02
-2.363200119155971571e-02
-2.342894401946169630e-02
-2.322591462656461991e-02
-2.302291276770397285e-02
-2.281993819919958533e-02
-2.261699067624891452e-02
-2.241406995529424129e-02
-2.221117579182245449e-02
-2.200830794260363876e-02
-2.180546616332586576e-02
-2.160265021104942201e-02
-2.139985984163471355e-02
-2.119709481238398613e-02
-2.099435487948462381e-02
-2.079163980042532736e-02
-2.058894933163463864e-02
-2.038628323085267882e-02
-2.018364125470202552e-02
-1.998102316117962921e-02
-1.977842870716886581e-02
-1.957585765083049226e-02
-1.937330974930411703e-02
-1.917078476097830095e-02
-1.896828244317473947e-02
-1.876580255450065876e-02
-1.856334485259123618e-02
-1.836090909615249386e-02
-1.815849504303847228e-02
-1.795610245220049389e-02
-1.775373108168740166e-02
-1.755138069064056741e-02
-1.734905103734538101e-02
-1.714674188111496231e-02
-1.694445298038896666e-02
-1.674218409470314139e-02
-1.653993498273052115e-02
-1.633770540417463224e-02
-1.613549511786236193e-02
-1.593330388369880446e-02
-1.573113146069293408e-02
-1.552897760892398525e-02
-1.532684208760010623e-02
-1.512472465695598872e-02
-1.492262507638385076e-02
-1.472054310621579223e-02
-1.451847850613783783e-02
-1.431643103661684596e-02
-1.411440045739770395e-02
-1.391238652920369183e-02
-1.371038901193315923e-02
-1.350840766638452574e-02
-1.330644225272807624e-02
-1.310449253186799293e-02
-1.290255826409382293e-02
-1.270063921047395218e-02
-1.249873513146052342e-02
-1.229684578824636818e-02
-1.209497094139097562e-02
-1.189311035230543670e-02
-1.169126378164982855e-02
-1.148943099089885268e-02
-1.128761174096027525e-02
-1.108580579338551940e-02
-1.088401290915749949e-02
-1.068223285005783819e-02
-1.048046537710561020e-02
-1.027871025218184131e-02
-1.007696723654177146e-02
-9.875236092105769969e-03
-9.673516580234834197e-03
-9.471808462961452124e-03
-9.270111501776624741e-03
-9.068425458807063272e-03
-8.866750095686892069e-03
-8.665085174559923262e-03
-8.463430457216919792e-03
-8.261785705923346476e-03
-8.060150682514500078e-03
-7.858525149336948942e-03
-7.656908868387398912e-03
-7.455301602042636346e-03
-7.253703112374905622e-03
-7.052113161908093314e-03
-6.850531512772487647e-03
-6.648957927522985978e-03
-6.447392168412328928e-03
-6.245833998066180164e-03
-6.044283178810434462e-03
-5.842739473339140024e-03
-5.641202644026686690e-03
-5.439672453628353194e-03
-5.238148664631443394e-03
-5.036631039827011228e-03
-4.835119341749275282e-03
-4.633613333257671427e-03
-4.432112776921404151e-03
-4.230617435681808224e-03
-4.029127072158185212e-03
-3.827641449310154736e-03
-3.626160329828580914e-03
-3.424683476681037505e-03
-3.223210652677656069e-03
-3.021741620765337234e-03
-2.820276143751033679e-03
-2.618813984694555713e-03
-2.417354906428299203e-03
-2.215898671975497815e-03
-2.014445044278278651e-03
-1.812993786313755584e-03
-1.611544661101979494e-03
-1.410097431645508746e-03
-1.208651860910325707e-03
-1.007207711978501093e-03
-8.057647478287403853e-04
-6.043227315073334584e-04
-4.028814260864135551e-04
-2.014405945697314983e-04
-3.527536085034967483e-16
