5.000000000000067502e+00
4.950196159279560248e+00
4.807139832946402791e+00
4.587826939882669208e+00
4.314914169555920331e+00
4.011409880174504394e+00
3.696993548907498095e+00
3.386446959390330136e+00
3.089666119549425716e+00
2.812480721069403611e+00
2.557698885081915563e+00
2.326065992097995583e+00
2.117023216738766145e+00
1.929256727058536569e+00
1.761071167939783244e+00
1.610630680264641734e+00
1.476106372117313992e+00
1.355760690421612180e+00
1.247990792278577121e+00
1.151346213796954343e+00
1.064531074610975070e+00
9.863974856574034833e-01
9.159343933831441964e-01
8.522544748087568234e-01
7.945806429653625713e-01
7.422330466696136497e-01
6.946170212955412593e-01
6.512121760155008543e-01
6.115626288355909823e-01
5.752682998340545861e-01
5.419771482801102325e-01
5.113782876140052780e-01
4.831959934896589703e-01
4.571846686220976674e-01
4.331248001377614454e-01
4.108198510285488436e-01
3.900939194849112335e-01
3.707899321572581952e-01
3.527681338723694937e-01
3.359046871108024024e-01
3.200902710753537050e-01
3.052286437972230315e-01
2.912351836864927601e-01
2.780354541998394380e-01
2.655638407854503114e-01
2.537623007361975436e-01
2.425792517610176335e-01
2.319686096774578321e-01
2.218889728956945084e-01
2.123029425438276718e-01
2.031765621030573454e-01
1.944788585435450745e-01
1.861814672468491971e-01
1.782583246040456704e-01
1.706854144151393471e-01
1.634405566132546006e-01
1.565032291114449026e-01
1.498544155683096402e-01
1.434764735372980604e-01
1.373530188042679512e-01
1.314688227619208727e-01
1.258097204638588262e-01
1.203625275934877836e-01
1.151149650179050937e-01
1.100555899122560854e-01
1.051737326668040484e-01
1.004594389508919466e-01
9.590341642416100321e-02
9.149698566855415938e-02
8.723203497550868768e-02
8.310097866797677701e-02
7.909671867142975543e-02
7.521260907557614228e-02
7.144242345092205460e-02
6.778032470357564510e-02
6.422083726868740849e-02
6.075882145774855192e-02
5.738944978932052771e-02
5.410818514524644990e-02
5.091076060651512913e-02
4.779316083419427041e-02
4.475160487115826397e-02
4.178253025020566003e-02
3.888257830322625758e-02
3.604858057455567061e-02
3.327754624951812651e-02
3.056665051646116626e-02
2.791322378727029152e-02
2.531474170766697535e-02
2.276881589417879825e-02
2.027318534004760031e-02
1.782570843710907377e-02
1.542435556513591099e-02
1.306720220416487943e-02
1.075242252904710233e-02
8.478283448913485898e-03
6.243139057280244764e-03
4.045425461363091890e-03
1.883655961852005734e-03
-2.435834433487035766e-04
-2.337638255659121866e-03
-4.399789394944043919e-03
-6.431256861728927576e-03
-8.433203161287899929e-03
-1.040673650700035813e-02
-1.235291381886332446e-02
-1.427274353187771988e-02
-1.616718822780207482e-02
-1.803716710279443941e-02
-1.988355828235241485e-02
-2.170720099429746669e-02
-2.350889760942416473e-02
-2.528941555906798200e-02
-2.704948913778545960e-02
-2.878982119898845782e-02
-3.051108475065691938e-02
-3.221392445780016378e-02
-3.389895805773601029e-02
-3.556677769399139988e-02
-3.721795117400578112e-02
-3.885302315560994202e-02
-4.047251626681403619e-02
-4.207693216313005552e-02
-4.366675252635825177e-02
-4.524244000851791736e-02
-4.680443912430362619e-02
-4.835317709524858398e-02
-4.988906464855628886e-02
-5.141249677330905765e-02
-5.292385343671054260e-02
-5.442350026261864870e-02
-5.591178917478635546e-02
-5.738905900667690130e-02
-5.885563608004025504e-02
-6.031183475387736498e-02
-6.175795794560504787e-02
-6.319429762599611256e-02
-6.462113528936973272e-02
-6.603874240044485533e-02
-6.744738081918197348e-02
-6.884730320480672572e-02
-7.023875340019813951e-02
-7.162196679771995478e-02
-7.299717068747843540e-02
-7.436458458902371615e-02
-7.572442056732026083e-02
-7.707688353385486191e-02
-7.842217153371605631e-02
-7.976047601930889852e-02
-8.109198211146841084e-02
-8.241686884862031715e-02
-8.373530942456861026e-02
-8.504747141555385470e-02
-8.635351699710257234e-02
-8.765360315118447820e-02
-8.894788186417042219e-02
-9.023650031608224098e-02
-9.151960106150924812e-02
-9.279732220266703746e-02
-9.406979755497024698e-02
-9.533715680545104543e-02
-9.659952566442223110e-02
-9.785702601067844397e-02
-9.910977603055967644e-02
-1.003578903512029052e-01
-1.016014801681545121e-01
-1.028406533677583556e-01
-1.040755146444561630e-01
-1.053061656132654733e-01
-1.065327049176864327e-01
-1.077552283332197935e-01
-1.089738288667056326e-01
-1.101885968516715386e-01
-1.113996200399156034e-01
-1.126069836893783122e-01
-1.138107706486445325e-01
-1.150110614380440155e-01
-1.162079343276385124e-01
-1.174014654121679768e-01
-1.185917286831143364e-01
-1.197787960979606880e-01
-1.209627376468771220e-01
-1.221436214167951062e-01
-1.233215136531230771e-01
-1.244964788191166571e-01
-1.256685796530267463e-01
-1.268378772231444906e-01
-1.280044309807746861e-01
-1.291682988113109776e-01
-1.303295370833889300e-01
-1.314882006962911354e-01
-1.326443431256075223e-01
-1.337980164672746553e-01
-1.349492714800096804e-01
-1.360981576262541570e-01
-1.372447231116419308e-01
-1.383890149230990740e-01
-1.395310788655858281e-01
-1.406709595975616234e-01
-1.418087006652067883e-01
-1.429443445354717235e-01
-1.440779326279977568e-01
-1.452095053458950513e-01
-1.463391021055316654e-01
-1.474667613652714815e-01
-1.485925206532627552e-01
-1.497164165942594383e-01
-1.508384849355909885e-01
-1.519587605722330648e-01
-1.530772775710530220e-01
-1.541940691942658148e-01
-1.553091679221139665e-01
-1.564226054747918926e-01
-1.575344128336863547e-01
-1.586446202619014312e-01
-1.597532573241332021e-01
-1.608603529059116077e-01
-1.619659352322035673e-01
-1.630700318854688968e-01
-1.641726698230945858e-01
-1.652738753943008843e-01
-1.663736743565466247e-01
-1.674720918913542023e-01
-1.685691526197065637e-01
-1.696648806169402668e-01
-1.707592994271701914e-01
-1.718524320772853442e-01
-1.729443010905195310e-01
-1.740349284995957868e-01
-1.751243358594911093e-01
-1.762125442597860803e-01
-1.772995743366699295e-01
-1.783854462845893274e-01
-1.794701798675240323e-01
-1.805537944299481778e-01
-1.816363089074621573e-01
-1.827177418371109807e-01
-1.837981113674052036e-01
-1.848774352680374045e-01
-1.859557309393345126e-01
-1.870330154214228380e-01
-1.881093054031208744e-01
-1.891846172306115015e-01
-1.902589669158240016e-01
-1.913323701446039693e-01
-1.924048422846487416e-01
-1.934763983932024090e-01
-1.945470532245579254e-01
-1.956168212373343152e-01
-1.966857166015533176e-01
-1.977537532055108627e-01
-1.988209446624849275e-01
-1.998873043172335606e-01
-2.009528452523098030e-01
-2.020175802942356935e-01
-2.030815220194704118e-01
-2.041446827602484138e-01
-2.052070746102335197e-01
-2.062687094300423851e-01
-2.073295988525974409e-01
-2.083897542883610399e-01
-2.094491869304143383e-01
-2.105079077593939862e-01
-2.115659275483405544e-01
-2.126232568673403767e-01
-2.136799060881340862e-01
-2.147358853885477092e-01
-2.157912047568300851e-01
-2.168458739958601111e-01
-2.178999027272714162e-01
-2.189533003954494683e-01
-2.200060762714329543e-01
-2.210582394567205400e-01
-2.221097988869648598e-01
-2.231607633356068043e-01
-2.242111414173622030e-01
-2.252609415916834168e-01
-2.263101721660811527e-01
-2.273588412993996777e-01
-2.284069570049890308e-01
-2.294545271538156461e-01
-2.305015594774705578e-01
-2.315480615711250634e-01
-2.325940408964279893e-01
-2.336395047842667605e-01
-2.346844604375481480e-01
-2.357289149338572254e-01
-2.367728752280443549e-01
-2.378163481547962699e-01
-2.388593404310993817e-01
-2.399018586586654511e-01
-2.409439093263167353e-01
-2.419854988122508987e-01
-2.430266333863370376e-01
-2.440673192122962409e-01
-2.451075623498526757e-01
-2.461473687568245250e-01
-2.471867442911867829e-01
-2.482256947130544178e-01
-2.492642256866568762e-01
-2.503023427822255176e-01
-2.513400514778717509e-01
-2.523773571614033040e-01
-2.534142651321087958e-01
-2.544507806024911556e-01
-2.554869086999616012e-01
-2.565226544685177412e-01
-2.575580228703510111e-01
-2.585930187874350139e-01
-2.596276470230816091e-01
-2.606619123034519259e-01
-2.616958192790430071e-01
-2.627293725261249380e-01
-2.637625765481673712e-01
-2.647954357772274725e-01
-2.658279545752925688e-01
-2.668601372356081414e-01
-2.678919879839845031e-01
-2.689235109800456325e-01
-2.699547103184853913e-01
-2.709855900302563514e-01
-2.720161540837940373e-01
-2.730464063861363644e-01
-2.740763507840798807e-01
-2.751059910652964846e-01
-2.761353309593993499e-01
-2.771643741390314442e-01
-2.781931242208843802e-01
-2.792215847667281481e-01
-2.802497592844138130e-01
-2.812776512288391317e-01
-2.823052640029080629e-01
-2.833326009584731242e-01
-2.843596653972360055e-01
-2.853864605716681657e-01
-2.864129896858644275e-01
-2.874392558964137256e-01
-2.884652623132527016e-01
-2.894910120004721144e-01
-2.905165079771295789e-01
-2.915417532180570870e-01
-2.925667506546113517e-01
-2.935915031754510185e-01
-2.946160136272735208e-01
-2.956402848155479934e-01
-2.966643195052209858e-01
-2.976881204214329446e-01
-2.987116902501925075e-01
-2.997350316390429703e-01
-3.007581471977255894e-01
-3.017810394988413858e-01
-3.028037110784635444e-01
-3.038261644367524217e-01
-3.048484020385907045e-01
-3.058704263141646673e-01
-3.068922396595336055e-01
-3.079138444372261363e-01
-3.089352429767904806e-01
-3.099564375753472989e-01
-3.109774304981257620e-01
-3.119982239790122236e-01
-3.130188202210256176e-01
-3.140392213968816737e-01
-3.150594296494517166e-01
-3.160794470922753119e-01
-3.170992758100262265e-01
-3.181189178589887701e-01
-3.191383752675283625e-01
-3.201576500365369560e-01
-3.211767441398765688e-01
-3.221956595248174904e-01
-3.232143981124715459e-01
-3.242329617982173673e-01
-3.252513524520870281e-01
-3.262695719192090782e-01
-3.272876220201718644e-01
-3.283055045514280401e-01
-3.293232212856985197e-01
-3.303407739722921677e-01
-3.313581643375385632e-01
-3.323753940851057465e-01
-3.333924648963794146e-01
-3.344093784307959338e-01
-3.354261363261961115e-01
-3.364427401991606503e-01
-3.374591916453354434e-01
-3.384754922397501531e-01
-3.394916435371601038e-01
-3.405076470723287230e-01
-3.415235043603601084e-01
-3.425392168969907947e-01
-3.435547861588713059e-01
-3.445702136038888974e-01
-3.455855006714246835e-01
-3.466006487826445714e-01
-3.476156593407860873e-01
-3.486305337314088426e-01
-3.496452733226791953e-01
-3.506598794656162199e-01
-3.516743534943581606e-01
-3.526886967264183381e-01
-3.537029104629212939e-01
-3.547169959888537005e-01
-3.557309545733087774e-01
-3.567447874697071142e-01
-3.577584959160439726e-01
-3.587720811351119421e-01
-3.597855443347089954e-01
-3.607988867078911199e-01
-3.618121094331525622e-01
-3.628252136746554224e-01
-3.638382005824471466e-01
-3.648510712926433253e-01
-3.658638269276530686e-01
-3.668764685963560868e-01
-3.678889973943105240e-01
-3.689014144039418630e-01
-3.699137206947295531e-01
-3.709259173233914741e-01
-3.719380053340735071e-01
-3.729499857585162337e-01
-3.739618596162461728e-01
-3.749736279147347640e-01
-3.759852916495726727e-01
-3.769968518046501460e-01
-3.780083093523031179e-01
-3.790196652534877364e-01
-3.800309204579284117e-01
-3.810420759042937311e-01
-3.820531325203289641e-01
-3.830640912230310891e-01
-3.840749529187681977e-01
-3.850857185034590180e-01
-3.860963888626943730e-01
-3.871069648718876155e-01
-3.881174473964161820e-01
-3.891278372917589268e-01
-3.901381354036222993e-01
-3.911483425680977177e-01
-3.921584596117600463e-01
-3.931684873518198065e-01
-3.941784265962455236e-01
-3.951882781438921244e-01
-3.961980427846065744e-01
-3.972077212993747608e-01
-3.982173144604183035e-01
-3.992268230313307797e-01
-4.002362477671795316e-01
-4.012455894146181312e-01
-4.022548487120204963e-01
-4.032640263895588273e-01
-4.042731231693409422e-01
-4.052821397654999269e-01
-4.062910768843015497e-01
-4.072999352242582805e-01
-4.083087154762150561e-01
-4.093174183234699059e-01
-4.103260444418498909e-01
-4.113345944998297865e-01
-4.123430691586149610e-01
-4.133514690722380203e-01
-4.143597948876588388e-01
-4.153680472448435523e-01
-4.163762267768739145e-01
-4.173843341100115789e-01
-4.183923698638036259e-01
-4.194003346511709918e-01
-4.204082290784781906e-01
-4.214160537456234090e-01
-4.224238092461372607e-01
-4.234314961672343558e-01
-4.244391150899099463e-01
-4.254466665890358490e-01
-4.264541512333970830e-01
-4.274615695858022812e-01
-4.284689222031503597e-01
-4.294762096365022930e-01
-4.304834324311398452e-01
-4.314905911266789795e-01
-4.324976862570956704e-01
-4.335047183508218827e-01
-4.345116879308065228e-01
-4.355185955145777776e-01
-4.365254416143342642e-01
-4.375322267369820550e-01
-4.385389513842086195e-01
-4.395456160525630374e-01
-4.405522212334971877e-01
-4.415587674134420215e-01
-4.425652550738605195e-01
-4.435716846913163036e-01
-4.445780567375298142e-01
-4.455843716794374854e-01
-4.465906299792413159e-01
-4.475968320944893608e-01
-4.486029784781017105e-01
-4.496090695784542568e-01
-4.506151058394162745e-01
-4.516210877004034341e-01
-4.526270155964438047e-01
-4.536328899582259822e-01
-4.546387112121393348e-01
-4.556444797803420044e-01
-4.566501960807984317e-01
-4.576558605273419178e-01
-4.586614735297091516e-01
-4.596670354936009395e-01
-4.606725468207182872e-01
-4.616780079088213529e-01
-4.626834191517695261e-01
-4.636887809395667803e-01
-4.646940936584108561e-01
-4.656993576907281773e-01
-4.667045734152282521e-01
-4.677097412069566307e-01
-4.687148614372982358e-01
-4.697199344740664584e-01
-4.707249606815175347e-01
-4.717299404203987301e-01
-4.727348740479879741e-01
-4.737397619181273334e-01
-4.747446043812851846e-01
-4.757494017845663725e-01
-4.767541544717612823e-01
-4.777588627833955770e-01
-4.787635270567558998e-01
-4.797681476259137989e-01
-4.807727248218022775e-01
-4.817772589722046361e-01
-4.827817504018210304e-01
-4.837861994322932846e-01
-4.847906063822300382e-01
-4.857949715672714719e-01
-4.867992953000828127e-01
-4.878035778904151742e-01
-4.888078196451266511e-01
-4.898120208682198440e-01
-4.908161818608715032e-01
-4.918203029214646693e-01
-4.928243843456117657e-01
-4.938284264262129963e-01
-4.948324294534406365e-01
-4.958363937148061451e-01
-4.968403194951839241e-01
-4.978442070768258620e-01
-4.988480567394008025e-01
-4.998518687600247978e-01
-5.008556434132764856e-01
-5.018593809712398324e-01
-5.028630817035277811e-01
-5.038667458772972951e-01
-5.048703737572909356e-01
-5.058739656058579559e-01
-5.068775216829762842e-01
-5.078810422462805008e-01
-5.088845275510911481e-01
-5.098879778504361582e-01
-5.108913933950759434e-01
-5.118947744335210492e-01
-5.128981212120719002e-01
-5.139014339748292359e-01
-5.149047129637227549e-01
-5.159079584185302103e-01
-5.169111705769016130e-01
-5.179143496743947583e-01
-5.189174959444716739e-01
-5.199206096185461368e-01
-5.209236909259882253e-01
-5.219267400941562940e-01
-5.229297573484081862e-01
-5.239327429121337643e-01
-5.249356970067685646e-01
-5.259386198518090083e-01
-5.269415116648473729e-01
-5.279443726615812293e-01
-5.289472030558352023e-01
-5.299500030595715172e-01
-5.309527728829365190e-01
-5.319555127342467937e-01
-5.329582228200347993e-01
-5.339609033450366526e-01
-5.349635545122453095e-01
-5.359661765229083441e-01
-5.369687695765464897e-01
-5.379713338709787296e-01
-5.389738696023322895e-01
-5.399763769650661738e-01
-5.409788561519862649e-01
-5.419813073542580906e-01
-5.429837307614259201e-01
-5.439861265614345243e-01
-5.449884949406404999e-01
-5.459908360838214847e-01
-5.469931501742097968e-01
-5.479954373934854406e-01
-5.489976979218181841e-01
-5.499999319378578999e-01
-5.510021396187574361e-01
-5.520043211402090311e-01
-5.530064766764157813e-01
-5.540086064001473742e-01
-5.550107104827398663e-01
-5.560127890940942397e-01
-5.570148424027165923e-01
-5.580168705757115877e-01
-5.590188737788118756e-01
-5.600208521763786473e-01
-5.610228059314285032e-01
-5.620247352056325640e-01
-5.630266401593395642e-01
-5.640285209515818465e-01
-5.650303777400992322e-01
-5.660322106813362453e-01
-5.670340199304656492e-01
-5.680358056414077650e-01
-5.690375679668165931e-01
-5.700393070581162291e-01
-5.710410230655124098e-01
-5.720427161379875169e-01
-5.730443864233240037e-01
-5.740460340681136087e-01
-5.750476592177784507e-01
-5.760492620165561517e-01
-5.770508426075460218e-01
-5.780524011326881872e-01
-5.790539377327935666e-01
-5.800554525475550838e-01
-5.810569457155498885e-01
-5.820584173742440193e-01
-5.830598676600244890e-01
-5.840612967081912910e-01
-5.850627046529746078e-01
-5.860640916275479118e-01
-5.870654577640262994e-01
-5.880668031934889184e-01
-5.890681280459821867e-01
-5.900694324505395549e-01
-5.910707165351607451e-01
-5.920719804268764763e-01
-5.930732242516931763e-01
-5.940744481346557082e-01
-5.950756521998239457e-01
-5.960768365702898697e-01
-5.970780013682054355e-01
-5.980791467147520413e-01
-5.990802727301978159e-01
-6.000813795338587608e-01
-6.010824672441467120e-01
-6.020835359785499108e-01
-6.030845858536565407e-01
-6.040856169851605006e-01
-6.050866294878628482e-01
-6.060876234756960024e-01
-6.070885990617042038e-01
-6.080895563580889229e-01
-6.090904954761715562e-01
-6.100914165264509359e-01
-6.110923196185699124e-01
-6.120932048613438869e-01
-6.130940723627618105e-01
-6.140949222299989518e-01
-6.150957545694148987e-01
-6.160965694865736531e-01
-6.170973670862429650e-01
-6.180981474723977742e-01
-6.190989107482306464e-01
-6.200996570161654287e-01
-6.211003863778634670e-01
-6.221010989342140585e-01
-6.231017947853623173e-01
-6.241024740307008489e-01
-6.251031367688887341e-01
-6.261037830978437579e-01
-6.271044131147617273e-01
-6.281050269161224664e-01
-6.291056245976834882e-01
-6.301062062545007558e-01
-6.311067719809236864e-01
-6.321073218706108054e-01
-6.331078560165257496e-01
-6.341083745109635794e-01
-6.351088774455238006e-01
-6.361093649111436710e-01
-6.371098369981025300e-01
-6.381102937960076993e-01
-6.391107353938171309e-01
-6.401111618798412950e-01
-6.411115733417563911e-01
-6.421119698665908038e-01
-6.431123515407479729e-01
-6.441127184499996217e-01
-6.451130706795078495e-01
-6.461134083138087014e-01
-6.471137314368400340e-01
-6.481140401319230859e-01
-6.491143344817887906e-01
-6.501146145685753330e-01
-6.511148804738279283e-01
-6.521151322785044835e-01
-6.531153700629920289e-01
-6.541155939071010561e-01
-6.551158038900758429e-01
-6.561160000905893463e-01
-6.571161825867614104e-01
-6.581163514561569894e-01
-6.591165067757852603e-01
-6.601166486221262675e-01
-6.611167770710978386e-01
-6.621168921980997712e-01
-6.631169940779899630e-01
-6.641170827851087255e-01
-6.651171583932625753e-01
-6.661172209757522111e-01
-6.671172706053551948e-01
-6.681173073543449359e-01
-6.691173312944849183e-01
-6.701173424970452430e-01
-6.711173410327933020e-01
-6.721173269720068788e-01
-6.731173003844734826e-01
-6.741172613395025603e-01
-6.751172099059083997e-01
-6.761171461520487647e-01
-6.771170701457892571e-01
-6.781169819545455058e-01
-6.791168816452554102e-01
-6.801167692844029000e-01
-6.811166449380096077e-01
-6.821165086716490800e-01
-6.831163605504450009e-01
-6.841162006390705264e-01
-6.851160290017597188e-01
-6.861158457023101009e-01
-6.871156508040837663e-01
-6.881154443700071566e-01
-6.891152264625869384e-01
-6.901149971438907960e-01
-6.911147564755836248e-01
-6.921145045189014411e-01
-6.931142413346726983e-01
-6.941139669833049641e-01
-6.951136815248104561e-01
-6.961133850187893879e-01
-6.971130775244400724e-01
-6.981127591005704680e-01
-6.991124298055924058e-01
-7.001120896975175922e-01
-7.011117388339848100e-01
-7.021113772722282764e-01
-7.031110050691182778e-01
-7.041106222811368553e-01
-7.051102289643963461e-01
-7.061098251746276144e-01
-7.071094109671955952e-01
-7.081089863971037346e-01
-7.091085515189819999e-01
-7.101081063871067522e-01
-7.111076510553890895e-01
-7.121071855773913883e-01
-7.131067100063219755e-01
-7.141062243950333510e-01
-7.151057287960396192e-01
-7.161052232615032764e-01
-7.171047078432498667e-01
-7.181041825927617639e-01
-7.191036475611876089e-01
-7.201031027993460842e-01
-7.211025483577178097e-01
-7.221019842864576654e-01
-7.231014106353922388e-01
-7.241008274540294831e-01
-7.251002347915493917e-01
-7.260996326968242043e-01
-7.270990212184033075e-01
-7.280984004045186753e-01
-7.290977703030973034e-01
-7.300971309617595439e-01
-7.310964824278138874e-01
-7.320958247482634018e-01
-7.330951579698132825e-01
-7.340944821388734054e-01
-7.350937973015465587e-01
-7.360931035036520909e-01
-7.370924007907081466e-01
-7.380916892079457670e-01
-7.390909688003061140e-01
-7.400902396124493521e-01
-7.410895016887460995e-01
-7.420887550732923055e-01
-7.430879998098987027e-01
-7.440872359420946935e-01
-7.450864635131495550e-01
-7.460856825660404645e-01
-7.470848931434932449e-01
-7.480840952879478367e-01
-7.490832890415916046e-01
-7.500824744463324700e-01
-7.510816515438256680e-01
-7.520808203754583143e-01
-7.530799809823729429e-01
-7.540791334054365302e-01
-7.550782776852704714e-01
-7.560774138622424756e-01
-7.570765419764688975e-01
-7.580756620678122948e-01
-7.590747741758954170e-01
-7.600738783400892151e-01
-7.610729745995251649e-01
-7.620720629930836099e-01
-7.630711435594169645e-01
-7.640702163369247346e-01
-7.650692813637922640e-01
-7.660683386779381099e-01
-7.670673883170775476e-01
-7.680664303186770514e-01
-7.690654647199791638e-01
-7.700644915579902827e-01
-7.710635108695091944e-01
-7.720625226910837746e-01
-7.730615270590598387e-01
-7.740605240095527195e-01
-7.750595135784591472e-01
-7.760584958014551393e-01
-7.770574707140016635e-01
-7.780564383513502991e-01
-7.790553987485280274e-01
-7.800543519403574377e-01
-7.810532979614485116e-01
-7.820522368462008433e-01
-7.830511686288106343e-01
-7.840500933432572594e-01
-7.850490110233336871e-01
-7.860479217026147269e-01
-7.870468254144781239e-01
-7.880457221921018940e-01
-7.890446120684646569e-01
-7.900434950763456365e-01
-7.910423712483396486e-01
-7.920412406168280128e-01
-7.930401032140170781e-01
-7.940389590719056923e-01
-7.950378082223146237e-01
-7.960366506968713507e-01
-7.970354865270138367e-01
-7.980343157439961921e-01
-7.990331383788840114e-01
-8.000319544625665857e-01
-8.010307640257448014e-01
-8.020295670989322501e-01
-8.030283637124826512e-01
-8.040271538965463316e-01
-8.050259376811178536e-01
-8.060247150960004880e-01
-8.070234861708335261e-01
-8.080222509350737381e-01
-8.090210094180079192e-01
-8.100197616487588848e-01
-8.110185076562717033e-01
-8.120172474693208020e-01
-8.130159811165249550e-01
-8.140147086263196385e-01
-8.150134300269901155e-01
-8.160121453466512298e-01
-8.170108546132515137e-01
-8.180095578545794055e-01
-8.190082550982715759e-01
-8.200069463717960527e-01
-8.210056317024591044e-01
-8.220043111174181183e-01
-8.230029846436680563e-01
-8.240016523080553323e-01
-8.250003141372631577e-01
-8.259989701578271948e-01
-8.269976203961303396e-01
-8.279962648784087165e-01
-8.289949036307370234e-01
-8.299935366790516245e-01
-8.309921640491345629e-01
-8.319907857666253292e-01
-8.329894018570195291e-01
-8.339880123456594463e-01
-8.349866172577457002e-01
-8.359852166183427968e-01
-8.369838104523640299e-01
-8.379823987845885780e-01
-8.389809816396520681e-01
-8.399795590420539027e-01
-8.409781310161507095e-01
-8.419766975861636693e-01
-8.429752587761834004e-01
-8.439738146101478655e-01
-8.449723651118874468e-01
-8.459709103050758738e-01
-8.469694502132634195e-01
-8.479679848598660197e-01
-8.489665142681700472e-01
-8.499650384613306464e-01
-8.509635574623812815e-01
-8.519620712942114205e-01
-8.529605799795970666e-01
-8.539590835411831060e-01
-8.549575820014873040e-01
-8.559560753828974189e-01
-8.569545637076956268e-01
-8.579530469980124474e-01
-8.589515252758819219e-01
-8.599499985632050869e-01
-8.609484668817569686e-01
-8.619469302532046795e-01
-8.629453886990869904e-01
-8.639438422408243223e-01
-8.649422908997245196e-01
-8.659407346969776320e-01
-8.669391736536513626e-01
-8.679376077907082765e-01
-8.689360371289820417e-01
-8.699344616892098481e-01
-8.709328814919963246e-01
-8.719312965578511765e-01
-8.729297069071645376e-01
-8.739281125602110789e-01
-8.749265135371664392e-01
-8.759249098580860204e-01
-8.769233015429180877e-01
-8.779216886115153162e-01
-8.789200710836002628e-01
-8.799184489788113295e-01
-8.809168223166655709e-01
-8.819151911165812319e-01
-8.829135553978719742e-01
-8.839119151797490970e-01
-8.849102704813119891e-01
-8.859086213215647820e-01
-8.869069677194071355e-01
-8.879053096936385669e-01
-8.889036472629620045e-01
-8.899019804459646910e-01
-8.909003092611550434e-01
-8.918986337269331210e-01
-8.928969538615894042e-01
-8.938952696833412093e-01
-8.948935812102858378e-01
-8.958918884604417654e-01
-8.968901914517212193e-01
-8.978884902019426129e-01
-8.988867847288325441e-01
-8.998850750500244633e-01
-9.008833611830484589e-01
-9.018816431453636762e-01
-9.028799209543160176e-01
-9.038781946271698953e-01
-9.048764641810930209e-01
-9.058747296331626231e-01
-9.068729910003792138e-01
-9.078712482996403876e-01
-9.088695015477502581e-01
-9.098677507614499893e-01
-9.108659959573639497e-01
-9.118642371520430112e-01
-9.128624743619510040e-01
-9.138607076034687138e-01
-9.148589368928891075e-01
-9.158571622464110051e-01
-9.168553836801633938e-01
-9.178536012101836672e-01
-9.188518148524281726e-01
-9.198500246227629962e-01
-9.208482305369847243e-01
-9.218464326108005702e-01
-9.228446308598332593e-01
-9.238428252996325751e-01
-9.248410159456587065e-01
-9.258392028133083373e-01
-9.268373859178705709e-01
-9.278355652745894355e-01
-9.288337408986026000e-01
-9.298319128049887805e-01
-9.308300810087332122e-01
-9.318282455247614005e-01
-9.328264063679021501e-01
-9.338245635529262012e-01
-9.348227170945194731e-01
-9.358208670072963864e-01
-9.368190133057912039e-01
-9.378171560044684663e-01
-9.388152951177167749e-01
-9.398134306598565635e-01
-9.408115626451232227e-01
-9.418096910876924133e-01
-9.428078160016624132e-01
-9.438059374010520086e-01
-9.448040552998209218e-01
-9.458021697118533799e-01
-9.468002806509608904e-01
-9.477983881308840175e-01
-9.487964921652980443e-01
-9.497945927678030920e-01
-9.507926899519347774e-01
-9.517907837311535557e-01
-9.527888741188654809e-01
-9.537869611283907867e-01
-9.547850447729908652e-01
-9.557831250658586075e-01
-9.567812020201231782e-01
-9.577792756488435755e-01
-9.587773459650081875e-01
-9.597754129815460056e-01
-9.607734767113190744e-01
-9.617715371671194946e-01
-9.627695943616806362e-01
-9.637676483076617062e-01
-9.647656990176757263e-01
-9.657637465042390179e-01
-9.667617907798374821e-01
-9.677598318568696456e-01
-9.687578697476856293e-01
-9.697559044645652770e-01
-9.707539360197191547e-01
-9.717519644253003186e-01
-9.727499896934013179e-01
-9.737480118360534176e-01
-9.747460308652119432e-01
-9.757440467927891437e-01
-9.767420596306152225e-01
-9.777400693904735318e-01
-9.787380760840772576e-01
-9.797360797230739715e-01
-9.807340803190599532e-01
-9.817320778835566530e-01
-9.827300724280374489e-01
-9.837280639638991131e-01
-9.847260525024887912e-01
-9.857240380550810199e-01
-9.867220206328957133e-01
-9.877200002470862827e-01
-9.887179769087424130e-01
-9.897159506288950581e-01
-9.907139214185082254e-01
-9.917118892884870807e-01
-9.927098542496709532e-01
-9.937078163128336694e-01
-9.947057754886868830e-01
-9.957037317878818516e-01
-9.967016852209975575e-01
-9.976996357985516983e-01
-9.986975835309944705e-01
-9.996955284287160071e-01
-1.000693470502036941e+00
-1.001691409761203078e+00
-1.002689346216400823e+00
-1.003687279877740535e+00
-1.004685210755276836e+00
-1.005683138858984416e+00
-1.006681064198761799e+00
-1.007678986784447339e+00
-1.008676906625797232e+00
-1.009674823732502835e+00
-1.010672738114166469e+00
-1.011670649780334053e+00
-1.012668558740452029e+00
-1.013666465003906891e+00
-1.014664368579993425e+00
-1.015662269477928703e+00
-1.016660167706847639e+00
-1.017658063275798996e+00
-1.018655956193740497e+00
-1.019653846469553038e+00
-1.020651734112013154e+00
-1.021649619129816111e+00
-1.022647501531555703e+00
-1.023645381325729353e+00
-1.024643258520746114e+00
-1.025641133124894466e+00
-1.026639005146366745e+00
-1.027636874593260252e+00
-1.028634741473541503e+00
-1.029632605795084865e+00
-1.030630467565627262e+00
-1.031628326792802142e+00
-1.032626183484115723e+00
-1.033624037646945437e+00
-1.034621889288535712e+00
-1.035619738416005076e+00
-1.036617585036325728e+00
-1.037615429156334645e+00
-1.038613270782707154e+00
-1.039611109921982246e+00
-1.040608946580535488e+00
-1.041606780764575912e+00
-1.042604612480155346e+00
-1.043602441733139319e+00
-1.044600268529224607e+00
-1.045598092873923246e+00
-1.046595914772542546e+00
-1.047593734230205298e+00
-1.048591551251826681e+00
-1.049589365842101385e+00
-1.050587178005518707e+00
-1.051584987746331024e+00
-1.052582795068551125e+00
-1.053580599975967980e+00
-1.054578402472090337e+00
-1.055576202560189802e+00
-1.056574000243253098e+00
-1.057571795523994274e+00
-1.058569588404830064e+00
-1.059567378887882771e+00
-1.060565166974957174e+00
-1.061562952667548743e+00
-1.062560735966795455e+00
-1.063558516873507109e+00
-1.064556295388128460e+00
-1.065554071510733003e+00
-1.066551845241005214e+00
-1.067549616578232774e+00
-1.068547385521295912e+00
-1.069545152068634097e+00
-1.070542916218251150e+00
-1.071540677967683264e+00
-1.072538437314003890e+00
-1.073536194253777776e+00
-1.074533948783070958e+00
-1.075531700897413678e+00
-1.076529450591782400e+00
-1.077527197860604025e+00
-1.078524942697699274e+00
-1.079522685096291346e+00
-1.080520425048969946e+00
-1.081518162547673967e+00
-1.082515897583670395e+00
-1.083513630147524998e+00
-1.084511360229083010e+00
-1.085509087817445595e+00
-1.086506812900936536e+00
-1.087504535467082034e+00
-1.088502255502585614e+00
-1.089499972993295707e+00
-1.090497687924166792e+00
-1.091495400279257844e+00
-1.092493110041670157e+00
-1.093490817193535358e+00
-1.094488521715973883e+00
-1.095486223589071439e+00
-1.096483922791826604e+00
-1.097481619302137945e+00
-1.098479313096749177e+00
-1.099477004151224069e+00
-1.100474692439899149e+00
-1.101472377935851510e+00
-1.102470060610850400e+00
-1.103467740435321920e+00
-1.104465417378296177e+00
-1.105463091407391740e+00
-1.106460762488733485e+00
-1.107458430586926612e+00
-1.108456095665004915e+00
-1.109453757684385256e+00
-1.110451416604811836e+00
-1.111449072384310677e+00
-1.112446724979131218e+00
-1.113444374343699472e+00
-1.114442020430561398e+00
-1.115439663190313180e+00
-1.116437302571565704e+00
-1.117434938520865950e+00
-1.118432570982647478e+00
-1.119430199899164702e+00
-1.120427825210428940e+00
-1.121425446854140695e+00
-1.122423064765630585e+00
-1.123420678877776968e+00
-1.124418289120958425e+00
-1.125415895422961388e+00
-1.126413497708915745e+00
-1.127411095901216465e+00
-1.128408689919460972e+00
-1.129406279680344349e+00
-1.130403865097611815e+00
-1.131401446081959028e+00
-1.132399022540941269e+00
-1.133396594378910160e+00
-1.134394161496909081e+00
-1.135391723792597674e+00
-1.136389281160155695e+00
-1.137386833490177995e+00
-1.138384380669615226e+00
-1.139381922581636175e+00
-1.140379459105567816e+00
-1.141376990116769186e+00
-1.142374515486543896e+00
-1.143372035082025118e+00
-1.144369548766085876e+00
-1.145367056397222694e+00
-1.146364557829443465e+00
-1.147362052912158425e+00
-1.148359541490071356e+00
-1.149357023403065670e+00
-1.150354498486075183e+00
-1.151351966568971097e+00
-1.152349427476448085e+00
-1.153346881027891291e+00
-1.154344327037248652e+00
-1.155341765312915214e+00
-1.156339195657586583e+00
-1.157336617868148121e+00
-1.158334031735514413e+00
-1.159331437044517799e+00
-1.160328833573751162e+00
-1.161326221095436484e+00
-1.162323599375285399e+00
-1.163320968172340653e+00
-1.164318327238847095e+00
-1.165315676320082261e+00
-1.166313015154215815e+00
-1.167310343472158340e+00
-1.168307660997401243e+00
-1.169304967445853549e+00
-1.170302262525690473e+00
-1.171299545937181552e+00
-1.172296817372535216e+00
-1.173294076515720263e+00
-1.174291323042313318e+00
-1.175288556619305869e+00
-1.176285776904943736e+00
-1.177282983548550988e+00
-1.178280176190355411e+00
-1.179277354461288230e+00
-1.180274517982822680e+00
-1.181271666366785933e+00
-1.182268799215164812e+00
-1.183265916119915051e+00
-1.184263016662784773e+00
-1.185260100415105988e+00
-1.186257166937610075e+00
-1.187254215780217059e+00
-1.188251246481853318e+00
-1.189248258570240413e+00
-1.190245251561685036e+00
-1.191242224960886720e+00
-1.192239178260727783e+00
-1.193236110942052619e+00
-1.194233022473464523e+00
-1.195229912311122078e+00
-1.196226779898497350e+00
-1.197223624666194253e+00
-1.198220446031690978e+00
-1.199217243399148147e+00
-1.200214016159178332e+00
-1.201210763688616900e+00
-1.202207485350303084e+00
-1.203204180492836173e+00
-1.204200848450371453e+00
-1.205197488542369300e+00
-1.206194100073376241e+00
-1.207190682332775378e+00
-1.208187234594561899e+00
-1.209183756117105490e+00
-1.210180246142913196e+00
-1.211176703898377394e+00
-1.212173128593552640e+00
-1.213169519421902764e+00
-1.214165875560058394e+00
-1.215162196167568931e+00
-1.216158480386664298e+00
-1.217154727342006248e+00
-1.218150936140431906e+00
-1.219147105870724168e+00
-1.220143235603336374e+00
-1.221139324390157377e+00
-1.222135371264261750e+00
-1.223131375239650875e+00
-1.224127335310998488e+00
-1.225123250453404644e+00
-1.226119119622131048e+00
-1.227114941752360355e+00
-1.228110715758936156e+00
-1.229106440536092082e+00
-1.230102114957219328e+00
-1.231097737874599085e+00
-1.232093308119144526e+00
-1.233088824500146785e+00
-1.234084285805024717e+00
-1.235079690799063767e+00
-1.236075038225145306e+00
-1.237070326803520137e+00
-1.238065555231529391e+00
-1.239060722183362939e+00
-1.240055826309793607e+00
-1.241050866237918937e+00
-1.242045840570934923e+00
-1.243040747887846909e+00
-1.244035586743234001e+00
-1.245030355667006816e+00
-1.246025053164136587e+00
-1.247019677714410912e+00
-1.248014227772198614e+00
-1.249008701766176843e+00
-1.250003098099106369e+00
-1.250997415147583558e+00
-1.251991651261775473e+00
-1.252985804765198941e+00
-1.253979873954475854e+00
-1.254973857099079382e+00
-1.255967752441112362e+00
-1.256961558195066830e+00
-1.257955272547582215e+00
-1.258948893657216184e+00
-1.259942419654215273e+00
-1.260935848640292622e+00
-1.261929178688393494e+00
-1.262922407842467010e+00
-1.263915534117257433e+00
-1.264908555498078790e+00
-1.265901469940592827e+00
-1.266894275370598733e+00
-1.267886969683834852e+00
-1.268879550745740215e+00
-1.269872016391282443e+00
-1.270864364424722170e+00
-1.271856592619454496e+00
-1.272848698717760518e+00
-1.273840680430661232e+00
-1.274832535437697256e+00
-1.275824261386762082e+00
-1.276815855893901785e+00
-1.277807316543136062e+00
-1.278798640886307902e+00
-1.279789826442872869e+00
-1.280780870699762319e+00
-1.281771771111197111e+00
-1.282762525098546380e+00
-1.283753130050153679e+00
-1.284743583321191762e+00
-1.285733882233508929e+00
-1.286724024075498907e+00
-1.287714006101943642e+00
-1.288703825533890068e+00
-1.289693479558516209e+00
-1.290682965329000398e+00
-1.291672279964408698e+00
-1.292661420549560125e+00
-1.293650384134943820e+00
-1.294639167736586716e+00
-1.295627768335955166e+00
-1.296616182879873014e+00
-1.297604408280411459e+00
-1.298592441414808230e+00
-1.299580279125392979e+00
-1.300567918219501129e+00
-1.301555355469406816e+00
-1.302542587612258940e+00
-1.303529611350019213e+00
-1.304516423349394438e+00
-1.305503020241817191e+00
-1.306489398623376097e+00
-1.307475555054789407e+00
-1.308461486061365919e+00
-1.309447188132990991e+00
-1.310432657724085903e+00
-1.311417891253619628e+00
-1.312402885105078409e+00
-1.313387635626464656e+00
-1.314372139130318695e+00
-1.315356391893712118e+00
-1.316340390158265539e+00
-1.317324130130170801e+00
-1.318307607980220064e+00
-1.319290819843850215e+00
-1.320273761821154856e+00
-1.321256429976966684e+00
-1.322238820340883469e+00
-1.323220928907341998e+00
-1.324202751635673803e+00
-1.325184284450194427e+00
-1.326165523240252275e+00
-1.327146463860351178e+00
-1.328127102130206794e+00
-1.329107433834869179e+00
-1.330087454724818041e+00
-1.331067160516071102e+00
-1.332046546890300887e+00
-1.333025609494972397e+00
-1.334004343943462567e+00
-1.334982745815185057e+00
-1.335960810655771880e+00
-1.336938533977177102e+00
-1.337915911257866908e+00
-1.338892937942968819e+00
-1.339869609444448884e+00
-1.340845921141285757e+00
-1.341821868379639682e+00
-1.342797446473067202e+00
-1.343772650702701243e+00
-1.344747476317450730e+00
-1.345721918534224404e+00
-1.346695972538128672e+00
-1.347669633482703189e+00
-1.348642896490147347e+00
-1.349615756651538323e+00
-1.350588209027098863e+00
-1.351560248646423323e+00
-1.352531870508741463e+00
-1.353503069583173346e+00
-1.354473840808998464e+00
-1.355444179095925294e+00
-1.356414079324380850e+00
-1.357383536345771136e+00
-1.358352544982799781e+00
-1.359321100029739604e+00
-1.360289196252759680e+00
-1.361256828390202234e+00
-1.362223991152940350e+00
-1.363190679224654422e+00
-1.364156887262189866e+00
-1.365122609895863537e+00
-1.366087841729824559e+00
-1.367052577342382724e+00
-1.368016811286366874e+00
-1.368980538089463517e+00
-1.369943752254598079e+00
-1.370906448260274413e+00
-1.371868620560965812e+00
-1.372830263587480726e+00
-1.373791371747348000e+00
-1.374751939425193470e+00
-1.375711960983141191e+00
-1.376671430761205572e+00
-1.377630343077682618e+00
-1.378588692229575585e+00
-1.379546472492974463e+00
-1.380503678123506495e+00
-1.381460303356721209e+00
-1.382416342408532728e+00
-1.383371789475650981e+00
-1.384326638736000481e+00
-1.385280884349158192e+00
-1.386234520456808950e+00
-1.387187541183166006e+00
-1.388139940635440883e+00
-1.389091712904285236e+00
-1.390042852064245604e+00
-1.390993352174223929e+00
-1.391943207277950290e+00
-1.392892411404427433e+00
-1.393840958568422606e+00
-1.394788842770935400e+00
-1.395736057999661384e+00
-1.396682598229481931e+00
-1.397628457422950499e+00
-1.398573629530771578e+00
-1.399518108492282309e+00
-1.400461888235956742e+00
-1.401404962679888122e+00
-1.402347325732290040e+00
-1.403288971291993814e+00
-1.404229893248943206e+00
-1.405170085484712450e+00
-1.406109541872977875e+00
-1.407048256280059251e+00
-1.407986222565416945e+00
-1.408923434582154632e+00
-1.409859886177530219e+00
-1.410795571193476095e+00
-1.411730483467116271e+00
-1.412664616831265096e+00
-1.413597965114966826e+00
-1.414530522143993219e+00
-1.415462281741379558e+00
-1.416393237727927579e+00
-1.417323383922736602e+00
-1.418252714143728666e+00
-1.419181222208155235e+00
-1.420108901933133883e+00
-1.421035747136163208e+00
-1.421961751635648641e+00
-1.422886909251423138e+00
-1.423811213805271425e+00
-1.424734659121447367e+00
-1.425657239027214418e+00
-1.426578947353337679e+00
-1.427499777934639003e+00
-1.428419724610491715e+00
-1.429338781225355959e+00
-1.430256941629297618e+00
-1.431174199678503678e+00
-1.432090549235794263e+00
-1.433005984171162428e+00
-1.433920498362259544e+00
-1.434834085694937533e+00
-1.435746740063747584e+00
-1.436658455372457510e+00
-1.437569225534561346e+00
-1.438479044473780943e+00
-1.439387906124590222e+00
-1.440295804432716542e+00
-1.441202733355618992e+00
-1.442108686863033729e+00
-1.443013658937438271e+00
-1.443917643574566645e+00
-1.444820634783891888e+00
-1.445722626589136750e+00
-1.446623613028749755e+00
-1.447523588156404140e+00
-1.448422546041465253e+00
-1.449320480769491493e+00
-1.450217386442716139e+00
-1.451113257180500993e+00
-1.452008087119839308e+00
-1.452901870415805874e+00
-1.453794601242036855e+00
-1.454686273791190532e+00
-1.455576882275407380e+00
-1.456466420926771921e+00
-1.457354883997768802e+00
-1.458242265761723555e+00
-1.459128560513270889e+00
-1.460013762568775242e+00
-1.460897866266788636e+00
-1.461780865968481224e+00
-1.462662756058074054e+00
-1.463543530943272719e+00
-1.464423185055680143e+00
-1.465301712851242666e+00
-1.466179108810636400e+00
-1.467055367439703106e+00
-1.467930483269846098e+00
-1.468804450858448130e+00
-1.469677264789253757e+00
-1.470548919672789889e+00
-1.471419410146723727e+00
-1.472288730876282425e+00
-1.473156876554619910e+00
-1.474023841903194354e+00
-1.474889621672144324e+00
-1.475754210640662478e+00
-1.476617603617346397e+00
-1.477479795440579613e+00
-1.478340780978862234e+00
-1.479200555131173100e+00
-1.480059112827319057e+00
-1.480916449028265136e+00
-1.481772558726472955e+00
-1.482627436946235999e+00
-1.483481078744001147e+00
-1.484333479208683526e+00
-1.485184633461986481e+00
-1.486034536658719096e+00
-1.486883183987089740e+00
-1.487730570669006491e+00
-1.488576691960383780e+00
-1.489421543151413285e+00
-1.490265119566868135e+00
-1.491107416566366251e+00
-1.491948429544655674e+00
-1.492788153931874140e+00
-1.493626585193815970e+00
-1.494463718832188537e+00
-1.495299550384882048e+00
-1.496134075426177823e+00
-1.496967289567032733e+00
-1.497799188455295694e+00
-1.498629767775933264e+00
-1.499459023251276779e+00
-1.500286950641218642e+00
-1.501113545743441247e+00
-1.501938804393634141e+00
-1.502762722465688094e+00
-1.503585295871892047e+00
-1.504406520563134508e+00
-1.505226392529089630e+00
-1.506044907798405275e+00
-1.506862062438869776e+00
-1.507677852557602227e+00
-1.508492274301200808e+00
-1.509305323855914427e+00
-1.510116997447801257e+00
-1.510927291342885503e+00
-1.511736201847283967e+00
-1.512543725307364584e+00
-1.513349858109886092e+00
-1.514154596682099729e+00
-1.514957937491915541e+00
-1.515759877047987869e+00
-1.516560411899855909e+00
-1.517359538638023198e+00
-1.518157253894099723e+00
-1.518953554340876089e+00
-1.519748436692419435e+00
-1.520541897704179579e+00
-1.521333934173040747e+00
-1.522124542937443925e+00
-1.522913720877426824e+00
-1.523701464914712700e+00
-1.524487772012756537e+00
-1.525272639176820100e+00
-1.526056063454030109e+00
-1.526838041933403556e+00
-1.527618571745921860e+00
-1.528397650064547086e+00
-1.529175274104277671e+00
-1.529951441122159972e+00
-1.530726148417328014e+00
-1.531499393331015479e+00
-1.532271173246585017e+00
-1.533041485589518693e+00
-1.533810327827445752e+00
-1.534577697470137725e+00
-1.535343592069507102e+00
-1.536108009219601778e+00
-1.536870946556584405e+00
-1.537632401758738609e+00
-1.538392372546434572e+00
-1.539150856682112600e+00
-1.539907851970232278e+00
-1.540663356257292671e+00
-1.541417367431735075e+00
-1.542169883423943677e+00
-1.542920902206188494e+00
-1.543670421792571412e+00
-1.544418440238980672e+00
-1.545164955643043347e+00
-1.545909966144042080e+00
-1.546653469922866009e+00
-1.547395465201946596e+00
-1.548135950245169701e+00
-1.548874923357824063e+00
-1.549612382886493611e+00
-1.550348327219001066e+00
-1.551082754784290252e+00
-1.551815664052382804e+00
-1.552547053534232058e+00
-1.553276921781665543e+00
-1.554005267387267741e+00
-1.554732088984263072e+00
-1.555457385246450164e+00
-1.556181154888044649e+00
-1.556903396663599670e+00
-1.557624109367858001e+00
-1.558343291835672106e+00
-1.559060942941834060e+00
-1.559777061601001158e+00
-1.560491646767514951e+00
-1.561204697435311095e+00
-1.561916212637753709e+00
-1.562626191447517465e+00
-1.563334632976445260e+00
-1.564041536375387453e+00
-1.564746900834082632e+00
-1.565450725580984637e+00
-1.566153009883118674e+00
-1.566853753045944542e+00
-1.567552954413168775e+00
-1.568250613366608981e+00
-1.568946729326036404e+00
-1.569641301748971873e+00
-1.570334330130578548e+00
-1.571025814003456089e+00
-1.571715752937472121e+00
-1.572404146539603254e+00
-1.573090994453742342e+00
-1.573776296360547500e+00
-1.574460051977227826e+00
-1.575142261057393078e+00
-1.575822923390858499e+00
-1.576502038803456740e+00
-1.577179607156856012e+00
-1.577855628348366457e+00
-1.578530102310758076e+00
-1.579203029012061776e+00
-1.579874408455372858e+00
-1.580544240678668944e+00
-1.581212525754585263e+00
-1.581879263790254564e+00
-1.582544454927070188e+00
-1.583208099340513542e+00
-1.583870197239928279e+00
-1.584530748868321348e+00
-1.585189754502171811e+00
-1.585847214451202580e+00
-1.586503129058193462e+00
-1.587157498698748226e+00
-1.587810323781096100e+00
-1.588461604745881051e+00
-1.589111342065951504e+00
-1.589759536246132976e+00
-1.590406187823021567e+00
-1.591051297364768580e+00
-1.591694865470857589e+00
-1.592336892771897494e+00
-1.592977379929388260e+00
-1.593616327635513530e+00
-1.594253736612914807e+00
-1.594889607614467408e+00
-1.595523941423066194e+00
-1.596156738851391310e+00
-1.596788000741696134e+00
-1.597417727965583234e+00
-1.598045921423765670e+00
-1.598672582045856716e+00
-1.599297710790140270e+00
-1.599921308643337703e+00
-1.600543376620388480e+00
-1.601163915764229451e+00
-1.601782927145547042e+00
-1.602400411862572094e+00
-1.603016371040834942e+00
-1.603630805832946482e+00
-1.604243717418373016e+00
-1.604855107003190451e+00
-1.605464975819873130e+00
-1.606073325127062246e+00
-1.606680156209329802e+00
-1.607285470376943692e+00
-1.607889268965659424e+00
-1.608491553336471203e+00
-1.609092324875396329e+00
-1.609691584993230062e+00
-1.610289335125333565e+00
-1.610885576731391655e+00
-1.611480311295192980e+00
-1.612073540324394649e+00
-1.612665265350297084e+00
-1.613255487927608200e+00
-1.613844209634229143e+00
-1.614431432071014028e+00
-1.615017156861544789e+00
-1.615601385651905808e+00
-1.616184120110456757e+00
-1.616765361927607891e+00
-1.617345112815574693e+00
-1.617923374508185130e+00
-1.618500148760626756e+00
-1.619075437349228208e+00
-1.619649242071244277e+00
-1.620221564744612541e+00
-1.620792407207749086e+00
-1.621361771319308476e+00
-1.621929658957977471e+00
-1.622496072022236113e+00
-1.623061012430145000e+00
-1.623624482119121915e+00
-1.624186483045724883e+00
-1.624747017185423470e+00
-1.625306086532389394e+00
-1.625863693099267593e+00
-1.626419838916966398e+00
-1.626974526034440593e+00
-1.627527756518463820e+00
-1.628079532453432510e+00
-1.628629855941118976e+00
-1.629178729100496881e+00
-1.629726154067495658e+00
-1.630272132994796674e+00
-1.630816668051632279e+00
-1.631359761423561094e+00
-1.631901415312258630e+00
-1.632441631935318771e+00
-1.632980413526032848e+00
-1.633517762333183132e+00
-1.634053680620841442e+00
-1.634588170668169083e+00
-1.635121234769188803e+00
-1.635652875232601611e+00
-1.636183094381578718e+00
-1.636711894553551483e+00
-1.637239278100014461e+00
-1.637765247386337553e+00
-1.638289804791537518e+00
-1.638812952708112114e+00
-1.639334693541813825e+00
-1.639855029711471346e+00
-1.640373963648793287e+00
-1.640891497798161458e+00
-1.641407634616449007e+00
-1.641922376572821918e+00
-1.642435726148554043e+00
-1.642947685836821492e+00
-1.643458258142535877e+00
-1.643967445582136699e+00
-1.644475250683409273e+00
-1.644981675985306646e+00
-1.645486724037756421e+00
-1.645990397401469130e+00
-1.646492698647782138e+00
-1.646993630358444927e+00
-1.647493195125460108e+00
-1.647991395550893579e+00
-1.648488234246708428e+00
-1.648983713834565545e+00
-1.649477836945672404e+00
-1.649970606220584779e+00
-1.650462024309058862e+00
-1.650952093869847648e+00
-1.651440817570558828e+00
-1.651928198087453836e+00
-1.652414238105314404e+00
-1.652898940317232723e+00
-1.653382307424483777e+00
-1.653864342136333487e+00
-1.654345047169884397e+00
-1.654824425249904696e+00
-1.655302479108679226e+00
-1.655779211485827407e+00
-1.656254625128166014e+00
-1.656728722789526875e+00
-1.657201507230620541e+00
-1.657672981218863750e+00
-1.658143147528233774e+00
-1.658612008939103433e+00
-1.659079568238100544e+00
-1.659545828217946273e+00
-1.660010791677310360e+00
-1.660474461420646586e+00
-1.660936840258073088e+00
-1.661397931005197393e+00
-1.661857736482978076e+00
-1.662316259517590655e+00
-1.662773502940256609e+00
-1.663229469587137910e+00
-1.663684162299172486e+00
-1.664137583921925900e+00
-1.664589737305469885e+00
-1.665040625304241351e+00
-1.665490250776895609e+00
-1.665938616586179366e+00
-1.666385725598785505e+00
-1.666831580685232739e+00
-1.667276184719739485e+00
-1.667719540580050896e+00
-1.668161651147361590e+00
-1.668602519306158216e+00
-1.669042147944086896e+00
-1.669480539951847087e+00
-1.669917698223048808e+00
-1.670353625654093177e+00
-1.670788325144057174e+00
-1.671221799594555080e+00
-1.671654051909626570e+00
-1.672085084995621695e+00
-1.672514901761078088e+00
-1.672943505116591290e+00
-1.673370897974718385e+00
-1.673797083249845441e+00
-1.674222063858083809e+00
-1.674645842717157107e+00
-1.675068422746272434e+00
-1.675489806866031772e+00
-1.675909997998308310e+00
-1.676328999066136083e+00
-1.676746812993614721e+00
-1.677163442705785101e+00
-1.677578891128538308e+00
-1.677993161188498394e+00
-1.678406255812937786e+00
-1.678818177929649380e+00
-1.679228930466858616e+00
-1.679638516353125555e+00
-1.680046938517243182e+00
-1.680454199888131050e+00
-1.680860303394746236e+00
-1.681265251965989860e+00
-1.681669048530590960e+00
-1.682071696017046092e+00
-1.682473197353493211e+00
-1.682873555467638838e+00
-1.683272773286656143e+00
-1.683670853737100570e+00
-1.684067799744826344e+00
-1.684463614234878337e+00
-1.684858300131423015e+00
-1.685251860357658282e+00
-1.685644297835716232e+00
-1.686035615486598971e+00
-1.686425816230070485e+00
-1.686814902984593134e+00
-1.687202878667245054e+00
-1.687589746193621787e+00
-1.687975508477781217e+00
-1.688360168432142316e+00
-1.688743728967418534e+00
-1.689126192992544517e+00
-1.689507563414585523e+00
-1.689887843138676571e+00
-1.690267035067945622e+00
-1.690645142103419651e+00
-1.691022167143990895e+00
-1.691398113086311383e+00
-1.691772982824733651e+00
-1.692146779251247235e+00
-1.692519505255400958e+00
-1.692891163724232984e+00
-1.693261757542209756e+00
-1.693631289591162270e+00
-1.693999762750206139e+00
-1.694367179895701181e+00
-1.694733543901151496e+00
-1.695098857637177714e+00
-1.695463123971444164e+00
-1.695826345768579380e+00
-1.696188525890130583e+00
-1.696549667194511946e+00
-1.696909772536933092e+00
-1.697268844769337148e+00
-1.697626886740353447e+00
-1.697983901295239351e+00
-1.698339891275809643e+00
-1.698694859520418099e+00
-1.699048808863856230e+00
-1.699401742137325977e+00
-1.699753662168383084e+00
-1.700104571780895801e+00
-1.700454473794960508e+00
-1.700803371026886612e+00
-1.701151266289132602e+00
-1.701498162390246316e+00
-1.701844062134844293e+00
-1.702188968323523621e+00
-1.702532883752857273e+00
-1.702875811215313728e+00
-1.703217753499231435e+00
-1.703558713388768187e+00
-1.703898693663852715e+00
-1.704237697100150717e+00
-1.704575726469000241e+00
-1.704912784537407466e+00
-1.705248874067962772e+00
-1.705583997818829411e+00
-1.705918158543691332e+00
-1.706251358991705436e+00
-1.706583601907492476e+00
-1.706914890031056453e+00
-1.707245226097783064e+00
-1.707574612838378858e+00
-1.707903052978851699e+00
-1.708230549240463025e+00
-1.708557104339689658e+00
-1.708882720988211368e+00
-1.709207401892852918e+00
-1.709531149755546098e+00
-1.709853967273333719e+00
-1.710175857138288791e+00
-1.710496822037532505e+00
-1.710816864653156300e+00
-1.711135987662219637e+00
-1.711454193736710483e+00
-1.711771485543523763e+00
-1.712087865744415849e+00
-1.712403336996000780e+00
-1.712717901949693200e+00
-1.713031563251703915e+00
-1.713344323543005920e+00
-1.713656185459304204e+00
-1.713967151631013097e+00
-1.714277224683234069e+00
-1.714586407235725307e+00
-1.714894701902871077e+00
-1.715202111293686160e+00
-1.715508638011760123e+00
-1.715814284655246880e+00
-1.716119053816848483e+00
-1.716422948083783373e+00
-1.716725970037771720e+00
-1.717028122255012113e+00
-1.717329407306167788e+00
-1.717629827756327110e+00
-1.717929386165007788e+00
-1.718228085086118018e+00
-1.718525927067962700e+00
-1.718822914653194145e+00
-1.719119050378819846e+00
-1.719414336776170948e+00
-1.719708776370891146e+00
-1.720002371682919362e+00
-1.720295125226472877e+00
-1.720587039510039551e+00
-1.720878117036339638e+00
-1.721168360302336886e+00
-1.721457771799225878e+00
-1.721746354012383406e+00
-1.722034109421393122e+00
-1.722321040500018663e+00
-1.722607149716175901e+00
-1.722892439531946263e+00
-1.723176912403552752e+00
-1.723460570781341739e+00
-1.723743417109785625e+00
-1.724025453827455978e+00
-1.724306683367036408e+00
-1.724587108155275939e+00
-1.724866730613020316e+00
-1.725145553155178701e+00
-1.725423578190711016e+00
-1.725700808122633489e+00
-1.725977245348012223e+00
-1.726252892257926108e+00
-1.726527751237503239e+00
-1.726801824665878504e+00
-1.727075114916189591e+00
-1.727347624355598299e+00
-1.727619355345250574e+00
-1.727890310240292937e+00
-1.728160491389849618e+00
-1.728429901137034097e+00
-1.728698541818926238e+00
-1.728966415766589160e+00
-1.729233525305039709e+00
-1.729499872753261780e+00
-1.729765460424198098e+00
-1.730030290624746447e+00
-1.730294365655746791e+00
-1.730557687811995260e+00
-1.730820259382231940e+00
-1.731082082649128662e+00
-1.731343159889307648e+00
-1.731603493373325753e+00
-1.731863085365673127e+00
-1.732121938124772109e+00
-1.732380053902982775e+00
-1.732637434946590282e+00
-1.732894083495818194e+00
-1.733150001784812932e+00
-1.733405192041653553e+00
-1.733659656488345080e+00
-1.733913397340830498e+00
-1.734166416808973432e+00
-1.734418717096576579e+00
-1.734670300401364607e+00
-1.734921168915002587e+00
-1.735171324823086447e+00
-1.735420770305146299e+00
-1.735669507534653988e+00
-1.735917538679010441e+00
-1.736164865899568976e+00
-1.736411491351623093e+00
-1.736657417184405139e+00
-1.736902645541101853e+00
-1.737147178558857696e+00
-1.737391018368755535e+00
-1.737634167095855497e+00
-1.737876626859164997e+00
-1.738118399771658273e+00
-1.738359487940293713e+00
-1.738599893465982982e+00
-1.738839618443626556e+00
-1.739078664962108167e+00
-1.739317035104289477e+00
-1.739554730947029171e+00
-1.739791754561191395e+00
-1.740028108011623775e+00
