-4.564961768307820394e-15
-3.920343566002375546e+00
-7.593502974283037332e+00
-1.082759354351621539e+01
-1.351544707421348335e+01
-1.563198353879947788e+01
-1.721170528926662158e+01
-1.832211154188547653e+01
-1.904249577784711533e+01
-1.945057878746123947e+01
-1.961569662062489883e+01
-1.959631417299210554e+01
-1.943996537698780713e+01
-1.918434765795821306e+01
-1.885882798468122346e+01
-1.848597424078000984e+01
-1.808293594540623062e+01
-1.766261386254742760e+01
-1.723461437056894852e+01
-1.680601055785298570e+01
-1.638193952445526946e+01
-1.596606673345463001e+01
-1.556094404745553916e+01
-1.516828492575563203e+01
-1.478917480382715688e+01
-1.442423210172418102e+01
-1.407373085987110528e+01
-1.373769476266295797e+01
-1.341596876492007162e+01
-1.310827403247931144e+01
-1.281424866420788433e+01
-1.253347697306279507e+01
-1.226550810241543488e+01
-1.200986682680806616e+01
-1.176605835144274081e+01
-1.153357099274744790e+01
-1.131187837334147694e+01
-1.110044364752561918e+01
-1.089872517909543426e+01
-1.070618417257571053e+01
-1.052229224333077262e+01
-1.034653897599663885e+01
-1.017843760861703117e+01
-1.001752955219676089e+01
-9.863386526507635921e+00
-9.715611666274631020e+00
-9.573838712970868414e+00
-9.437730888693801390e+00
-9.306978539048110122e+00
-9.181297121848452036e+00
-9.060424447714741092e+00
-8.944118667602156236e+00
-8.832155731948786226e+00
-8.724327768976660735e+00
-8.620440973856430489e+00
-8.520314458317594486e+00
-8.423778562845871676e+00
-8.330674117677485668e+00
-8.240851090553087843e+00
-8.154168161536828663e+00
-8.070491609725660709e+00
-7.989695112651248543e+00
-7.911658793133265810e+00
-7.836269175886693361e+00
-7.763418338235126726e+00
-7.693003977753357425e+00
-7.624928629438721295e+00
-7.559099814400588535e+00
-7.495429299576942483e+00
-7.433833308489186109e+00
-7.374231808428595158e+00
-7.316548771298744036e+00
-7.260711478690727638e+00
-7.206650825112882686e+00
-7.154300634686087790e+00
-7.103598001613854684e+00
-7.054482614196313506e+00
-7.006897128911016459e+00
-6.960786498616698736e+00
-6.916098377526322061e+00
-6.872782451187489094e+00
-6.830790870196520537e+00
-6.790077579998857082e+00
-6.750598781565973816e+00
-6.712312259369494605e+00
-6.675177867506549845e+00
-6.639156854429101529e+00
-6.604212373202707376e+00
-6.570308801751776784e+00
-6.537412276098407915e+00
-6.505490005031619560e+00
-6.474510825309764073e+00
-6.444444509788956665e+00
-6.415262343690622870e+00
-6.386936425335548506e+00
-6.359440262682574563e+00
-6.332748065912638502e+00
-6.306835363537389938e+00
-6.281678286164927627e+00
-6.257254201558618334e+00
-6.233540988994078269e+00
-6.210517692721614580e+00
-6.188163786392059329e+00
-6.166459844441138927e+00
-6.145386796122546791e+00
-6.124926614389496038e+00
-6.105061559127427095e+00
-6.085774883158254767e+00
-6.067050064312021540e+00
-6.048871528224220917e+00
-6.031223868927752640e+00
-6.014092588152021079e+00
-5.997463304153419550e+00
-5.981322507259853261e+00
-5.965656756689718065e+00
-5.950453452115699982e+00
-5.935700018250634535e+00
-5.921384692231201896e+00
-5.907495695773893551e+00
-5.894022038202150426e+00
-5.880952675997880519e+00
-5.868277331316239298e+00
-5.855985638777089441e+00
-5.844067979329821583e+00
-5.832514614145769549e+00
-5.821316533711704544e+00
-5.810464578699126470e+00
-5.799950304178668858e+00
-5.789765087355479345e+00
-5.779901006809080144e+00
-5.770349936995722295e+00
-5.761104442428942818e+00
-5.752156858859978072e+00
-5.743500202324096193e+00
-5.735127236918632576e+00
-5.727031398649135241e+00
-5.719205849732420965e+00
-5.711644417183840083e+00
-5.704340633580205377e+00
-5.697288690335716943e+00
-5.690482464865952217e+00
-5.683916488506238096e+00
-5.677584960022894478e+00
-5.671482728133381279e+00
-5.665604291315858632e+00
-5.659944794894895992e+00
-5.654499017105214520e+00
-5.649262380710471376e+00
-5.644229925280860982e+00
-5.639397333316717109e+00
-5.634759888702700614e+00
-5.630313517311198446e+00
-5.626053731599036212e+00
-5.621976685668732543e+00
-5.618078105976215042e+00
-5.614354360830692947e+00
-5.610801377184388095e+00
-5.607415724554045688e+00
-5.604193517865877716e+00
-5.601131515783896120e+00
-5.598226009585308027e+00
-5.595473935882631977e+00
-5.592871751506585554e+00
-5.590416560610863783e+00
-5.588104975540635344e+00
-5.585934258310770950e+00
-5.583901167439658586e+00
-5.582003113792689319e+00
-5.580236993362479581e+00
-5.578600357470669735e+00
-5.577090231476889315e+00
-5.575704299333222203e+00
-5.574439708204747213e+00
-5.573294267372325805e+00
-5.572265238748758343e+00
-5.571350550126205725e+00
-5.570547571572802781e+00
-5.569854343021821030e+00
-5.569268336534601183e+00
-5.568787698229354710e+00
-5.568409996396397332e+00
-5.568133477765748296e+00
-5.567955801461303977e+00
-5.567875309606587386e+00
-5.567889747105238207e+00
-5.567997546585154112e+00
-5.568196533992682440e+00
-5.568485227876101895e+00
-5.568861530781807900e+00
-5.569324042877820347e+00
-5.569870739141019378e+00
-5.570500297322197092e+00
-5.571210760912857829e+00
-5.572000881454465038e+00
-5.572868767273768675e+00
-5.573813240138606240e+00
-5.574832469751337172e+00
-5.575925344754214308e+00
-5.577090092970537150e+00
-5.578325666762631307e+00
-5.579630349010829882e+00
-5.581003152827844538e+00
-5.582442413265198411e+00
-5.583947201388109960e+00
-5.585515901699773522e+00
-5.587147640580845120e+00
-5.588840849421828239e+00
-5.590594707431585597e+00
-5.592407690468672143e+00
-5.594279028223484218e+00
-5.596207238738939438e+00
-5.598191599971329424e+00
-5.600230669991208998e+00
-5.602323772928079038e+00
-5.604469504842170657e+00
-5.606667234058499538e+00
-5.608915592700301822e+00
-5.611213991418242841e+00
-5.613561096576292542e+00
-5.615956359381744534e+00
-5.618398478714909494e+00
-5.620886944665777207e+00
-5.623420486998188750e+00
-5.625998633099769108e+00
-5.628620142071486754e+00
-5.631284577097011024e+00
-5.633990725148932732e+00
-5.636738183784000711e+00
-5.639525766457058609e+00
-5.642353103748734000e+00
-5.645219034278256665e+00
-5.648123220370415254e+00
-5.651064524558264246e+00
-5.654042639696378991e+00
-5.657056451044458534e+00
-5.660105680834052855e+00
-5.663189235923961284e+00
-5.666306866827809152e+00
-5.669457500932304939e+00
-5.672640915992777089e+00
-5.675856058905624835e+00
-5.679102733679113335e+00
-5.682379905751002269e+00
-5.685687404442417936e+00
-5.689024212811348846e+00
-5.692390184597338809e+00
-5.695784319602102741e+00
-5.699206495132666639e+00
-5.702655726899815036e+00
-5.706131914967921936e+00
-5.709634090162132303e+00
-5.713162174532659954e+00
-5.716715213261643669e+00
-5.720293149650285791e+00
-5.723895042516057963e+00
-5.727520855710737990e+00
-5.731169660998911120e+00
-5.734841442115309107e+00
-5.738535283115235863e+00
-5.742251186979790312e+00
-5.745988249428651606e+00
-5.749746492081945881e+00
-5.753525021725986122e+00
-5.757323878040253362e+00
-5.761142178307077089e+00
-5.764979979712074432e+00
-5.768836409488264927e+00
-5.772711541799242951e+00
-5.776604513307889377e+00
-5.780515414651175909e+00
-5.784443391423962133e+00
-5.788388550254538245e+00
-5.792350045193725094e+00
-5.796327998400394144e+00
-5.800321571926120967e+00
-5.804330903019786270e+00
-5.808355161298220715e+00
-5.812394498679077870e+00
-5.816448091927571618e+00
-5.820516107227255986e+00
-5.824597728092625992e+00
-5.828693134587529912e+00
-5.832801516593768554e+00
-5.836923067686329958e+00
-5.841056983748275755e+00
-5.845203471512500748e+00
-5.849361732512557310e+00
-5.853531986300861689e+00
-5.857713439725319660e+00
-5.861906324833791260e+00
-5.866109853466187296e+00
-5.870324269855270671e+00
-5.874548790523893338e+00
-5.878783671592118232e+00
-5.883028133969155249e+00
-5.887282445377023166e+00
-5.891545830826836472e+00
-5.895818569368978856e+00
-5.900099889843289702e+00
-5.904390082366158587e+00
-5.908688379343935537e+00
-5.912995081707274281e+00
-5.917309425177198712e+00
-5.921631721257104353e+00
-5.925961208740713637e+00
-5.930298209472375071e+00
-5.934641965085958759e+00
-5.938992807544319241e+00
-5.943349981097997059e+00
-5.947713827614538040e+00
-5.952083593746426260e+00
-5.956459631060702975e+00
-5.960841188405027857e+00
-5.965228626848866789e+00
-5.969621197236398835e+00
-5.974019269950050059e+00
-5.978422097639135124e+00
-5.982830059817056956e+00
-5.987242410754352484e+00
-5.991659538920377948e+00
-5.996080700029554400e+00
-6.000506291339076981e+00
-6.004935569836638010e+00
-6.009368941405504927e+00
-6.013805664142327423e+00
-6.018246152400806182e+00
-6.022689665228207367e+00
-6.027136625299132078e+00
-6.031586292458800180e+00
-6.036039097558687949e+00
-6.040494301094998519e+00
-6.044952341957533726e+00
-6.049412481151588139e+00
-6.053875165472019759e+00
-6.058339656296445774e+00
-6.062806408196436792e+00
-6.067274682790023910e+00
-6.071744942301911863e+00
-6.076216448463228836e+00
-6.080689671032875054e+00
-6.085163871732309104e+00
-6.089639527739899805e+00
-6.094115900648897188e+00
-6.098593474946857107e+00
-6.103071511984232700e+00
-6.107550503451478541e+00
-6.112029710345667333e+00
-6.116509631457685892e+00
-6.120989527324478985e+00
-6.125469903738627764e+00
-6.129950020673706312e+00
-6.134430390828897295e+00
-6.138910273514642135e+00
-6.143390188244935324e+00
-6.147869393570791985e+00
-6.152348415732580733e+00
-6.156826512428607678e+00
-6.161304216540477441e+00
-6.165780784823581939e+00
-6.170256756718523583e+00
-6.174731387950626704e+00
-6.179205224440210920e+00
-6.183677520798094740e+00
-6.188148829347950297e+00
-6.192618403504445368e+00
-6.197086801920795196e+00
-6.201553276736451181e+00
-6.206018392863102306e+00
-6.210481401088396858e+00
-6.214942872513885774e+00
-6.219402056501308174e+00
-6.223859530275774432e+00
-6.228314541701399421e+00
-6.232767674062991148e+00
-6.237218173657313791e+00
-6.241666629767383512e+00
-6.246112287055137102e+00
-6.250555740742149702e+00
-6.254996233790333982e+00
-6.259434367302423752e+00
-6.263869382476796588e+00
-6.268301886241953724e+00
-6.272731117971369841e+00
-6.277157690365662290e+00
-6.281580840913814079e+00
-6.286001188037039000e+00
-6.290417967281935141e+00
-6.294831802740321613e+00
-6.299241927960299137e+00
-6.303648972656227478e+00
-6.308052168323277087e+00
-6.312452150251772309e+00
-6.316848147830974369e+00
-6.321240801882438198e+00
-6.325629339638104476e+00
-6.330014407407312582e+00
-6.334395230214895811e+00
-6.338772459816135019e+00
-6.343145318980192293e+00
-6.347514464867950679e+00
-6.351879117945741449e+00
-6.356239940740997518e+00
-6.360596151371491480e+00
-6.364948417693561566e+00
-6.369295955431795164e+00
-6.373639437735026725e+00
-6.377978077891473419e+00
-6.382312554307263852e+00
-6.386642077792143546e+00
-6.390967331975637933e+00
-6.395287525147924867e+00
-6.399603346129251413e+00
-6.403914000650357430e+00
-6.408220182690582689e+00
-6.412521095382395231e+00
-6.416817437833590709e+00
-6.421108410540710132e+00
-6.425394717710451786e+00
-6.429675557166569355e+00
-6.433951638186317545e+00
-6.438222155884723463e+00
-6.442487824582133094e+00
-6.446747836649874053e+00
-6.451002911424872366e+00
-6.455252238500754025e+00
-6.459496542205339864e+00
-6.463735009321435854e+00
-6.467968369142959695e+00
-6.472195805609555208e+00
-6.476418052957512828e+00
-6.480634292251584938e+00
-6.484845262647422892e+00
-6.489050142304223279e+00
-6.493249675274682886e+00
-6.497443036782377668e+00
-6.501630975755700703e+00
-6.505812664453261007e+00
-6.509988856658476486e+00
-6.514158721636347238e+00
-6.518323018005371949e+00
-6.522480912008986387e+00
-6.526633167081588027e+00
-6.530778946417733266e+00
-6.534919018249134126e+00
-6.539052542694848924e+00
-6.543180292766010098e+00
-6.547301425480092973e+00
-6.551416718610440171e+00
-6.555525326047518142e+00
-6.559628030310238778e+00
-6.563723982137099178e+00
-6.567813968776705202e+00
-6.571897137791143706e+00
-6.575974281143305511e+00
-6.580044543195117335e+00
-6.584108720608929488e+00
-6.588165954523068635e+00
-6.592217046285084869e+00
-6.596261133787052700e+00
-6.600299023047922375e+00
-6.604329848691069316e+00
-6.608354421393733524e+00
-6.612371872488638225e+00
-6.616383017298682390e+00
-6.620386983844581685e+00
-6.624384592082524392e+00
-6.628374966700224746e+00
-6.632358932275568719e+00
-6.636335610142640284e+00
-6.640305829489732581e+00
-6.644268708277095925e+00
-6.648225080292669453e+00
-6.652174060103123843e+00
-6.656116486085631223e+00
-6.660051469393851953e+00
-6.663979852984218688e+00
-6.667900744578482808e+00
-6.671814991702790465e+00
-6.675721698628114709e+00
-6.679621717441371231e+00
-6.683514148944420974e+00
-6.687399849776099359e+00
-6.691277917251190921e+00
-6.695149212552139240e+00
-6.699012829488991905e+00
-6.702869633779753755e+00
-6.706718715712375101e+00
-6.710560945532827226e+00
-6.714395409989835528e+00
-6.718222983850159480e+00
-6.722042750306459702e+00
-6.725855588639296556e+00
-6.729660578468876331e+00
-6.733458603582969104e+00
-6.737248740012995896e+00
-6.741031876047737903e+00
-6.744807084113843665e+00
-6.748575256995132499e+00
-6.752335463497829871e+00
-6.756088600895104435e+00
-6.759833734357245660e+00
-6.763571765641489542e+00
-6.767301756266970614e+00
-6.771024612469929593e+00
-6.774739392103311886e+00
-6.778447005877568543e+00
-6.782146507964808002e+00
-6.785838813545042925e+00
-6.789522973094991087e+00
-6.793199906260202425e+00
-6.796868659807477009e+00
-6.800530157843919454e+00
-6.804183443412368248e+00
-6.807829445077750563e+00
-6.811467202144940281e+00
-6.815097647633248990e+00
-6.818719817095880487e+00
-6.822334648003256952e+00
-6.825941172143306979e+00
-6.829540331434685640e+00
-6.833131153886585096e+00
-6.836714585863129301e+00
-6.840289651581579200e+00
-6.843857301848985664e+00
-6.847416557077639077e+00
-6.850968372515215954e+00
-6.854511764756085590e+00
-6.858047693486516216e+00
-6.861575171470231105e+00
-6.865095162830161968e+00
-6.868606676486763263e+00
-6.872110680998086529e+00
-6.875606181428767449e+00
-6.879094150770446170e+00
-6.882573590219780435e+00
-6.886045477200685383e+00
-6.889508809029543990e+00
-6.892964567561610245e+00
-6.896411746220922900e+00
-6.899851331293103129e+00
-6.903282312297993606e+00
-6.906705679950900567e+00
-6.910120419855521057e+00
-6.913527527156452912e+00
-6.916925983529624844e+00
-6.920316788548470655e+00
-6.923698919949504038e+00
-6.927073381734961011e+00
-6.930439147690482748e+00
-6.933797226246965373e+00
-6.937146587227863037e+00
-6.940488243493004639e+00
-6.943821160892347244e+00
-6.947146356714867466e+00
-6.950462792825948810e+00
-6.953771490944231637e+00
-6.957071408939301094e+00
-6.960363572960339695e+00
-6.963646936870012460e+00
-6.966922531248754602e+00
-6.970189305941601354e+00
-6.973448295961065746e+00
-6.976698447123747648e+00
-6.979940798875349017e+00
-6.983174292993295396e+00
-6.986399973357750426e+00
-6.989616777696212147e+00
-6.992825754324806908e+00
-6.996025836910478191e+00
-6.999218078206718374e+00
-7.002401407809521139e+00
-7.005576882911441317e+00
-7.008743429026987215e+00
-7.011902107789537375e+00
-7.015051840621826074e+00
-7.018193693599943828e+00
-7.021326584044471630e+00
-7.024451582476356926e+00
-7.027567602103717448e+00
-7.030675717894467880e+00
-7.033774838934171214e+00
-7.036866044640048834e+00
-7.039948239964803456e+00
-7.043022508777418977e+00
-7.046087751887762707e+00
-7.049145057619068844e+00
-7.052193322628279581e+00
-7.055233639695511982e+00
-7.058264901314862172e+00
-7.061288204726143825e+00
-7.064302438250563476e+00
-7.067308703590575725e+00
-7.070305884884562353e+00
-7.073295088300615596e+00
-7.076275193784510087e+00
-7.079247311972965306e+00
-7.082210318609368116e+00
-7.085165328802366602e+00
-7.088111214083059330e+00
-7.091049094035446920e+00
-7.093977835968578560e+00
-7.096898563945128302e+00
-7.099810141042463663e+00
-7.102713695805488392e+00
-7.105608087070176104e+00
-7.108494447867312438e+00
-7.111371632781835039e+00
-7.114240779334084941e+00
-7.117100737848400804e+00
-7.119952650338522204e+00
-7.122795362858519219e+00
-7.125630021919553414e+00
-7.128455469295825075e+00
-7.131272855999916338e+00
-7.134081019516600897e+00
-7.136881115364069217e+00
-7.139671976728148017e+00
-7.142454763636790993e+00
-7.145228304967366384e+00
-7.147993765261961840e+00
-7.150749969079964075e+00
-7.153498085482002722e+00
-7.156236934700074492e+00
-7.158967690317750154e+00
-7.161689168230158664e+00
-7.164402546548526374e+00
-7.167106636821591437e+00
-7.169802621692897837e+00
-7.172489308355424420e+00
-7.175167883989704620e+00
-7.177837151423564599e+00
-7.180498302379450415e+00
-7.183150135310566675e+00
-7.185793846486209446e+00
-7.188428229975554196e+00
-7.191054486599710138e+00
-7.193671406034523486e+00
-7.196280193658067148e+00
-7.198879634743280853e+00
-7.201470939230492974e+00
-7.204052887980413544e+00
-7.206626695500749413e+00
-7.209191138230676366e+00
-7.211747435250662974e+00
-7.214294358568938748e+00
-7.216833131844124338e+00
-7.219362522644147795e+00
-7.221883759211342735e+00
-7.224395604663873982e+00
-7.226899291833371208e+00
-7.229393579378936785e+00
-7.231879704727101732e+00
-7.234356422068508152e+00
-7.236824973430414865e+00
-7.239284108525510852e+00
-7.241735073987619842e+00
-7.244176615042182021e+00
-7.246609982935395600e+00
-7.249033918396008858e+00
-7.251449677288659856e+00
-7.253855995835962744e+00
-7.256254134527005739e+00
-7.258642825068934101e+00
-7.261023332581386214e+00
-7.263394384246561586e+00
-7.265757249820808283e+00
-7.268110651952031098e+00
-7.270455865039585852e+00
-7.272791607187552465e+00
-7.275119157444673412e+00
-7.277437229361757964e+00
-7.279747106643294607e+00
-7.282047498277355757e+00
-7.284339692630753760e+00
-7.286622394119319779e+00
-7.288896895778628426e+00
-7.291161897442820283e+00
-7.293418696822971725e+00
-7.295665989161943088e+00
-7.297905076852927664e+00
-7.300134650538105063e+00
-7.302356017299508117e+00
-7.304567863169038944e+00
-7.306771499924452407e+00
-7.308965608977813666e+00
-7.311151506809502543e+00
-7.313327870202140701e+00
-7.315496020345753969e+00
-7.317654629383889997e+00
-7.319805023223253215e+00
-7.321945869358699177e+00
-7.324078498420698580e+00
-7.326201573245860743e+00
-7.328316429195533388e+00
-7.330421724438357600e+00
-7.332518799073907800e+00
-7.334606306593141056e+00
-7.336685591841159315e+00
-7.338755303621567805e+00
-7.340816791532265739e+00
-7.342868699679805822e+00
-7.344912382422444708e+00
-7.346946479159872645e+00
-7.348972349018169758e+00
-7.350988626680324600e+00
-7.352996676047868441e+00
-7.354995127077435413e+00
-7.356985348453507711e+00
-7.358965965396448539e+00
-7.360938351381497213e+00
-7.362901126882915648e+00
-7.364855670174463853e+00
-7.366800596974354853e+00
-7.368737290362750159e+00
-7.370664361291849431e+00
-7.372583197656122245e+00
-7.374492405631894343e+00
-7.376393377935858808e+00
-7.378284715958435491e+00
-7.380167817246628736e+00
-7.382041278394956052e+00
-7.383906501788795929e+00
-7.385762079216770637e+00
-7.387609417910714349e+00
-7.389447104843284819e+00
-7.391276552101137653e+00
-7.393096341830725393e+00
-7.394907890981788690e+00
-7.396709776864583752e+00
-7.398503421300223870e+00
-7.400287396752458058e+00
-7.402063129922336948e+00
-7.403829188416972684e+00
-7.405587003825717218e+00
-7.407335138888738513e+00
-7.409075030092315828e+00
-7.410805235299428695e+00
-7.412527195901880361e+00
-7.414239464875119978e+00
-7.415943488525102545e+00
-7.417637814929475049e+00
-7.419323895317112338e+00
-7.421000272857332547e+00
-7.422668403710824592e+00
-7.424326826128151424e+00
-7.425977001210668504e+00
-7.427617462279736849e+00
-7.429249675386209617e+00
-7.430872168911870190e+00
-7.432486413866074670e+00
-7.434090933680287172e+00
-7.435687204331592248e+00
-7.437273744290548549e+00
-7.438852034510999189e+00
-7.440420588492067999e+00
-7.441980892173470252e+00
-7.443531454072215503e+00
-7.445073765123210840e+00
-7.446606328850602807e+00
-7.448130641193791313e+00
-7.449645200673271184e+00
-7.451151508242393362e+00
-7.452648057407204263e+00
-7.454136354144329957e+00
-7.455614886934569085e+00
-7.457085166787482677e+00
-7.458545677147571773e+00
-7.459997934066869618e+00
-7.461440415942748317e+00
-7.462874643879348291e+00
-7.464299091215899296e+00
-7.465715284118324746e+00
-7.467121690856716398e+00
-7.468519842668527531e+00
-7.469908202743612335e+00
-7.471288307400920203e+00
-7.472658614738858951e+00
-7.474020666167640492e+00
-7.475372914683176440e+00
-7.476716906796987416e+00
-7.478051090391134359e+00
-7.479377017088529200e+00
-7.480693129646086348e+00
-7.482000984808167665e+00
-7.483299020195369522e+00
-7.484588797683534800e+00
-7.485868749745510087e+00
-7.487140443398991430e+00
-7.488402305957588823e+00
-7.489655909591143690e+00
-7.490899676442571042e+00
-7.492135183844164992e+00
-7.493360848756682735e+00
-7.494578253685250324e+00
-7.495785810396886184e+00
-7.496985106580093650e+00
-7.498174548796439964e+00
-7.499355729928422143e+00
-7.500527051320442951e+00
-7.501690111059603261e+00
-7.502843305261437834e+00
-7.503988237228283786e+00
-7.505123297835124774e+00
-7.506250095610232265e+00
-7.507367016176037744e+00
-7.508475673297742681e+00
-7.509574447333383418e+00
-7.510664957295845490e+00
-7.511745578266792123e+00
-7.512817934517836527e+00
-7.513880395842190474e+00
-7.514934591781201156e+00
-7.515978886827674010e+00
-7.517014915803756026e+00
-7.518041037889570788e+00
-7.519058893199312088e+00
-7.520066835588258058e+00
-7.521066510473895406e+00
-7.522056266374335998e+00
-7.523037754021620671e+00
-7.524009316584521656e+00
-7.524972610120999938e+00
-7.525925972437987888e+00
-7.526871064930773514e+00
-7.527806220032147166e+00
-7.528733104486285299e+00
-7.529650045339208120e+00
-7.530558714695556155e+00
-7.531457434202099677e+00
-7.532347881335575757e+00
-7.533228372330805556e+00
-7.534100590048391943e+00
-7.534962845298590395e+00
-7.535816826337601526e+00
-7.536660838538341345e+00
-7.537496575564503587e+00
-7.538322337338851931e+00
-7.539139822944472158e+00
-7.539947326841178743e+00
-7.540746553543414166e+00
-7.541535792035005237e+00
-7.542316752273959146e+00
-7.543087717755094346e+00
-7.543850403892023770e+00
-7.544603088677579450e+00
-7.545347492993263572e+00
-7.546081889316631930e+00
-7.546808004009397663e+00
-7.547524104020672198e+00
-7.548231921204766159e+00
-7.548929716969093207e+00
-7.549619228672897364e+00
-7.550298712168611814e+00
-7.550969910332916868e+00
-7.551631073449855514e+00
-7.552283949926192896e+00
-7.552926784463954490e+00
-7.553561331012689450e+00
-7.554185828678981807e+00
-7.554802036967829260e+00
-7.555408189376726646e+00
-7.556006050978903765e+00
-7.556593849649088313e+00
-7.557173356041686496e+00
-7.557742792394793518e+00
-7.558303934957042003e+00
-7.558855000316098582e+00
-7.559397770327676902e+00
-7.559930455915171876e+00
-7.560454844554655551e+00
-7.560969141491072243e+00
-7.561475139834037407e+00
-7.561971039136161643e+00
-7.562458638153708002e+00
-7.562936130732810014e+00
-7.563405321289842220e+00
-7.563864397950178287e+00
-7.564315170803724619e+00
-7.564755822240837979e+00
-7.565188168038423200e+00
-7.565610384837449409e+00
-7.566024294115398341e+00
-7.566428066749443460e+00
-7.566823529931309800e+00
-7.567208848759776174e+00
-7.567585856154626534e+00
-7.567952711421625622e+00
-7.568311253222432811e+00
-7.568659635055081658e+00
-7.568999701337031816e+00
-7.569329599743861436e+00
-7.569651180462721562e+00
-7.569962585332006277e+00
-7.570265670322540608e+00
-7.570558571420603400e+00
-7.570843150394943599e+00
-7.571117537364548511e+00
-7.571383599910393336e+00
-7.571639462269172505e+00
-7.571886997848316092e+00
-7.572124324987034250e+00
-7.572353322933564890e+00
-7.572572104114490443e+00
-7.572782553633348179e+00
-7.572982777988588765e+00
-7.573174668153715317e+00
-7.573356324683643059e+00
-7.573529644436366226e+00
-7.573692722007884015e+00
-7.573847460155386457e+00
-7.573991947500253730e+00
-7.574128092713793059e+00
-7.574253978427022638e+00
-7.574371519240263417e+00
-7.574478791778434861e+00
-7.574577716585814358e+00
-7.574666364265399743e+00
-7.574746661320489238e+00
-7.574816672316162958e+00
-7.574878329729840765e+00
-7.574929692072783105e+00
-7.574972697811810818e+00
-7.575005399388023086e+00
-7.575029741273051620e+00
-7.575043769821685480e+00
-7.575049435525761155e+00
-7.575044778637411547e+00
-7.575031755684157986e+00
-7.575008400799077002e+00
-7.574976676561047562e+00
-7.574934610967551052e+00
-7.574884172664411608e+00
-7.574823383497027329e+00
-7.574754218193944233e+00
-7.574674692431713652e+00
-7.574586787037507207e+00
-7.574488511502230459e+00
-7.574381852767704260e+00
-7.574264814122204648e+00
-7.574139388638231551e+00
-7.574003573384539223e+00
-7.573859367580483060e+00
-7.573704762058123485e+00
-7.573541762199847760e+00
-7.573368352583967678e+00
-7.573186544772178230e+00
-7.572994317071741754e+00
-7.572793687240150007e+00
-7.572582627296156943e+00
-7.572363161209596072e+00
-7.572133254693203419e+00
-7.571894937945837789e+00
-7.571646170356542527e+00
-7.571388988369935014e+00
-7.571121345033756000e+00
-7.570845283055058772e+00
-7.570558749122484166e+00
-7.570263792222588606e+00
-7.569958352666890100e+00
-7.569644485738367123e+00
-7.569320125353534046e+00
-7.568987333108865734e+00
-7.568644036507691908e+00
-7.568292303477274885e+00
-7.567930055089527208e+00
-7.567559365619656475e+00
-7.567178149689927302e+00
-7.566788487940935504e+00
-7.566388288526698425e+00
-7.565979638470886393e+00
-7.565560439440643492e+00
-7.565132784860177040e+00
-7.564694569891224241e+00
-7.564247894376260106e+00
-7.563790646952713637e+00
-7.563324933899197688e+00
-7.562848637309969924e+00
-7.562363869917606785e+00
-7.561868507254204452e+00
-7.561364668524328536e+00
-7.560850222678805466e+00
-7.560327295412277770e+00
-7.559793749074989577e+00
-7.559251715869992339e+00
-7.558699051527598023e+00
-7.558137894777479993e+00
-7.557566094710523430e+00
-7.556985796601528804e+00
-7.556394842882363072e+00
-7.555795385391451013e+00
-7.555185259881899817e+00
-7.554566624774419203e+00
-7.553937309123519128e+00
-7.553299477950978336e+00
-7.552650953592627836e+00
-7.551993907690229157e+00
-7.551326155840921928e+00
-7.550649876325302934e+00
-7.549962877981595710e+00
-7.549267345748400082e+00
-7.548561081684637131e+00
-7.547846277406047300e+00
-7.547120728171821114e+00
-7.546386632294150409e+00
-7.545641778211772177e+00
-7.544888370952892664e+00
-7.544124192115025274e+00
-7.543351453461775158e+00
-7.542567929728719811e+00
-7.541775839434450290e+00
-7.540972950431548583e+00
-7.540161488013418456e+00
-7.539339213128479322e+00
-7.538508357864786014e+00
-7.537666676245295072e+00
-7.536816407172739041e+00
-7.535955297723234025e+00
-7.535085593634224921e+00
-7.534205035013426865e+00
-7.533315874453172079e+00
-7.532415845071163574e+00
-7.531507206334999260e+00
-7.530587684350350308e+00
-7.529659545480607008e+00
-7.528720508797503541e+00
-7.527772847580691540e+00
-7.526814273845904069e+00
-7.525847067809676716e+00
-7.524868934409472132e+00
-7.523882160819595377e+00
-7.522884444876739352e+00
-7.521878080733897853e+00
-7.520860759104484927e+00
-7.519834781141125468e+00
-7.518797830411310557e+00
-7.517752215088460588e+00
-7.516695611571266866e+00
-7.515630335075221602e+00
-7.514554054807116579e+00
-7.513469093045955560e+00
-7.512373111783536395e+00
-7.511268440383858547e+00
-7.510152733600325092e+00
-7.509028327903607192e+00
-7.507892870785306982e+00
-7.506748705844404235e+00
-7.505593473287084372e+00
-7.504429523862595097e+00
-7.503254490467843318e+00
-7.502070731024332417e+00
-7.500875871095769476e+00
-7.499672275797981236e+00
-7.498457563337350251e+00
-7.497234106046409607e+00
-7.495999514749779991e+00
-7.494756169019058945e+00
-7.493501672272730119e+00
-7.492238411343919324e+00
-7.490963982220372408e+00
-7.489680779019304069e+00
-7.488386390272974147e+00
-7.487083217405438695e+00
-7.485768841468380508e+00
-7.484445671215709694e+00
-7.483111280193401882e+00
-7.481768084508074068e+00
-7.480413650174734919e+00
-7.479050400675900434e+00
-7.477675894470041662e+00
-7.476292562438841216e+00
-7.474897955458540189e+00
-7.473494511833388643e+00
-7.472079774831490440e+00
-7.470656190203195379e+00
-7.469221293582483767e+00
-7.467777538189347197e+00
-7.466322451997328358e+00
-7.464858495720018361e+00
-7.463383189644069660e+00
-7.461899002000492942e+00
-7.460403445362393526e+00
-7.458898995502267759e+00
-7.457383157252862382e+00
-7.455858413952365815e+00
-7.454322262666170040e+00
-7.452777194322347754e+00
-7.451220698191757030e+00
-7.449655272816830376e+00
-7.448078399646427705e+00
-7.446492584861895914e+00
-7.444895302062530362e+00
-7.443289065093295243e+00
-7.441671339676011243e+00
-7.440044647344143947e+00
-7.438406445914030662e+00
-7.436759264632611277e+00
-7.435100553382439692e+00
-7.433432849149038901e+00
-7.431753593852764794e+00
-7.430065332242941523e+00
-7.428365498249095644e+00
-7.426656644409717956e+00
-7.424936196634492447e+00
-7.423206715276742251e+00
-7.421465618197238712e+00
-7.419715473589613808e+00
-7.417953691236537139e+00
-7.416182847197779537e+00
-7.414400343148216166e+00
-7.412608763039711945e+00
-7.410805500409690438e+00
-7.408993147128139611e+00
-7.407169088564983461e+00
-7.405335924534606207e+00
-7.403491032209172928e+00
-7.401637019373769277e+00
-7.399771254972391965e+00
-7.397896354787415696e+00
-7.396009679503877443e+00
-7.394113852928106745e+00
-7.392206227455310419e+00
-7.390289434942438618e+00
-7.388360819463729356e+00
-7.386423020953815310e+00
-7.384473375134510853e+00
-7.382514530045172663e+00
-7.380543813023580313e+00
-7.378563880241093109e+00
-7.376572050619494725e+00
-7.374570988489576706e+00
-7.372558004325004077e+00
-7.370535770643465767e+00
-7.368501589438253063e+00
-7.366458141441663443e+00
-7.364402720133885083e+00
-7.362338014489727911e+00
-7.360261309443392186e+00
-7.358175302240283600e+00
-7.356077269235394844e+00
-7.353969915972901283e+00
-7.351850510195371058e+00
-7.349721765773977289e+00
-7.347580941805187393e+00
-7.345430760515762714e+00
-7.343268472322169949e+00
-7.341096807835411298e+00
-7.338913008757852019e+00
-7.336719814113626725e+00
-7.334514456856505937e+00
-7.332299684452780575e+00
-7.330072721073074504e+00
-7.327836322654984080e+00
-7.325587704551025148e+00
-7.323329631199586132e+00
-7.321059309099859469e+00
-7.318779511220563805e+00
-7.316487435172148501e+00
-7.314185862483479461e+00
-7.311871981840535994e+00
-7.309548583362264651e+00
-7.307212846774244319e+00
-7.304867570815622102e+00
-7.302509926215418723e+00
-7.300142720363268722e+00
-7.297763114955189145e+00
-7.295373926061934355e+00
-7.292972306309653874e+00
-7.290561080481028355e+00
-7.288137392095406675e+00
-7.285704074678295505e+00
-7.283258262605007971e+00
-7.280802798175180612e+00
-7.278334806582464012e+00
-7.275857138931971058e+00
-7.273366911198138496e+00
-7.270866983323064581e+00
-7.268354462023898677e+00
-7.265832216111835606e+00
-7.263297343008258800e+00
-7.260752720425514894e+00
-7.258195436450955995e+00
-7.255628377730301004e+00
-7.253048622978050197e+00
-7.250459067806005464e+00
-7.247856781516683000e+00
-7.245244668720945747e+00
-7.242619789270096753e+00
-7.239985056807028307e+00
-7.237337521692364994e+00
-7.234680106634582941e+00
-7.232009852463789024e+00
-7.229329690987673196e+00
-7.226636653465848603e+00
-7.223933680839271787e+00
-7.221217794756754849e+00
-7.218491945326777959e+00
-7.215753144546984466e+00
-7.213004351727875019e+00
-7.210242569175240313e+00
-7.207470765436510440e+00
-7.204685933084617133e+00
-7.201891049939186829e+00
-7.199083098799146541e+00
-7.196265066791883491e+00
-7.193433926900879349e+00
-7.190592675597139660e+00
-7.187738276007138438e+00
-7.184873733981714139e+00
-7.181996002748527452e+00
-7.179108097574833813e+00
-7.176206961747515045e+00
-7.173295619987050564e+00
-7.170371005597308667e+00
-7.167436152789472104e+00
-7.164487984841837687e+00
-7.161529545494027538e+00
-7.158557747956172612e+00
-7.155575645534313800e+00
-7.152580141327702812e+00
-7.149574298247294735e+00
-7.146555009238335643e+00
-7.143525346855723157e+00
-7.140482193847528691e+00
-7.137428632451800148e+00
-7.134361535176120483e+00
-7.131283993981549330e+00
-7.128192871091514782e+00
-7.125091268230284491e+00
-7.121976037293523021e+00
-7.118850289809341092e+00
-7.115710867301773490e+00
-7.112560891143867359e+00
-7.109397192443997149e+00
-7.106222902461848179e+00
-7.103034841845849989e+00
-7.099836151784464811e+00
-7.096623642421863387e+00
-7.093400464917861470e+00
-7.090163418867896361e+00
-7.086915665446314350e+00
-7.083653993655159908e+00
-7.080381574726875016e+00
-7.077095187025456369e+00
-7.073798011885664927e+00
-7.070486816988511336e+00
-7.067164793815741142e+00
-7.063828699320413129e+00
-7.060481735176673546e+00
-7.057120647564330440e+00
-7.053748648395824716e+00
-7.050362473032577348e+00
-7.046965343671718784e+00
-7.043553984810851709e+00
-7.040131628978835820e+00
-7.036694989764142427e+00
-7.033247310074928649e+00
-7.029785292544894482e+00
-7.026312190509872657e+00
-7.022824695603031131e+00
-7.019326071636778686e+00
-7.015812999198137945e+00
-7.012288752625481791e+00
-7.008750001413813102e+00
-7.005200030477766404e+00
-7.001635498174328731e+00
-6.998059700045244469e+00
-6.994469283263475390e+00
-6.990867554049330579e+00
-6.987251148345691831e+00
-6.983623383103678250e+00
-6.979980882989819335e+00
-6.976326975738958325e+00
-6.972658274695091585e+00
-6.968978118430296576e+00
-6.965283108919707367e+00
-6.961576595626931763e+00
-6.957855169111873295e+00
-6.954122189784720298e+00
-6.950374236743564360e+00
-6.946614681400999913e+00
-6.942840091346838882e+00
-6.939053849052423395e+00
-6.935252510552714078e+00
-6.931439469435092704e+00
-6.927611270132986832e+00
-6.923771317407764414e+00
-6.919916144044553796e+00
-6.916049166037539386e+00
-6.912166904476746865e+00
-6.908272786648579356e+00
-6.904363321901091588e+00
-6.900441948873350384e+00
-6.896505165124390935e+00
-6.892556420706995368e+00
-6.888592201344207133e+00
-6.884615968564411936e+00
-6.880624196207464571e+00
-6.876620357340064160e+00
-6.872600913871801609e+00
-6.868569350471065427e+00
-6.864522117069832952e+00
-6.860462710002658504e+00
-6.856387567176423836e+00
-6.852300196656914366e+00
-6.848197024278634082e+00
-6.844081569904391316e+00
-6.839950247248713922e+00
-6.835806588038297882e+00
-6.831646993819957103e+00
-6.827475008251900235e+00
-6.823287020665445013e+00
-6.819086586718695386e+00
-6.814870083479555696e+00
-6.810641078675295113e+00
-6.806395937062414525e+00
-6.802138238507411394e+00
-6.797864335407179937e+00
-6.793577819838408693e+00
-6.789275031790087844e+00
-6.784959575620761463e+00
-6.780627778863093980e+00
-6.776283258230201945e+00
-6.771922328749675479e+00
-6.767548619562615997e+00
-6.763158433142807624e+00
-6.758755411133634539e+00
-6.754335843406031437e+00
-6.749903384180748311e+00
-6.745454310676708864e+00
-6.740992289768042767e+00
-6.736513585972210727e+00
-6.732021878893493572e+00
-6.727513420298292246e+00
-6.722991902598666414e+00
-6.718453564760084262e+00
-6.713902112080828211e+00
-6.709333770675244502e+00
-6.704752258807277876e+00
-6.700153789689707651e+00
-6.695542094632163099e+00
-6.690913373895249983e+00
-6.686271371915232464e+00
-6.681612275949547097e+00
-6.676939843642824890e+00
-6.672250249198024896e+00
-6.667547263550782866e+00
-6.662827047797906133e+00
-6.658093386249379186e+00
-6.653342426843877888e+00
-6.648577967349938334e+00
-6.643796142495740575e+00
-6.639000763593399412e+00
-6.634187952107765796e+00
-6.629361532980248661e+00
-6.624517614359247908e+00
-6.619660034902181245e+00
-6.614784889387305356e+00
-6.609896030275217882e+00
-6.604989538920046144e+00
-6.600069281673850874e+00
-6.595131326411980410e+00
-6.590179553466708029e+00
-6.585210017179737640e+00
-6.580226611953250426e+00
-6.575225378539571786e+00
-6.570210225501191381e+00
-6.565177179945062669e+00
-6.560130164685064713e+00
-6.555065193126111467e+00
-6.549986202425414739e+00
-6.544889192228500185e+00
-6.539778114128452557e+00
-6.534648953953656303e+00
-6.529505677826431764e+00
-6.524344257699373983e+00
-6.519168674318107648e+00
-6.513974885700303474e+00
-6.508766887309604066e+00
-6.503540623168940549e+00
-6.498300103555298080e+00
-6.493041258436361929e+00
-6.487768112998584691e+00
-6.482476583093043310e+00
-6.477170708912486141e+00
-6.471846392129354975e+00
-6.466507688040096902e+00
-6.461150484075586675e+00
-6.455778850734192886e+00
-6.450388661141565727e+00
-6.444984001096607074e+00
-6.439560729355400248e+00
-6.434122947116745372e+00
-6.428666498701730347e+00
-6.423195500809089076e+00
-6.417705783258704777e+00
-6.412201478349910388e+00
-6.406678401334130690e+00
-6.401140700212621049e+00
-6.395584175600205867e+00
-6.390012991301977863e+00
-6.384422933227072328e+00
-6.378818181086892025e+00
-6.373194506014767668e+00
-6.367556103731451422e+00
-6.361898730523471990e+00
-6.356226598224552049e+00
-6.350535448202263566e+00
-6.344829508507527471e+00
-6.339104505515675392e+00
-6.333364683599747913e+00
-6.327605754068467370e+00
-6.321831977722345286e+00
-6.316039050728089244e+00
-6.310231250419623628e+00
-6.304404257744948836e+00
-6.298562366678007507e+00
-6.292701242870333722e+00
-6.286825197042865909e+00
-6.280929879471596422e+00
-6.275019617732203514e+00
-6.269090046644972603e+00
-6.263145510748404199e+00
-6.257181629325461181e+00
-6.251202763986348110e+00
-6.245204518393930648e+00
-6.239191271339249667e+00
-6.233158610781056375e+00
-6.227110932801111609e+00
-6.221043809568539196e+00
-6.214961654566210747e+00
-6.208860024086790830e+00
-6.202743349125188210e+00
-6.196607170009436061e+00
-6.190455935357947581e+00
-6.184285169444497576e+00
-6.178099338623003867e+00
-6.171893951022043190e+00
-6.165673490843492033e+00
-6.159433449978244823e+00
-6.153178330589308409e+00
-6.146903608235848360e+00
-6.140613803155709149e+00
-6.134304374480896271e+00
-6.127979860638222753e+00
-6.121635704235553810e+00
-6.115276462003479629e+00
-6.108897559927243925e+00
-6.102503573156477401e+00
-6.096089910953582880e+00
-6.089661167003372455e+00
-6.083212733743679657e+00
-6.076749223510828024e+00
-6.070266011814856810e+00
-6.063767729760718872e+00
-6.057249735825758208e+00
-6.050716680001176684e+00
-6.044163903624932388e+00
-6.037596075692944986e+00
-6.031008520295529252e+00
-6.024405925552001051e+00
-6.017783598195251216e+00
-6.011146245587642767e+00
-6.004489156992666388e+00
-5.997817059136034246e+00
-5.991125223698587909e+00
-5.984418396890119674e+00
-5.977691832693635909e+00
-5.970950296924498524e+00
-5.964189025750994411e+00
-5.957412804716298638e+00
-5.950616852055151895e+00
-5.943805973161489398e+00
-5.936975368216012683e+00
-5.930129862586978717e+00
-5.923264638278753935e+00
-5.916384540758254040e+00
-5.909484733729269301e+00
-5.902570082882508729e+00
-5.895635733495155684e+00
-5.888686571607610887e+00
-5.881717723942450959e+00
-5.874734097016467871e+00
-5.867730798867869524e+00
-5.860712756617282970e+00
-5.853675059486751486e+00
-5.846622655329176688e+00
-5.839550614416769925e+00
-5.832463905463848519e+00
-5.825357579657163498e+00
-5.818236626702550041e+00
-5.811096078563825706e+00
-5.803940946069261031e+00
-5.796766241820178855e+00
-5.789576997899232857e+00
-5.782368207403731475e+00
-5.775144923803584796e+00
-5.767902120548582090e+00
-5.760644872629783642e+00
-5.753368133703895992e+00
-5.746077000417999514e+00
-5.738766406488069016e+00
-5.731441470353200174e+00
-5.724097105639170735e+00
-5.716738452713917340e+00
-5.709360404961236313e+00
-5.701968124816236383e+00
-5.694556485266889290e+00
-5.687130670954677392e+00
-5.679685534315951578e+00
-5.672226282338924008e+00
-5.664747746750361301e+00
-5.657255157026908066e+00
-5.649743324025564561e+00
-5.642217499854237595e+00
-5.634672474337979686e+00
-5.627113522360102316e+00
-5.619535412549342190e+00
-5.611943442709803165e+00
-5.604332360107289190e+00
-5.596707485613523048e+00
-5.589063544962656671e+00
-5.581405882242226113e+00
-5.573729201483623719e+00
-5.566038870139866646e+00
-5.558329570366465688e+00
-5.550606693132936975e+00
-5.542864898543407470e+00
-5.535109601236469778e+00
-5.527335439087241120e+00
-5.519547850557408708e+00
-5.511741451113157275e+00
-5.503921703194965431e+00
-5.496083199677766373e+00
-5.488231427138170027e+00
-5.480360955675317669e+00
-5.472477296160882965e+00
-5.464574995731268814e+00
-5.456659589713933833e+00
-5.448725602093346332e+00
-5.440778592815121328e+00
-5.432813062520193803e+00
-5.424834595936531834e+00
-5.416837670167578445e+00
-5.408827894889737919e+00
-5.400799723472530012e+00
-5.392758790708688466e+00
-5.384699526035018557e+00
-5.376627589530554197e+00
-5.368537386498065445e+00
-5.360434602474650312e+00
-5.352313618425350583e+00
-5.344180145519389136e+00
-5.336028540177587765e+00
-5.327864539377261011e+00
-5.319682474786552540e+00
-5.311488109368720067e+00
-5.303275749827898622e+00
-5.295051185293729645e+00
-5.286808697292381787e+00
-5.278554101302408874e+00
-5.270281653455483273e+00
-5.261997195763920665e+00
-5.253694958745834143e+00
-5.245380811134384480e+00
-5.237048957612356226e+00
-5.228705293823330713e+00
-5.220343998390374551e+00
-5.211970994059389461e+00
-5.203580433166509422e+00
-5.195178265754507585e+00
-5.186758617642733604e+00
-5.178327466367850462e+00
-5.169878910999758048e+00
-5.161418956768583755e+00
-5.152941675759316276e+00
-5.144453101097887782e+00
-5.135947277646085496e+00
-5.127430266630685018e+00
-5.118896085449076594e+00
-5.110350823636554018e+00
-5.101788470882131499e+00
-5.093215145240479913e+00
-5.084624808444824673e+00
-5.076023607282902361e+00
-5.067405475282281913e+00
-5.058776588180130318e+00
-5.050130851045286917e+00
-5.041474468783950336e+00
-5.032801317750116965e+00
-5.024117632241650533e+00
-5.015417259638447867e+00
-5.006706463855805644e+00
-4.997979063037123026e+00
-4.989241350944276121e+00
-4.980487116218363930e+00
-4.971722682700225882e+00
-4.962941809259907799e+00
-4.954150850052761790e+00
-4.945343533905578681e+00
-4.936526245527446122e+00
-4.927692683426285747e+00
-4.918849263107462733e+00
-4.909989652481229427e+00
-4.901120298095326788e+00
-4.892234836979911350e+00
-4.883339746975022599e+00
-4.874428633944607903e+00
-4.865508007274583768e+00
-4.856571441373393583e+00
-4.847625477429882146e+00
-4.838663658103872223e+00
-4.829692556648524260e+00
-4.820705683678055742e+00
-4.811709644774992967e+00
-4.802697918207480043e+00
-4.793677142156466786e+00
-4.784640762239652290e+00
-4.775595449509608237e+00
-4.766534616625312637e+00
-4.757464967788314070e+00
-4.748379882386702278e+00
-4.739286098052517104e+00
-4.730176960586760515e+00
-4.721059241337968615e+00
-4.711926252199672760e+00
-4.702784798527275711e+00
-4.693628157982293381e+00
-4.684463170221914829e+00
-4.675283078346958554e+00
-4.666094756615776440e+00
-4.656891413235424437e+00
-4.647679957369547310e+00
-4.638453561994039909e+00
-4.629219171486774975e+00
-4.619969923250407895e+00
-4.610712797190861245e+00
-4.601440894791087644e+00
-4.592161231803778776e+00
-4.582866873441014732e+00
-4.573564871626005335e+00
-4.564248254943986893e+00
-4.554924111817786780e+00
-4.545585433844948398e+00
-4.536239346281981000e+00
-4.526878803373224791e+00
-4.517510967548456158e+00
-4.508128755327821757e+00
-4.498739366659574301e+00
-4.489335679963789794e+00
-4.479924933057752412e+00
-4.470499965880281756e+00
-4.461068054474043976e+00
-4.451621999910162053e+00
-4.442169116818705632e+00
-4.432702167011036920e+00
-4.423228504072820755e+00
-4.413740850158069939e+00
-4.404246598182038674e+00
-4.394738430238152915e+00
-4.385223778951444551e+00
-4.375695285945761626e+00
-4.366160423942339719e+00
-4.356611793680430722e+00
-4.347056908370414696e+00
-4.337488327445798930e+00
-4.327913605005539566e+00
-4.318325258750185469e+00
-4.308730884073352918e+00
-4.299122956508892202e+00
-4.289509113158091580e+00
-4.279881786948069866e+00
-4.270248657107445389e+00
-4.260602113510018718e+00
-4.250949877938682064e+00
-4.241284296760363226e+00
-4.231613134746470273e+00
-4.221928694296674500e+00
-4.212238783612336945e+00
-4.202535660658533345e+00
-4.192827177515659365e+00
-4.183105547239419408e+00
-4.173378666246131630e+00
-4.163638702200117336e+00
-4.153893596318027903e+00
-4.144135470383371711e+00
-4.134372310885731316e+00
-4.124596193230476437e+00
-4.114815149660950411e+00
-4.105021208699170643e+00
-4.095222448831412621e+00
-4.085410851183048919e+00
-4.075594540981024139e+00
-4.065765451432516109e+00
-4.055931755011568107e+00
-4.046085336477124983e+00
-4.036234416065680897e+00
-4.026370829549345665e+00
-4.016502845451537240e+00
-4.006622250009943542e+00
-3.996737360568668240e+00
-3.986839913274397240e+00
-3.976938274835275955e+00
-3.967024130741120924e+00
-3.957105897617032131e+00
-3.947175209720542366e+00
-3.937240534156830840e+00
-3.927293453365949372e+00
-3.917342485506252192e+00
-3.907379160605289670e+00
-3.897412048458085643e+00
-3.887432626074314168e+00
-3.877449515480035913e+00
-3.867454140051120870e+00
-3.857455174649761620e+00
-3.847443988391533676e+00
-3.837429309591011695e+00
-3.827402452465905824e+00
-3.817372199410866251e+00
-3.807329809096961615e+00
-3.797284118638234673e+00
-3.787226330498654647e+00
-3.777165337163040260e+00
-3.767092284216185138e+00
-3.757016120176983165e+00
-3.746927933066774408e+00
-3.736836728114729222e+00
-3.726733535081791615e+00
-3.716627416596315570e+00
-3.706509343449361005e+00
-3.696388436370507957e+00
-3.686255606458256118e+00
-3.676120033258791775e+00
-3.665972567442103092e+00
-3.655822448100360500e+00
-3.645660464725047678e+00
-3.635495916697752961e+00
-3.625319531567554154e+00
-3.615140669763267756e+00
-3.604949996113120836e+00
-3.594756932866026489e+00
-3.584552081335829588e+00
-3.574344926379588117e+00
-3.564126004988140917e+00
-3.553904865430258742e+00
-3.543671979549451123e+00
-3.533436959845849934e+00
-3.523190212175129066e+00
-3.512941414104840288e+00
-3.502680904645763427e+00
-3.492418427285997495e+00
-3.482144253317287497e+00
-3.471868193018466275e+00
-3.461580449070809973e+00
-3.451290899431934456e+00
-3.440989677263139424e+00
-3.430686729107154331e+00
-3.420372117677414447e+00
-3.410055859026753122e+00
-3.399727944473838637e+00
-3.389398460525896883e+00
-3.379057326140456397e+00
-3.368714699243265720e+00
-3.358360425444200548e+00
-3.348004735071879345e+00
-3.337637399381549130e+00
-3.327268722109932853e+00
-3.316888399129301224e+00
-3.306506808611352266e+00
-3.296113569995245740e+00
-3.285719136936373186e+00
-3.275313051368376360e+00
-3.264905843501659799e+00
-3.254486976668788500e+00
-3.244067058730133013e+00
-3.233635473297548746e+00
-3.223202907000321193e+00
-3.212758662585741387e+00
-3.202313506595404480e+00
-3.191856659742942526e+00
-3.181398969651342945e+00
-3.170929573805490786e+00
-3.160459402104790261e+00
-3.149977507583570091e+00
-3.139494903639850065e+00
-3.129000557607887867e+00
-3.118505567634246578e+00
-3.107998814075238592e+00
-3.097491481104494682e+00
-3.086972360793265313e+00
-3.076452724650207138e+00
-3.065921275124125156e+00
-3.055389372397086412e+00
-3.044845627926976217e+00
-3.034301491938890205e+00
-3.023745483499234332e+00
-3.013189144278087817e+00
-3.002620899516545094e+00
-2.992052383765059886e+00
-2.981471926971336561e+00
-2.970891258035906812e+00
-2.960298610109690642e+00
-2.949705807948439062e+00
-2.939100986366625978e+00
-2.928496067516871193e+00
-2.917879086299644431e+00
-2.907262063844099131e+00
-2.896632933520309372e+00
-2.886003817052569698e+00
-2.875362544623877969e+00
-2.864721340212634804e+00
-2.854067929116677060e+00
-2.843414639269068456e+00
-2.832749089341329185e+00
-2.822083712964869928e+00
-2.811406020399351835e+00
-2.800728552762851820e+00
-2.790038710071475414e+00
-2.779349142764357072e+00
-2.768647138735026658e+00
-2.757945459625444684e+00
-2.747231279278323779e+00
-2.736517472469825130e+00
-2.725791097012448816e+00
-2.715065142798905207e+00
-2.704326549579339378e+00
-2.693588424398269066e+00
-2.682837586856792633e+00
-2.672087263241075483e+00
-2.661324150859651905e+00
-2.650561597387199431e+00
-2.639786175637452992e+00
-2.629011356879101147e+00
-2.618223587168005295e+00
-2.607436463633157953e+00
-2.596636303246368627e+00
-2.585836831326814966e+00
-2.575024233370203142e+00
-2.564212365281214989e+00
-2.553387278619708045e+00
-2.542562962339097954e+00
-2.531725331532840517e+00
-2.520888510737368193e+00
-2.510038275975662092e+00
-2.499188889974611971e+00
-2.488325987006648532e+00
-2.477463970672960869e+00
-2.466588330735858481e+00
-2.455713614433829406e+00
-2.444825164177339971e+00
-2.433937673687705416e+00
-2.423036335095796634e+00
-2.412135991537076141e+00
-2.401221681846027689e+00
-2.390308401592714738e+00
-2.379381033205512530e+00
-2.368454727802388415e+00
-2.357514208199205985e+00
-2.346574784272079217e+00
-2.335621015916882648e+00
-2.324668375078826177e+00
-2.313701255321640726e+00
-2.302735294075381578e+00
-2.291754715049805657e+00
-2.280775324685380134e+00
-2.269781173201617985e+00
-2.258788239689155652e+00
-2.247780397121877272e+00
-2.236773800999594553e+00
-2.225752143170414143e+00
-2.214731759426970648e+00
-2.203696156481434354e+00
-2.192661854432854440e+00
-2.181612170711349385e+00
-2.170563813871975167e+00
-2.159499907774252936e+00
-2.148437353721230902e+00
-2.137359077564608967e+00
-2.126282177795834283e+00
-2.115189377665795956e+00
-2.104097977450789081e+00
-2.092990493044571743e+00
-2.081884431267746915e+00
-2.070762095729795416e+00
-2.059641204725864316e+00
-2.048503844474672597e+00
-2.037367949855569904e+00
-2.026215384402014319e+00
-2.015064304874959245e+00
-2.003896346630624326e+00
-1.992729893806546082e+00
-1.981546347882384485e+00
-1.970364326074282246e+00
-1.959164990068210210e+00
-1.947967196078839835e+00
-1.936751859852052782e+00
-1.925538082750065216e+00
-1.914306528191175305e+00
-1.903076549075147783e+00
-1.891828549851246599e+00
-1.880582141600568580e+00
-1.869317462894406034e+00
-1.858054389906524717e+00
-1.846772788139123378e+00
-1.835492806051817860e+00
-1.824194028588903338e+00
-1.812896883986652163e+00
-1.801580668828482557e+00
-1.790266098932267180e+00
-1.778932174385150056e+00
-1.767599906723690939e+00
-1.756247991052191093e+00
-1.744897743114033339e+00
-1.733527544172378088e+00
-1.722159023037086900e+00
-1.710770237878060707e+00
-1.699383139825132671e+00
-1.687975454285129295e+00
-1.676569464378592444e+00
-1.665142552636706297e+00
-1.653717344284264534e+00
-1.642270868393540750e+00
-1.630826102877480421e+00
-1.619359712266241758e+00
-1.607895038244558705e+00
-1.596408369185099430e+00
-1.584923422160132267e+00
-1.573416097202585240e+00
-1.561910498954449444e+00
-1.550382126322668697e+00
-1.538855484305033938e+00
-1.527305657251300852e+00
-1.515757563945798747e+00
-1.504185860061027169e+00
-1.492615892287213919e+00
-1.481021872762748215e+00
-1.469429590939579366e+00
-1.457812799776107004e+00
-1.446197747130617328e+00
-1.434557710289888544e+00
-1.422919412008563533e+00
-1.411255636502138033e+00
-1.399593598819439455e+00
-1.387905571729199039e+00
-1.376219280947567736e+00
-1.364506468371007308e+00
-1.352795389805886428e+00
-1.341057235719196772e+00
-1.329320812561869403e+00
-1.317556737592692651e+00
-1.305794389682364942e+00
-1.294003789782938396e+00
-1.282214912279718844e+00
-1.270397157290406920e+00
-1.258581119238224577e+00
-1.246735551329915870e+00
-1.234891694098531945e+00
-1.223017626080592057e+00
-1.211145261673067575e+00
-1.199241975152600892e+00
-1.187340384364034440e+00
-1.175407127739576563e+00
-1.163475558150063094e+00
-1.151511544420609656e+00
-1.139549208203821884e+00
-1.127553612571589037e+00
-1.115559684096917747e+00
-1.103531641339297931e+00
-1.091505254543114756e+00
-1.079443856125001711e+00
-1.067384101622224524e+00
-1.055288392516412710e+00
-1.043194314419968238e+00
-1.031063289597102806e+00
-1.018933882007306169e+00
-1.006766482552206909e+00
-9.946006856720147615e-01
-9.823957944746311011e-01
-9.701924902996954536e-01
-9.579489272614705175e-01
-9.457069347852916641e-01
-9.334234514702302032e-01
-9.211415213342888375e-01
-9.088167949825147751e-01
-8.964936034884214422e-01
-8.841262302940924300e-01
-8.717603726802237718e-01
-8.593488602169496726e-01
-8.469388430824600356e-01
-8.344816017374332429e-01
-8.220258344744806323e-01
-8.095211677224154467e-01
-7.970179527887281123e-01
-7.844640461033511869e-01
-7.719115679314949574e-01
-7.593064760867197505e-01
-7.467027883831056645e-01
-7.340444208401486481e-01
-7.213874319698153625e-01
-7.086735359757549979e-01
-6.959609920583221809e-01
-6.831891329893349241e-01
-6.704185982391271947e-01
-6.575861366025951282e-01
-6.447549703274397803e-01
-6.318590346810799563e-01
-6.189643641976654287e-01
-6.060018190370787261e-01
-5.930405075539887383e-01
-5.800079149416869084e-01
-5.669765231838560515e-01
-5.538700965167850931e-01
-5.407648364871319169e-01
-5.275803842785553588e-01
-5.143970630333610794e-01
-5.011299198579226566e-01
-4.878638704442039842e-01
-4.745088111577107082e-01
-4.611548068240598486e-01
-4.477059386654014261e-01
-4.342580849532859388e-01
-4.207087099041836309e-01
-4.071603069948470099e-01
-3.935027433858796497e-01
-3.798461076907257983e-01
-3.660714547565903643e-01
-3.522976834533663171e-01
-3.383955040396803282e-01
-3.244941577553948076e-01
-3.104520402099187337e-01
-2.964107048814593193e-01
-2.822136405558415828e-01
-2.680173048917470768e-01
-2.536467728065495697e-01
-2.392769128991709959e-01
-2.247094763758113456e-01
-2.101426522596490376e-01
-1.953476921519999021e-01
-1.805532809301970409e-01
-1.654890806198658082e-01
-1.504253613001738099e-01
-1.350317122153581184e-01
-1.196384709714375938e-01
-1.038208282252110204e-01
-8.800351357475602598e-02
-7.159180264221996770e-02
-5.518033116736111715e-02
-3.777791137788666376e-02
-2.037562858616272232e-02
3.440410065871494298e-15
