6.000000000000021316e+00
5.938848487647142349e+00
5.763677301285738075e+00
5.496418421952220967e+00
5.165780549339267225e+00
4.800237465508502055e+00
4.423514285576130689e+00
4.052960010167820926e+00
3.699876242496019429e+00
3.370717078261778354e+00
3.068440488097439189e+00
2.793675305925647390e+00
2.545608556177612947e+00
2.322610169384589529e+00
2.122649265700712107e+00
1.943558747799356556e+00
1.783195248329126903e+00
1.639529593413724173e+00
1.510692585293484713e+00
1.394992964595131113e+00
1.290918709460249447e+00
1.197128890415894764e+00
1.112440649971542683e+00
1.035814126924331946e+00
9.663370092082312901e-01
9.032096704869052584e-01
8.457313780312123441e-01
7.932877461655966078e-01
7.453393866771222953e-01
7.014115744943942854e-01
6.610847540561606284e-01
6.239858776262604545e-01
5.897807983438584367e-01
5.581680685020022903e-01
5.288744033926805477e-01
5.016517960798869691e-01
4.762759549386034186e-01
4.525455331000034498e-01
4.302815940481305446e-01
4.093268835935902628e-01
3.895446768492407119e-01
3.708171607996523234e-01
3.530434496614200390e-01
3.361373974738144366e-01
3.200253808458570770e-01
3.046441957173952608e-01
2.899391664679628056e-01
2.758625192993053310e-01
2.623720333789614778e-01
2.494299560772188229e-01
2.370021524725140494e-01
2.250574520535321699e-01
2.135671545872379895e-01
2.025046600291739995e-01
1.918451922224045370e-01
1.815655916380211898e-01
1.716441577337751712e-01
1.620605262102167710e-01
1.527955703527986708e-01
1.438313187506149726e-01
1.351508840538931111e-01
1.267383991870079663e-01
1.185789586927029904e-01
1.106585637605585343e-01
1.029640700841950446e-01
9.548313807655575691e-02
8.820418521174719362e-02
8.111634040111340149e-02
7.420940038449340415e-02
6.747378814889226639e-02
6.090051339239735406e-02
5.448113504288069897e-02
4.820772582582032173e-02
4.207283885808843493e-02
3.606947622765631356e-02
3.019105950445111208e-02
2.443140211519399807e-02
1.878468350591035174e-02
1.324542500907879838e-02
7.808467328372314942e-03
2.468949551747187665e-03
-2.777710396527563463e-03
-7.935833953415030728e-03
-1.300949885046799592e-02
-1.800255486641601232e-02
-2.291863847888313266e-02
-2.776118649132240657e-02
-3.253344870709917735e-02
-3.723849971862146224e-02
-4.187924987509257513e-02
-4.645845548845936590e-02
-5.097872833306524298e-02
-5.544254449073875157e-02
-5.985225258929667558e-02
-6.421008147908779939e-02
-6.851814738879152822e-02
-7.277846059872689066e-02
-7.699293166702003699e-02
-8.116337724130891218e-02
-8.529152548611232398e-02
-8.937902115387913460e-02
-9.342743032532078995e-02
-9.743824484292511190e-02
-1.014128864595567059e-01
-1.053527107224252191e-01
-1.092590106111655246e-01
-1.131330199473327275e-01
-1.169759165912952481e-01
-1.207888254412833595e-01
-1.245728212482805075e-01
-1.283289312594051435e-01
-1.320581377014050095e-01
-1.357613801151700272e-01
-1.394395575512070162e-01
-1.430935306354181313e-01
-1.467241235137368982e-01
-1.503321256836091524e-01
-1.539182937197266787e-01
-1.574833529008894395e-01
-1.610279987442970184e-01
-1.645528984533148331e-01
-1.680586922840776876e-01
-1.715459948361610365e-01
-1.750153962720173983e-01
-1.784674634696059858e-01
-1.819027411123840254e-01
-1.853217527204525927e-01
-1.887250016264768182e-01
-1.921129718996870406e-01
-1.954861292211065860e-01
-1.988449217129028002e-01
-2.021897807245467971e-01
-2.055211215783929735e-01
-2.088393442769783670e-01
-2.121448341742739607e-01
-2.154379626130215608e-01
-2.187190875299928339e-01
-2.219885540311057059e-01
-2.252466949380065309e-01
-2.284938313077706507e-01
-2.317302729271924489e-01
-2.349563187830975286e-01
-2.381722575099418371e-01
-2.413783678160235924e-01
-2.445749188893532877e-01
-2.477621707843842003e-01
-2.509403747905789017e-01
-2.541097737837447190e-01
-2.572706025611359304e-01
-2.604230881610771764e-01
-2.635674501680037030e-01
-2.667039010035938684e-01
-2.698326462047803687e-01
-2.729538846892593518e-01
-2.760678090091608361e-01
-2.791746055934817283e-01
-2.822744549798147373e-01
-2.853675320359519429e-01
-2.884540061718368076e-01
-2.915340415423274822e-01
-2.946077972412838308e-01
-2.976754274873063544e-01
-3.007370818016259495e-01
-3.037929051784718504e-01
-3.068430382482599250e-01
-3.098876174340146616e-01
-3.129267751012547172e-01
-3.159606397017361012e-01
-3.189893359112670468e-01
-3.220129847619275787e-01
-3.250317037689008925e-01
-3.280456070522321244e-01
-3.310548054536561757e-01
-3.340594066488156710e-01
-3.370595152549854534e-01
-3.400552329345955527e-01
-3.430466584946665343e-01
-3.460338879823632308e-01
-3.490170147768729136e-01
-3.519961296777229243e-01
-3.549713209896915300e-01
-3.579426746045244467e-01
-3.609102740795055997e-01
-3.638742007131008371e-01
-3.668345336177178950e-01
-3.697913497898161483e-01
-3.727447241773264031e-01
-3.756947297446476819e-01
-3.786414375352400996e-01
-3.815849167318887125e-01
-3.845252347148312988e-01
-3.874624571177553989e-01
-3.903966478817544328e-01
-3.933278693074155341e-01
-3.962561821049692679e-01
-3.991816454427397076e-01
-4.021043169938133821e-01
-4.050242529811260428e-01
-4.079415082209393861e-01
-4.108561361648240817e-01
-4.137681889401654267e-01
-4.166777173893242425e-01
-4.195847711073900088e-01
-4.224893984787023160e-01
-4.253916467120910094e-01
-4.282915618749656428e-01
-4.311891889262332578e-01
-4.340845717481087718e-01
-4.369777531768884726e-01
-4.398687750326871204e-01
-4.427576781482164270e-01
-4.456445023965761587e-01
-4.485292867181805421e-01
-4.514120691467894408e-01
-4.542928868346919891e-01
-4.571717760770934724e-01
-4.600487723357007952e-01
-4.629239102615725909e-01
-4.657972237172419150e-01
-4.686687457981087435e-01
-4.715385088532015878e-01
-4.744065445052665919e-01
-4.772728836702163635e-01
-4.801375565760009345e-01
-4.830005927808779798e-01
-4.858620211911200970e-01
-4.887218700781854053e-01
-4.915801670953505176e-01
-4.944369392938607888e-01
-4.972922131385680289e-01
-5.001460145231078069e-01
-5.029983687846177887e-01
-5.058493007180188128e-01
-5.086988345898681985e-01
-5.115469941517934993e-01
-5.143938026535598285e-01
-5.172392828557053068e-01
-5.200834570418509939e-01
-5.229263470306342310e-01
-5.257679741872752777e-01
-5.286083594348552905e-01
-5.314475232652208225e-01
-5.342854857496082133e-01
-5.371222665489500114e-01
-5.399578849239017320e-01
-5.427923597445521997e-01
-5.456257094999041879e-01
-5.484579523070552964e-01
-5.512891059201360244e-01
-5.541191877389861631e-01
-5.569482148176204683e-01
-5.597762038724125588e-01
-5.626031712901002901e-01
-5.654291331355268957e-01
-5.682541051592249204e-01
-5.710781028047323682e-01
-5.739011412157628556e-01
-5.767232352431443942e-01
-5.795443994515885322e-01
-5.823646481262829688e-01
-5.851839952792915467e-01
-5.880024546557960363e-01
-5.908200397401844883e-01
-5.936367637619143212e-01
-5.964526397013366621e-01
-5.992676802952516812e-01
-6.020818980423910949e-01
-6.048953052087185922e-01
-6.077079138326284546e-01
-6.105197357299745331e-01
-6.133307824989954193e-01
-6.161410655250969537e-01
-6.189505959855216011e-01
-6.217593848538955914e-01
-6.245674429046694787e-01
-6.273747807174191449e-01
-6.301814086810777482e-01
-6.329873369980307807e-01
-6.357925756881139812e-01
-6.385971345925376408e-01
-6.414010233776638037e-01
-6.442042515387375046e-01
-6.470068284035070949e-01
-6.498087631357448712e-01
-6.526100647387027553e-01
-6.554107420584628363e-01
-6.582108037872295148e-01
-6.610102584665157321e-01
-6.638091144902695806e-01
-6.666073801079303029e-01
-6.694050634273863709e-01
-6.722021724178900426e-01
-6.749987149128838793e-01
-6.777946986127790785e-01
-6.805901310876416588e-01
-6.833850197798317927e-01
-6.861793720065915148e-01
-6.889731949625443885e-01
-6.917664957221654198e-01
-6.945592812421620410e-01
-6.973515583638372206e-01
-7.001433338153603136e-01
-7.029346142140205922e-01
-7.057254060683977315e-01
-7.085157157805022088e-01
-7.113055496478691841e-01
-7.140949138655732220e-01
-7.168838145282540042e-01
-7.196722576320420117e-01
-7.224602490764573393e-01
-7.252477946662901909e-01
-7.280349001134082121e-01
-7.308215710385295161e-01
-7.336078129729730612e-01
-7.363936313603479666e-01
-7.391790315582371651e-01
-7.419640188397949032e-01
-7.447485983953522348e-01
-7.475327753339734427e-01
-7.503165546849835943e-01
-7.530999413994294844e-01
-7.558829403515768819e-01
-7.586655563402955327e-01
-7.614477940904772479e-01
-7.642296582543984806e-01
-7.670111534130452657e-01
-7.697922840774221731e-01
-7.725730546898361695e-01
-7.753534696251468405e-01
-7.781335331919784215e-01
-7.809132496339394880e-01
-7.836926231307844715e-01
-7.864716577995577440e-01
-7.892503576957334843e-01
-7.920287268143022530e-01
-7.948067690908591221e-01
-7.975844884026548343e-01
-8.003618885696364149e-01
-8.031389733554543664e-01
-8.059157464684478800e-01
-8.086922115626414831e-01
-8.114683722386674125e-01
-8.142442320447180748e-01
-8.170197944774569843e-01
-8.197950629828998359e-01
-8.225700409573137861e-01
-8.253447317480580026e-01
-8.281191386544334287e-01
-8.308932649285137861e-01
-8.336671137759390504e-01
-8.364406883567256923e-01
-8.392139917860338416e-01
-8.419870271349324531e-01
-8.447597974311327196e-01
-8.475323056597509064e-01
-8.503045547639850321e-01
-8.530765476458539442e-01
-8.558482871668633418e-01
-8.586197761487028846e-01
-8.613910173738811293e-01
-8.641620135864110930e-01
-8.669327674924135474e-01
-8.697032817607668331e-01
-8.724735590237023830e-01
-8.752436018774294446e-01
-8.780134128826991846e-01
-8.807829945654015447e-01
-8.835523494171300118e-01
-8.863214798957277374e-01
-8.890903884258498646e-01
-8.918590773994955478e-01
-8.946275491765213195e-01
-8.973958060851713325e-01
-9.001638504225933923e-01
-9.029316844552958132e-01
-9.056993104196953137e-01
-9.084667305225394562e-01
-9.112339469414144633e-01
-9.140009618251803136e-01
-9.167677772944572423e-01
-9.195343954420276411e-01
-9.223008183333095689e-01
-9.250670480067686441e-01
-9.278330864743368211e-01
-9.305989357218262814e-01
-9.333645977093444346e-01
-9.361300743716904904e-01
-9.388953676187331565e-01
-9.416604793358100967e-01
-9.444254113840874210e-01
-9.471901656009581449e-01
-9.499547438003821398e-01
-9.527191477732422920e-01
-9.554833792877169829e-01
-9.582474400896099365e-01
-9.610113319026813983e-01
-9.637750564290006317e-01
-9.665386153492603327e-01
-9.693020103230944873e-01
-9.720652429894119928e-01
-9.748283149666816527e-01
-9.775912278532584709e-01
-9.803539832276633170e-01
-9.831165826489060011e-01
-9.858790276567396260e-01
-9.886413197719693402e-01
-9.914034604967237874e-01
-9.941654513147256678e-01
-9.969272936915659633e-01
-9.996889890749800500e-01
-1.002450538895077958e+00
-1.005211944564637028e+00
-1.007973207479321287e+00
-1.010734329017956012e+00
-1.013495310542759764e+00
-1.016256153399568429e+00
-1.019016858918104562e+00
-1.021777428412180777e+00
-1.024537863179929786e+00
-1.027298164504050648e+00
-1.030058333651995728e+00
-1.032818371876221830e+00
-1.035578280414371610e+00
-1.038338060489502057e+00
-1.041097713310286776e+00
-1.043857240071209835e+00
-1.046616641952787141e+00
-1.049375920121728756e+00
-1.052135075731157832e+00
-1.054894109920800238e+00
-1.057653023817150872e+00
-1.060411818533676609e+00
-1.063170495170986607e+00
-1.065929054817017274e+00
-1.068687498547198800e+00
-1.071445827424633235e+00
-1.074204042500259249e+00
-1.076962144813025324e+00
-1.079720135390046076e+00
-1.082478015246768788e+00
-1.085235785387125729e+00
-1.087993446803702025e+00
-1.090751000477873989e+00
-1.093508447379973436e+00
-1.096265788469435121e+00
-1.099023024694929296e+00
-1.101780156994531135e+00
-1.104537186295827755e+00
-1.107294113516101186e+00
-1.110050939562427175e+00
-1.112807665331831952e+00
-1.115564291711423683e+00
-1.118320819578516367e+00
-1.121077249800763065e+00
-1.123833583236287348e+00
-1.126589820733802538e+00
-1.129345963132742936e+00
-1.132102011263365959e+00
-1.134857965946899583e+00
-1.137613827995642923e+00
-1.140369598213084146e+00
-1.143125277394021921e+00
-1.145880866324664238e+00
-1.148636365782752300e+00
-1.151391776537669998e+00
-1.154147099350541161e+00
-1.156902334974343249e+00
-1.159657484154008600e+00
-1.162412547626530124e+00
-1.165167526121065888e+00
-1.167922420359022828e+00
-1.170677231054178424e+00
-1.173431958912755091e+00
-1.176186604633536303e+00
-1.178941168907946757e+00
-1.181695652420140963e+00
-1.184450055847113159e+00
-1.187204379858777914e+00
-1.189958625118044289e+00
-1.192712792280930190e+00
-1.195466881996626540e+00
-1.198220894907597645e+00
-1.200974831649647356e+00
-1.203728692852017224e+00
-1.206482479137466202e+00
-1.209236191122338377e+00
-1.211989829416658226e+00
-1.214743394624194783e+00
-1.217496887342542022e+00
-1.220250308163204567e+00
-1.223003657671658084e+00
-1.225756936447428336e+00
-1.228510145064160675e+00
-1.231263284089706200e+00
-1.234016354086163281e+00
-1.236769355609984800e+00
-1.239522289212003026e+00
-1.242275155437538414e+00
-1.245027954826435135e+00
-1.247780687913150777e+00
-1.250533355226794319e+00
-1.253285957291217612e+00
-1.256038494625056012e+00
-1.258790967741806766e+00
-1.261543377149882073e+00
-1.264295723352660383e+00
-1.267048006848576103e+00
-1.269800228131137798e+00
-1.272552387689009246e+00
-1.275304486006077376e+00
-1.278056523561479363e+00
-1.280808500829681451e+00
-1.283560418280516480e+00
-1.286312276379258712e+00
-1.289064075586658698e+00
-1.291815816358998337e+00
-1.294567499148156609e+00
-1.297319124401643542e+00
-1.300070692562655061e+00
-1.302822204070134049e+00
-1.305573659358803429e+00
-1.308325058859223233e+00
-1.311076402997843449e+00
-1.313827692197034436e+00
-1.316578926875153543e+00
-1.319330107446570866e+00
-1.322081234321736298e+00
-1.324832307907199747e+00
-1.327583328605682844e+00
-1.330334296816096051e+00
-1.333085212933596830e+00
-1.335836077349628281e+00
-1.338586890451969991e+00
-1.341337652624750243e+00
-1.344088364248528178e+00
-1.346839025700301562e+00
-1.349589637353558080e+00
-1.352340199578313529e+00
-1.355090712741161108e+00
-1.357841177205280303e+00
-1.360591593330512827e+00
-1.363341961473373720e+00
-1.366092281987087098e+00
-1.368842555221638113e+00
-1.371592781523799376e+00
-1.374342961237172256e+00
-1.377093094702205311e+00
-1.379843182256248468e+00
-1.382593224233583218e+00
-1.385343220965442379e+00
-1.388093172780055173e+00
-1.390843080002679866e+00
-1.393592942955635738e+00
-1.396342761958322409e+00
-1.399092537327272234e+00
-1.401842269376176731e+00
-1.404591958415880582e+00
-1.407341604754482667e+00
-1.410091208697295873e+00
-1.412840770546919922e+00
-1.415590290603256474e+00
-1.418339769163534658e+00
-1.421089206522347270e+00
-1.423838602971672973e+00
-1.426587958800903833e+00
-1.429337274296885285e+00
-1.432086549743915027e+00
-1.434835785423805854e+00
-1.437584981615884994e+00
-1.440334138597028080e+00
-1.443083256641687795e+00
-1.445832336021917630e+00
-1.448581377007399418e+00
-1.451330379865457099e+00
-1.454079344861099798e+00
-1.456828272257028933e+00
-1.459577162313670184e+00
-1.462326015289199477e+00
-1.465074831439561187e+00
-1.467823611018489238e+00
-1.470572354277531746e+00
-1.473321061466090764e+00
-1.476069732831410741e+00
-1.478818368618628920e+00
-1.481566969070779116e+00
-1.484315534428831018e+00
-1.487064064931697960e+00
-1.489812560816255571e+00
-1.492561022317373309e+00
-1.495309449667933555e+00
-1.498057843098833830e+00
-1.500806202839038983e+00
-1.503554529115570748e+00
-1.506302822153541054e+00
-1.509051082176179115e+00
-1.511799309404827207e+00
-1.514547504058980643e+00
-1.517295666356305084e+00
-1.520043796512628553e+00
-1.522791894742004493e+00
-1.525539961256692001e+00
-1.528287996267187143e+00
-1.531035999982244267e+00
-1.533783972608883772e+00
-1.536531914352421646e+00
-1.539279825416467906e+00
-1.542027706002974785e+00
-1.544775556312210085e+00
-1.547523376542812690e+00
-1.550271166891788122e+00
-1.553018927554528084e+00
-1.555766658724828666e+00
-1.558514360594905890e+00
-1.561262033355411472e+00
-1.564009677195439263e+00
-1.566757292302554339e+00
-1.569504878862800101e+00
-1.572252437060717378e+00
-1.574999967079346419e+00
-1.577747469100263533e+00
-1.580494943303570654e+00
-1.583242389867927757e+00
-1.585989808970562853e+00
-1.588737200787279980e+00
-1.591484565492471859e+00
-1.594231903259149652e+00
-1.596979214258930746e+00
-1.599726498662075613e+00
-1.602473756637491142e+00
-1.605220988352734635e+00
-1.607968193974041560e+00
-1.610715373666332439e+00
-1.613462527593218399e+00
-1.616209655917028698e+00
-1.618956758798809403e+00
-1.621703836398338927e+00
-1.624450888874138244e+00
-1.627197916383499754e+00
-1.629944919082464860e+00
-1.632691897125870373e+00
-1.635438850667338295e+00
-1.638185779859296032e+00
-1.640932684852985046e+00
-1.643679565798466635e+00
-1.646426422844651016e+00
-1.649173256139280230e+00
-1.651920065828965223e+00
-1.654666852059182958e+00
-1.657413614974288407e+00
-1.660160354717518771e+00
-1.662907071431026118e+00
-1.665653765255856289e+00
-1.668400436331983538e+00
-1.671147084798310756e+00
-1.673893710792678124e+00
-1.676640314451872227e+00
-1.679386895911644029e+00
-1.682133455306712211e+00
-1.684879992770766055e+00
-1.687626508436490980e+00
-1.690373002435559879e+00
-1.693119474898653332e+00
-1.695865925955469145e+00
-1.698612355734724355e+00
-1.701358764364175435e+00
-1.704105151970606080e+00
-1.706851518679857627e+00
-1.709597864616829277e+00
-1.712344189905483649e+00
-1.715090494668859211e+00
-1.717836779029078054e+00
-1.720583043107356103e+00
-1.723329287023992240e+00
-1.726075510898415599e+00
-1.728821714849152702e+00
-1.731567898993868093e+00
-1.734314063449336585e+00
-1.737060208331491662e+00
-1.739806333755402612e+00
-1.742552439835289180e+00
-1.745298526684541995e+00
-1.748044594415713693e+00
-1.750790643140531344e+00
-1.753536672969911558e+00
-1.756282684013950934e+00
-1.759028676381954481e+00
-1.761774650182415414e+00
-1.764520605523061114e+00
-1.767266542510812055e+00
-1.770012461251835090e+00
-1.772758361851512809e+00
-1.775504244414471522e+00
-1.778250109044584359e+00
-1.780995955844977496e+00
-1.783741784918023487e+00
-1.786487596365373909e+00
-1.789233390287938041e+00
-1.791979166785907740e+00
-1.794724925958762540e+00
-1.797470667905263220e+00
-1.800216392723466230e+00
-1.802962100510731691e+00
-1.805707791363727610e+00
-1.808453465378438096e+00
-1.811199122650160254e+00
-1.813944763273508620e+00
-1.816690387342448476e+00
-1.819435994950265423e+00
-1.822181586189593361e+00
-1.824927161152408051e+00
-1.827672719930042655e+00
-1.830418262613187963e+00
-1.833163789291895718e+00
-1.835909300055593052e+00
-1.838654794993072716e+00
-1.841400274192513065e+00
-1.844145737741474056e+00
-1.846891185726907691e+00
-1.849636618235163121e+00
-1.852382035351978429e+00
-1.855127437162510828e+00
-1.857872823751314462e+00
-1.860618195202376812e+00
-1.863363551599084511e+00
-1.866108893024256643e+00
-1.868854219560147190e+00
-1.871599531288437923e+00
-1.874344828290245069e+00
-1.877090110646139731e+00
-1.879835378436137461e+00
-1.882580631739695143e+00
-1.885325870635735201e+00
-1.888071095202643157e+00
-1.890816305518269624e+00
-1.893561501659932311e+00
-1.896306683704423790e+00
-1.899051851728012830e+00
-1.901797005806458163e+00
-1.904542146015001380e+00
-1.907287272428372926e+00
-1.910032385120799425e+00
-1.912777484166016340e+00
-1.915522569637244876e+00
-1.918267641607232621e+00
-1.921012700148223118e+00
-1.923757745331984514e+00
-1.926502777229803787e+00
-1.929247795912482299e+00
-1.931992801450357788e+00
-1.934737793913302362e+00
-1.937482773370705180e+00
-1.940227739891512204e+00
-1.942972693544201768e+00
-1.945717634396793683e+00
-1.948462562516872554e+00
-1.951207477971555804e+00
-1.953952380827535418e+00
-1.956697271151047968e+00
-1.959442149007903478e+00
-1.962187014463476986e+00
-1.964931867582708103e+00
-1.967676708430114108e+00
-1.970421537069791951e+00
-1.973166353565414699e+00
-1.975911157980233979e+00
-1.978655950377100403e+00
-1.981400730818444922e+00
-1.984145499366298360e+00
-1.986890256082276540e+00
-1.989635001027608707e+00
-1.992379734263119095e+00
-1.995124455849239364e+00
-1.997869165846010153e+00
-2.000613864313084189e+00
-2.003358551309718294e+00
-2.006103226894809577e+00
-2.008847891126856133e+00
-2.011592544063990573e+00
-2.014337185763960481e+00
-2.017081816284160833e+00
-2.019826435681597587e+00
-2.022571044012932973e+00
-2.025315641334451300e+00
-2.028060227702080720e+00
-2.030804803171398998e+00
-2.033549367797626850e+00
-2.036293921635629278e+00
-2.039038464739931111e+00
-2.041782997164700575e+00
-2.044527518963773272e+00
-2.047272030190637970e+00
-2.050016530898446376e+00
-2.052761021140017128e+00
-2.055505500967834465e+00
-2.058249970434047782e+00
-2.060994429590487176e+00
-2.063738878488650119e+00
-2.066483317179715673e+00
-2.069227745714537825e+00
-2.071972164143655259e+00
-2.074716572517295798e+00
-2.077460970885355085e+00
-2.080205359297441881e+00
-2.082949737802843870e+00
-2.085694106450542318e+00
-2.088438465289209400e+00
-2.091182814367229525e+00
-2.093927153732675794e+00
-2.096671483433325989e+00
-2.099415803516667456e+00
-2.102160114029889115e+00
-2.104904415019887232e+00
-2.107648706533274741e+00
-2.110392988616378140e+00
-2.113137261315233495e+00
-2.115881524675601977e+00
-2.118625778742950772e+00
-2.121370023562493046e+00
-2.124114259179139985e+00
-2.126858485637543428e+00
-2.129602702982072771e+00
-2.132346911256841615e+00
-2.135091110505685563e+00
-2.137835300772174207e+00
-2.140579482099608022e+00
-2.143323654531037459e+00
-2.146067818109241632e+00
-2.148811972876746079e+00
-2.151556118875817880e+00
-2.154300256148473647e+00
-2.157044384736468423e+00
-2.159788504681309895e+00
-2.162532616024257504e+00
-2.165276718806323331e+00
-2.168020813068270325e+00
-2.170764898850619407e+00
-2.173508976193651687e+00
-2.176253045137398257e+00
-2.178997105721661942e+00
-2.181741157986007540e+00
-2.184485201969753376e+00
-2.187229237711997953e+00
-2.189973265251597745e+00
-2.192717284627182295e+00
-2.195461295877147556e+00
-2.198205299039675875e+00
-2.200949294152704905e+00
-2.203693281253968461e+00
-2.206437260380954335e+00
-2.209181231570949588e+00
-2.211925194861013466e+00
-2.214669150287986277e+00
-2.217413097888497386e+00
-2.220157037698955449e+00
-2.222900969755555511e+00
-2.225644894094292336e+00
-2.228388810750938198e+00
-2.231132719761055760e+00
-2.233876621160006515e+00
-2.236620514982941010e+00
-2.239364401264818838e+00
-2.242108280040375767e+00
-2.244852151344160163e+00
-2.247596015210520104e+00
-2.250339871673590952e+00
-2.253083720767326437e+00
-2.255827562525480445e+00
-2.258571396981606139e+00
-2.261315224169063054e+00
-2.264059044121033093e+00
-2.266802856870489435e+00
-2.269546662450219188e+00
-2.272290460892837594e+00
-2.275034252230748955e+00
-2.277778036496189706e+00
-2.280521813721202662e+00
-2.283265583937654775e+00
-2.286009347177222040e+00
-2.288753103471408146e+00
-2.291496852851534261e+00
-2.294240595348744804e+00
-2.296984330994003454e+00
-2.299728059818099801e+00
-2.302471781851656019e+00
-2.305215497125105983e+00
-2.307959205668727254e+00
-2.310702907512613091e+00
-2.313446602686701326e+00
-2.316190291220745490e+00
-2.318933973144342797e+00
-2.321677648486919932e+00
-2.324421317277733046e+00
-2.327164979545890411e+00
-2.329908635320317334e+00
-2.332652284629787243e+00
-2.335395927502917690e+00
-2.338139563968154810e+00
-2.340883194053792415e+00
-2.343626817787962668e+00
-2.346370435198650739e+00
-2.349114046313678372e+00
-2.351857651160707441e+00
-2.354601249767256377e+00
-2.357344842160689957e+00
-2.360088428368212643e+00
-2.362832008416889451e+00
-2.365575582333630855e+00
-2.368319150145193230e+00
-2.371062711878195728e+00
-2.373806267559107841e+00
-2.376549817214245852e+00
-2.379293360869795038e+00
-2.382036898551780801e+00
-2.384780430286099318e+00
-2.387523956098498434e+00
-2.390267476014585668e+00
-2.393010990059828202e+00
-2.395754498259554666e+00
-2.398498000638965788e+00
-2.401241497223101096e+00
-2.403984988036883319e+00
-2.406728473105098409e+00
-2.409471952452389765e+00
-2.412215426103270666e+00
-2.414958894082120722e+00
-2.417702356413191200e+00
-2.420445813120597478e+00
-2.423189264228330142e+00
-2.425932709760239891e+00
-2.428676149740059742e+00
-2.431419584191395256e+00
-2.434163013137709886e+00
-2.436906436602363168e+00
-2.439649854608568091e+00
-2.442393267179431060e+00
-2.445136674337919924e+00
-2.447880076106885738e+00
-2.450623472509062761e+00
-2.453366863567056910e+00
-2.456110249303352866e+00
-2.458853629740319402e+00
-2.461597004900201391e+00
-2.464340374805138900e+00
-2.467083739477129445e+00
-2.469827098938082166e+00
-2.472570453209763208e+00
-2.475313802313846345e+00
-2.478057146271876121e+00
-2.480800485105288722e+00
-2.483543818835405759e+00
-2.486287147483433824e+00
-2.489030471070477812e+00
-2.491773789617517387e+00
-2.494517103145429182e+00
-2.497260411674981029e+00
-2.500003715226833734e+00
-2.502747013821527755e+00
-2.505490307479510292e+00
-2.508233596221114858e+00
-2.510976880066568828e+00
-2.513720159035992552e+00
-2.516463433149406903e+00
-2.519206702426719513e+00
-2.521949966887736316e+00
-2.524693226552174430e+00
-2.527436481439623961e+00
-2.530179731569596413e+00
-2.532922976961489603e+00
-2.535666217634592101e+00
-2.538409453608113875e+00
-2.541152684901151204e+00
-2.543895911532705778e+00
-2.546639133521675813e+00
-2.549382350886872928e+00
-2.552125563646997719e+00
-2.554868771820661966e+00
-2.557611975426384188e+00
-2.560355174482579432e+00
-2.563098369007577482e+00
-2.565841559019599760e+00
-2.568584744536790865e+00
-2.571327925577189255e+00
-2.574071102158744129e+00
-2.576814274299312757e+00
-2.579557442016662705e+00
-2.582300605328470944e+00
-2.585043764252318077e+00
-2.587786918805696335e+00
-2.590530069006013569e+00
-2.593273214870578158e+00
-2.596016356416622095e+00
-2.598759493661276565e+00
-2.601502626621590153e+00
-2.604245755314530619e+00
-2.606988879756966693e+00
-2.609731999965682281e+00
-2.612475115957386240e+00
-2.615218227748687507e+00
-2.617961335356116859e+00
-2.620704438796116253e+00
-2.623447538085048603e+00
-2.626190633239180450e+00
-2.628933724274706396e+00
-2.631676811207737998e+00
-2.634419894054285116e+00
-2.637162972830295438e+00
-2.639906047551622947e+00
-2.642649118234033701e+00
-2.645392184893227139e+00
-2.648135247544802340e+00
-2.650878306204285106e+00
-2.653621360887122194e+00
-2.656364411608669762e+00
-2.659107458384207590e+00
-2.661850501228933297e+00
-2.664593540157956131e+00
-2.667336575186312064e+00
-2.670079606328953137e+00
-2.672822633600748787e+00
-2.675565657016479637e+00
-2.678308676590853921e+00
-2.681051692338499937e+00
-2.683794704273948284e+00
-2.686537712411663836e+00
-2.689280716766015544e+00
-2.692023717351299084e+00
-2.694766714181722200e+00
-2.697509707271410484e+00
-2.700252696634397598e+00
-2.702995682284645707e+00
-2.705738664236023272e+00
-2.708481642502310383e+00
-2.711224617097213407e+00
-2.713967588034333023e+00
-2.716710555327198406e+00
-2.719453518989236152e+00
-2.722196479033796024e+00
-2.724939435474129645e+00
-2.727682388323399820e+00
-2.730425337594672541e+00
-2.733168283300918322e+00
-2.735911225455024187e+00
-2.738654164069764363e+00
-2.741397099157820261e+00
-2.744140030731783142e+00
-2.746882958804124808e+00
-2.749625883387227798e+00
-2.752368804493358745e+00
-2.755111722134689245e+00
-2.757854636323265662e+00
-2.760597547071033553e+00
-2.763340454389820344e+00
-2.766083358291327787e+00
-2.768826258787156824e+00
-2.771569155888766289e+00
-2.774312049607499109e+00
-2.777054939954562762e+00
-2.779797826941036387e+00
-2.782540710577862342e+00
-2.785283590875834658e+00
-2.788026467845619472e+00
-2.790769341497718159e+00
-2.793512211842485993e+00
-2.796255078890116152e+00
-2.798997942650649495e+00
-2.801740803133943025e+00
-2.804483660349693430e+00
-2.807226514307411325e+00
-2.809969365016427023e+00
-2.812712212485871888e+00
-2.815455056724685878e+00
-2.818197897741602009e+00
-2.820940735545139244e+00
-2.823683570143596722e+00
-2.826426401545049316e+00
-2.829169229757338311e+00
-2.831912054788045641e+00
-2.834654876644512989e+00
-2.837397695333811143e+00
-2.840140510862747991e+00
-2.842883323237834770e+00
-2.845626132465299829e+00
-2.848368938551052665e+00
-2.851111741500694574e+00
-2.853854541319497340e+00
-2.856597338012384579e+00
-2.859340131583928191e+00
-2.862082922038324817e+00
-2.864825709379397622e+00
-2.867568493610554992e+00
-2.870311274734800300e+00
-2.873054052754706156e+00
-2.875796827672388645e+00
-2.878539599489500667e+00
-2.881282368207208844e+00
-2.884025133826184195e+00
-2.886767896346561280e+00
-2.889510655767934644e+00
-2.892253412089333509e+00
-2.894996165309199121e+00
-2.897738915425355000e+00
-2.900481662435001162e+00
-2.903224406334656837e+00
-2.905967147120168015e+00
-2.908709884786667033e+00
-2.911452619328529501e+00
-2.914195350739376522e+00
-2.916938079012020069e+00
-2.919680804138443886e+00
-2.922423526109754199e+00
-2.925166244916175717e+00
-2.927908960546986350e+00
-2.930651672990503886e+00
-2.933394382234033149e+00
-2.936137088263842454e+00
-2.938879791065108549e+00
-2.941622490621882413e+00
-2.944365186917051069e+00
-2.947107879932284291e+00
-2.949850569647995524e+00
-2.952593256043299252e+00
-2.955335939095950160e+00
-2.958078618782296498e+00
-2.960821295077233017e+00
-2.963563967954149891e+00
-2.966306637384863887e+00
-2.969049303339572621e+00
-2.971791965786797274e+00
-2.974534624693312868e+00
-2.977277280024089645e+00
-2.980019931742233563e+00
-2.982762579808904135e+00
-2.985505224183262474e+00
-2.988247864822394462e+00
-2.990990501681233038e+00
-2.993733134712491584e+00
-2.996475763866573772e+00
-2.999218389091513615e+00
-3.001961010332870661e+00
-3.004703627533654053e+00
-3.007446240634251033e+00
-3.010188849572303038e+00
-3.012931454282653743e+00
-3.015674054697220718e+00
-3.018416650744919050e+00
-3.021159242351544094e+00
-3.023901829439685329e+00
-3.026644411928612222e+00
-3.029386989734168978e+00
-3.032129562768644426e+00
-3.034872130940692525e+00
-3.037614694155180040e+00
-3.040357252313085290e+00
-3.043099805311367145e+00
-3.045842353042839346e+00
-3.048584895396040384e+00
-3.051327432255092287e+00
-3.054069963499574047e+00
-3.056812489004372413e+00
-3.059555008639541995e+00
-3.062297522270153394e+00
-3.065040029756140427e+00
-3.067782530952150921e+00
-3.070525025707376621e+00
-3.073267513865400424e+00
-3.076009995264025854e+00
-3.078752469735097197e+00
-3.081494937104339638e+00
-3.084237397191164298e+00
-3.086979849808498599e+00
-3.089722294762578869e+00
-3.092464731852788251e+00
-3.095207160871436436e+00
-3.097949581603550495e+00
-3.100691993826710569e+00
-3.103434397310794068e+00
-3.106176791817781169e+00
-3.108919177101549192e+00
-3.111661552907625694e+00
-3.114403918972958873e+00
-3.117146275025720836e+00
-3.119888620785014943e+00
-3.122630955960680410e+00
-3.125373280253019193e+00
-3.128115593352540191e+00
-3.130857894939717667e+00
-3.133600184684721679e+00
-3.136342462247140972e+00
-3.139084727275713860e+00
-3.141826979408052889e+00
-3.144569218270362843e+00
-3.147311443477143644e+00
-3.150053654630890598e+00
-3.152795851321814169e+00
-3.155538033127507802e+00
-3.158280199612656158e+00
-3.161022350328712260e+00
-3.163764484813561317e+00
-3.166506602591217412e+00
-3.169248703171467341e+00
-3.171990786049537547e+00
-3.174732850705757947e+00
-3.177474896605180898e+00
-3.180216923197269896e+00
-3.182958929915489232e+00
-3.185700916176969155e+00
-3.188442881382104854e+00
-3.191184824914198082e+00
-3.193926746139048145e+00
-3.196668644404573545e+00
-3.199410519040413625e+00
-3.202152369357515571e+00
-3.204894194647717853e+00
-3.207635994183353212e+00
-3.210377767216797018e+00
-3.213119512980069370e+00
-3.215861230684374128e+00
-3.218602919519668148e+00
-3.221344578654207869e+00
-3.224086207234112766e+00
-3.226827804382869314e+00
-3.229569369200909534e+00
-3.232310900765105188e+00
-3.235052398128305473e+00
-3.237793860318840089e+00
-3.240535286340054721e+00
-3.243276675169783463e+00
-3.246018025759867420e+00
-3.248759337035636907e+00
-3.251500607895401185e+00
-3.254241837209937760e+00
-3.256983023821939938e+00
-3.259724166545515445e+00
-3.262465264165635759e+00
-3.265206315437584550e+00
-3.267947319086430547e+00
-3.270688273806450219e+00
-3.273429178260580663e+00
-3.276170031079854716e+00
-3.278910830862822312e+00
-3.281651576174986928e+00
-3.284392265548204293e+00
-3.287132897480115723e+00
-3.289873470433536173e+00
-3.292613982835889352e+00
-3.295354433078562018e+00
-3.298094819516321330e+00
-3.300835140466715334e+00
-3.303575394209422811e+00
-3.306315578985657755e+00
-3.309055692997530329e+00
-3.311795734407427805e+00
-3.314535701337368856e+00
-3.317275591868352080e+00
-3.320015404039751594e+00
-3.322755135848625585e+00
-3.325494785249090590e+00
-3.328234350151660692e+00
-3.330973828422581384e+00
-3.333713217883166102e+00
-3.336452516309151850e+00
-3.339191721429993098e+00
-3.341930830928217411e+00
-3.344669842438737550e+00
-3.347408753548171578e+00
-3.350147561794165174e+00
-3.352886264664705962e+00
-3.355624859597438281e+00
-3.358363343978957527e+00
-3.361101715144147573e+00
-3.363839970375460897e+00
-3.366578106902234691e+00
-3.369316121899992300e+00
-3.372054012489744679e+00
-3.374791775737290056e+00
-3.377529408652508280e+00
-3.380266908188657382e+00
-3.383004271241685679e+00
-3.385741494649503025e+00
-3.388478575191292474e+00
-3.391215509586810839e+00
-3.393952294495663047e+00
-3.396688926516614693e+00
-3.399425402186877054e+00
-3.402161717981416533e+00
-3.404897870312229902e+00
-3.407633855527664402e+00
-3.410369669911692103e+00
-3.413105309683243327e+00
-3.415840770995469455e+00
-3.418576049935070138e+00
-3.421311142521588966e+00
-3.424046044706732683e+00
-3.426780752373658867e+00
-3.429515261336307130e+00
-3.432249567338709451e+00
-3.434983666054299167e+00
-3.437717553085233746e+00
-3.440451223961737082e+00
-3.443184674141406276e+00
-3.445917899008542395e+00
-3.448650893873514534e+00
-3.451383653972068810e+00
-3.454116174464677336e+00
-3.456848450435919151e+00
-3.459580476893792778e+00
-3.462312248769106926e+00
-3.465043760914830351e+00
-3.467775008105471457e+00
-3.470505985036449914e+00
-3.473236686323490474e+00
-3.475967106501999915e+00
-3.478697240026473736e+00
-3.481427081269895307e+00
-3.484156624523151891e+00
-3.486885863994445334e+00
-3.489614793808724524e+00
-3.492343408007122285e+00
-3.495071700546393156e+00
-3.497799665298355176e+00
-3.500527296049364967e+00
-3.503254586499781276e+00
-3.505981530263433399e+00
-3.508708120867118030e+00
-3.511434351750087224e+00
-3.514160216263561676e+00
-3.516885707670245775e+00
-3.519610819143840885e+00
-3.522335543768596366e+00
-3.525059874538849947e+00
-3.527783804358591180e+00
-3.530507326041017357e+00
-3.533230432308132940e+00
-3.535953115790319234e+00
-3.538675369025961803e+00
-3.541397184461054337e+00
-3.544118554448806968e+00
-3.546839471249327413e+00
-3.549559927029242612e+00
-3.552279913861377203e+00
-3.554999423724423568e+00
-3.557718448502642516e+00
-3.560436979985565742e+00
-3.563155009867711609e+00
-3.565872529748316477e+00
-3.568589531131089565e+00
-3.571306005423970920e+00
-3.574021943938897827e+00
-3.576737337891605861e+00
-3.579452178401421936e+00
-3.582166456491092887e+00
-3.584880163086620719e+00
-3.587593289017103171e+00
-3.590305825014607599e+00
-3.593017761714029756e+00
-3.595729089653026289e+00
-3.598439799271903716e+00
-3.601149880913540713e+00
-3.603859324823337484e+00
-3.606568121149187789e+00
-3.609276259941446074e+00
-3.611983731152904831e+00
-3.614690524638830560e+00
-3.617396630156978876e+00
-3.620102037367632697e+00
-3.622806735833659086e+00
-3.625510715020606511e+00
-3.628213964296771010e+00
-3.630916472933327199e+00
-3.633618230104452174e+00
-3.636319224887468504e+00
-3.639019446263008106e+00
-3.641718883115187211e+00
-3.644417524231829741e+00
-3.647115358304642729e+00
-3.649812373929492093e+00
-3.652508559606615801e+00
-3.655203903740932514e+00
-3.657898394642293383e+00
-3.660592020525809343e+00
-3.663284769512166861e+00
-3.665976629627972105e+00
-3.668667588806100444e+00
-3.671357634886086352e+00
-3.674046755614513771e+00
-3.676734938645434880e+00
-3.679422171540774666e+00
-3.682108441770824747e+00
-3.684793736714676804e+00
-3.687478043660708416e+00
-3.690161349807108859e+00
-3.692843642262376935e+00
-3.695524908045875634e+00
-3.698205134088376589e+00
-3.700884307232640946e+00
-3.703562414234019329e+00
-3.706239441761042919e+00
-3.708915376396068275e+00
-3.711590204635903945e+00
-3.714263912892504571e+00
-3.716936487493610386e+00
-3.719607914683483063e+00
-3.722278180623588284e+00
-3.724947271393348913e+00
-3.727615172990884407e+00
-3.730281871333770649e+00
-3.732947352259845530e+00
-3.735611601527978554e+00
-3.738274604818903502e+00
-3.740936347736050216e+00
-3.743596815806387923e+00
-3.746255994481285878e+00
-3.748913869137413091e+00
-3.751570425077609183e+00
-3.754225647531814314e+00
-3.756879521657989329e+00
-3.759532032543063007e+00
-3.762183165203894841e+00
-3.764832904588229834e+00
-3.767481235575704357e+00
-3.770128142978848906e+00
-3.772773611544099737e+00
-3.775417625952830036e+00
-3.778060170822395314e+00
-3.780701230707211202e+00
-3.783340790099796180e+00
-3.785978833431882684e+00
-3.788615345075511343e+00
-3.791250309344142977e+00
-3.793883710493791028e+00
-3.796515532724149988e+00
-3.799145760179763354e+00
-3.801774376951167156e+00
-3.804401367076089446e+00
-3.807026714540620027e+00
-3.809650403280411712e+00
-3.812272417181908235e+00
-3.814892740083543288e+00
-3.817511355776983528e+00
-3.820128248008382243e+00
-3.822743400479605036e+00
-3.825356796849523455e+00
-3.827968420735268218e+00
-3.830578255713517510e+00
-3.833186285321796838e+00
-3.835792493059757557e+00
-3.838396862390519804e+00
-3.840999376741966564e+00
-3.843600019508059962e+00
-3.846198774050207714e+00
-3.848795623698583412e+00
-3.851390551753478775e+00
-3.853983541486660336e+00
-3.856574576142723920e+00
-3.859163638940487306e+00
-3.861750713074340702e+00
-3.864335781715633633e+00
-3.866918828014068499e+00
-3.869499835099104335e+00
-3.872078786081309509e+00
-3.874655664053817450e+00
-3.877230452093705093e+00
-3.879803133263402426e+00
-3.882373690612104689e+00
-3.884942107177211224e+00
-3.887508365985719472e+00
-3.890072450055681585e+00
-3.892634342397584657e+00
-3.895194026015831312e+00
-3.897751483910132819e+00
-3.900306699076967476e+00
-3.902859654510988374e+00
-3.905410333206495110e+00
-3.907958718158828226e+00
-3.910504792365848026e+00
-3.913048538829340561e+00
-3.915589940556481796e+00
-3.918128980561242702e+00
-3.920665641865863638e+00
-3.923199907502259443e+00
-3.925731760513475610e+00
-3.928261183955108482e+00
-3.930788160896742323e+00
-3.933312674423390831e+00
-3.935834707636894247e+00
-3.938354243657383957e+00
-3.940871265624672937e+00
-3.943385756699701261e+00
-3.945897700065922997e+00
-3.948407078930747272e+00
-3.950913876526931379e+00
-3.953418076113990320e+00
-3.955919660979595687e+00
-3.958418614440967875e+00
-3.960914919846278970e+00
-3.963408560576018758e+00
-3.965899520044390503e+00
-3.968387781700682293e+00
-3.970873329030629062e+00
-3.973356145557789265e+00
-3.975836214844881145e+00
-3.978313520495134092e+00
-3.980788046153654669e+00
-3.983259775508741107e+00
-3.985728692293199593e+00
-3.988194780285701846e+00
-3.990658023312054770e+00
-3.993118405246535829e+00
-3.995575910013176024e+00
-3.998030521587048192e+00
-4.000482223995541098e+00
-4.002931001319641524e+00
-4.005376837695183490e+00
-4.007819717314102803e+00
-4.010259624425676961e+00
-4.012696543337759714e+00
-4.015130458418006754e+00
-4.017561354095076531e+00
-4.019989214859850613e+00
-4.022414025266587423e+00
-4.024835769934148821e+00
-4.027254433547146739e+00
-4.029670000857088041e+00
-4.032082456683553140e+00
-4.034491785915299111e+00
-4.036897973511416104e+00
-4.039301004502412695e+00
-4.041700863991333215e+00
-4.044097537154842215e+00
-4.046491009244298276e+00
-4.048881265586818934e+00
-4.051268291586342940e+00
-4.053652072724651667e+00
-4.056032594562412719e+00
-4.058409842740186235e+00
-4.060783802979435642e+00
-4.063154461083485991e+00
-4.065521802938549811e+00
-4.067885814514635712e+00
-4.070246481866540478e+00
-4.072603791134755014e+00
-4.074957728546399593e+00
-4.077308280416128916e+00
-4.079655433147024723e+00
-4.081999173231484868e+00
-4.084339487252077738e+00
-4.086676361882397579e+00
-4.089009783887911809e+00
-4.091339740126779922e+00
-4.093666217550659958e+00
-4.095989203205503415e+00
-4.098308684232365273e+00
-4.100624647868121642e+00
-4.102937081446254908e+00
-4.105245972397606913e+00
-4.107551308251062849e+00
-4.109853076634289337e+00
-4.112151265274420986e+00
-4.114445861998743403e+00
-4.116736854735361995e+00
-4.119024231513839673e+00
-4.121307980465851450e+00
-4.123588089825793723e+00
-4.125864547931402448e+00
-4.128137343224328681e+00
-4.130406464250735432e+00
-4.132671899661856330e+00
-4.134933638214536522e+00
-4.137191668771769137e+00
-4.139445980303219308e+00
-4.141696561885718886e+00
-4.143943402703775369e+00
-4.146186492050027539e+00
-4.148425819325712638e+00
-4.150661374041123786e+00
-4.152893145816008769e+00
-4.155121124380033670e+00
-4.157345299573139918e+00
-4.159565661345975052e+00
-4.161782199760224898e+00
-4.163994904988989276e+00
-4.166203767317161244e+00
-4.168408777141680233e+00
-4.170609924971928173e+00
-4.172807201429977297e+00
-4.175000597250911660e+00
-4.177190103283072276e+00
-4.179375710488343998e+00
-4.181557409942378456e+00
-4.183735192834837413e+00
-4.185909050469620141e+00
-4.188078974265041943e+00
-4.190244955754041989e+00
-4.192406986584371609e+00
-4.194565058518720413e+00
-4.196719163434913469e+00
-4.198869293326008112e+00
-4.201015440300441384e+00
-4.203157596582122402e+00
-4.205295754510548711e+00
-4.207429906540883557e+00
-4.209560045244003845e+00
-4.211686163306603170e+00
-4.213808253531191816e+00
-4.215926308836159819e+00
-4.218040322255793839e+00
-4.220150286940262951e+00
-4.222256196155634633e+00
-4.224358043283867659e+00
-4.226455821822749037e+00
-4.228549525385874475e+00
-4.230639147702608405e+00
-4.232724682617988954e+00
-4.234806124092676427e+00
-4.236883466202852055e+00
-4.238956703140122073e+00
-4.241025829211400477e+00
-4.243090838838813106e+00
-4.245151726559519112e+00
-4.247208487025609713e+00
-4.249261115003939437e+00
-4.251309605375938716e+00
-4.253353953137470889e+00
-4.255394153398623480e+00
-4.257430201383515467e+00
-4.259462092430098323e+00
-4.261489821989917992e+00
-4.263513385627908825e+00
-4.265532779022145782e+00
-4.267547997963593076e+00
-4.269559038355860814e+00
-4.271565896214913671e+00
-4.273568567668818652e+00
-4.275567048957455540e+00
-4.277561336432203376e+00
-4.279551426555663340e+00
-4.281537315901325691e+00
-4.283519001153254457e+00
-4.285496479105771250e+00
-4.287469746663088443e+00
-4.289438800838989430e+00
-4.291403638756456473e+00
-4.293364257647323434e+00
-4.295320654851879638e+00
-4.297272827818518159e+00
-4.299220774103337028e+00
-4.301164491369731557e+00
-4.303103977388023083e+00
-4.305039230035013986e+00
-4.306970247293611997e+00
-4.308897027252365675e+00
-4.310819568105058508e+00
-4.312737868150273712e+00
-4.314651925790938591e+00
-4.316561739533865349e+00
-4.318467307989334536e+00
-4.320368629870581678e+00
-4.322265703993362962e+00
-4.324158529275465845e+00
-4.326047104736225002e+00
-4.327931429496055138e+00
-4.329811502775922527e+00
-4.331687323896888486e+00
-4.333558892279574692e+00
-4.335426207443671132e+00
-4.337289269007405856e+00
-4.339148076687048494e+00
-4.341002630296372011e+00
-4.342852929746118029e+00
-4.344698975043472799e+00
-4.346540766291544067e+00
-4.348378303688774871e+00
-4.350211587528450607e+00
-4.352040618198107502e+00
-4.353865396178995262e+00
-4.355685922045513969e+00
-4.357502196464659860e+00
-4.359314220195442680e+00
-4.361121994088326126e+00
-4.362925519084666526e+00
-4.364724796216091107e+00
-4.366519826603982857e+00
-4.368310611458848136e+00
-4.370097152079740255e+00
-4.371879449853689259e+00
-4.373657506255084648e+00
-4.375431322845098947e+00
-4.377200901271079303e+00
-4.378966243265950631e+00
-4.380727350647621421e+00
-4.382484225318364679e+00
-4.384236869264225511e+00
-4.385985284554396735e+00
-4.387729473340631792e+00
-4.389469437856599043e+00
-4.391205180417296461e+00
-4.392936703418420130e+00
-4.394664009335757626e+00
-4.396387100724555630e+00
-4.398105980218904421e+00
-4.399820650531125033e+00
-4.401531114451121773e+00
-4.403237374845800467e+00
-4.404939434658395214e+00
-4.406637296907880419e+00
-4.408330964688308207e+00
-4.410020441168222227e+00
-4.411705729589987079e+00
-4.413386833269203002e+00
-4.415063755594029082e+00
-4.416736500024589063e+00
-4.418405070092326525e+00
-4.420069469399386719e+00
-4.421729701617958419e+00
-4.423385770489677959e+00
-4.425037679824969317e+00
-4.426685433502434819e+00
-4.428329035468207664e+00
-4.429968489735335524e+00
-4.431603800383148162e+00
-4.433234971556616166e+00
-4.434862007465723899e+00
-4.436484912384871748e+00
-4.438103690652197564e+00
-4.439718346668986015e+00
-4.441328884899032658e+00
-4.442935309868009774e+00
-4.444537626162848198e+00
-4.446135838431118259e+00
-4.447729951380398283e+00
-4.449319969777654649e+00
-4.450905898448618281e+00
-4.452487742277168259e+00
-4.454065506204717195e+00
-4.455639195229586846e+00
-4.457208814406392605e+00
-4.458774368845433322e+00
-4.460335863712075799e+00
-4.461893304226132173e+00
-4.463446695661283492e+00
-4.464996043344421572e+00
-4.466541352655085895e+00
-4.468082629024838326e+00
-4.469619877936658270e+00
-4.471153104924344035e+00
-4.472682315571924860e+00
-4.474207515513045408e+00
-4.475728710430380453e+00
-4.477245906055026481e+00
-4.478759108165933256e+00
-4.480268322589302521e+00
-4.481773555197993808e+00
-4.483274811910945346e+00
-4.484772098692592301e+00
-4.486265421552285027e+00
-4.487754786543701968e+00
-4.489240199764288342e+00
-4.490721667354670821e+00
-4.492199195498088216e+00
-4.493672790419821261e+00
-4.495142458386629514e+00
-4.496608205706182915e+00
-4.498070038726502240e+00
-4.499527963835396882e+00
-4.500981987459915068e+00
-4.502432116065788748e+00
-4.503878356156859830e+00
-4.505320714274567706e+00
-4.506759196997379036e+00
-4.508193810940245072e+00
-4.509624562754083854e+00
-4.511051459125201113e+00
-4.512474506774794669e+00
-4.513893712458401986e+00
-4.515309082965370813e+00
-4.516720625118338717e+00
-4.518128345772713494e+00
-4.519532251816138491e+00
-4.520932350167981006e+00
-4.522328647778816268e+00
-4.523721151629934489e+00
-4.525109868732791085e+00
-4.526494806128535053e+00
-4.527875970887498269e+00
-4.529253370108682120e+00
-4.530627010919281439e+00
-4.531996900474168477e+00
-4.533363045955415949e+00
-4.534725454571805869e+00
-4.536084133558346387e+00
-4.537439090175788614e+00
-4.538790331710138126e+00
-4.540137865472205547e+00
-4.541481698797095845e+00
-4.542821839043782006e+00
-4.544158293594600551e+00
-4.545491069854811883e+00
-4.546820175252136664e+00
-4.548145617236286853e+00
-4.549467403278538491e+00
-4.550785540871246759e+00
-4.552100037527421428e+00
-4.553410900780280990e+00
-4.554718138182813014e+00
-4.556021757307321174e+00
-4.557321765745011355e+00
-4.558618171105541350e+00
-4.559910981016615850e+00
-4.561200203123532582e+00
-4.562485845088790626e+00
-4.563767914591646324e+00
-4.565046419327716265e+00
-4.566321367008556287e+00
-4.567592765361259133e+00
-4.568860622128026350e+00
-4.570124945065816569e+00
-4.571385741945877434e+00
-4.572643020553408100e+00
-4.573896788687141779e+00
-4.575147054158951399e+00
-4.576393824793475673e+00
-4.577637108427723867e+00
-4.578876912910710750e+00
-4.580113246103064917e+00
-4.581346115876661074e+00
-4.582575530114246121e+00
-4.583801496709086543e+00
-4.585024023564580276e+00
-4.586243118593914758e+00
-4.587458789719693009e+00
-4.588671044873597893e+00
-4.589879891996020866e+00
-4.591085339035736901e+00
-4.592287393949527008e+00
-4.593486064701856719e+00
-4.594681359264547460e+00
-4.595873285616409731e+00
-4.597061851742924254e+00
-4.598247065635939101e+00
-4.599428935293288667e+00
-4.600607468718508564e+00
-4.601782673920512323e+00
-4.602954558913255667e+00
-4.604123131715430084e+00
-4.605288400350159073e+00
-4.606450372844678398e+00
-4.607609057230042993e+00
-4.608764461540800994e+00
-4.609916593814710417e+00
-4.611065462092451384e+00
-4.612211074417309042e+00
-4.613353438834893794e+00
-4.614492563392858848e+00
-4.615628456140606239e+00
-4.616761125129005272e+00
-4.617890578410113633e+00
-4.619016824036899393e+00
-4.620139870062985210e+00
-4.621259724542338354e+00
-4.622376395529036230e+00
-4.623489891076997260e+00
-4.624600219239696663e+00
-4.625707388069934645e+00
-4.626811405619557505e+00
-4.627912279939216056e+00
-4.629010019078108051e+00
-4.630104631083727718e+00
-4.631196124001633940e+00
-4.632284505875183811e+00
-4.633369784745313247e+00
-4.634451968650286524e+00
-4.635531065625457359e+00
-4.636607083703059295e+00
-4.637680030911949913e+00
-4.638749915277388780e+00
-4.639816744820820738e+00
-4.640880527559662738e+00
-4.641941271507046274e+00
-4.642998984671645069e+00
-4.644053675057433495e+00
-4.645105350663478738e+00
-4.646154019483737407e+00
-4.647199689506847697e+00
-4.648242368715922446e+00
-4.649282065088337745e+00
-4.650318786595549980e+00
-4.651352541202888879e+00
-4.652383336869368335e+00
-4.653411181547480346e+00
-4.654436083183029815e+00
-4.655458049714919611e+00
-4.656477089074980036e+00
-4.657493209187791194e+00
-4.658506417970484037e+00
-4.659516723332576937e+00
-4.660524133175798944e+00
-4.661528655393904153e+00
-4.662530297872517160e+00
-4.663529068488954543e+00
-4.664524975112049887e+00
-4.665518025602004570e+00
-4.666508227810211906e+00
-4.667495589579107929e+00
-4.668480118742013296e+00
-4.669461823122963651e+00
-4.670440710536555962e+00
-4.671416788787818852e+00
-4.672390065672044734e+00
-4.673360548974643258e+00
-4.674328246470997428e+00
-4.675293165926322381e+00
-4.676255315095521503e+00
-4.677214701723051427e+00
-4.678171333542771038e+00
-4.679125218277822462e+00
-4.680076363640499615e+00
-4.681024777332090103e+00
-4.681970467042773087e+00
-4.682913440451477172e+00
-4.683853705225768493e+00
-4.684791269021709503e+00
-4.685726139483740837e+00
-4.686658324244579177e+00
-4.687587830925073362e+00
-4.688514667134104030e+00
-4.689438840468463709e+00
-4.690360358512749350e+00
-4.691279228839237092e+00
-4.692195459007790781e+00
-4.693109056565750059e+00
-4.694020029047810461e+00
-4.694928383975940811e+00
-4.695834128859260659e+00
-4.696737271193952346e+00
-4.697637818463168635e+00
-4.698535778136919916e+00
-4.699431157671971171e+00
-4.700323964511779806e+00
-4.701214206086380187e+00
-4.702101889812298374e+00
-4.702987023092454422e+00
-4.703869613316095766e+00
-4.704749667858690643e+00
-4.705627194081856146e+00
-4.706502199333268521e+00
-4.707374690946580564e+00
-4.708244676241349680e+00
-4.709112162522960610e+00
-4.709977157082539279e+00
-4.710839667196878189e+00
-4.711699700128371582e+00
-4.712557263124938167e+00
-4.713412363419947404e+00
-4.714265008232145782e+00
-4.715115204765608858e+00
-4.715962960209651555e+00
-4.716808281738776643e+00
-4.717651176512606348e+00
-4.718491651675810417e+00
-4.719329714358068806e+00
-4.720165371673982868e+00
-4.720998630723037159e+00
-4.721829498589539043e+00
-4.722657982342553851e+00
-4.723484089035858702e+00
-4.724307825707878550e+00
-4.725129199381646217e+00
-4.725948217064755319e+00
-4.726764885749276779e+00
-4.727579212411757936e+00
-4.728391204013142612e+00
-4.729200867498732919e+00
-4.730008209798145735e+00
-4.730813237825266526e+00
-4.731615958478211148e+00
-4.732416378639288546e+00
-4.733214505174929698e+00
-4.734010344935697390e+00
-4.734803904756208048e+00
-4.735595191455114872e+00
-4.736384211835057201e+00
-4.737170972682643644e+00
-4.737955480768402339e+00
-4.738737742846748979e+00
-4.739517765655969050e+00
-4.740295555918178749e+00
-4.741071120339277023e+00
-4.741844465608950898e+00
-4.742615598400630184e+00
-4.743384525371444838e+00
-4.744151253162226745e+00
-4.744915788397481293e+00
-4.745678137685327869e+00
-4.746438307617527386e+00
-4.747196304769422781e+00
-4.747952135699946119e+00
-4.748705806951567077e+00
-4.749457325050300049e+00
-4.750206696505666848e+00
-4.750953927810697586e+00
-4.751699025441891600e+00
-4.752441995859226331e+00
-4.753182845506112919e+00
-4.753921580809422842e+00
-4.754658208179417755e+00
-4.755392734009791234e+00
-4.756125164677638573e+00
-4.756855506543418599e+00
-4.757583765950983867e+00
-4.758309949227549573e+00
-4.759034062683680233e+00
-4.759756112613310108e+00
-4.760476105293692584e+00
-4.761194046985433026e+00
-4.761909943932457701e+00
-4.762623802362026204e+00
-4.763335628484712814e+00
-4.764045428494409151e+00
-4.764753208568320630e+00
-4.765458974866966457e+00
-4.766162733534179630e+00
-4.766864490697090062e+00
-4.767564252466152119e+00
-4.768262024935116195e+00
-4.768957814181058907e+00
-4.769651626264342248e+00
-4.770343467228666867e+00
-4.771033343101046320e+00
-4.771721259891805289e+00
-4.772407223594600900e+00
-4.773091240186420947e+00
-4.773773315627575009e+00
-4.774453455861729090e+00
-4.775131666815889631e+00
-4.775807954400420385e+00
-4.776482324509035315e+00
-4.777154783018835005e+00
-4.777825335790286232e+00
-4.778493988667250392e+00
-4.779160747476981719e+00
-4.779825618030140610e+00
-4.780488606120809614e+00
-4.781149717526503196e+00
-4.781808958008170407e+00
-4.782466333310221529e+00
-4.783121849160526295e+00
-4.783775511270436986e+00
-4.784427325334797310e+00
-4.785077297031965493e+00
