5.261260149700683094e-16
-3.934542283812138219e+00
-7.621902845620336819e+00
-1.087019945146288613e+01
-1.357226636330775449e+01
-1.570302605049357680e+01
-1.729698339116495376e+01
-1.842164018863589803e+01
-1.915629255776883255e+01
-1.957866401181049198e+01
-1.975809339135309628e+01
-1.975304850506331533e+01
-1.961106629306181404e+01
-1.936984735091116150e+01
-1.905876194803738244e+01
-1.870038148235462927e+01
-1.831185916707092076e+01
-1.790609974202958554e+01
-1.749271381212763998e+01
-1.707877906991666350e+01
-1.666943757728533271e+01
-1.626836028057395822e+01
-1.587810505565867558e+01
-1.550039213250781600e+01
-1.513631455631218081e+01
-1.478649956757285366e+01
-1.445123154250575936e+01
-1.413054677329761333e+01
-1.382430586175631149e+01
-1.353224970256307635e+01
-1.325404048279436608e+01
-1.298929025099232071e+01
-1.273757678758014755e+01
-1.249845030978429783e+01
-1.227143312853248602e+01
-1.205601801367929227e+01
-1.185166746436568985e+01
-1.165781765561819761e+01
-1.147388579376717210e+01
-1.129928146384785848e+01
-1.113341843705587841e+01
-1.097572686874643644e+01
-1.082566268411182264e+01
-1.068271524158882180e+01
-1.054641118816679501e+01
-1.041631670579723590e+01
-1.029203664668453300e+01
-1.017321318154708898e+01
-1.005952242692427134e+01
-9.950671655440181951e+00
-9.846395262724936259e+00
-9.746451966195440519e+00
-9.650621112301449145e+00
-9.558700492829002471e+00
-9.470503328184534553e+00
-9.385856824417302846e+00
-9.304599814197741736e+00
-9.226581951218637556e+00
-9.151661862037085982e+00
-9.079706815987254487e+00
-9.010591228907887995e+00
-8.944196662750064419e+00
-8.880410553378524696e+00
-8.819126431504152208e+00
-8.760242784908291114e+00
-8.703663427996545465e+00
-8.649296440367921335e+00
-8.597054639197082793e+00
-8.546854558374878508e+00
-8.498616996012028579e+00
-8.452266012790556005e+00
-8.407729538203502884e+00
-8.364938375541449034e+00
-8.323826857230294252e+00
-8.284331849014623828e+00
-8.246393448634876222e+00
-8.209953984682044847e+00
-8.174958755030647950e+00
-8.141355017455282450e+00
-8.109092765433903338e+00
-8.078123708505485112e+00
-8.048402083717396849e+00
-8.019883624194964256e+00
-7.992526404876795887e+00
-7.966289798049217552e+00
-7.941135352232814526e+00
-7.917025733609788674e+00
-7.893925637067758849e+00
-7.871800712569068992e+00
-7.850618507462969298e+00
-7.830347376939731596e+00
-7.810957456808812260e+00
-7.792419557260997109e+00
-7.774706165385944168e+00
-7.757790321538252876e+00
-7.741646650937290985e+00
-7.726250221999986678e+00
-7.711577606430950027e+00
-7.697605718946931574e+00
-7.684312905324799381e+00
-7.671677763001020445e+00
-7.659680256600418069e+00
-7.648300518946796522e+00
-7.637519993646972871e+00
-7.627320216096745042e+00
-7.617683982741122684e+00
-7.608594111704431562e+00
-7.600034638389280950e+00
-7.591989555399222489e+00
-7.584444034177137084e+00
-7.577383143924721232e+00
-7.570793099014390570e+00
-7.564659956642016958e+00
-7.558970889776897017e+00
-7.553712863312341597e+00
-7.548873932345436799e+00
-7.544441896615099452e+00
-7.540405623927429524e+00
-7.536753682693630552e+00
-7.533475690337452235e+00
-7.530560923765457382e+00
-7.527999692612054261e+00
-7.525781927491913770e+00
-7.523898577955117517e+00
-7.522340178386707876e+00
-7.521098270559445353e+00
-7.520163947059518073e+00
-7.519529298336943057e+00
-7.519185933548889089e+00
-7.519126452019549767e+00
-7.519342941403047043e+00
-7.519828473474823305e+00
-7.520575579525907273e+00
-7.521577770417010811e+00
-7.522827989123856973e+00
-7.524320154993648480e+00
-7.526047593368780042e+00
-7.528004603992204835e+00
-7.530184867643622049e+00
-7.532583038646553319e+00
-7.535193128457055245e+00
-7.538010122231161070e+00
-7.541028339311106166e+00
-7.544243073816966572e+00
-7.547648931979878739e+00
-7.551241496726444957e+00
-7.555015641812655502e+00
-7.558967220373153495e+00
-7.563091355813637229e+00
-7.567384154300742516e+00
-7.571840972373571788e+00
-7.576458153353550884e+00
-7.581231271638483094e+00
-7.586156893014591951e+00
-7.591230795599142489e+00
-7.596449754039550584e+00
-7.601809737072833251e+00
-7.607307715598975228e+00
-7.612939836827621320e+00
-7.618703256214858222e+00
-7.624594288169619816e+00
-7.630610261844794628e+00
-7.636747648377327558e+00
-7.643003940526691409e+00
-7.649375756423672179e+00
-7.655860743050974193e+00
-7.662455656477191290e+00
-7.669158289175411980e+00
-7.675965526720244902e+00
-7.682875298941479691e+00
-7.689884613063003194e+00
-7.696991528690070972e+00
-7.704193167369535189e+00
-7.711487711410374146e+00
-7.718872389845730986e+00
-7.726345501087122258e+00
-7.733904375269578857e+00
-7.741547420740737984e+00
-7.749272062771230374e+00
-7.757076813880731336e+00
-7.764959188895865339e+00
-7.772917799116562776e+00
-7.780950243704226388e+00
-7.789055227691987326e+00
-7.797230429686748288e+00
-7.805474643727619899e+00
-7.813785623285439463e+00
-7.822162246974649236e+00
-7.830602338834414589e+00
-7.839104857899036993e+00
-7.847667694745694256e+00
-7.856289884929196887e+00
-7.864969381780869462e+00
-7.873705293714571063e+00
-7.882495633261353163e+00
-7.891339578253867337e+00
-7.900235197082075445e+00
-7.909181733763229971e+00
-7.918177309404176967e+00
-7.927221231164564230e+00
-7.936311669911381372e+00
-7.945447993083571525e+00
-7.954628418524264610e+00
-7.963852371255446094e+00
-7.973118113473700141e+00
-7.982425125243833186e+00
-7.991771710643762461e+00
-8.001157402386191109e+00
-8.010580544099063616e+00
-8.020040718884375863e+00
-8.029536307720135824e+00
-8.039066941966195756e+00
-8.048631037873761329e+00
-8.058228273048285928e+00
-8.067857097052419491e+00
-8.077517231836386813e+00
-8.087207158420433473e+00
-8.096926641303230809e+00
-8.106674191209883418e+00
-8.116449613488905257e+00
-8.126251446912281295e+00
-8.136079536071896712e+00
-8.145932446217358347e+00
-8.155810059663489042e+00
-8.165710966651898772e+00
-8.175635085780763589e+00
-8.185581030876370789e+00
-8.195548755456711021e+00
-8.205536895599102820e+00
-8.215545438449282756e+00
-8.225573041071013947e+00
-8.235619723012947091e+00
-8.245684161125918621e+00
-8.255766406199734675e+00
-8.265865153734150539e+00
-8.275980484657999625e+00
-8.286111112039440840e+00
-8.296257145900193919e+00
-8.306417315850680438e+00
-8.316591760012052248e+00
-8.326779223562134291e+00
-8.336979871777851159e+00
-8.347192464477684481e+00
-8.357417193197745675e+00
-8.367652831516013023e+00
-8.377899596375270264e+00
-8.388156274274807700e+00
-8.398423106753590162e+00
-8.408698892434465222e+00
-8.418983896681432100e+00
-8.429276929481634539e+00
-8.439578279290193663e+00
-8.449886766735362542e+00
-8.460202702664853192e+00
-8.470524917659060904e+00
-8.480853744293053609e+00
-8.491188022442772265e+00
-8.501528105776833044e+00
-8.511872842840768172e+00
-8.522222607792890869e+00
-8.532576257251230700e+00
-8.542934185288267201e+00
-8.553295256024862070e+00
-8.563659882898614129e+00
-8.574026936989843861e+00
-8.584396850577723725e+00
-8.594768501182834086e+00
-8.605142339426491205e+00
-8.615517248773921111e+00
-8.625893697711822128e+00
-8.636270575176480335e+00
-8.646648367064875274e+00
-8.657025967331833272e+00
-8.667403878849981425e+00
-8.677781000160019076e+00
-8.688157850695064965e+00
-8.698533333167993931e+00
-8.708907983175768308e+00
-8.719280707207564873e+00
-8.729652056645168301e+00
-8.740020941375314933e+00
-8.750387928202176369e+00
-8.760751930047559810e+00
-8.771113528791451230e+00
-8.781471640043601923e+00
-8.791826860428347601e+00
-8.802178107910929583e+00
-8.812525993542879021e+00
-8.822869437326412267e+00
-8.833209064436850610e+00
-8.843543796607988838e+00
-8.853874272848505811e+00
-8.864199416331201675e+00
-8.874519879620017093e+00
-8.884834587045968846e+00
-8.895144204461987059e+00
-8.905447657088236824e+00
-8.915745623811517362e+00
-8.926037030482753210e+00
-8.936322568778280129e+00
-8.946601164931884398e+00
-8.956873523175282514e+00
-8.967138569887087129e+00
-8.977397021630002527e+00
-8.987647804698845277e+00
-8.997891647772194190e+00
-9.008127476841442771e+00
-9.018356032494869723e+00
-9.028576240209433834e+00
-9.038788852285160047e+00
-9.048992793481920316e+00
-9.059188827621751372e+00
-9.069375878552358827e+00
-9.079554721435863840e+00
-9.089724279020305886e+00
-9.099885337633242699e+00
-9.110036818742583975e+00
-9.120179519673721202e+00
-9.130312360441035224e+00
-9.140436149206804473e+00
-9.150549804364748852e+00
-9.160654144759680761e+00
-9.170748087003833149e+00
-9.180832460476240797e+00
-9.190906179852873947e+00
-9.200970084904527724e+00
-9.211023088221674371e+00
-9.221066039830207117e+00
-9.231097850091384061e+00
-9.241119379154762115e+00
-9.251129535013934202e+00
-9.261129187815907216e+00
-9.271117243052975354e+00
-9.281094580748481704e+00
-9.291060103764609224e+00
-9.301014701884440683e+00
-9.310957275215976381e+00
-9.320888723190044800e+00
-9.330807943040532848e+00
-9.340715843738434998e+00
-9.350611319528013610e+00
-9.360495288816863990e+00
-9.370366642747971042e+00
-9.380226309066156176e+00
-9.390073175705282438e+00
-9.399908179651831119e+00
-9.409730205526427582e+00
-9.419540199465281205e+00
-9.429337042675269842e+00
-9.439121690353825755e+00
-9.448893020196981851e+00
-9.458651996378396376e+00
-9.468397492989248931e+00
-9.478130483097697123e+00
-9.487849837099293637e+00
-9.497556536877995725e+00
-9.507249449045966472e+00
-9.516929564227359251e+00
-9.526595745165927553e+00
-9.536248991153250643e+00
-9.545888160982537229e+00
-9.555514262542791570e+00
-9.565126150597075494e+00
-9.574724841564561828e+00
-9.584309186101162226e+00
-9.593880209091389943e+00
-9.603436757009445657e+00
-9.612979863142916415e+00
-9.622508369712019061e+00
-9.632023318347508578e+00
-9.641523546945604650e+00
-9.651010105422512808e+00
-9.660481827282749734e+00
-9.669939770672487001e+00
-9.679382764638662096e+00
-9.688811875504171667e+00
-9.698225927794595691e+00
-9.707625995958141019e+00
-9.717010899937275070e+00
-9.726381722256165929e+00
-9.735737278214070756e+00
-9.745078658363665269e+00
-9.754404673302831341e+00
-9.763716421566947190e+00
-9.773012708996034803e+00
-9.782294642064364609e+00
-9.791561021799155995e+00
-9.800812962571212594e+00
-9.810049260541640948e+00
-9.819271037937266300e+00
-9.828477086001344176e+00
-9.837668534777501250e+00
-9.846844170540768104e+00
-9.856005131114232043e+00
-9.865150197755669481e+00
-9.874280516031399557e+00
-9.883394862134542436e+00
-9.892494389339896443e+00
-9.901577868729585674e+00
-9.910646461253650230e+00
-9.919698932838114658e+00
-9.928736452076213581e+00
-9.937757779694077698e+00
-9.946764091897405180e+00
-9.955754144169757680e+00
-9.964729120299654852e+00
-9.973687770486588278e+00
-9.982631286073539556e+00
-9.991558411935509199e+00
-1.000047034694266301e+01
-1.000936583060598473e+01
-1.001824606929675632e+01
-1.002710979712350969e+01
-1.003595822793357861e+01
-1.004479009039558690e+01
-1.005360660580870835e+01
-1.006240649736527537e+01
-1.007119099379319493e+01
-1.007995881277278016e+01
-1.008871119043869236e+01
-1.009744683892432349e+01
-1.010616700174993987e+01
-1.011487038546802530e+01
-1.012355824096412604e+01
-1.013222926917678812e+01
-1.014088472833732801e+01
-1.014952331373797101e+01
-1.015814629093714672e+01
-1.016675234954916185e+01
-1.017534276244189684e+01
-1.018391621352063581e+01
-1.019247398294575291e+01
-1.020101474888335424e+01
-1.020953979877002382e+01
-1.021804780500307608e+01
-1.022654006227980972e+01
-1.023501523719989414e+01
-1.024347463170653860e+01
-1.025191690657339372e+01
-1.026034337097547500e+01
-1.026875267983275464e+01
-1.027714614953865890e+01
-1.028552242913225179e+01
-1.029388284221262317e+01
-1.030222603191140429e+01
-1.031055332902112376e+01
-1.031886337073992799e+01
-1.032715749504224867e+01
-1.033543433316729043e+01
-1.034369523026038529e+01
-1.035193881157670504e+01
-1.036016642942223065e+01
-1.036837670304341330e+01
-1.037657099189710230e+01
-1.038474790919704738e+01
-1.039290882154156215e+01
-1.040105233608801072e+01
-1.040917982656747398e+01
-1.041728989405780226e+01
-1.042538391941454812e+01
-1.043346049761314376e+01
-1.044152101662596266e+01
-1.044956406530353910e+01
-1.045759103872781814e+01
-1.046560051960255144e+01
-1.047359391011233143e+01
-1.048156978679240936e+01
-1.048952955892376160e+01
-1.049747179685189735e+01
-1.050539791694823499e+01
-1.051330648334750428e+01
-1.052119891950616903e+01
-1.052907378332759869e+01
-1.053693250534817594e+01
-1.054477363721964167e+01
-1.055259861655357412e+01
-1.056040598873022418e+01
-1.056819719843212191e+01
-1.057597078474816144e+01
-1.058372819942802678e+01
-1.059146797524994454e+01
-1.059919157102717868e+01
-1.060689751320811780e+01
-1.061458726766655225e+01
-1.062225935450219971e+01
-1.062991524664644594e+01
-1.063755345783184048e+01
-1.064517546804491133e+01
-1.065277978463265995e+01
-1.066036789463473511e+01
-1.066793829899439494e+01
-1.067549249180257931e+01
-1.068302896758101461e+01
-1.069054922747051251e+01
-1.069805175955347920e+01
-1.070553807201947194e+01
-1.071300664649421286e+01
-1.072045899821508463e+01
-1.072789360233390887e+01
-1.073531198113531282e+01
-1.074271260328017519e+01
-1.075009699810013508e+01
-1.075746362774825471e+01
-1.076481402860317083e+01
-1.077214665629350598e+01
-1.077946305424516638e+01
-1.078676167154583432e+01
-1.079404405866915262e+01
-1.080130865814562213e+01
-1.080855702749753711e+01
-1.081578760268189221e+01
-1.082300194827071671e+01
-1.083019849363155984e+01
-1.083737881038749862e+01
-1.084454132130075443e+01
-1.085168760504696905e+01
-1.085881607776738278e+01
-1.086592832519200513e+01
-1.087302275682545982e+01
-1.088010096545421668e+01
-1.088716135393082318e+01
-1.089420552210042814e+01
-1.090123186614827944e+01
-1.090824199298060115e+01
-1.091523429210011642e+01
-1.092221037747692591e+01
-1.092916863191610410e+01
-1.093611067645448998e+01
-1.094303488718464834e+01
-1.094994289221322425e+01
-1.095683306090533549e+01
-1.096370702844086686e+01
-1.097056315744272226e+01
-1.097740309016746174e+01
-1.098422518248118607e+01
-1.099103108372087334e+01
-1.099781914298114671e+01
-1.100459101668342576e+01
-1.101134504713636275e+01
-1.101808289784982264e+01
-1.102480290433224042e+01
-1.103150673718612218e+01
-1.103819272510526694e+01
-1.104486254578944937e+01
-1.105151452110363230e+01
-1.105815033584940643e+01
-1.106476830504864317e+01
-1.107137012060970349e+01
-1.107795409069732173e+01
-1.108452191433144840e+01
-1.109107189280569550e+01
-1.109760573225688063e+01
-1.110412172709344425e+01
-1.111062159057430598e+01
-1.111710361020898574e+01
-1.112356950638392306e+01
-1.113001755969571605e+01
-1.113644949766424830e+01
-1.114286359395923043e+01
-1.114926158323972238e+01
-1.115564173223498123e+01
-1.116200578274903243e+01
-1.116835199455700867e+01
-1.117468211661407196e+01
-1.118099440172753312e+01
-1.118729060600991865e+01
-1.119356897528705552e+01
-1.119983127283534685e+01
-1.120607573748549690e+01
-1.121230413968426909e+01
-1.121851471125374999e+01
-1.122470922981780639e+01
-1.123088592017629495e+01
-1.123704656713695016e+01
-1.124318938846406901e+01
-1.124931617615617085e+01
-1.125542514092842872e+01
-1.126151808197738546e+01
-1.126759320295557032e+01
-1.127365231026471903e+01
-1.127969360048139080e+01
-1.128571888721995364e+01
-1.129172635996746088e+01
-1.129771783955837172e+01
-1.130369150837696957e+01
-1.130964919448547690e+01
-1.131558907315192997e+01
-1.132151297967399373e+01
-1.132741908219018789e+01
-1.133330922324159218e+01
-1.133918156382375031e+01
-1.134503795372918411e+01
-1.135087654679713332e+01
-1.135669920007964606e+01
-1.136250406024637982e+01
-1.136829299161709628e+01
-1.137406413367859059e+01
-1.137981935802674727e+01
-1.138555679695200951e+01
-1.139127832933502837e+01
-1.139698208025657067e+01
-1.140266993589053257e+01
-1.140834001409472087e+01
-1.141399420834504141e+01
-1.141963062926300942e+01
-1.142525117763534048e+01
-1.143085395683391603e+01
-1.143644087496518047e+01
-1.144201002813811385e+01
-1.144756333178795238e+01
-1.145309887474730459e+01
-1.145861857978946396e+01
-1.146412052845732532e+01
-1.146960665087145514e+01
-1.147507502127160528e+01
-1.148052757713512051e+01
-1.148596238538525327e+01
-1.149138139086551469e+01
-1.149678265316922676e+01
-1.150216812451578363e+01
-1.150753585715510319e+01
-1.151288781069217571e+01
-1.151822203002011236e+01
-1.152354048213921978e+01
-1.152884120457241579e+01
-1.153412617172530297e+01
-1.153939341373699179e+01
-1.154464491242848467e+01
-1.154987869054163596e+01
-1.155509673732284703e+01
-1.156029706810323532e+01
-1.156548167956488982e+01
-1.157064857961460547e+01
-1.157579977238055413e+01
-1.158093325833152853e+01
-1.158605104905217331e+01
-1.159115113755982307e+01
-1.159623554290613257e+01
-1.160130225064318488e+01
-1.160635328730037763e+01
-1.161138663095093193e+01
-1.161640431561263220e+01
-1.162140431186617029e+01
-1.162638866122856030e+01
-1.163135532677422468e+01
-1.163630635753034781e+01
-1.164123970905132666e+01
-1.164615743788554525e+01
-1.165105749205353192e+01
-1.165594193563603120e+01
-1.166080870910590939e+01
-1.166565988408743237e+01
-1.167049339349192394e+01
-1.167531131649857024e+01
-1.168011157844317971e+01
-1.168489626607125764e+01
-1.168966329712923091e+01
-1.169441476594040807e+01
-1.169914858264773905e+01
-1.170386684916401698e+01
-1.170856746801473847e+01
-1.171325254871383237e+01
-1.171791998615525898e+01
-1.172257189746590456e+01
-1.172720616989404618e+01
-1.173182492819137401e+01
-1.173642605194639188e+01
-1.174101167354761799e+01
-1.174557966490948147e+01
-1.175013216606942024e+01
-1.175466704125358142e+01
-1.175918643816041609e+01
-1.176368821331351100e+01
-1.176817452208471160e+01
-1.177264321328057228e+01
-1.177709644995866611e+01
-1.178153207319414086e+01
-1.178595225374279032e+01
-1.179035482493393339e+01
-1.179474196523398533e+01
-1.179911150021204058e+01
-1.180346561605779421e+01
-1.180780213056546302e+01
-1.181212323766079919e+01
-1.181642674734851539e+01
-1.182071486130325333e+01
-1.182498538172556479e+01
-1.182924051805190224e+01
-1.183347806466389329e+01
-1.183770023877284849e+01
-1.184190482692666357e+01
-1.184609405412455452e+01
-1.185026569906599292e+01
-1.185442199455117773e+01
-1.185856071141622436e+01
-1.186268409027572268e+01
-1.186678989408739326e+01
-1.187088037129360707e+01
-1.187495327695874536e+01
-1.187901086736629175e+01
-1.188305088967225132e+01
-1.188707560801485386e+01
-1.189108276162659017e+01
-1.189507462251401826e+01
-1.189904892197087172e+01
-1.190300793988584793e+01
-1.190694939959876741e+01
-1.191087558889416087e+01
-1.191478422314257024e+01
-1.191867759803838567e+01
-1.192255342096749260e+01
-1.192641399554808679e+01
-1.193025702116594999e+01
-1.193408480937726068e+01
-1.193789505155211117e+01
-1.194169006719884507e+01
-1.194546753965632391e+01
-1.194922979639936322e+01
-1.195297451271990319e+01
-1.195670402407354338e+01
-1.196041599768973818e+01
-1.196411277701929876e+01
-1.196779202121334862e+01
-1.197145608173243225e+01
-1.197510260963351136e+01
-1.197873396440166793e+01
-1.198234778898364716e+01
-1.198594645090372879e+01
-1.198952758498261773e+01
-1.199309356679858496e+01
-1.199664202303007876e+01
-1.200017533732442843e+01
-1.200369112820175665e+01
-1.200719178739336179e+01
-1.201067492524478730e+01
-1.201414294158642271e+01
-1.201759343857302120e+01
-1.202102882414929752e+01
-1.202444669226275487e+01
-1.202784945898772051e+01
-1.203123471004811229e+01
-1.203460486966321952e+01
-1.203795751531678526e+01
-1.204129507938861288e+01
-1.204461513110570969e+01
-1.204792011102395755e+01
-1.205120758009689297e+01
-1.205447998707213841e+01
-1.205773488461315424e+01
-1.206097472967503315e+01
-1.206419706661413294e+01
-1.206740436060905708e+01
-1.207059414769222627e+01
-1.207376890128152525e+01
-1.207692614906853734e+01
-1.208006837272646372e+01
-1.208319309158900090e+01
-1.208630279560084020e+01
-1.208939499572056064e+01
-1.209247219018060804e+01
-1.209553188154722569e+01
-1.209857657635701145e+01
-1.210160376876648947e+01
-1.210461597363277164e+01
-1.210761067668533641e+01
-1.211059040111841156e+01
-1.211355262421685630e+01
-1.211649987752860547e+01
-1.211942962987639305e+01
-1.212234442117859246e+01
-1.212524171177812704e+01
-1.212812404998059002e+01
-1.213098888763136074e+01
-1.213383878144021288e+01
-1.213667117473712054e+01
-1.213948863265310152e+01
-1.214228858998472482e+01
-1.214507362030134274e+01
-1.214784114984820995e+01
-1.215059376065022256e+01
-1.215332887038310972e+01
-1.215604906954467879e+01
-1.215875176722295592e+01
-1.216143956240602186e+01
-1.216410985557601698e+01
-1.216676525422874811e+01
-1.216940315022199037e+01
-1.217202615957698342e+01
-1.217463166550870213e+01
-1.217722229258152034e+01
-1.217979541534896271e+01
-1.218235366693636657e+01
-1.218489441321722389e+01
-1.218742029589572695e+01
-1.218992867214650744e+01
-1.219242219227068524e+01
-1.219489820472517572e+01
-1.219735936842614876e+01
-1.219980302309382658e+01
-1.220223183627764563e+01
-1.220464313894212793e+01
-1.220703960728825876e+01
-1.220941856350577659e+01
-1.221178269246563097e+01
-1.221412930756340565e+01
-1.221646110235864668e+01
-1.221877538143349717e+01
-1.222107484705467684e+01
-1.222335679497137662e+01
-1.222562393617633170e+01
-1.222787355756617700e+01
-1.223010837887848190e+01
-1.223232567813776761e+01
-1.223452818384537011e+01
-1.223671316513386920e+01
-1.223888335928745263e+01
-1.224103602652693112e+01
-1.224317391293857682e+01
-1.224529426981130342e+01
-1.224739985205278003e+01
-1.224948790200010507e+01
-1.225156118340166778e+01
-1.225361692962245463e+01
-1.225565791327106169e+01
-1.225768135872022668e+01
-1.225969004745840962e+01
-1.226168119484551156e+01
-1.226365759126960242e+01
-1.226561644305734156e+01
-1.226756054951618324e+01
-1.226948710791885766e+01
-1.227139892651222475e+01
-1.227329319349444070e+01
-1.227517272607169652e+01
-1.227703470334669511e+01
-1.227888195150522854e+01
-1.228071164053356235e+01
-1.228252660561736320e+01
-1.228432400760543786e+01
-1.228610669070364914e+01
-1.228787180660208023e+01
-1.228962220854749710e+01
-1.229135503904993953e+01
-1.229307316041749232e+01
-1.229477370595888885e+01
-1.229645954706436228e+01
-1.229812780781964321e+01
-1.229978136871797112e+01
-1.230141734460047509e+01
-1.230303862508444723e+01
-1.230464231574457301e+01
-1.230623131534321146e+01
-1.230780272016683874e+01
-1.230935943814403188e+01
-1.231089855625105756e+01
-1.231242299160407860e+01
-1.231392982184688378e+01
-1.231542197330474409e+01
-1.231689651426680854e+01
-1.231835638028897328e+01
-1.231979863028334421e+01
-1.232122620905804311e+01
-1.232263616612573287e+01
-1.232403145556859059e+01
-1.232540911747711654e+01
-1.232677211522959304e+01
-1.232811747947154579e+01
-1.232944818289931099e+01
-1.233076124669072016e+01
-1.233205965288235006e+01
-1.233334041316115837e+01
-1.233460651892629123e+01
-1.233585497235090322e+01
-1.233708877421900141e+01
-1.233830491716654620e+01
-1.233950641138514293e+01
-1.234069023995012415e+01
-1.234185942248326739e+01
-1.234301093247586145e+01
-1.234414779900261649e+01
-1.234526698594709693e+01
-1.234637153185990499e+01
-1.234745839099307574e+01
-1.234853061139616948e+01
-1.234958513766572175e+01
-1.235062502737349810e+01
-1.235164721543647737e+01
-1.235265476897185977e+01
-1.235364461319292140e+01
-1.235461982478577525e+01
-1.235557731923561597e+01
-1.235652018282101139e+01
-1.235744532127468531e+01
-1.235835583049131081e+01
-1.235924860642654011e+01
-1.236012675461501686e+01
-1.236098716121047580e+01
-1.236183294141159905e+01
-1.236266097154532773e+01
-1.236347437649841119e+01
-1.236427002274595388e+01
-1.236505104488701967e+01
-1.236581429951980482e+01
-1.236656293098000248e+01
-1.236729378596345086e+01
-1.236801001856714066e+01
-1.236870846555907022e+01
-1.236939229082206104e+01
-1.237005832117077730e+01
-1.237070973029861598e+01
-1.237134333504109840e+01
-1.237196231892718323e+01
-1.237256348878728396e+01
-1.237315003801105462e+01
-1.237371876339769727e+01
-1.237427286822268258e+01
-1.237480913922793846e+01
-1.237533078960009192e+01
-1.237583459599729707e+01
-1.237632378154280488e+01
-1.237679511278463806e+01
-1.237725182280833280e+01
-1.237769066802489881e+01
-1.237811489150798927e+01
-1.237852123950486316e+01
-1.237891296510318995e+01
-1.237928680435947371e+01
-1.237964602040138651e+01
-1.237998733906757209e+01
-1.238031403355203253e+01
-1.238062281944814025e+01
-1.238091698004252805e+01
-1.238119322065597494e+01
-1.238145483469414998e+01
-1.238169851717758618e+01
-1.238192757165772662e+01
-1.238213868282703878e+01
-1.238233516440958759e+01
-1.238251369074173525e+01
-1.238267758574711763e+01
-1.238282351337792520e+01
-1.238295480778451285e+01
-1.238306812250653088e+01
-1.238316680194826169e+01
-1.238324748920852159e+01
-1.238331353897286213e+01
-1.238336158387056862e+01
-1.238339498889610013e+01
-1.238341037618037888e+01
-1.238341112105450748e+01
-1.238339383512212066e+01
-1.238336190407883031e+01
-1.238331192897173239e+01
-1.238324730588907663e+01
-1.238316462529215123e+01
-1.238306729368994397e+01
-1.238295189092840509e+01
-1.238282183396576208e+01
-1.238267369200288748e+01
-1.238251089247567549e+01
-1.238232999391017231e+01
-1.238213443424859506e+01
-1.238192076131207386e+01
-1.238169242357804301e+01
-1.238144595813254156e+01
-1.238118482401713116e+01
-1.238090554755239658e+01
-1.238061159837315550e+01
-1.238029949200391222e+01
-1.237997270870229372e+01
-1.237962775316581521e+01
-1.237926811630426549e+01
-1.237889029195734913e+01
-1.237849778171676007e+01
-1.237808706853307861e+01
-1.237766166470975904e+01
-1.237721804227704681e+01
-1.237675972428008642e+01
-1.237628317179716575e+01
-1.237579191864530870e+01
-1.237528241491923708e+01
-1.237475820523816772e+01
-1.237421572868117359e+01
-1.237365854070032256e+01
-1.237308306932692403e+01
-1.237249288087650356e+01
-1.237188439230025416e+01
-1.237126118080808723e+01
-1.237061965223858628e+01
-1.236996339472702999e+01
-1.236928880296663102e+01
-1.236859947604927434e+01
-1.236789179748989831e+01
-1.236716937736839128e+01
-1.236642858798814437e+01
-1.236567305044873244e+01
-1.236489912580869621e+01
-1.236411044621889133e+01
-1.236330336145949893e+01
-1.236248151476467072e+01
-1.236164124460235314e+01
-1.236078620532210337e+01
-1.235991272404570651e+01
-1.235902446627041229e+01
-1.235811774773748439e+01
-1.235719624512450210e+01
-1.235625626275776412e+01
-1.235530148852773991e+01
-1.235432821531122904e+01
-1.235334014224435961e+01
-1.235233355071956574e+01
-1.235131215115171699e+01
-1.235027221341367998e+01
-1.234921745923241865e+01
-1.234814414692581686e+01
-1.234705600956628579e+01
-1.234594929388133799e+01
-1.234482774432236951e+01
-1.234368759599059651e+01
-1.234253260475024838e+01
-1.234135899404038206e+01
-1.234017053117195495e+01
-1.233896342788540679e+01
-1.233774146297283103e+01
-1.233650083643953899e+01
-1.233524533859303851e+01
-1.233397115766680940e+01
-1.233268209551828321e+01
-1.233137432857214755e+01
-1.233005167027064708e+01
-1.232871028519231871e+01
-1.232735399839911139e+01
-1.232597896258607939e+01
-1.232458901446994481e+01
-1.232318029482454591e+01
-1.232175665205680559e+01
-1.232031421498129298e+01
-1.231885684373070511e+01
-1.231738065512207392e+01
-1.231588952104958956e+01
-1.231437954629433484e+01
-1.231285461454799446e+01
-1.231131081851675368e+01
-1.230975205372604186e+01
-1.230817440076821256e+01
-1.230658176703866324e+01
-1.230497022097664761e+01
-1.230334368188416150e+01
-1.230169820600775665e+01
-1.230003772459274280e+01
-1.229835828165319356e+01
-1.229666382041471273e+01
-1.229495037261871992e+01
-1.229322189350840944e+01
-1.229147440251204060e+01
-1.228971186692774253e+01
-1.228793029383009383e+01
-1.228613366260970707e+01
-1.228431796794646225e+01
-1.228248720136129180e+01
-1.228063734509817806e+01
-1.227877240284629856e+01
-1.227688834437219079e+01
-1.227498918557160401e+01
-1.227307088369179233e+01
-1.227113746687343010e+01
-1.226918487980235994e+01
-1.226721716290290765e+01
-1.226523024825704233e+01
-1.226322818861155639e+01
-1.226120690340183295e+01
-1.225917045773624814e+01
-1.225711475836055619e+01
-1.225504388278394075e+01
-1.225295372501921776e+01
-1.225084837501589519e+01
-1.224872371401009552e+01
-1.224658384443144499e+01
-1.224442463469543974e+01
-1.224225019975171058e+01
-1.224005639515079302e+01
-1.223784734840247879e+01
-1.223561890214769932e+01
-1.223337519649684602e+01
-1.223111206113632221e+01
-1.222883364881754353e+01
-1.222653577622718402e+01
-1.222422260879858591e+01
-1.222188995017299007e+01
-1.221954197850661750e+01
-1.221717448434938547e+01
-1.221479165862171712e+01
-1.221238927873578106e+01
-1.220997154841772314e+01
-1.220753423189538367e+01
-1.220508154574224768e+01
-1.220260924095480881e+01
-1.220012154699585594e+01
-1.219761420158320142e+01
-1.219509144711107851e+01
-1.219254900797085384e+01
-1.218999113953064217e+01
-1.218741355280724292e+01
-1.218482051618524942e+01
-1.218220772725857870e+01
-1.217957946747101872e+01
-1.217693142094479697e+01
-1.217426788222606149e+01
-1.217158452191609541e+01
-1.216888564770664161e+01
-1.216616691662860816e+01
-1.216343264956284997e+01
-1.216067848991989031e+01
-1.215790877181354723e+01
-1.215511912498363323e+01
-1.215231389682086416e+01
-1.214948870334366227e+01
-1.214664790526398441e+01
-1.214378710482767865e+01
-1.214091067611243169e+01
-1.213801420754012916e+01
-1.213510208659880796e+01
-1.213216988783450390e+01
-1.212922201219063822e+01
-1.212625402028516675e+01
-1.212327032656204295e+01
-1.212026647765843634e+01
-1.211724690156439266e+01
-1.211420713088317314e+01
-1.211115160719664630e+01
-1.210807584902064882e+01
-1.210498431157480859e+01
-1.210187249923373010e+01
-1.209874488090106048e+01
-1.209559694675575336e+01
-1.209243317943201390e+01
-1.208924905485846324e+01
-1.208604906944661650e+01
-1.208282868481952477e+01
-1.207959241121307947e+01
-1.207633569588930023e+01
-1.207306306295568277e+01
-1.206976994525723157e+01
-1.206646088082058910e+01
-1.206313128801730628e+01
-1.205978571884117478e+01
-1.205641957713340240e+01
-1.205303742890304086e+01
-1.204963466340363709e+01
-1.204621586070794770e+01
-1.204277639542429412e+01
-1.203932086173780291e+01
-1.203584461955335350e+01
-1.203235227721759948e+01
-1.202883917987335316e+01
-1.202530995007813530e+01
-1.202175991815370892e+01
-1.201819372091812177e+01
-1.201460667381270753e+01
-1.201100342796597076e+01
-1.200737928387889042e+01
-1.200373890704078050e+01
-1.200007758295202187e+01
-1.199639999151332859e+01
-1.199270140316375688e+01
-1.198898651226640055e+01
-1.198525057413777795e+01
-1.198149829765472596e+01
-1.197772492294966895e+01
-1.197393517346482206e+01
-1.197012427408643376e+01
-1.196629696287427791e+01
-1.196244844940587804e+01
-1.195858348641090174e+01
-1.195469726809546529e+01
-1.195079456191175815e+01
-1.194687054663112669e+01
-1.194293000448172748e+01
-1.193896809873620590e+01
-1.193498962645218775e+01
-1.193098973533968810e+01
-1.192697323733966819e+01
-1.192293526453491204e+01
-1.191888064380419898e+01
-1.191480449153798737e+01
-1.191071164960783868e+01
-1.190659721864648368e+01
-1.190246605557340231e+01
-1.189831324519785483e+01
-1.189414365954307229e+01
-1.188995236752859519e+01
-1.188574425633750131e+01
-1.188151437893302464e+01
-1.187726763771487981e+01
-1.187299906962285867e+01
-1.186871359233054868e+01
-1.186440622668689926e+01
-1.186008190569697263e+01
-1.185573563405116460e+01
-1.185137236014417361e+01
-1.184698707243968308e+01
-1.184258473478074158e+01
-1.183816031933571544e+01
-1.183371880545539057e+01
-1.182925514894382246e+01
-1.182477434471936384e+01
-1.182027133215250103e+01
-1.181575112178950882e+01
-1.181120863649771557e+01
-1.180664890251234311e+01
-1.180206682612757163e+01
-1.179746744932910829e+01
-1.179284566176762539e+01
-1.178820652124163004e+01
-1.178354490068755211e+01
-1.177886587377965810e+01
-1.177416429666913622e+01
-1.176944525896935723e+01
-1.176470359997505710e+01
-1.175994442530297590e+01
-1.175516255731964677e+01
-1.175036311771016884e+01
-1.174554091184089799e+01
-1.174070107753078496e+01
-1.173583840307385096e+01
-1.173095804248930918e+01
-1.172605476692616477e+01
-1.172113374667095975e+01
-1.171618973565497690e+01
-1.171122792049986039e+01
-1.170624303784605758e+01
-1.170124029071891236e+01
-1.169621439839476551e+01
-1.169117058037203449e+01
-1.168610353848922578e+01
-1.168101850878819725e+01
-1.167591017559571043e+01
-1.167078379156808410e+01
-1.166563402344630518e+01
-1.166046614057301056e+01
-1.165527479202911465e+01
-1.165006526391633557e+01
-1.164483218758091532e+01
-1.163958086595744668e+01
-1.163430591258270397e+01
-1.162901264729864614e+01
-1.162369566575763002e+01
-1.161836030478459847e+01
-1.161300114207223722e+01
-1.160762353150496651e+01
-1.160222203274042130e+01
-1.159680201679997325e+01
-1.159135802523062964e+01
-1.158589544626906864e+01
-1.158040880327608235e+01
-1.157490350178304084e+01
-1.156937404688854443e+01
-1.156382586149926972e+01
-1.155825343237543201e+01
-1.155266219988053855e+01
-1.154704663236031870e+01
-1.154141218771755817e+01
-1.153575331580711527e+01
-1.153007549215484495e+01
-1.152437314804813795e+01
-1.151865177672067730e+01
-1.151290579081574705e+01
-1.150714070136067591e+01
-1.150135090227789192e+01
-1.149554192247545359e+01
-1.148970813707789951e+01
-1.148385509296220164e+01
-1.147797714637802535e+01
-1.147207986226057308e+01
-1.146615757790744716e+01
-1.146021587640252015e+01
-1.145424907601407227e+01
-1.144826277806653714e+01
-1.144225128172131356e+01
-1.143622020663626770e+01
-1.143016383278854065e+01
-1.142408779826351406e+01
-1.141798636377641785e+01
-1.141186518593561949e+01
-1.140571850611664750e+01
-1.139955199954755294e+01
-1.139335988818622880e+01
-1.138714786597838291e+01
-1.138091013538635821e+01
-1.137465240917267195e+01
-1.136836887022595022e+01
-1.136206525022617342e+01
-1.135573571240999868e+01
-1.134938600747666193e+01
-1.134301027893250158e+01
-1.133661429659920117e+01
-1.133019218417421037e+01
-1.132374973070623092e+01
-1.131728104000527146e+01
-1.131079192045273807e+01
-1.130427645589242935e+01
-1.129774047414582760e+01
-1.129117803901142736e+01
-1.128459499785929587e+01
-1.127798539436376757e+01
-1.127135509555328596e+01
-1.126469812489867195e+01
-1.125802036919816018e+01
-1.125131583163963001e+01
-1.124459041890377620e+01
-1.123783811381589182e+01
-1.123106484305316677e+01
-1.122426456899853697e+01
-1.121744323844112579e+01
-1.121059479324144803e+01
-1.120372520041745190e+01
-1.119682838122696644e+01
-1.118991032303499722e+01
-1.118296492641616346e+01
-1.117599819920208937e+01
-1.116900402120356617e+01
-1.116198842083987408e+01
-1.115494525707681817e+01
-1.114788057904384111e+01
-1.114078822478044195e+01
-1.113367426425005036e+01
-1.112653251448421265e+01
-1.111936906640552358e+01
-1.111217771595566539e+01
-1.110496457514308943e+01
-1.109772341873718737e+01
-1.109046037996026790e+01
-1.108316921232683150e+01
-1.107585607040238429e+01
-1.106851468636345359e+01
-1.106115123624958052e+01
-1.105375943081565282e+01
-1.104634546770760473e+01
-1.103890303617467339e+01
-1.103143835560263319e+01
-1.102394509365069730e+01
-1.101642949157941409e+01
-1.100888519537300780e+01
-1.100131846830308291e+01
-1.099372293459338223e+01
-1.098610487966426241e+01
-1.097845790589289194e+01
-1.097078832098736001e+01
-1.096308970539164029e+01
-1.095536838924185830e+01
-1.094761793096160929e+01
-1.093984468325675152e+01
-1.093204218244243187e+01
-1.092421680393726291e+01
-1.091636206185937041e+01
-1.090848435448451603e+01
-1.090057717364441103e+01
-1.089264694061741245e+01
-1.088468712485880907e+01
-1.087670417079655394e+01
-1.086869152541861006e+01
-1.086065565645055919e+01
-1.085258998832137145e+01
-1.084450101220378926e+01
-1.083638212987507643e+01
-1.082823985610582795e+01
-1.082006756992822361e+01
-1.081187180986251661e+01
-1.080364593210138935e+01
-1.079539649906797827e+01
-1.078711684402000692e+01
-1.077881355343778935e+01
-1.077047993754766608e+01
-1.076212260704279977e+01
-1.075373484902058330e+01
-1.074532329854368129e+01
-1.073688121948203467e+01
-1.072841527142573170e+01
-1.071991869491744964e+01
-1.071139817423375007e+01
-1.070284692648923652e+01
-1.069427166080700786e+01
-1.068566557077146761e+01
-1.067703539051364992e+01
-1.066837428998431037e+01
-1.065968902848483069e+01
-1.065097275222752238e+01
-1.064223224584775629e+01
-1.063346063171329625e+01
-1.062466471995799289e+01
-1.061583760899771178e+01
-1.060698613463042328e+01
-1.059810337121117385e+01
-1.058919618036876642e+01
-1.058025761228701356e+01
-1.057129455459338629e+01
-1.056230003318844979e+01
-1.055328096186713438e+01
-1.054423034213331967e+01
-1.053515511411920080e+01
-1.052604825481679107e+01
-1.051691673086644840e+01
-1.050775349463146213e+01
-1.049856553943213022e+01
-1.048934579288460966e+01
-1.048010127516187318e+01
-1.047082488901281039e+01
-1.046152368163675561e+01
-1.045219053079314619e+01
-1.044283251088259767e+01
-1.043344247455120843e+01
-1.042402752357645213e+01
-1.041458048536538072e+01
-1.040510848924893850e+01
-1.039560433726741806e+01
-1.038607518648282380e+01
-1.037651381343904156e+01
-1.036692740310761351e+01
-1.035730870640425039e+01
-1.034766493638949747e+01
-1.033798881821724791e+01
-1.032828759321734502e+01
-1.031855396064590025e+01
-1.030879519028334812e+01
-1.029900395535019797e+01
-1.028918755425946863e+01
-1.027933863405583814e+01
-1.026946452196814441e+01
-1.025955783872286098e+01
-1.024962594054849774e+01
-1.023966142170863947e+01
-1.022967166761643831e+01
-1.021964924592557722e+01
-1.020960157141965574e+01
-1.019952118499313798e+01
-1.018941553098671626e+01
-1.017927712338408064e+01
-1.016911343627049291e+01
-1.015891695656467775e+01
-1.014869518828512263e+01
-1.013844059112894946e+01
-1.012816069923732165e+01
-1.011784794492664830e+01
-1.010750989265111244e+01
-1.009713894718482763e+01
-1.008674270348626756e+01
-1.007631353862309176e+01
-1.006585907825021309e+01
-1.005537167156198564e+01
-1.004485897510318182e+01
-1.003431331002523130e+01
-1.002374236395690765e+01
-1.001313842983457469e+01
-1.000250922656613284e+01
-9.991847018698107874e+00
-9.981159556613608430e+00
-9.970439076291611968e+00
-9.959693359787758382e+00
-9.948914614332988293e+00
-9.938110653853529541e+00
-9.927273656649173716e+00
-9.916411468716059829e+00
-9.905516239236524356e+00
-9.894595846476990531e+00
-9.883642410313443705e+00
-9.872663841483980462e+00
-9.861652230366248162e+00
-9.850615520372537404e+00
-9.839545772187356931e+00
-9.828450962100882649e+00
-9.817323120906541689e+00
-9.806170257977266047e+00
-9.794984374014608974e+00
-9.783773511680220025e+00
-9.772529641379888332e+00
-9.761260839271326262e+00
-9.749959045257481804e+00
-9.738632369200656669e+00
-9.727272720290951469e+00
-9.715888242305076972e+00
-9.704470813506988591e+00
-9.693028611798984784e+00
-9.681553484302604318e+00
-9.670053643258199827e+00
-9.658520904425216713e+00
-9.646963514596077260e+00
-9.635373257945422765e+00
-9.623758416032986318e+00
-9.612110741222636534e+00
-9.600438550058234100e+00
-9.588733562863657411e+00
-9.577004131385189467e+00
-9.565241943674150704e+00
-9.553455386899154078e+00
-9.541636116603115170e+00
-9.529792555598410431e+00
-9.517916326680410322e+00
-9.506015888528407842e+00
-9.494082830947631280e+00
-9.482125648709123666e+00
-9.470135898381922601e+00
-9.458122111055462966e+00
-9.446075809813363477e+00
-9.434005562291650548e+00
-9.421902857835652512e+00
-9.409776300858368359e+00
-9.397617346710484654e+00
-9.385434636814043330e+00
-9.373219592265371602e+00
-9.360980891729548503e+00
-9.348709921785317789e+00
-9.336415398576820124e+00
-9.324088673898348389e+00
-9.311738501611324992e+00
-9.299356198455102529e+00
-9.286950556248660504e+00
-9.274512856402484573e+00
-9.262051928935441936e+00
-9.249559019651497849e+00
-9.237042997014091483e+00
-9.224495070939564556e+00
-9.211924148582824046e+00
-9.199321403687450882e+00
-9.186695782349330486e+00
-9.174038421850667646e+00
-9.161358307480051977e+00
-9.148646539765913133e+00
-9.135912143443761124e+00
-9.123146181992215276e+00
-9.110357719850529890e+00
-9.097537783147512158e+00
-9.084695476285681082e+00
-9.071821787740251608e+00
-9.058925862139203034e+00
-9.045998649996647600e+00
-9.033049336430861942e+00
-9.020068833683300369e+00
-9.007066367630494952e+00
-8.994032811925825044e+00
-8.980977433474714999e+00
-8.967891067023217033e+00
-8.954783020779306213e+00
-8.941644090258403565e+00
-8.928483625247826794e+00
-8.915292381705064884e+00
-8.902079751276652075e+00
-8.888836450030755287e+00
-8.875571911756393817e+00
-8.862276812296903117e+00
-8.848960627870129159e+00
-8.835613993755126572e+00
-8.822246428888476544e+00
-8.808848527641030657e+00
-8.795429851961452883e+00
-8.781980954964657471e+00
-8.768511441908028559e+00
-8.755011824298337686e+00
-8.741491751002358868e+00
-8.727941691562209670e+00
-8.714371338758223118e+00
-8.700771119807006571e+00
-8.687150771710577146e+00
-8.673500678994907176e+00
-8.659830623195478694e+00
-8.646130945778093491e+00
-8.632411473127636015e+00
-8.618662503275704267e+00
-8.604893907776462569e+00
-8.591095940848713752e+00
-8.577278519540133317e+00
-8.563431853873561650e+00
-8.549565906718603614e+00
-8.535670843514344241e+00
-8.521756673284999195e+00
-8.507813516493516914e+00
-8.493851428655863955e+00
-8.479860484861756476e+00
-8.465850787460640348e+00
-8.451812365766979696e+00
-8.437755369310012910e+00
-8.423669781222184128e+00
-8.409565798563809480e+00
-8.395433357873221425e+00
-8.381282704097952063e+00
-8.367103726765648730e+00
-8.352906719071732766e+00
-8.338681523111441507e+00
-8.324438480694075437e+00
-8.310167386055542948e+00
-8.295878629990117048e+00
-8.281561958442337001e+00
-8.267227811567742890e+00
-8.252865886582160471e+00
-8.238486673384237235e+00
-8.224079820018205922e+00
-8.209655866513173805e+00
-8.195204411293682156e+00
-8.180736044911959937e+00
-8.166240315719297982e+00
-8.151727865189691613e+00
-8.137188191141833116e+00
-8.122631986375743907e+00
-8.108048697712803232e+00
-8.093449069689297559e+00
-8.078822497658567414e+00
-8.064179778309634727e+00
-8.049510255051110619e+00
-8.034824777147354880e+00
-8.020112635579922156e+00
-8.005384732617136123e+00
-7.990630306324976395e+00
-7.975860312411176878e+00
-7.961063935531359270e+00
-7.946252185274449431e+00
-7.931414192384848683e+00
-7.916561020781064606e+00
-7.901681746789106953e+00
-7.886787489112451865e+00
-7.871867269144746437e+00
-7.856932260836805071e+00
-7.841971430129667908e+00
-7.826996006690659868e+00
-7.811994900481231241e+00
-7.796979397361865516e+00
-7.781938350780494673e+00
-7.766883103274687450e+00
-7.751802451238011038e+00
-7.736707794376657787e+00
-7.721587871481934151e+00
-7.706454139927701341e+00
-7.691295280347940633e+00
-7.676122808291004240e+00
-7.660925345671231845e+00
-7.645714466726373892e+00
-7.630478734081068914e+00
-7.615229781185504976e+00
-7.599956110797063680e+00
-7.584669416109643514e+00
-7.569358139428111976e+00
-7.554034034229640149e+00
-7.538685481773416797e+00
-7.523324296368246067e+00
-7.507938797626191985e+00
-7.492540861244711081e+00
-7.477118744579367871e+00
-7.461684385282216780e+00
-7.446225977834226128e+00
-7.430755522417224590e+00
-7.415261150011149383e+00
-7.399754923911985749e+00
-7.384224910963229860e+00
-7.368683238168942218e+00
-7.353117907592123359e+00
-7.337541110548302825e+00
-7.321940783666685881e+00
-7.306329183187770582e+00
-7.290694179644263251e+00
-7.275048094825108613e+00
-7.259378732494439213e+00
-7.243698480623298686e+00
-7.227995075525512014e+00
-7.212280971998334067e+00
-7.196543838213623090e+00
-7.180796196449697355e+00
-7.165025646034593798e+00
-7.149244777393390926e+00
-7.133441120298269489e+00
-7.117627333997917916e+00
-7.101790877985767025e+00
-7.085944481022418806e+00
-7.070075531589241180e+00
-7.054196828658198193e+00
-7.038295688954178786e+00
-7.022384982372206430e+00
-7.006451953124770426e+00
-6.990509542753546413e+00
-6.974544922191465268e+00
-6.958571105362628018e+00
-6.942575189141428460e+00
-6.926570260582828986e+00
-6.910543341711511189e+00
-6.894507593474764384e+00
-6.878449962244072680e+00
-6.862383683633198395e+00
-6.846295627544773943e+00
-6.830199105046657060e+00
-6.814080908743674669e+00
-6.797954425959201963e+00
-6.781806371158295654e+00
-6.765650208735170423e+00
-6.749472574159548266e+00
-6.733287009726011796e+00
-6.717080071039865707e+00
-6.700865379140011235e+00
-6.684629408883894008e+00
-6.668385860913766727e+00
-6.652121128441542020e+00
-6.635848992586915074e+00
-6.619555764003562714e+00
-6.603255305178320711e+00
-6.586933843279087597e+00
-6.570605323065244363e+00
-6.554255887275846959e+00
-6.537899563864491448e+00
-6.521522410182264196e+00
-6.505138538315503816e+00
-6.488733919252051230e+00
-6.472322750166191518e+00
-6.455890914690721516e+00
-6.439452696060423698e+00
-6.422993889544161839e+00
-6.406528865427697284e+00
-6.390043329589512489e+00
-6.373551740374863606e+00
-6.357039713227640831e+00
-6.340521795579708630e+00
-6.323983511377802458e+00
-6.307439498186497850e+00
-6.290875187374049382e+00
-6.274305307703361478e+00
-6.257715196863498974e+00
-6.241119675901232178e+00
-6.224503987706237140e+00
-6.207883046714854025e+00
-6.191241999876835322e+00
-6.174595856145020711e+00
-6.157929665367782412e+00
-6.141258532162611417e+00
-6.124567408094037546e+00
-6.107871494614175667e+00
-6.091155643799311292e+00
-6.074435155128655950e+00
-6.057694779963513021e+00
-6.040949917025741911e+00
-6.024185215711855612e+00
-6.007416175225344546e+00
-5.990627341724697352e+00
-5.973834316158260549e+00
-5.957021540148970118e+00
-5.940204717678053470e+00
-5.923368184510491297e+00
-5.906527748973775971e+00
-5.889667639627216289e+00
-5.872803770483832508e+00
-5.855920261523449355e+00
-5.839033133810680454e+00
-5.822126397344968396e+00
-5.805216181636084549e+00
-5.788286385274590273e+00
-5.771353247637219575e+00
-5.754400554448875660e+00
-5.737444656403543064e+00
-5.720469224874693559e+00
-5.703490723353722203e+00
-5.686492707346845421e+00
-5.669491754653343207e+00
-5.652471303365684818e+00
-5.635448047132818772e+00
-5.618405305055198085e+00
-5.601359888205258208e+00
-5.584294995080925972e+00
-5.567227555784874049e+00
-5.550140646568361369e+00
-5.533051318204969427e+00
-5.515942523020908261e+00
-5.498831434136095986e+00
-5.481700878237830032e+00
-5.464568152503669118e+00
-5.447415956231888678e+00
-5.430261712405638264e+00
-5.413087991146670497e+00
-5.395912343029412916e+00
-5.378717207173080439e+00
-5.361520263568222866e+00
-5.344303818465642841e+00
-5.327085683136824734e+00
-5.309848029057774532e+00
-5.292608800686580572e+00
-5.275350032775954823e+00
-5.258089804919104715e+00
-5.240810013153514468e+00
-5.223528874199311112e+00
-5.206228143342459980e+00
-5.188926176466924112e+00
-5.171604586024665551e+00
-5.154281869146687178e+00
-5.136939493321203365e+00
-5.119596099057130090e+00
-5.102233006700314100e+00
-5.084869002317580211e+00
-5.067485256883490052e+00
-5.050100704253377870e+00
-5.032696363749750823e+00
-5.015291319299169714e+00
-4.997866436237746512e+00
-4.980440950899936325e+00
-4.962995572245766596e+00
-4.945549691409807380e+00
-4.928083858529269889e+00
-4.910617621988358827e+00
-4.893131370595824592e+00
-4.875644812494094538e+00
-4.858138172597248783e+00
-4.840631321375454377e+00
-4.823104317218906090e+00
-4.805577195558173642e+00
-4.788029845565638709e+00
-4.770482470329951319e+00
-4.752914787044601574e+00
-4.735347169221257424e+00
-4.717759159244261369e+00
-4.700171303882624940e+00
-4.682562967809706045e+00
-4.664954873958015114e+00
-4.647326206313889152e+00
-4.629697866953872420e+00
-4.612048856124619789e+00
-4.594400258103912726e+00
-4.576730886267001530e+00
-4.559062010229371076e+00
-4.541372253280984594e+00
-4.523683073593934623e+00
-4.505972901074002834e+00
-4.488263385753794132e+00
-4.470532760768096914e+00
-4.452802871402051998e+00
-4.435051750541490811e+00
-4.417301442207365980e+00
-4.399529775464098513e+00
-4.381758996646311743e+00
-4.363966727326761053e+00
-4.346175419829592990e+00
-4.328362484463953663e+00
-4.310550583320947204e+00
-4.292716911569075755e+00
-4.274884344949324344e+00
-4.257029859502972080e+00
-4.239176548613091455e+00
-4.221301165094110353e+00
-4.203427024076654028e+00
-4.185530650930694208e+00
-4.167635586758129840e+00
-4.149718125144395309e+00
-4.131802037508502501e+00
-4.113863381184531320e+00
-4.095926162381509528e+00
-4.077966197583009489e+00
-4.060007732393207114e+00
-4.042026337708742645e+00
-4.024046503271572206e+00
-4.006043549511911550e+00
-3.988042215194920193e+00
-3.970017565256485526e+00
-3.951994592518991212e+00
-3.933948101241073303e+00
-3.915903343491404787e+00
-3.897834857507283424e+00
-3.879768159953912221e+00
-3.861677517534968906e+00
-3.843588717030399948e+00
-3.825475747923276160e+00
-3.807364672801324623e+00
-3.789229198057229908e+00
-3.771095667962415021e+00
-3.752937499758778106e+00
-3.734781325467751323e+00
-3.716600266921370466e+00
-3.698421250156112894e+00
-3.680217095127357396e+00
-3.662015028359255631e+00
-3.643787561246955242e+00
-3.625562227491603284e+00
-3.607311223017940272e+00
-3.589062395620152834e+00
-3.570787618604940761e+00
-3.552515061012847308e+00
-3.534216266137169438e+00
-3.515919731665498649e+00
-3.497596663222766633e+00
-3.479275894804327418e+00
-3.460928286439554302e+00
-3.442583016364021198e+00
-3.424210590799576792e+00
-3.405840540439176056e+00
-3.387443009186398957e+00
-3.369047888707513039e+00
-3.350624951763639725e+00
-3.332204459823485454e+00
-3.313755805352514017e+00
-3.295309628780004996e+00
-3.276834932776839793e+00
-3.258362746236463270e+00
-3.239861672173248497e+00
-3.221363137811201316e+00
-3.202835336264286070e+00
-3.184310103335465492e+00
-3.165755211592370166e+00
-3.147202916067027179e+00
-3.128620557711641492e+00
-3.110040821860248883e+00
-3.091430606334804931e+00
-3.072823038290150688e+00
-3.054184560432753770e+00
-3.035548753727039806e+00
-3.016881593282691121e+00
-2.998217126358283746e+00
-2.979520847461663013e+00
-2.960827283153916412e+00
-2.942101433782152053e+00
-2.923378318771628681e+00
-2.904622430164530478e+00
-2.885869294397173768e+00
-2.867082880442882065e+00
-2.848299236515293043e+00
-2.829481793098627129e+00
-2.810667135606220501e+00
-2.791818139916933283e+00
-2.772971944761770668e+00
-2.754090854559851920e+00
-2.735212578215735046e+00
-2.716298831050094620e+00
-2.697387909780867066e+00
-2.678440922158284998e+00
-2.659496771186353303e+00
-2.640515937685893544e+00
-2.621537950306620068e+00
-2.602522642636220684e+00
-2.583510189273714008e+00
-2.564459755263208685e+00
-2.545412182463252737e+00
-2.526325944988998540e+00
-2.507242574343054198e+00
-2.488119830178277869e+00
-2.468999957173537041e+00
-2.449839975757950317e+00
-2.430682868546345521e+00
-2.411484890667700665e+00
-2.392289788747236301e+00
-2.373053025127559668e+00
-2.353819137927706251e+00
-2.334542767704608224e+00
-2.315269273067384503e+00
-2.295952442161504070e+00
-2.276638484708116916e+00
-2.257280304065290899e+00
-2.237924993437840460e+00
-2.218524537134395125e+00
-2.199126946100508739e+00
-2.179683249297686753e+00
-2.160242411704245136e+00
-2.140754468436883773e+00
-2.121269376998136558e+00
-2.101736137780600533e+00
-2.082205741683173628e+00
-2.062626110913259758e+00
-2.043049313219378327e+00
-2.023422146358364149e+00
-2.003797801185114302e+00
-1.984121901689851253e+00
-1.964448811140344198e+00
-1.944722927119330702e+00
-1.924999837937740432e+00
-1.905222658499600596e+00
-1.885448258418730427e+00
-1.865618409676854661e+00
-1.845791323421730246e+00
-1.825907364114161657e+00
-1.806026149020789395e+00
-1.786086565697542872e+00
-1.766149706898954008e+00
-1.746152908622480515e+00
-1.726158813747824095e+00
-1.706103126243191381e+00
-1.686050119566646632e+00
-1.665933778748600380e+00
-1.645820094714874227e+00
-1.625641239506198765e+00
-1.605465015547299368e+00
-1.585221679889361468e+00
-1.564980948433187358e+00
-1.544671052371125342e+00
-1.524363731925016952e+00
-1.503985071630342674e+00
-1.483608956801368173e+00
-1.463159193368479549e+00
-1.442711943657830842e+00
-1.422188590479759318e+00
-1.401667717656128520e+00
-1.381068126148023323e+00
-1.360470979968009919e+00
-1.339792323357210879e+00
-1.319116075352873008e+00
-1.298355330197906055e+00
-1.277596955192331185e+00
-1.256750880218306055e+00
-1.235907135157228387e+00
-1.214972246901015573e+00
-1.194039646494156282e+00
-1.173012191135371918e+00
-1.151986979683022660e+00
-1.130862900282726402e+00
-1.109741018909376598e+00
-1.088515917080233875e+00
-1.067292965399133209e+00
-1.045962056170796517e+00
-1.024633247143000858e+00
-1.003191305441136771e+00
-9.817514118472138174e-01
-9.601927085421372299e-01
-9.386359990229053984e-01
-9.169542238753017882e-01
-8.952743858679232947e-01
-8.734625538321028060e-01
-8.516525998624159266e-01
-8.297029359946402893e-01
-8.077550885727657892e-01
-7.856588850643970723e-01
-7.635644337028927309e-01
-7.413118700501144520e-01
-7.190609914160139837e-01
-6.966409050196010755e-01
-6.742224335126932866e-01
-6.516220223545292622e-01
-6.290231527580666393e-01
-6.062275829934088422e-01
-5.834334780343247706e-01
-5.604253551697738756e-01
-5.374186166568988288e-01
-5.141772553692074421e-01
-4.909371939609947222e-01
-4.674375805997916244e-01
-4.439391782406865161e-01
-4.201504452704030168e-01
-3.963628295443683558e-01
-3.722459165973147632e-01
-3.481300216584972684e-01
-3.236338975877103841e-01
-2.991386860378047463e-01
-2.741938239090818685e-01
-2.492497615240986952e-01
-2.237558144808203808e-01
-1.982625456465227087e-01
-1.720619396401126544e-01
-1.458618793156378213e-01
-1.186711575674872371e-01
-9.148083415258620454e-02
-6.263892964122388940e-02
-3.379725307798880918e-02
-6.851331231927249728e-16
