-7.808734681612484274e-16
-3.927442924907265098e+00
-7.607702909951684411e+00
-1.084889649748955520e+01
-1.354385671876062069e+01
-1.566750479464652912e+01
-1.725434434021579122e+01
-1.837187586526068017e+01
-1.909939416780796506e+01
-1.951462139963587106e+01
-1.968689500598900111e+01
-1.967468133902769623e+01
-1.952551583502480881e+01
-1.927709750443468550e+01
-1.895879496635930295e+01
-1.859317786156732666e+01
-1.819739755623858102e+01
-1.778435680228851723e+01
-1.736366409134829780e+01
-1.694239481388482815e+01
-1.652568855087030286e+01
-1.611721350701428790e+01
-1.571952455155710382e+01
-1.533433852913173112e+01
-1.496274468006965996e+01
-1.460536583464852711e+01
-1.426248120118844476e+01
-1.393412076798028387e+01
-1.362013731333819067e+01
-1.332026186752118768e+01
-1.303414457350112521e+01
-1.276138361202755789e+01
-1.250154244499779033e+01
-1.225415856829618022e+01
-1.201874573998760631e+01
-1.179479450321336564e+01
-1.158177291885358429e+01
-1.137913065157190040e+01
-1.118630548643130496e+01
-1.100273281821178806e+01
-1.082785534019332729e+01
-1.066113292237154653e+01
-1.050205014636442336e+01
-1.035012239689279312e+01
-1.020489885733720570e+01
-1.006596418603592547e+01
-9.932937679827697153e+00
-9.805472035120445184e+00
-9.683250482986196062e+00
-9.565984388644320546e+00
-9.453409855219838676e+00
-9.345285316898795713e+00
-9.241388422125121238e+00
-9.141514130902827162e+00
-9.045472151020483409e+00
-8.953085641367444225e+00
-8.864189188521798712e+00
-8.778628034448066941e+00
-8.696256476295095794e+00
-8.616937488762038910e+00
-8.540541419316770799e+00
-8.466945887700665807e+00
-8.396034673255885039e+00
-8.327697803695418344e+00
-8.261830561571711584e+00
-8.198333702874954554e+00
-8.137112534903323535e+00
-8.078077226798834332e+00
-8.021141928975904278e+00
-7.966225152250610897e+00
-7.913248910609568476e+00
-7.862139154751123904e+00
-7.812824927116087892e+00
-7.765238841171590245e+00
-7.719316241850350480e+00
-7.674995725124365897e+00
-7.632218299439179177e+00
-7.590927941970835313e+00
-7.551070758035989705e+00
-7.512595571480125578e+00
-7.475453079846481330e+00
-7.439596476956965354e+00
-7.404980602096915554e+00
-7.371562593221383075e+00
-7.339301028709360963e+00
-7.308156609869673304e+00
-7.278091294019452206e+00
-7.249069005135237553e+00
-7.221054757160421111e+00
-7.194015391780693491e+00
-7.167918690985681351e+00
-7.142734141059285058e+00
-7.118432033524973335e+00
-7.094984254538277746e+00
-7.072363373436903800e+00
-7.050543456809928777e+00
-7.029499143956311258e+00
-7.009206484984175312e+00
-6.989642002555924272e+00
-6.970783553441710190e+00
-6.952609375997539587e+00
-6.935098974661016769e+00
-6.918232152669425261e+00
-6.901989919044066113e+00
-6.886353506109642808e+00
-6.871305298565313358e+00
-6.856827835415929329e+00
-6.842904760773766526e+00
-6.829519809855621126e+00
-6.816657781200675892e+00
-6.804303506426236936e+00
-6.792442843583208045e+00
-6.781061630397710260e+00
-6.770146698518373363e+00
-6.759684810001031607e+00
-6.749663692230573275e+00
-6.740070957432857668e+00
-6.730895158079317042e+00
-6.722124689233766937e+00
-6.713748864269799554e+00
-6.705756799881664065e+00
-6.698138511964154773e+00
-6.690883783134493612e+00
-6.683983278642465997e+00
-6.677427396266237380e+00
-6.671207402135571840e+00
-6.665314262879326712e+00
-6.659739801257808622e+00
-6.654475510452185993e+00
-6.649513729414321617e+00
-6.644846439199383781e+00
-6.640466457951877288e+00
-6.636366219192943561e+00
-6.632538986370551726e+00
-6.628977613021252324e+00
-6.625675776821396745e+00
-6.622626721550600060e+00
-6.619824510588030009e+00
-6.617262750611918598e+00
-6.614935864491133799e+00
-6.612837796661504619e+00
-6.610963305368695586e+00
-6.609306649667002986e+00
-6.607862900975179699e+00
-6.606626611647866021e+00
-6.605593145810665590e+00
-6.604757329458936788e+00
-6.604114800541817765e+00
-6.603660640547243332e+00
-6.603390743808725816e+00
-6.603300430538134869e+00
-6.603385835332371556e+00
-6.603642501618761429e+00
-6.604066789341659138e+00
-6.604654450787682762e+00
-6.605402057435120433e+00
-6.606305557128610673e+00
-6.607361720076508682e+00
-6.608566677346753515e+00
-6.609917385999382056e+00
-6.611410148877460813e+00
-6.613042098863710194e+00
-6.614809699941958776e+00
-6.616710250568773155e+00
-6.618740365982152873e+00
-6.620897500680867687e+00
-6.623178411958423162e+00
-6.625580701484055091e+00
-6.628101260041359133e+00
-6.630737828206081375e+00
-6.633487422269945810e+00
-6.636347914011634153e+00
-6.639316437787133651e+00
-6.642390989391344647e+00
-6.645568814297240223e+00
-6.648848025606668877e+00
-6.652225973421194816e+00
-6.655700881881283060e+00
-6.659270199652918443e+00
-6.662932256055045244e+00
-6.666684592646126895e+00
-6.670525638441149319e+00
-6.674453022582766515e+00
-6.678465268649286024e+00
-6.682560088395991471e+00
-6.686736095156392778e+00
-6.690991078639061840e+00
-6.695323737425368904e+00
-6.699731934808106359e+00
-6.704214450388430002e+00
-6.708769216943356817e+00
-6.713395091125688552e+00
-6.718090071346865422e+00
-6.722853087584520715e+00
-6.727682200267559587e+00
-6.732576409196232348e+00
-6.737533833416700091e+00
-6.742553539258723916e+00
-6.747633701187349509e+00
-6.752773448963599101e+00
-6.757971009461106071e+00
-6.763225572955711584e+00
-6.768535415894731955e+00
-6.773899786321773142e+00
-6.779317007586738164e+00
-6.784786382912334268e+00
-6.790306280032801567e+00
-6.795876054908895902e+00
-6.801494117283863439e+00
-6.807159873553926488e+00
-6.812871773229540295e+00
-6.818629270968760814e+00
-6.824430853932484276e+00
-6.830276022988179818e+00
-6.836163300947299071e+00
-6.842092232947432962e+00
-6.848061375560371644e+00
-6.854070316360741266e+00
-6.860117643893086203e+00
-6.866202986435321343e+00
-6.872324962813599392e+00
-6.878483240368836071e+00
-6.884676466607778877e+00
-6.890904346381627299e+00
-6.897165554361693651e+00
-6.903459831438896188e+00
-6.909785878012653981e+00
-6.916143469620357642e+00
-6.922531331028077162e+00
-6.928949271099003049e+00
-6.935396037674642855e+00
-6.941871471691679396e+00
-6.948374342842089213e+00
-6.954904522948060830e+00
-6.961460802389304980e+00
-6.968043082746020467e+00
-6.974650173981692625e+00
-6.981282006364000203e+00
-6.987937408391494465e+00
-6.994616338002416001e+00
-7.001317641233873346e+00
-7.008041302728479138e+00
-7.014786185114344264e+00
-7.021552298820081361e+00
-7.028338522163667612e+00
-7.035144890486305869e+00
-7.041970296938462326e+00
-7.048814800943121739e+00
-7.055677309667138353e+00
-7.062557905824683679e+00
-7.069455509821885641e+00
-7.076370226911430805e+00
-7.083300989998498665e+00
-7.090247926157567271e+00
-7.097209980087566095e+00
-7.104187300001893135e+00
-7.111178841720842136e+00
-7.118184773946084398e+00
-7.125204062977997133e+00
-7.132236897386341923e+00
-7.139282253339940709e+00
-7.146340338685100768e+00
-7.153410138875425872e+00
-7.160491880469429304e+00
-7.167584557648460475e+00
-7.174688415144903075e+00
-7.181802455335551727e+00
-7.188926940612861749e+00
-7.196060881040909685e+00
-7.203204556181498575e+00
-7.210356983300227007e+00
-7.217518458659712977e+00
-7.224688006262777407e+00
-7.231865938625193557e+00
-7.239051286043069133e+00
-7.246244376857429614e+00
-7.253444247233102438e+00
-7.260651240927418648e+00
-7.267864399567567801e+00
-7.275084081936211255e+00
-7.282309334733975348e+00
-7.289540531394857581e+00
-7.296776723320670399e+00
-7.304018298238887041e+00
-7.311264311895940615e+00
-7.318515165970422842e+00
-7.325769920211746999e+00
-7.333028989921871243e+00
-7.340291438525866852e+00
-7.347557694635318271e+00
-7.354826825037089399e+00
-7.362099271351890017e+00
-7.369374103427545286e+00
-7.376651775606064554e+00
-7.383931360507564712e+00
-7.391213324919504224e+00
-7.398496743957540644e+00
-7.405782096590255215e+00
-7.413068460163027673e+00
-7.420356325572217138e+00
-7.427644772137902862e+00
-7.434934302441277509e+00
-7.442223997532141588e+00
-7.449514371443557437e+00
-7.456804506719783454e+00
-7.464094928622278857e+00
-7.471384720963701653e+00
-7.478674420019595814e+00
-7.485963110653711894e+00
-7.493251339949853040e+00
-7.500538193614170623e+00
-7.507824229341220956e+00
-7.515108533478696451e+00
-7.522391674142365758e+00
-7.529672738128350140e+00
-7.536952303791639274e+00
-7.544229458190857329e+00
-7.551504789745388635e+00
-7.558777385597695186e+00
-7.566047844063584549e+00
-7.573315252197151182e+00
-7.580580218049392194e+00
-7.587841828420231138e+00
-7.595100700940872862e+00
-7.602355921997595800e+00
-7.609608118652672282e+00
-7.616856376724943090e+00
-7.624101332564671374e+00
-7.631342071275096117e+00
-7.638579238356732581e+00
-7.645811918054463696e+00
-7.653040764886722691e+00
-7.660264862102286187e+00
-7.667484873110248067e+00
-7.674699880030529719e+00
-7.681910555040438737e+00
-7.689115979003000589e+00
-7.696316832745980108e+00
-7.703512195751887504e+00
-7.710702757385654138e+00
-7.717887595630160469e+00
-7.725067408278376568e+00
-7.732241271698436336e+00
-7.739409892006510638e+00
-7.746572343844754904e+00
-7.753729341551652610e+00
-7.760879957936049678e+00
-7.768024915461483992e+00
-7.775163284999875302e+00
-7.782295797046221431e+00
-7.789421520435351631e+00
-7.796541193603648168e+00
-7.803653883251947754e+00
-7.810760335671319332e+00
-7.817859615335049028e+00
-7.824952476305282012e+00
-7.832037980737283966e+00
-7.839116890383922787e+00
-7.846188264994752970e+00
-7.853252873935885781e+00
-7.860309774466585075e+00
-7.867359743491507906e+00
-7.874401835697591778e+00
-7.881436835456256063e+00
-7.888463794802801132e+00
-7.895483505506089017e+00
-7.902495016872953748e+00
-7.909499128003006696e+00
-7.916494885400203074e+00
-7.923483095430693623e+00
-7.930462801723457744e+00
-7.937434817849145396e+00
-7.944398184492074577e+00
-7.951353722367741739e+00
-7.958300469147988387e+00
-7.965239252635778477e+00
-7.972169107424868173e+00
-7.979090868350143140e+00
-7.986003566863802305e+00
-7.992908044779291288e+00
-7.999803330345429231e+00
-8.006690272302812161e+00
-8.013567895637098815e+00
-8.020437055966301187e+00
-8.027296774954921332e+00
-8.034147915050708022e+00
-8.040989494540543348e+00
-8.047822382655768436e+00
-8.054645594250967378e+00
-8.061460005296742892e+00
-8.068264627162308855e+00
-8.075060342514634115e+00
-8.081846159185866796e+00
-8.088622966498336453e+00
-8.095389768696882982e+00
-8.102147461719351185e+00
-8.108895046174716015e+00
-8.115633424578014399e+00
-8.122361593854893869e+00
-8.129080463060798678e+00
-8.135789025391931162e+00
-8.142488196408601553e+00
-8.149176965532785033e+00
-8.155856254795486038e+00
-8.162525049800771981e+00
-8.169184279017336792e+00
-8.175832924189032624e+00
-8.182471920190401704e+00
-8.189100244863830369e+00
-8.195718839459155802e+00
-8.202326677876957461e+00
-8.208924707713000757e+00
-8.215511898886937558e+00
-8.222089205312080651e+00
-8.228655592888994619e+00
-8.235212021821142869e+00
-8.241757453952992307e+00
-8.248292855751833130e+00
-8.254817184969672539e+00
-8.261331414312506283e+00
-8.267834497404527028e+00
-8.274327413166027156e+00
-8.280809111058957228e+00
-8.287280576194502757e+00
-8.293740753838777735e+00
-8.300190635271340156e+00
-8.306629161529706096e+00
-8.313057330040049209e+00
-8.319474077579352311e+00
-8.325880407699704833e+00
-8.332275252886111261e+00
-8.338659622796587456e+00
-8.345032445593787429e+00
-8.351394737022348025e+00
-8.357745420892719324e+00
-8.364085519017754322e+00
-8.370413950826577576e+00
-8.376731744182508876e+00
-8.383037814104872254e+00
-8.389333194490419032e+00
-8.395616795920879838e+00
-8.401889658310116360e+00
-8.408150687774989862e+00
-8.414400930230877762e+00
-8.420639287303124831e+00
-8.426866810893569593e+00
-8.433082398110006039e+00
-8.439287106826345308e+00
-8.445479829607405620e+00
-8.451661630285311588e+00
-8.457831396856899886e+00
-8.463990199099464817e+00
-8.470136920417278503e+00
-8.476272636520205239e+00
-8.482396226196078359e+00
-8.488508771075240489e+00
-8.494609145305537012e+00
-8.500698436426283422e+00
-8.506775513922425702e+00
-8.512841471231244128e+00
-8.518895173152106537e+00
-8.524937719009841430e+00
-8.530967968896090881e+00
-8.536987028013255596e+00
-8.542993751723564344e+00
-8.548989251097420805e+00
-8.554972376746313500e+00
-8.560944245599666047e+00
-8.566903703497267486e+00
-8.572851873218981567e+00
-8.578787595812313427e+00
-8.584711999899420576e+00
-8.590623921715366151e+00
-8.596524495716906245e+00
-8.602412553306738374e+00
-8.608289234768896847e+00
-8.614153366654353050e+00
-8.620006095067452634e+00
-8.625846241688142513e+00
-8.631674958434697231e+00
-8.637491062097184980e+00
-8.643295710401648790e+00
-8.649087715229656581e+00
-8.654868240109340860e+00
-8.660636091995595365e+00
-8.666392440213098070e+00
-8.672136086772106012e+00
-8.677868206788870609e+00
-8.683587597311241524e+00
-8.689295439242449959e+00
-8.694990524650425101e+00
-8.700674040220935268e+00
-8.706344773024945027e+00
-8.712003915526731035e+00
-8.717650249783241989e+00
-8.723284974033603589e+00
-8.728906865304020712e+00
-8.734517127605103681e+00
-8.740114532915866263e+00
-8.745700291015205963e+00
-8.751273168818707759e+00
-8.756834381870810091e+00
-8.762382692007616214e+00
-8.767919320536551098e+00
-8.773443024198416040e+00
-8.778955030061371900e+00
-8.784454089755316275e+00
-8.789941436107097772e+00
-8.795415815620300393e+00
-8.800878466878877759e+00
-8.806328131244693935e+00
-8.811766053057326076e+00
-8.817190968521963157e+00
-8.822604127732633472e+00
-8.828004261722849577e+00
-8.833392626340110354e+00
-8.838767947431636074e+00
-8.844131486597623493e+00
-8.849481964484393615e+00
-8.854820648444448494e+00
-8.860146253908700587e+00
-8.865460053981784938e+00
-8.870760758864930651e+00
-8.876049647414793853e+00
-8.881325424588881745e+00
-8.886589374996066937e+00
-8.891840198336094403e+00
-8.897079184970497323e+00
-8.902305029327440167e+00
-8.907519027521697552e+00
-8.912719868696052927e+00
-8.917908854719476253e+00
-8.923084669435736416e+00
-8.928248620468957952e+00
-8.933399386350487248e+00
-8.938538280460775809e+00
-8.943663976005350236e+00
-8.948777792122514896e+00
-8.953878396678650375e+00
-8.958967114571461110e+00
-8.964042608315116567e+00
-8.969106208568506489e+00
-8.974156572480392668e+00
-8.979195036472948033e+00
-8.984220252316628574e+00
-8.989233562198934990e+00
-8.994233612499071384e+00
-8.999221751172328254e+00
-9.004196619193908901e+00
-9.009159570289201113e+00
-9.014109240016786373e+00
-9.019046987874940413e+00
-9.023971443992893526e+00
-9.028883973644582284e+00
-9.033783201517456618e+00
-9.038670498664076902e+00
-9.043544484317509458e+00
-9.048406535312292220e+00
-9.053255265414628994e+00
-9.058092057244239825e+00
-9.062915519088292626e+00
-9.067727039355050422e+00
-9.072525220840372384e+00
-9.077311457744711376e+00
-9.082084347360401821e+00
-9.086845289683839866e+00
-9.091592876491628061e+00
-9.096328513580074215e+00
-9.101050787197983993e+00
-9.105761108945493731e+00
-9.110458059531643116e+00
-9.115143056364617635e+00
-9.119814674601641968e+00
-9.124474337463244211e+00
-9.129120614542939549e+00
-9.133754934878059117e+00
-9.138375862486451950e+00
-9.142984832226872527e+00
-9.147580402529646548e+00
-9.152164014079588128e+00
-9.156734219707775679e+00
-9.161292465929999906e+00
-9.165837299966128171e+00
-9.170370174167894461e+00
-9.174889630132366136e+00
-9.179397126052283085e+00
-9.183891197890098113e+00
-9.188373309684749302e+00
-9.192841991752537467e+00
-9.197298713983871110e+00
-9.201742001037159113e+00
-9.206173328659877697e+00
-9.210591215840848278e+00
-9.214997144190133938e+00
-9.219389627015438293e+00
-9.223770151795026351e+00
-9.228137226143978467e+00
-9.232492343414554270e+00
-9.236834005517529533e+00
-9.241163711685238979e+00
-9.245479958112573726e+00
-9.249784249917830437e+00
-9.254075077568590046e+00
-9.258353952075264459e+00
-9.262619358166595873e+00
-9.266872812751318023e+00
-9.271112794807883972e+00
-9.275340827149630485e+00
-9.279555382993248003e+00
-9.283757991063247061e+00
-9.287947118802913238e+00
-9.292124300854510466e+00
-9.296287998876564984e+00
-9.300439753435684409e+00
-9.304578020394101756e+00
-9.308704346249591310e+00
-9.312817181056701088e+00
-9.316918077251154173e+00
-9.321005479068293909e+00
-9.325080944888870960e+00
-9.329142913117534519e+00
-9.333192948087097207e+00
-9.337229482360097421e+00
-9.341254086228479636e+00
-9.345265186401285007e+00
-9.349264359136906677e+00
-9.353250025279296054e+00
-9.357223767060697028e+00
-9.361183999448527970e+00
-9.365132310656271386e+00
-9.369067109763408396e+00
-9.372989990972170560e+00
-9.376899357462598061e+00
-9.380796809433384453e+00
-9.384680744153534704e+00
-9.388552767825947498e+00
-9.392411271797175942e+00
-9.396257868282093639e+00
-9.400090942693232421e+00
-9.403912113265430861e+00
-9.407719759465670961e+00
-9.411515505556696581e+00
-9.415297725048429101e+00
-9.419068048239616076e+00
-9.422824842671584378e+00
-9.426569744687233410e+00
-9.430301115847735005e+00
-9.434020598548443104e+00
-9.437726548358705614e+00
-9.441420613734704759e+00
-9.445101144242418201e+00
-9.448769794407260392e+00
-9.452424907780221375e+00
-9.456068144964488553e+00
-9.459697843484351054e+00
-9.463315670029437854e+00
-9.466919956085712684e+00
-9.470512374437898728e+00
-9.474091250521869512e+00
-9.477658263226338420e+00
-9.481211731925348829e+00
-9.484753341620413281e+00
-9.488281405612095654e+00
-9.491797615023639167e+00
-9.495300277070311878e+00
-9.498791089006092037e+00
-9.502268351949208380e+00
-9.505733769293593483e+00
-9.509185636048515633e+00
-9.512625661757038387e+00
-9.516052135307676352e+00
-9.519466772401850463e+00
-9.522867855795439596e+00
-9.526257107357732679e+00
-9.529632803699943366e+00
-9.532996672868639720e+00
-9.536346985318479241e+00
-9.539685475282878357e+00
-9.543010407047933796e+00
-9.546323521043451166e+00
-9.549623075375077264e+00
-9.552910816678659600e+00
-9.556184996867250092e+00
-9.559447368792628907e+00
-9.562696178163157867e+00
-9.565933184056374827e+00
-9.569156625963850971e+00
-9.572368269198824109e+00
-9.575566347023894309e+00
-9.578752630998049966e+00
-9.581925348142677379e+00
-9.585086276272622996e+00
-9.588233636155921502e+00
-9.591369211873349343e+00
-9.594491217927288318e+00
-9.597601444674808135e+00
-9.600698100340267160e+00
-9.603782981567377419e+00
-9.606854290290154808e+00
-9.609913829449274303e+00
-9.612959794676029901e+00
-9.615993995218651946e+00
-9.619014620393228299e+00
-9.622023485766082018e+00
-9.625018774325599935e+00
-9.628002307966857742e+00
-9.630972263338099637e+00
-9.633930468673831626e+00
-9.636875094269511166e+00
-9.639807974709940552e+00
-9.642727273925199682e+00
-9.645634832861269103e+00
-9.648528809070155532e+00
-9.651411049870000980e+00
-9.654279706421977636e+00
-9.657136632427485878e+00
-9.659979972644110902e+00
-9.662811587167606575e+00
-9.665629614339176001e+00
-9.668435920660089167e+00
-9.671228638042340009e+00
-9.674009639404051342e+00
-9.676777050215056519e+00
-9.679532749821573745e+00
-9.682274857238398980e+00
-9.685005258251397464e+00
-9.687722065407180949e+00
-9.690427170942752966e+00
-9.693118680923602071e+00
-9.695798494049400418e+00
-9.698464709891261748e+00
-9.701119233623382243e+00
-9.703760158309359340e+00
-9.706389395609532400e+00
-9.709005032066766461e+00
-9.711608985839367492e+00
-9.714199336936225393e+00
-9.716778010025592494e+00
-9.719343078568936534e+00
-9.721896473756407531e+00
-9.724436262488790561e+00
-9.726964382490161043e+00
-9.729478894087057128e+00
-9.731981741549718734e+00
-9.734470978616935000e+00
-9.736948556117312137e+00
-9.739412521188317129e+00
-9.741864831229174015e+00
-9.744303526762511325e+00
-9.746730571770553908e+00
-9.749144000147214939e+00
-9.751545782470325108e+00
-9.753933945991381194e+00
-9.756310467896256000e+00
-9.758673368780300450e+00
-9.761024632449968763e+00
-9.763362272830605093e+00
-9.765688280362020635e+00
-9.768000662285585278e+00
-9.770301415687207225e+00
-9.772588541110252436e+00
-9.774864042299705957e+00
-9.777125913086848641e+00
-9.779376163888546358e+00
-9.781612781809947421e+00
-9.783837783952943568e+00
-9.786049150682220699e+00
-9.788248905797740207e+00
-9.790435022909564466e+00
-9.792609532528974370e+00
-9.794770401497011392e+00
-9.796919667049461822e+00
-9.799055289244035905e+00
-9.801179312054365766e+00
-9.803289688740363772e+00
-9.805388470027004644e+00
-9.807473602361794107e+00
-9.809547143234489397e+00
-9.811607032265698081e+00
-9.813655333723598773e+00
-9.815689980387128699e+00
-9.817713043316599553e+00
-9.819722448434520246e+00
-9.821720273607102314e+00
-9.823704437885686147e+00
-9.825677025956141009e+00
-9.827635949983751118e+00
-9.829583301487987868e+00
-9.831516985733147251e+00
-9.833439101086323575e+00
-9.835347545895761101e+00
-9.837244425390265334e+00
-9.839127630986959971e+00
-9.840999274790489082e+00
-9.842857241271691038e+00
-9.844703649425385450e+00
-9.846536376760809617e+00
-9.848357549177276127e+00
-9.850165037207132102e+00
-9.851960973668623112e+00
-9.853743222101785548e+00
-9.855513922258271720e+00
-9.857270930670443576e+00
-9.859016394037926290e+00
-9.860748161869720363e+00
-9.862468387828192462e+00
-9.864174914383443848e+00
-9.865869902175255390e+00
-9.867551186619094139e+00
-9.869220935347083667e+00
-9.870876976704176187e+00
-9.872521485329839308e+00
-9.874152282482715037e+00
-9.875771549824559514e+00
-9.877377101511719104e+00
-9.878971126243380141e+00
-9.880551431057591927e+00
-9.882120211706235224e+00
-9.883675268092817490e+00
-9.885218803037203017e+00
-9.886748609292306256e+00
-9.888266896761322755e+00
-9.889771451030217264e+00
-9.891264489100921153e+00
-9.892743789376179819e+00
-9.894211575972347461e+00
-9.895665620092362502e+00
-9.897108152982571738e+00
-9.898536938629723281e+00
-9.899954215425875503e+00
-9.901357740124833384e+00
-9.902749758280313230e+00
-9.904128019396519989e+00
-9.905494776204649909e+00
-9.906847770942501796e+00
-9.908189263534865177e+00
-9.909516988936207582e+00
-9.910833214280911463e+00
-9.912135667223308744e+00
-9.913426622123525433e+00
-9.914703799318543176e+00
-9.915969480410728565e+00
-9.917221378402510723e+00
-9.918461782154755824e+00
-9.919688397318239481e+00
-9.920903520028812039e+00
-9.922104848568141122e+00
-9.923294686363684391e+00
-9.924470724310571867e+00
-9.925635273144601811e+00
-9.926786016356828668e+00
-9.927925272008051749e+00
-9.929050716167722612e+00
-9.930164674238474376e+00
-9.931264814850461420e+00
-9.932353470765134418e+00
-9.933428303155427130e+00
-9.934491652158715880e+00
-9.935541171472891619e+00
-9.936579208628396387e+00
-9.937603409830037648e+00
-9.938616130018468553e+00
-9.939615007887413256e+00
-9.940602405805135433e+00
-9.941575954935958137e+00
-9.942538025093314857e+00
-9.943486239893809753e+00
-9.944422976613486398e+00
-9.945345851302947793e+00
-9.946257248718493926e+00
-9.947154777326108643e+00
-9.948040829380166983e+00
-9.948913005743536431e+00
-9.949773706186348932e+00
-9.950620523949682550e+00
-9.951455866337491685e+00
-9.952277318950153884e+00
-9.953087296643490234e+00
-9.953883377358350160e+00
-9.954667983520518959e+00
-9.955438685392275389e+00
-9.956197912987645893e+00
-9.956943228871256935e+00
-9.957677070663740082e+00
-9.958396993212748072e+00
-9.959105441764057431e+00
-9.959799963429052383e+00
-9.960483011097149841e+00
-9.961152124124007301e+00
-9.961809763061404865e+00
-9.962453459489731600e+00
-9.963085681641862479e+00
-9.963703953303349792e+00
-9.964310750406927042e+00
-9.964903588923570865e+00
-9.965484952504981564e+00
-9.966052349287522816e+00
-9.966608270660987756e+00
-9.967150216907247895e+00
-9.967680687173366749e+00
-9.968197173866487404e+00
-9.968702183910284731e+00
-9.969193201817146743e+00
-9.969672742306663338e+00
-9.970138281976019812e+00
-9.970592343360415555e+00
-9.971032395121349978e+00
-9.971460967629210970e+00
-9.971875521589328883e+00
-9.972278595226999443e+00
-9.972667641270676953e+00
-9.973045205820492143e+00
-9.973408733607159959e+00
-9.973760778625653245e+00
-9.974098777588055853e+00
-9.974425292404244914e+00
-9.974737751746655334e+00
-9.975038725460288802e+00
-9.975325634156726906e+00
-9.975601055636323267e+00
-9.975862402428711917e+00
-9.976112260310072699e+00
-9.976348033706459617e+00
-9.976572316390516448e+00
-9.976782504663276541e+00
-9.976981200314471110e+00
-9.977165791498444847e+00
-9.977338888042769582e+00
-9.977497869933324992e+00
-9.977645355056539600e+00
-9.977778715207850979e+00
-9.977900576353475159e+00
-9.978008302076503355e+00
-9.978104526444040445e+00
-9.978186604804648141e+00
-9.978257179347611583e+00
-9.978313597164637727e+00
-9.978358508588657472e+00
-9.978389252431972167e+00
-9.978408487192671927e+00
-9.978413543381227768e+00
-9.978407087682493071e+00
-9.978386442282328517e+00
-9.978354282074057835e+00
-9.978307920896249072e+00
-9.978250041872511744e+00
-9.978177950471147639e+00
-9.978094338068121516e+00
-9.977996501738260804e+00
-9.977887141132049109e+00
-9.977763544907663373e+00
-9.977628421012333604e+00
-9.977479049664138344e+00
-9.977318147129508930e+00
-9.977142985162949174e+00
-9.976956288372502257e+00
-9.976755320025448626e+00
-9.976542813094170015e+00
-9.976316022334890121e+00
-9.976077689107018642e+00
-9.975825059631858949e+00
-9.975560883678733504e+00
-9.975282398909874004e+00
-9.974992363527656281e+00
-9.974688006611028612e+00
-9.974372094818390266e+00
-9.974041848621162387e+00
-9.973700043157039730e+00
-9.973343890265301326e+00
-9.972976173586593163e+00
-9.972594096303227573e+00
-9.972200450582221265e+00
-9.971792430924288908e+00
-9.971372838046505649e+00
-9.970938857742890349e+00
-9.970493299304475698e+00
-9.970033339793506144e+00
-9.969561797098846156e+00
-9.969075839525682881e+00
-9.968578293584817729e+00
-9.968066318799010617e+00
-9.967542750325218748e+00
-9.967004738878079806e+00
-9.966455128285149456e+00
-9.965891060427260584e+00
-9.965315387826985116e+00
-9.964725243505387908e+00
-9.964123488704812459e+00
-9.963507247560475122e+00
-9.962879390059233842e+00
-9.962237031424265865e+00
-9.961583050411846330e+00
-9.960914553306704278e+00
-9.960234427659690581e+00
-9.959539770790392765e+00
-9.958833479069479466e+00
-9.958112640824804629e+00
-9.957380161272093133e+00
-9.956633119720551761e+00
-9.955874430256532293e+00
-9.955101163143494247e+00
-9.954316241364075779e+00
-9.953516726108762924e+00
-9.952705549282269359e+00
-9.951879762974632726e+00
-9.951042308038696049e+00
-9.950190227436397805e+00
-9.949326470994748206e+00
-9.948448072519976648e+00
-9.947557990839394293e+00
-9.946653250575549166e+00
-9.945736819582569055e+00
-9.944805713271074765e+00
-9.943862908548592117e+00
-9.942905411585559960e+00
-9.941936208369508421e+00
-9.940952295802290450e+00
-9.939956668978290111e+00
-9.938946315502008133e+00
-9.937924239601715115e+00
-9.936887419555775480e+00
-9.935838868753471331e+00
-9.934775556117882545e+00
-9.933700504226722572e+00
-9.932610672618521264e+00
-9.931509093086862805e+00
-9.930392715756353184e+00
-9.929264581663980849e+00
-9.928121631490812504e+00
-9.926966915545117232e+00
-9.925797365034531694e+00
-9.924616039566499737e+00
-9.923419860845278606e+00
-9.922211897805537362e+00
-9.920989062617929122e+00
-9.919754433572633090e+00
-9.918504913276283474e+00
-9.917243589402959358e+00
-9.915967354964594804e+00
-9.914679307047769896e+00
-9.913376329038934287e+00
-9.912061527465928279e+00
-9.910731776058533171e+00
-9.909390190814816535e+00
-9.908033635776750003e+00
-9.906665236441522637e+00
-9.905281847131863771e+00
-9.903886602873377853e+00
-9.902476348237806647e+00
-9.901054227808540276e+00
-9.899617076374475744e+00
-9.898168048106342098e+00
-9.896703967978035976e+00
-9.895227999777402417e+00
-9.893736958630904965e+00
-9.892234017973393634e+00
-9.890715983051419968e+00
-9.889186036976813199e+00
-9.887640975083412442e+00
-9.886083990190297044e+00
-9.884511867685572994e+00
-9.882927810125861967e+00
-9.881328592920288756e+00
-9.879717428393657741e+00
-9.878091081942599772e+00
-9.876452775690752972e+00
-9.874799264988542546e+00
-9.873133781789407593e+00
-9.871453071363545106e+00
-9.869760375525197915e+00
-9.868052429430187900e+00
-9.866332484784820167e+00
-9.864597266596021541e+00
-9.862850036493560069e+00
-9.861087509300842768e+00
-9.859312956602618527e+00
-9.857523083003707498e+00
-9.855721170075726789e+00
-9.853903912169755586e+00
-9.852074600876095545e+00
-9.850229920256595051e+00
-9.848373171952363947e+00
-9.846501029700281293e+00
-9.844616805224609024e+00
-9.842717161901255452e+00
-9.840805421569953637e+00
-9.838878237209472744e+00
-9.836938940807714360e+00
-9.834984174909706667e+00
-9.833017281684250932e+00
-9.831034893205954361e+00
-9.829040361857510177e+00
-9.827030309205900593e+00
-9.825008097880930436e+00
-9.822970338904706722e+00
-9.820920405187441915e+00
-9.818854897168620255e+00
-9.816777198072447419e+00
-9.814683897717978667e+00
-9.812578389677010904e+00
-9.810457253109982290e+00
-9.808323891970177399e+00
-9.806174874720866796e+00
-9.804013615730999831e+00
-9.801836672727908706e+00
-9.799647470530317150e+00
-9.797442556090663501e+00
-9.795225364711924954e+00
-9.792992432532143354e+00
-9.790747205373170559e+00
-9.788486208519145748e+00
-9.786212898345491240e+00
-9.783923789242439994e+00
-9.781622348174078496e+00
-9.779305078596392420e+00
-9.776975458097316718e+00
-9.774629979158030224e+00
-9.772272130025685399e+00
-9.769898392165776713e+00
-9.767512264520263443e+00
-9.765110217497721123e+00
-9.762695760770634834e+00
-9.760265353649113962e+00
-9.757822516572222327e+00
-9.755363697709839244e+00
-9.752892428303606920e+00
-9.750405145341005664e+00
-9.747905390902744216e+00
-9.745389590751338815e+00
-9.742861297843113277e+00
-9.740316926672830888e+00
-9.737760041109131848e+00
-9.735187044335996021e+00
-9.732601511171369069e+00
-9.729999833444823665e+00
-9.727385596960875347e+00
-9.724755182150929045e+00
-9.722112185843446497e+00
-9.719452977027453144e+00
-9.716781163592992598e+00
-9.714093103042335642e+00
-9.711392414364819814e+00
-9.708675443531202376e+00
-9.705945820668175017e+00
-9.703199880169739444e+00
-9.700441263338289488e+00
-9.697666292945621436e+00
-9.694878621508328465e+00
-9.692074560130079064e+00
-9.689257772580367245e+00
-9.686424558248683425e+00
-9.683578592196392165e+00
-9.680716162052194207e+00
-9.677840954208587476e+00
-9.674949244486606759e+00
-9.672044730649339783e+00
-9.669123676662927380e+00
-9.666189791700796619e+00
-9.663239327826618208e+00
-9.660276005664114152e+00
-9.657296065326564261e+00
-9.654303238928202191e+00
-9.651293754583729623e+00
-9.648271355938298655e+00
-9.645232259059477897e+00
-9.642180219164169230e+00
-9.639111440223711469e+00
-9.636029689067873605e+00
-9.632931157522532928e+00
-9.629819624071563666e+00
-9.626691268345712871e+00
-9.623549880524732814e+00
-9.620391627994171913e+00
-9.617220312671429738e+00
-9.614032089646803669e+00
-9.610830772617406481e+00
-9.607612504327516234e+00
-9.604381110296786872e+00
-9.601132720872229243e+00
-9.597871173438855763e+00
-9.594592585895332704e+00
-9.591300807534976158e+00
-9.587991943756492219e+00
-9.584669855805090677e+00
-9.581330636527336964e+00
-9.577978159164391769e+00
-9.574608503958286221e+00
-9.571225556190215755e+00
-9.567825383445109466e+00
-9.564411883088817845e+00
-9.560981109996193439e+00
-9.557536973662587698e+00
-9.554075516199436180e+00
-9.550600659277073134e+00
-9.547108432189805427e+00
-9.543602768828659322e+00
-9.540079685616943195e+00
-9.536543128712422046e+00
-9.532989101613198457e+00
-9.529421562790336253e+00
-9.525836502762153657e+00
-9.522237892359965983e+00
-9.518621709067426551e+00
-9.514991936123623262e+00
-9.511344537922349573e+00
-9.507683510158239315e+00
-9.504004804079816182e+00
-9.500312427885614142e+00
-9.496602319623123734e+00
-9.492878500043593348e+00
-9.489136893937532236e+00
-9.485381534658078095e+00
-9.481608333682464362e+00
-9.477821337015546632e+00
-9.474016442764698454e+00
-9.470197709636844152e+00
-9.466361022312657525e+00
-9.462510452251839510e+00
-9.458641870651373296e+00
-9.454759361775137094e+00
-9.450858783278995645e+00
-9.446944232282943332e+00
-9.443011552844213341e+00
-9.439064854991300990e+00
-9.435099969124992825e+00
-9.431121018235428366e+00
-9.427123819008842887e+00
-9.423112507450628783e+00
-9.419082886474249960e+00
-9.415039105154596299e+00
-9.410976952573923526e+00
-9.406900590931385864e+00
-9.402805795419380885e+00
-9.398696741416946665e+00
-9.394569190167528561e+00
-9.390427330286334140e+00
-9.386266909008790904e+00
-9.382092128242964790e+00
-9.377898721157100326e+00
-9.373690903009672226e+00
-9.369464392842132838e+00
-9.365223419321614173e+00
-9.360963687303176073e+00
-9.356689438921554469e+00
-9.352396364785613869e+00
-9.348088720557186093e+00
-9.343762182539011363e+00
-9.339421019980637340e+00
-9.335060894818282051e+00
-9.330686089950399165e+00
-9.326292252886496215e+00
-9.321883680235847791e+00
-9.317456005020732235e+00
-9.313013537623943350e+00
-9.308551896520109281e+00
-9.304075405928987408e+00
-9.299579669716724339e+00
-9.295069026004570745e+00
-9.290539063989230684e+00
-9.285994135758667056e+00
-9.281429815779224768e+00
-9.276850470171517316e+00
-9.272251658610466407e+00
-9.267637761316301237e+00
-9.263004323111230676e+00
-9.258355738382952893e+00
-9.253687537039608557e+00
-9.249004127705012124e+00
-9.244301025311782993e+00
-9.239582652789556150e+00
-9.234844510033852316e+00
-9.230091034350580870e+00
-9.225317710536565130e+00
-9.220528990345437492e+00
-9.215720343413579485e+00
-9.210896236014727734e+00
-9.206052122562981666e+00
-9.201192483925622057e+00
-9.196312759232437628e+00
-9.191417444018620486e+00
-9.186501962067689320e+00
-9.181570823657974501e+00
-9.176619437164564630e+00
-9.171652327685357875e+00
-9.166664888124817168e+00
-9.161661658477648018e+00
-9.156638016115380196e+00
-9.151598516007965145e+00
-9.146538519931555200e+00
-9.141462597910622989e+00
-9.136366096063513353e+00
-9.131253599549758349e+00
-9.126120438767202359e+00
-9.120971214091831314e+00
-9.115801240138351247e+00
-9.110615132581804332e+00
-9.105408190190841466e+00
-9.100185044023154646e+00
-9.094940976938534760e+00
-9.089680635461901304e+00
-9.084399286481122715e+00
-9.079101592074239946e+00
-9.073782803093919824e+00
-9.068447597258105120e+00
-9.063091209321196828e+00
-9.057718332728828869e+00
-9.052324186073690271e+00
-9.046913478618224147e+00
-9.041481412729796219e+00
-9.036032713577840880e+00
-9.030562567240673744e+00
-9.025075714885925748e+00
-9.019567326239041449e+00
-9.014042158558208229e+00
-9.008495365151933498e+00
-9.002931719462431204e+00
-8.997346358317075854e+00
-8.991744071436706065e+00
-8.986119979103117217e+00
-8.980478887411420530e+00
-8.974815900033327409e+00
-8.969135839535038457e+00
-8.963433792913248155e+00
-8.957714599303235659e+00
-8.951973328961623011e+00
-8.946214837691840671e+00
-8.940434178945132260e+00
-8.934636225293132838e+00
-8.928816013316190237e+00
-8.922978432455565212e+00
-8.917118502354702159e+00
-8.911241129426883845e+00
-8.905341316312556543e+00
-8.899423986500522687e+00
-8.893484125561768039e+00
-8.887526674165208362e+00
-8.881546600745448217e+00
-8.875548863257433752e+00
-8.869528412932190520e+00
-8.863490225117391930e+00
-8.857429233772984745e+00
-8.851350431747324166e+00
-8.845248735661273898e+00
-8.839129155972955232e+00
-8.832986591895702233e+00
-8.826826071607518642e+00
-8.820642476845405255e+00
-8.814440853618366489e+00
-8.808216066117754650e+00
-8.801973178295888545e+00
-8.795707036728675376e+00
-8.789422723425063921e+00
-8.783115067275097942e+00
-8.776789168458753565e+00
-8.770439838109316710e+00
-8.764072194693358853e+00
-8.757681031515863523e+00
-8.751271485446304510e+00
-8.744838331889427607e+00
-8.738386726235201962e+00
-8.731911425915294345e+00
-8.725417604958629170e+00
-8.718900002750551437e+00
-8.712363812078518066e+00
-8.705803754207318335e+00
-8.699225040803504783e+00
-8.692622374936643581e+00
-8.686000987273793328e+00
-8.679355562613757513e+00
-8.672691350746692507e+00
-8.666003018124250445e+00
-8.659295833783122731e+00
-8.652564445750654087e+00
-8.645814142434609550e+00
-8.639039553359982193e+00
-8.632245986430895357e+00
-8.625428052591169958e+00
-8.618591079367673657e+00
-8.611729659043193763e+00
-8.604849138894527627e+00
-8.597944092462791232e+00
-8.591019886902794056e+00
-8.584071076932248801e+00
-8.577103049713064920e+00
-8.570110341056844661e+00
-8.563098358262459797e+00
-8.556061618151547421e+00
-8.549005548290979917e+00
-8.541924646427434098e+00
-8.534824360527295539e+00
-8.527699169176560900e+00
-8.520554540873584770e+00
-8.513384934956452099e+00
-8.506195840588922863e+00
-8.498981697772846289e+00
-8.491748016471657223e+00
-8.484489217261286242e+00
-8.477210831039876382e+00
-8.469907258866754773e+00
-8.462584052710585780e+00
-8.455235594021937473e+00
-8.447867455976668438e+00
-8.440474000323110459e+00
-8.433060821581785049e+00
-8.425622261704038607e+00
-8.418163936693209948e+00
-8.410680168607543195e+00
-8.403176595072133992e+00
-8.395647518154412126e+00
-8.388098597241176790e+00
-8.380524114309837458e+00
-8.372929750649399594e+00
-8.365309768046730099e+00
-8.357669869834266407e+00
-8.350004297506178119e+00
-8.342318776580411210e+00
-8.334607528154684530e+00
-8.326876300075245041e+00
-8.319119292937921628e+00
-8.311342277060861150e+00
-8.303539432431122691e+00
-8.295716551982875941e+00
-8.287867794985682934e+00
-8.279998977134850335e+00
-8.272104236872069194e+00
-8.264189412799352041e+00
-8.256248622418441485e+00
-8.248287727384628454e+00
-8.240300824145696978e+00
-8.232293797557348469e+00
-8.224260722897710707e+00
-8.216207508370803936e+00
-8.208128207967501311e+00
-8.200028753388794556e+00
-8.191903177218815557e+00
-8.183757434804864062e+00
-8.175585537203069464e+00
-8.167393463556987143e+00
-8.159175203271463062e+00
-8.150936759437211521e+00
-8.142672099682403797e+00
-8.134387251196525170e+00
-8.126076159703766066e+00
-8.117744876644666263e+00
-8.109387325710189387e+00
-8.101009582744874038e+00
-8.092605549275159404e+00
-8.084181325703351462e+00
-8.075730791257790031e+00
-8.067260071053276249e+00
-8.058763021884459476e+00
-8.050245793733866506e+00
-8.041702220824717529e+00
-8.033138478163420970e+00
-8.024548377261924159e+00
-8.015938118307390781e+00
-8.007301489958274843e+00
-7.998644717740349463e+00
-7.989961567314246338e+00
-7.981258289702761743e+00
-7.972528627422203584e+00
-7.963778857151848634e+00
-7.955002698114599369e+00
-7.946206452806513276e+00
-7.937383817006014475e+00
-7.928541119187048736e+00
-7.919672031529943368e+00
-7.910782908648510414e+00
-7.901867398969184997e+00
-7.892931883408585314e+00
-7.883969986480849457e+00
-7.874988115569379055e+00
-7.865979871115317934e+00
-7.856951687133610029e+00
-7.847897139829316693e+00
-7.838822690014798589e+00
-7.829721889493375997e+00
-7.820601226041584475e+00
-7.811454226893043362e+00
-7.802287406956338600e+00
-7.793094268724725104e+00
-7.783881354407733433e+00
-7.774642141585236921e+00
-7.765383199937743619e+00
-7.756097981955988097e+00
-7.746793084962618536e+00
-7.737461936181109223e+00
-7.728111160748417419e+00
-7.718734160439894687e+00
-7.709337588380386741e+00
-7.699914820713731345e+00
-7.690472538727232354e+00
-7.681004092747152789e+00
-7.671516192399183254e+00
-7.662002162003418881e+00
-7.652468739700991840e+00
-7.642909223614494429e+00
-7.633330380579090857e+00
-7.623725482325763636e+00
-7.614101324563558926e+00
-7.604451152434998029e+00
-7.594781790704332458e+00
-7.585086457726267106e+00
-7.575372007502785721e+00
-7.565631631398442636e+00
-7.555872212837309476e+00
-7.546086915988683863e+00
-7.536282653884360805e+00
-7.526452563290653153e+00
-7.516603587034232703e+00
-7.506728834267822670e+00
-7.496835277801869424e+00
-7.486915998961952923e+00
-7.476978000732781737e+00
-7.467014336396536223e+00
-7.457032039304383630e+00
-7.447024134475916490e+00
-7.436997685822625215e+00
-7.426945689879403290e+00
-7.416875241313804601e+00
-7.406779307951103952e+00
-7.396665015412518862e+00
-7.386525302585537744e+00
-7.376367326244597677e+00
-7.366183996108562226e+00
-7.355982500306483374e+00
-7.345755719154646535e+00
-7.335510872340113231e+00
-7.325240810539724201e+00
-7.314952785203965746e+00
-7.304639617130331608e+00
-7.294308589740321480e+00
-7.283952493709014320e+00
-7.273578644638684310e+00
-7.263179802835984411e+00
-7.252763316295871121e+00
-7.242321914707286368e+00
-7.231862978672208619e+00
-7.221379207009577250e+00
-7.210878013144926157e+00
-7.200352064771709415e+00
-7.189808808357915026e+00
-7.179240880212990561e+00
-7.168655760068785909e+00
-7.158046052588795227e+00
-7.147419270992662277e+00
-7.136767988032890919e+00
-7.126099750643477115e+00
-7.115407099397491386e+00
-7.104697615172386627e+00
-7.093963806090238577e+00
-7.083213287203929731e+00
-7.072438533909324754e+00
-7.061647195669357835e+00
-7.050831714875601897e+00
-7.039999775638376533e+00
-7.029143787063111937e+00
-7.018271468148048697e+00
-7.007375194427293508e+00
-6.996462720030311999e+00
-6.985526386631248030e+00
-6.974573983737244909e+00
-6.963597818870365330e+00
-6.952605717164933807e+00
-6.941589951695220861e+00
-6.930558383475485584e+00
-6.919503250833041186e+00
-6.908432450917917578e+00
-6.897338187007621357e+00
-6.886228392647320895e+00
-6.875095235758142742e+00
-6.863946686543224374e+00
-6.852774877257051145e+00
-6.841587815026779928e+00
-6.830377596126415263e+00
-6.819152264876865210e+00
-6.807903881253925427e+00
-6.796640527045659574e+00
-6.785354225608017487e+00
-6.774053096473291902e+00
-6.762729126052152040e+00
-6.751390471902143808e+00
-6.740029083159029710e+00
-6.728653155690428989e+00
-6.717254601023974203e+00
-6.705841653625926213e+00
-6.694406187078360659e+00
-6.682956474739015107e+00
-6.671484351902824628e+00
-6.659998131115877129e+00
-6.648489609040389325e+00
-6.636967137711765830e+00
-6.625422474809640860e+00
-6.613864012164244244e+00
-6.602283468118286258e+00
-6.590689274606702952e+00
-6.579073110276801195e+00
-6.567443447482362195e+00
-6.555791924812440996e+00
-6.544127055358569756e+00
-6.532440437284056323e+00
-6.520740624741610425e+00
-6.509019175097007448e+00
-6.497284683892303292e+00
-6.485528667319241158e+00
-6.473759762642330884e+00
-6.461969444497865922e+00
-6.450166392210976873e+00
-6.438342038476661422e+00
-6.426505105023509579e+00
-6.414646982214422977e+00
-6.402776434529857674e+00
-6.390884809604715500e+00
-6.378980915024714093e+00
-6.367056055296163031e+00
-6.355119081468767028e+00
-6.343161254514376957e+00
-6.331191469311023390e+00
-6.319200942885016659e+00
-6.307198614312558682e+00
-6.295175656258188646e+00
-6.283141052371587598e+00
-6.271085930533987884e+00
-6.259019319349911292e+00
-6.246932301490081940e+00
-6.234833950900985577e+00
-6.222715304610138887e+00
-6.210585482299287641e+00
-6.198435474914445464e+00
-6.186274448271727344e+00
-6.174093346791679870e+00
-6.161901382830271778e+00
-6.149689453832638542e+00
-6.137466819106584204e+00
-6.125224328665729523e+00
-6.112971289188180890e+00
-6.100698502794076106e+00
-6.088415323956700931e+00
-6.076112506434560245e+00
-6.063799452927821854e+00
-6.051466868358710727e+00
-6.039124204093008430e+00
-6.026762115735561309e+00
-6.014390103763349593e+00
-6.001998773976299439e+00
-5.989597676415332472e+00
-5.977177366581025275e+00
-5.964747444538399890e+00
-5.952298414987474473e+00
-5.939839928484866860e+00
-5.927362438421758029e+00
-5.914875646321490876e+00
-5.902369953751138709e+00
-5.889855113683494459e+00
-5.877321475338858292e+00
-5.864778843630302774e+00
-5.852217514901171924e+00
-5.839647346503563874e+00
-5.827058581366299173e+00
-5.814461129787378724e+00
-5.801845180735648810e+00
-5.789220697970336893e+00
-5.776577815947028682e+00
-5.763926552410059578e+00
-5.751256986740183486e+00
-5.738579191199452367e+00
-5.725883189524218153e+00
-5.713179109035632308e+00
-5.700456917247334943e+00
-5.687726797090260078e+00
-5.674978659268654191e+00
-5.662222742882821791e+00
-5.649448901232095643e+00
-5.636667430155438474e+00
-5.623868124942561053e+00
-5.611061338750003458e+00
-5.598236808244080542e+00
-5.585404944487477152e+00
-5.572555424899980459e+00
-5.559698719049250393e+00
-5.546824444475467075e+00
-5.533943129860452004e+00
-5.521044332222087014e+00
-5.508138639975615369e+00
-5.495215548964076824e+00
-5.482285707966189747e+00
-5.469338550987074221e+00
-5.456384787810074855e+00
-5.443413789928737145e+00
-5.430436328783282640e+00
-5.417441712671287490e+00
-5.404440775353517523e+00
-5.391422761236196237e+00
-5.378398567075786119e+00
-5.365357372680504611e+00
-5.352310138489713154e+00
-5.339245978995448283e+00
-5.326175919019221716e+00
-5.313089007006746911e+00
-5.299996332873492477e+00
-5.286886878276744639e+00
-5.273771798950260603e+00
-5.260640009008480611e+00
-5.247502730740761123e+00
-5.234348809951406167e+00
-5.221189536236154893e+00
-5.208013686308993861e+00
-5.194832617836231847e+00
-5.181635037648000264e+00
-5.168432372259251117e+00
-5.155213257809234229e+00
-5.141989190453861269e+00
-5.128748734820321786e+00
-5.115503457512308394e+00
-5.102241850809580370e+00
-5.088975552585363715e+00
-5.075692981921850588e+00
-5.062405848798682939e+00
-5.049102498235511050e+00
-5.035794713170795411e+00
-5.022470763681079475e+00
-5.009142506532132444e+00
-4.995798135961194930e+00
-4.982449583445919039e+00
-4.969084966471811526e+00
-4.955716292129876521e+00
-4.942331600224785682e+00
-4.928942974379458164e+00
-4.915538375771701496e+00
-4.902129965492348695e+00
-4.888705625128778820e+00
-4.875277594193728525e+00
-4.861833673702805392e+00
-4.848386182563057645e+00
-4.834922840218442985e+00
-4.821456045961550529e+00
-4.807973436646122423e+00
-4.794487492960767483e+00
-4.780985768131045255e+00
-4.767480825272052414e+00
-4.753960132923159776e+00
-4.740436337676675826e+00
-4.726896822307683266e+00
-4.713354317957050732e+00
-4.699796120536443134e+00
-4.686235046828271855e+00
-4.672658304760045844e+00
-4.659078797870457755e+00
-4.645483644960176406e+00
-4.631885837461609867e+00
-4.618272403883070254e+00
-4.604656424711008000e+00
-4.591024836972749767e+00
-4.577390811392828773e+00
-4.563741192304990868e+00
-4.550089241880246327e+00
-4.536421710521558737e+00
-4.522751953079784393e+00
-4.509066624764520803e+00
-4.495379174365583097e+00
-4.481676160610692072e+00
-4.467971127514078766e+00
-4.454250536006274075e+00
-4.440528026638434156e+00
-4.426789961201222035e+00
-4.413050078123021969e+00
-4.399294638683569403e+00
-4.385537480557508694e+00
-4.371764763113566765e+00
-4.357990424670996177e+00
-4.344200521257520542e+00
-4.330409093265531695e+00
-4.316602091920938022e+00
-4.302793661149169502e+00
-4.288969645881603121e+00
-4.275144295068564304e+00
-4.261303345821761290e+00
-4.247461153640989195e+00
-4.233603346259439348e+00
-4.219744387285218501e+00
-4.205869793479500629e+00
-4.191994138152050908e+00
-4.178102825463011705e+00
-4.164210540053384868e+00
-4.150302571816274266e+00
-4.136393718390466212e+00
-4.122469153698222755e+00
-4.108543790080816827e+00
-4.094602683746790817e+00
-4.080660863483894119e+00
-4.066703266003808714e+00
-4.052745038325237026e+00
-4.038770995838357969e+00
-4.024796405619027517e+00
-4.010805959868489090e+00
-3.996815047589021841e+00
-3.982808235881156289e+00
-3.968801037587434521e+00
-3.954777892750306112e+00
-3.940754440012136595e+00
-3.926714990352761170e+00
-3.912675310221266134e+00
-3.898619579481932274e+00
-3.884563694446170334e+00
-3.870491701759271930e+00
-3.856419629701138163e+00
-3.842331389542974929e+00
-3.828243143691258954e+00
-3.814138665834241770e+00
-3.800034254716954329e+00
-3.785913544180465440e+00
-3.771792971575849585e+00
-3.757656028575519169e+00
-3.743519293461442299e+00
-3.729366113356618939e+00
-3.715213209858363896e+00
-3.701043783098042717e+00
-3.686874700434123131e+00
-3.672689012501018979e+00
-3.658503734927408768e+00
-3.644301766279659738e+00
-3.630100273031876323e+00
-3.615881999043229822e+00
-3.601664264276346117e+00
-3.587429655173728804e+00
-3.573195647900158534e+00
-3.558944668699131508e+00
-3.544694352724213626e+00
-3.530426963161872322e+00
-3.516160297016756697e+00
-3.501876451482112795e+00
-3.487593388354347734e+00
-3.473293035815985252e+00
-3.458993523477056797e+00
-3.444676607407719082e+00
-3.430360588138075428e+00
-3.416027046436580505e+00
-3.401694456947153888e+00
-3.387344221856899207e+00
-3.372994993207878878e+00
-3.358627991231768473e+00
-3.344262048747744132e+00
-3.329878200560017820e+00
-3.315495463741559679e+00
-3.301094684095595699e+00
-3.286695066527235642e+00
-3.272277264159422661e+00
-3.257860673413522701e+00
-3.243425750943041308e+00
-3.228992088479631040e+00
-3.214539942303852982e+00
-3.200089103365999499e+00
-3.185619623551260826e+00
-3.171151497055863633e+00
-3.156664567223299578e+00
-3.142179035646894825e+00
-3.127674532853248923e+00
-3.113171472112990834e+00
-3.098649266725923113e+00
-3.084128546054611064e+00
-3.069588501622457777e+00
-3.055049983438353767e+00
-3.040491956553518005e+00
-3.025935496323893137e+00
-3.011359336480196713e+00
-2.996784782578446826e+00
-2.982190332021617873e+00
-2.967597525577854167e+00
-2.952984619148890211e+00
-2.938373393893120245e+00
-2.923741858864196352e+00
-2.909112040962229084e+00
-2.894461696864643052e+00
-2.879813104746064667e+00
-2.865143763189593074e+00
-2.850476207367045767e+00
-2.835787671850878322e+00
-2.821100954730666466e+00
-2.806393020444270636e+00
-2.791686936127557139e+00
-2.776959389742059692e+00
-2.762233723815875841e+00
-2.747486343264684994e+00
-2.732740872582514857e+00
-2.717973426830540884e+00
-2.703207919281540139e+00
-2.688420168082830131e+00
-2.673634382349223682e+00
-2.658826075991568061e+00
-2.644019761293274318e+00
-2.629190640329606587e+00
-2.614363536155376089e+00
-2.599513331120731685e+00
-2.584665166945018910e+00
-2.569793598058172091e+00
-2.554924093042767463e+00
-2.540030869891776177e+00
-2.525139732571079154e+00
-2.510224553781428725e+00
-2.495311481730412506e+00
-2.480374034614602152e+00
-2.465438714098334927e+00
-2.450478674285941683e+00
-2.435520779889435161e+00
-2.420537810935806888e+00
-2.405557005172460183e+00
-2.390550758145073118e+00
-2.375546691043097791e+00
-2.360516804083645948e+00
-2.345489112747653593e+00
-2.330435210608360563e+00
-2.315383518755609327e+00
-2.300305212307638403e+00
-2.285229129776187307e+00
-2.270126015488342475e+00
-2.255025137715683581e+00
-2.239896797101037951e+00
-2.224770704570182556e+00
-2.209616703598282772e+00
-2.194464961250000457e+00
-2.179284849721823125e+00
-2.164107006329174965e+00
-2.148900317212258937e+00
-2.133695904715450009e+00
-2.118462153435497708e+00
-2.103230686233373170e+00
-2.087969369919402407e+00
-2.072710344114081504e+00
-2.057420940792935582e+00
-2.042133833384145003e+00
-2.026815801120140037e+00
-2.011500069144431802e+00
-1.996152845119661956e+00
-1.980807924730376479e+00
-1.965430924260352930e+00
-1.950056229742968661e+00
-1.934648845221895508e+00
-1.919243767938922485e+00
-1.903805367708718776e+00
-1.888369274968132672e+00
-1.872899202103378125e+00
-1.857431435943411646e+00
-1.841929006945350888e+00
-1.826428882827847655e+00
-1.810893386218148660e+00
-1.795360191621860446e+00
-1.779790886426795504e+00
-1.764223879331188405e+00
-1.748619993445199583e+00
-1.733018400693306482e+00
-1.717379129109908309e+00
-1.701742144638915599e+00
-1.686066647535510832e+00
-1.670393430460692663e+00
-1.654680831121577267e+00
-1.638970503658958133e+00
-1.623219886219481989e+00
-1.607471531429086165e+00
-1.591681938421232179e+00
-1.575894597752191428e+00
-1.560065027429461404e+00
-1.544237698043893436e+00
-1.528367101460105015e+00
-1.512498733311280708e+00
-1.496586011124230398e+00
-1.480675503759335321e+00
-1.464719502726729905e+00
-1.448765701781946635e+00
-1.432765210911269183e+00
-1.416766904260587046e+00
-1.400720650569451609e+00
-1.384676564083893169e+00
-1.368583207920139877e+00
-1.352492000786974069e+00
-1.336350130650409085e+00
-1.320210390193449213e+00
-1.304018516990417265e+00
-1.287828752923490638e+00
-1.271585303575399895e+00
-1.255343941609240010e+00
-1.239047251920672110e+00
-1.222752626629656225e+00
-1.206400933306437384e+00
-1.190051280144910129e+00
-1.173642711831280883e+00
-1.157236158169019813e+00
-1.140768725348358492e+00
-1.124303280369288949e+00
-1.107774863942729615e+00
-1.091248407221244943e+00
-1.074656745539804836e+00
-1.058067014070796175e+00
-1.041409688150624291e+00
-1.024754261561914737e+00
-1.008028678152520730e+00
-9.913049617701700233e-01
-9.745083338705817777e-01
-9.577135392319889862e-01
-9.408428635555736719e-01
-9.239739858706630393e-01
-9.070260166360327725e-01
-8.900798085742480659e-01
-8.730510268414178876e-01
-8.560239678632922677e-01
-8.389105454259362382e-01
-8.217988056703288136e-01
-8.045965622391076932e-01
-7.873959597006094935e-01
-7.701003117419136235e-01
-7.528062611033824458e-01
-7.354121601960356136e-01
-7.180196111775389856e-01
-7.005214690553263068e-01
-6.830248314478876148e-01
-6.654164279262894111e-01
-6.478094795084815560e-01
-6.300838481110571099e-01
-6.123596202634790098e-01
-5.945089043577468368e-01
-5.766595381846527646e-01
-5.586748074618871351e-01
-5.406913702537804456e-01
-5.225623828702040674e-01
-5.044346302243926106e-01
-4.861495188750019070e-01
-4.678655807438550918e-01
-4.494104296047255476e-01
-4.309563872061452083e-01
-4.123146477895679451e-01
-3.936739494212206925e-01
-3.748256105778189906e-01
-3.559782415662176014e-01
-3.368986090384762933e-01
-3.178198712217728539e-01
-2.984776964865653581e-01
-2.791363369590771359e-01
-2.594907948698654265e-01
-2.398459834839961058e-01
-2.198414522644722424e-01
-1.998375614121425947e-01
-1.793937633480828797e-01
-1.589505083089769455e-01
-1.379413839326594782e-01
-1.169326964452064577e-01
-9.513148010486434381e-02
-7.333058265998122771e-02
-5.020842050955608843e-02
-2.708644083207139425e-02
-7.838126518602250800e-17
