5.299695701754928465e-16
-6.927024798013113431e-03
-1.385507070758881451e-02
-2.078516327611266978e-02
-2.771833228652823694e-02
-3.465562098116495293e-02
-4.159808138129150734e-02
-4.854678846303777523e-02
-5.550283117358641161e-02
-6.246733175414739131e-02
-6.944143267165987787e-02
-7.642632133961689556e-02
-8.342321325691068323e-02
-9.043338247095587812e-02
-9.745814133604341345e-02
-1.044988772193426452e-01
-1.115570294938541679e-01
-1.186341332537058368e-01
-1.257317945090949685e-01
-1.328517421507057761e-01
-1.399958029605378185e-01
-1.471659639658081664e-01
-1.543643501639359872e-01
-1.615933012931285995e-01
-1.688553580515195218e-01
-1.761533619646749871e-01
-1.834904640187949021e-01
-1.908702717496091883e-01
-1.982969234308285533e-01
-2.057753522907498078e-01
-2.133115083319647165e-01
-2.209127632534023389e-01
-2.285881134422340366e-01
-2.363482536044105020e-01
-2.442050224522397117e-01
-2.521704103072843761e-01
-2.602549180162263553e-01
-2.684658688486385447e-01
-2.768057382893491236e-01
-2.852711847164660641e-01
-2.938526464825346740e-01
-3.025348775781222521e-01
-3.112979238144628624e-01
-3.201186765604570050e-01
-3.289723713809949990e-01
-3.378342004709766200e-01
-3.466804878784340294e-01
-3.554897531184980086e-01
-3.642432286802056440e-01
-3.729252837749902350e-01
-3.815233727433360311e-01
-3.900280160216371139e-01
-3.984324227522594297e-01
-4.067322726791172682e-01
-4.149252286442122184e-01
-4.230106933190846963e-01
-4.309893405743859263e-01
-4.388629345686551608e-01
-4.466339328466897851e-01
-4.543053938420373861e-01
-4.618806584760791756e-01
-4.693633400087156571e-01
-4.767570703417552402e-01
-4.840655544883811223e-01
-4.912923625638591640e-01
-4.984410302946809534e-01
-5.055148795757538061e-01
-5.125171498801764924e-01
-5.194508344035654313e-01
-5.263188315217843805e-01
-5.331237876323453584e-01
-5.398682615110164118e-01
-5.465545681927713728e-01
-5.531849518225374629e-01
-5.597614271971597111e-01
-5.662859585633572834e-01
-5.727602969330423122e-01
-5.791861634611816800e-01
-5.855650815677195808e-01
-5.918985642381558998e-01
-5.981879405256603777e-01
-6.044345465226657055e-01
-6.106395461166344019e-01
-6.168041255988192528e-01
-6.229293087017794273e-01
-6.290161549182421430e-01
-6.350655689192086228e-01
-6.410785026999240577e-01
-6.470557595018315844e-01
-6.529981999130888282e-01
-6.589065404180418639e-01
-6.647815635734621864e-01
-6.706239112985414863e-01
-6.764342992344807293e-01
-6.822133048730927296e-01
-6.879615861918658704e-01
-6.936796647036543861e-01
-6.993681484443576846e-01
-7.050275100117406879e-01
-7.106583139694172546e-01
-7.162609899302448957e-01
-7.218360644287503680e-01
-7.273839290940662394e-01
-7.329050770332455889e-01
-7.383998661298798449e-01
-7.438687599729995048e-01
-7.493120863104220097e-01
-7.547302825514708990e-01
-7.601236493983308806e-01
-7.654926009457351244e-01
-7.708374135089981483e-01
-7.761584803396772703e-01
-7.814560556652095924e-01
-7.867305140363005656e-01
-7.919820895900457902e-01
-7.972111400422228211e-01
-8.024178811834006275e-01
-8.076026555270923168e-01
-8.127656620465045778e-01
-8.179072294878252380e-01
-8.230275413536132234e-01
-8.281269138891900194e-01
-8.332055163174146850e-01
-8.382636535050651538e-01
-8.433014814526187397e-01
-8.483192946466344697e-01
-8.533172368074870562e-01
-8.582955929328176525e-01
-8.632544953054932524e-01
-8.681942202328239988e-01
-8.731148893162151703e-01
-8.780167708903959811e-01
-8.828999765559204516e-01
-8.877647673220782076e-01
-8.926112454030272758e-01
-8.974396650678888587e-01
-9.022501197007910534e-01
-9.070428573613829037e-01
-9.118179631089032844e-01
-9.165756792760559879e-01
-9.213160830570548132e-01
-9.260394114975030178e-01
-9.307457343460793231e-01
-9.354352837632871065e-01
-9.401081224359826294e-01
-9.447644780075833415e-01
-9.494044064549559403e-01
-9.540281312422269622e-01
-9.586357019592878226e-01
-9.632273382017318974e-01
-9.678030834698500007e-01
-9.723631537769725774e-01
-9.769075868079976077e-01
-9.814365952583486985e-01
-9.859502112508529148e-01
-9.904486444074965812e-01
-9.949319215234538882e-01
-9.994002493737780268e-01
-1.003853649643327683e+00
-1.008292326470436207e+00
-1.012716296631330115e+00
-1.017125761823028718e+00
-1.021520734100780148e+00
-1.025901412902133547e+00
-1.030267805735996856e+00
-1.034620109950041611e+00
-1.038958328669743247e+00
-1.043282657311160211e+00
-1.047593094768419997e+00
-1.051889834673958912e+00
-1.056172871832733007e+00
-1.060442398232050554e+00
-1.064698404720815450e+00
-1.068941081770983237e+00
-1.073170416400151650e+00
-1.077386597686707859e+00
-1.081589608933996693e+00
-1.085779637941232112e+00
-1.089956664407413900e+00
-1.094120874960188061e+00
-1.098272245797574875e+00
-1.102410962476913614e+00
-1.106536997792565202e+00
-1.110650536326979188e+00
-1.114751547562541356e+00
-1.118840215196865273e+00
-1.122916505486762695e+00
-1.126980601330040077e+00
-1.131032465839578727e+00
-1.135072281193696409e+00
-1.139100007438433870e+00
-1.143115826108641597e+00
-1.147119694256404809e+00
-1.151111792845112447e+00
-1.155092076001852819e+00
-1.159060724186758540e+00
-1.163017688667283611e+00
-1.166963149464966820e+00
-1.170897055049554991e+00
-1.174819585065439487e+00
-1.178730685243362775e+00
-1.182630534908900799e+00
-1.186519077109580822e+00
-1.190396490907600802e+00
-1.194262716720218664e+00
-1.198117933399073687e+00
-1.201962078781463550e+00
-1.205795331558689565e+00
-1.209617627036004617e+00
-1.213429143792245535e+00
-1.217229814646156871e+00
-1.221019818109763344e+00
-1.224799084558723106e+00
-1.228567792481777943e+00
-1.232325869852852085e+00
-1.236073495178991788e+00
-1.239810594071810268e+00
-1.243537345096374702e+00
-1.247253671539593212e+00
-1.250959752062545949e+00
-1.254655507663334335e+00
-1.258341117135361342e+00
-1.262016499222206711e+00
-1.265681832884360203e+00
-1.269337034643637896e+00
-1.272982283660944347e+00
-1.276617494267615172e+00
-1.280242845856857770e+00
-1.283858250599508644e+00
-1.287463888151642699e+00
-1.291059668552286155e+00
-1.294645771749713958e+00
-1.298222105678549010e+00
-1.301788850607451087e+00
-1.305345912392934515e+00
-1.308893471651067175e+00
-1.312431432185431346e+00
-1.315959974985497993e+00
-1.319479001826032727e+00
-1.322988694094909601e+00
-1.326488951561216156e+00
-1.329979956035260980e+00
-1.333461605302630471e+00
-1.336934081619181258e+00
-1.340397280808337310e+00
-1.343851385593749059e+00
-1.347296289857126572e+00
-1.350732176811355600e+00
-1.354158938416041735e+00
-1.357576758394002381e+00
-1.360985526801599788e+00
-1.364385427891487534e+00
-1.367776349834928018e+00
-1.371158477433614742e+00
-1.374531696991144081e+00
-1.377896193876789077e+00
-1.381251852543220915e+00
-1.384598858945209177e+00
-1.387937095700630286e+00
-1.391266749367003897e+00
-1.394587700742920378e+00
-1.397900137005392951e+00
-1.401203937148623346e+00
-1.404499288985255223e+00
-1.407786069719485278e+00
-1.411064467815191570e+00
-1.414334358700404914e+00
-1.417595931505336138e+00
-1.420849059895194166e+00
-1.424093933681130686e+00
-1.427330424778338713e+00
-1.430558723693122314e+00
-1.433778700602998724e+00
-1.436990546723114326e+00
-1.440194130505285219e+00
-1.443389643886737961e+00
-1.446576953605071436e+00
-1.449756252332521589e+00
-1.452927405103527025e+00
-1.456090605337807764e+00
-1.459245716377336022e+00
-1.462392932401439527e+00
-1.465532115069925867e+00
-1.468663459333485299e+00
-1.471786825179718816e+00
-1.474902408342073201e+00
-1.478010067145546946e+00
-1.481109998117446924e+00
-1.484202057929394192e+00
-1.487286443913327982e+00
-1.490363011096460522e+00
-1.493431957625826367e+00
-1.496493136892817821e+00
-1.499546747869771934e+00
-1.502592642320601746e+00
-1.505631020052806912e+00
-1.508661731210891199e+00
-1.511684976447149165e+00
-1.514700604294410446e+00
-1.517708816259168314e+00
-1.520709459270065178e+00
-1.523702735696909283e+00
-1.526688490871427772e+00
-1.529666928035603890e+00
-1.532637890931246361e+00
-1.535601583681180715e+00
-1.538557848444064291e+00
-1.541506890231997051e+00
-1.544448549626987743e+00
-1.547383032538675263e+00
-1.550310177978728943e+00
-1.553230192762308004e+00
-1.556142914336860805e+00
-1.559048550430919500e+00
-1.561946936933572339e+00
-1.564838282494338539e+00
-1.567722421449666781e+00
-1.570599563377544250e+00
-1.573469541067247235e+00
-1.576332565032488864e+00
-1.579188466520706102e+00
-1.582037456988473201e+00
-1.584879366146499269e+00
-1.587714406401160128e+00
-1.590542405931405723e+00
-1.593363578100206901e+00
-1.596177749559549719e+00
-1.598985134635636518e+00
-1.601785558458122427e+00
-1.604579236322923652e+00
-1.607365991841839481e+00
-1.610146041286877994e+00
-1.612919206756282087e+00
-1.615685705504366299e+00
-1.618445358120001121e+00
-1.621198382845902008e+00
-1.623944598765590053e+00
-1.626684225116134197e+00
-1.629417079479609232e+00
-1.632143382093277584e+00
-1.634862949041522295e+00
-1.637576001567528694e+00
-1.640282354261608511e+00
-1.642982229378489256e+00
-1.645675440017906110e+00
-1.648362209451618376e+00
-1.651042349292191957e+00
-1.653716083833805639e+00
-1.656383223205090127e+00
-1.659043992727959882e+00
-1.661698201050258561e+00
-1.664346074526819486e+00
-1.666987420327741720e+00
-1.669622465845879589e+00
-1.672251016776499011e+00
-1.674873301555477978e+00
-1.677489124406100318e+00
-1.680098714812167549e+00
-1.682701875527689683e+00
-1.685298837089230783e+00
-1.687889400784147398e+00
-1.690473798206518552e+00
-1.693051829179562429e+00
-1.695623726359540395e+00
-1.698189288107971429e+00
-1.700748748147888678e+00
-1.703301903381426730e+00
-1.705848988602910454e+00
-1.708389799257365116e+00
-1.710924571214826440e+00
-1.713453098465371749e+00
-1.715975617959133004e+00
-1.718491922233301494e+00
-1.721002249322417077e+00
-1.723506390312780079e+00
-1.726004584327566427e+00
-1.728496621004111944e+00
-1.730982740558391297e+00
-1.733462731180624994e+00
-1.735936834183698485e+00
-1.738404836312475332e+00
-1.740866979980796314e+00
-1.743323050489862025e+00
-1.745773291358478474e+00
-1.748217486445769131e+00
-1.750655880379455409e+00
-1.753088255578149068e+00
-1.755514857782341842e+00
-1.757935467971630361e+00
-1.760350333003118051e+00
-1.762759232418760647e+00
-1.765162414196080665e+00
-1.767559656440756966e+00
-1.769951208254424646e+00
-1.772336846307777103e+00
-1.774716820830261721e+00
-1.777090907058801239e+00
-1.779459356354296418e+00
-1.781821942521049085e+00
-1.784178918055008500e+00
-1.786530055328968913e+00
-1.788875607977458593e+00
-1.791215346942834907e+00
-1.793549527001707666e+00
-1.795877917666949042e+00
-1.798200774860755136e+00
-1.800517866667433076e+00
-1.802829450158196734e+00
-1.805135291989669710e+00
-1.807435650385469605e+00
-1.809730290575363165e+00
-1.812019471938714377e+00
-1.814302958279228717e+00
-1.816581010135333241e+00
-1.818853389885362493e+00
-1.821120359230120389e+00
-1.823381679123265986e+00
-1.825637612431191492e+00
-1.827887918683501756e+00
-1.830132861915435782e+00
-1.832372200233105985e+00
-1.834606198843764524e+00
-1.836834614430572277e+00
-1.839057713375981784e+00
-1.841275250940672459e+00
-1.843487494685415395e+00
-1.845694198448841972e+00
-1.847895630973161785e+00
-1.850091544675374955e+00
-1.852282209482171149e+00
-1.854467376389256739e+00
-1.856647316510907197e+00
-1.858821779421821585e+00
-1.860991037426849459e+00
-1.863154838680000092e+00
-1.865313456679696724e+00
-1.867466638159457348e+00
-1.869614657814268721e+00
-1.871757260957357172e+00
-1.873894723483219060e+00
-1.876026789284921170e+00
-1.878153735459441087e+00
-1.880275304479786636e+00
-1.882391774648285665e+00
-1.884502887017995842e+00
-1.886608921099499625e+00
-1.888709616525924062e+00
-1.890805254018983028e+00
-1.892895571791854969e+00
-1.894980851780244668e+00
-1.897060830777374196e+00
-1.899135791935742557e+00
-1.901205470628543281e+00
-1.903270151227911544e+00
-1.905329567686889325e+00
-1.907384005600050392e+00
-1.909433197500138402e+00
-1.911477430206950379e+00
-1.913516434832786439e+00
-1.915550499425414221e+00
-1.917579353676453602e+00
-1.919603286864437708e+00
-1.921622027260075694e+00
-1.923635865375365128e+00
-1.925644528059839544e+00
-1.927648307061700095e+00
-1.929646927809011592e+00
-1.931640683288886384e+00
-1.933629297507560185e+00
-1.935613064693772145e+00
-1.937591707431581600e+00
-1.939565521194017039e+00
-1.941534227142562186e+00
-1.943498121997223604e+00
-1.945456925496511280e+00
-1.947410935610033977e+00
-1.949359870652862092e+00
-1.951304029846897103e+00
-1.953243130083279322e+00
-1.955177471838837278e+00
-1.957106770580265609e+00
-1.959031328041958897e+00
-1.960950858265634533e+00
-1.962865664245851960e+00
-1.964775458598811086e+00
-1.966680545581844575e+00
-1.968580636385021121e+00
-1.970476036531085384e+00
-1.972366455783332917e+00
-1.974252200932499424e+00
-1.976132980314486698e+00
-1.978009101990616303e+00
-1.979880272868706603e+00
-1.981746802283247844e+00
-1.983608395713283734e+00
-1.985465363769029157e+00
-1.987317410500051729e+00
-1.989164847794846480e+00
-1.991007378272740658e+00
-1.992845315103097370e+00
-1.994678359474233664e+00
-1.996506825838906707e+00
-1.998330413953627538e+00
-2.000149439557120434e+00
-2.001963600973255986e+00
-2.003773215229243121e+00
-2.005577979215502182e+00
-2.007378211250268940e+00
-2.009173606789600441e+00
-2.010964485445322580e+00
-2.012750541238228497e+00
-2.014532095076265072e+00
-2.016308839544055154e+00
-2.018081096848171274e+00
-2.019848558136138283e+00
-2.021611546915674573e+00
-2.023369752896226448e+00
-2.025123500889183692e+00
-2.026872479164962382e+00
-2.028617013841120809e+00
-2.030356791748005651e+00
-2.032092140311875017e+00
-2.033822744921983006e+00
-2.035548934315793090e+00
-2.037270392440424072e+00
-2.038987449347055225e+00
-2.040699787539561161e+00
-2.042407738385354499e+00
-2.044110982944005617e+00
-2.045809853901642494e+00
-2.047504030872397518e+00
-2.049193847863632012e+00
-2.050878983042893289e+00
-2.052559771741293559e+00
-2.054235890678638654e+00
-2.055907676512271021e+00
-2.057574804513084388e+00
-2.059237612667152550e+00
-2.060895774795249658e+00
-2.062549630214690843e+00
-2.064198851294898773e+00
-2.065843778686938137e+00
-2.067484083307641107e+00
-2.069120107144319043e+00
-2.070751519659947082e+00
-2.072378664180580810e+00
-2.074001208714057576e+00
-2.075619497927678747e+00
-2.077233198372841816e+00
-2.078842656060594596e+00
-2.080447536084589544e+00
-2.082048185802113593e+00
-2.083644268847697489e+00
-2.085236133927425684e+00
-2.086823443215324314e+00
-2.088406546768756034e+00
-2.089985105299898560e+00
-2.091559470219883643e+00
-2.093129300777626600e+00
-2.094694949740569800e+00
-2.096256074892935306e+00
-2.097813030360960340e+00
-2.099365472462756621e+00
-2.100913756685877765e+00
-2.102457537880856098e+00
-2.103997172899079171e+00
-2.105532315122013554e+00
-2.107063322767425806e+00
-2.108589847746195289e+00
-2.110112249644992666e+00
-2.111630178902621946e+00
-2.113143996477152786e+00
-2.114653351333783071e+00
-2.116158605804525639e+00
-2.117659407379406389e+00
-2.119156119766925084e+00
-2.120648388980363119e+00
-2.122136580107232717e+00
-2.123620337682467163e+00
-2.125100028175174405e+00
-2.126575294640328462e+00
-2.128046504931139449e+00
-2.129513300621002081e+00
-2.130976050949789702e+00
-2.132434396007689692e+00
-2.133888706423778370e+00
-2.135338620803341581e+00
-2.136784511167261424e+00
-2.138226014634247552e+00
-2.139663504619496504e+00
-2.141096616753463966e+00
-2.142525725848263285e+00
-2.143950466044350023e+00
-2.145371213553325607e+00
-2.146787601023918857e+00
-2.148200006069790557e+00
-2.149608059846177976e+00
-2.151012141371410280e+00
-2.152411880305470593e+00
-2.153807657073910864e+00
-2.155199099839677501e+00
-2.156586590438157813e+00
-2.157969755533437617e+00
-2.159348978373370365e+00
-2.160723884121331206e+00
-2.162094857440225226e+00
-2.163461521990921010e+00
-2.164824263853977193e+00
-2.166182705185860868e+00
-2.167537233487448312e+00
-2.168887469408913304e+00
-2.170233801874055235e+00
-2.171575850024882737e+00
-2.172914004210751315e+00
-2.174247882063585990e+00
-2.175577875360931834e+00
-2.176903600222693136e+00
-2.178225449857275287e+00
-2.179543038870600746e+00
-2.180856761904594432e+00
-2.182166232049233212e+00
-2.183471845382599419e+00
-2.184773213476763232e+00
-2.186070733848640479e+00
-2.187364016550380708e+00
-2.188653460540403550e+00
-2.189938674348918202e+00
-2.191220058378556601e+00
-2.192497219635536343e+00
-2.193770559969395073e+00
-2.195039684860311979e+00
-2.196304997607413156e+00
-2.197566102162769042e+00
-2.198823403277826660e+00
-2.200076503374445824e+00
-2.201325808659106986e+00
-2.202570920021366785e+00
-2.203812245125442271e+00
-2.205049383326474821e+00
-2.206282743749174546e+00
-2.207511924212091969e+00
-2.208737335303178284e+00
-2.209958573302247320e+00
-2.211176050263249593e+00
-2.212389360925074655e+00
-2.213598918810409266e+00
-2.214804317115081300e+00
-2.216005970833255567e+00
-2.217203471615440957e+00
-2.218397235930130940e+00
-2.219586853880271438e+00
-2.220772743411442374e+00
-2.221954493076802706e+00
-2.223132522301802805e+00
-2.224306418087559134e+00
-2.225476601342210703e+00
-2.226642657512543089e+00
-2.227805008992194580e+00
-2.228963239671320817e+00
-2.230117773431905981e+00
-2.231268192605127876e+00
-2.232414922564165405e+00
-2.233557544078912827e+00
-2.234696484016561513e+00
-2.235831321583370279e+00
-2.236962485143413115e+00
-2.238089552336931298e+00
-2.239212953027759578e+00
-2.240332263287741377e+00
-2.241447914483321480e+00
-2.242559481115582010e+00
-2.243667396056446606e+00
-2.244771232233800706e+00
-2.245871424027965801e+00
-2.246967542791172612e+00
-2.248060024415081237e+00
-2.249148438673783890e+00
-2.250233222973196501e+00
-2.251313945506829395e+00
-2.252391045197763120e+00
-2.253464088656431219e+00
-2.254533516326028497e+00
-2.255598893231403945e+00
-2.256660661338820262e+00
-2.257718384085004804e+00
-2.258772504962272887e+00
-2.259822585816670504e+00
-2.260869071669526331e+00
-2.261911522773687899e+00
-2.262950385682446441e+00
-2.263985219052862874e+00
-2.265016470973244100e+00
-2.266043698502224313e+00
-2.267067351266128572e+00
-2.268086984722561983e+00
-2.269103050038913327e+00
-2.270115101069110519e+00
-2.271123590524601887e+00
-2.272128070653021137e+00
-2.273128995712957678e+00
-2.274125916343045617e+00
-2.275119288352039248e+00
-2.276108660766915648e+00
-2.277094490949693739e+00
-2.278076326312972633e+00
-2.279054625775101428e+00
-2.280028935131569678e+00
-2.280999714860175498e+00
-2.281966509136559740e+00
-2.282929780001069719e+00
-2.283889070006744237e+00
-2.284844842759586214e+00
-2.285796639187254176e+00
-2.286744924464569451e+00
-2.287689237890981442e+00
-2.288630046213282032e+00
-2.289566887099914183e+00
-2.290500228872794697e+00
-2.291429607566515259e+00
-2.292355493081291939e+00
-2.293277419815033191e+00
-2.294195859249430036e+00
-2.295110344142822889e+00
-2.296021347561592041e+00
-2.296928400621620625e+00
-2.297831977977199180e+00
-2.298731609098828343e+00
-2.299627770231953861e+00
-2.300519989198747339e+00
-2.301408743839073789e+00
-2.302293560323823485e+00
-2.303174918090520773e+00
-2.304052341655832059e+00
-2.304926312058195759e+00
-2.305796352157075457e+00
-2.306662944595115672e+00
-2.307525610571566244e+00
-2.308384834336572489e+00
-2.309240135426155582e+00
-2.310091999701280319e+00
-2.310939945031679432e+00
-2.311784458892494065e+00
-2.312625057484083868e+00
-2.313462229899101441e+00
-2.314295490665481569e+00
-2.315125330496741629e+00
-2.315951262245263820e+00
-2.316773778248832016e+00
-2.317592389681152998e+00
-2.318407590507641558e+00
-2.319218890220213325e+00
-2.320026784415321064e+00
-2.320830780899914014e+00
-2.321631376904911725e+00
-2.322428078549109376e+00
-2.323221384701340764e+00
-2.324010799789035797e+00
-2.324796824322389543e+00
-2.325578961034269643e+00
-2.326357712079691886e+00
-2.327132578493708692e+00
-2.327904064079641344e+00
-2.328671668171472753e+00
-2.329435896224331781e+00
-2.330196245867836247e+00
-2.330953224212461539e+00
-2.331706327180155025e+00
-2.332456063540244706e+00
-2.333201927503708806e+00
-2.333944429502276652e+00
-2.334683062032605783e+00
-2.335418337192388893e+00
-2.336149745760600638e+00
-2.336877801504515517e+00
-2.337601993481995599e+00
-2.338322837133499199e+00
-2.339039819792390951e+00
-2.339753458575909217e+00
-2.340463239089517700e+00
-2.341169680130855024e+00
-2.341872265574022283e+00
-2.342571515900743861e+00
-2.343266913250281469e+00
-2.343958979792075681e+00
-2.344647195927083594e+00
-2.345332085516156351e+00
-2.346013127218426586e+00
-2.346690846589855717e+00
-2.347364720544229399e+00
-2.348035276336345234e+00
-2.348701989131056767e+00
-2.349365387885749890e+00
-2.350024946012793770e+00
-2.350681194175880062e+00
-2.351333604031314195e+00
-2.351982707952909646e+00
-2.352627975837227048e+00
-2.353269941771984897e+00
-2.353908073890411679e+00
-2.354542907997928314e+00
-2.355173910460747866e+00
-2.355801618805829278e+00
-2.356425497628690024e+00
-2.357046086181680433e+00
-2.357662847285900032e+00
-2.358276321922946117e+00
-2.358885971135817439e+00
-2.359492337639212511e+00
-2.360094880694253217e+00
-2.360694144752679691e+00
-2.361289587289942205e+00
-2.361881754498763808e+00
-2.362470102065115984e+00
-2.363055177926628669e+00
-2.363636435976000261e+00
-2.364214425899722638e+00
-2.364788599793367752e+00
-2.365359509096281787e+00
-2.365926604103032904e+00
-2.366490438009827280e+00
-2.367050459306339949e+00
-2.367607222949648094e+00
-2.368160175620647845e+00
-2.368709874041301067e+00
-2.369255763079788579e+00
-2.369798401227031892e+00
-2.370337231534532130e+00
-2.370872814266238748e+00
-2.371404590652978150e+00
-2.371933122735879973e+00
-2.372457849921072892e+00
-2.372979336030934583e+00
-2.373497018642877432e+00
-2.374011463364734897e+00
-2.374522105941122785e+00
-2.375029513769427503e+00
-2.375533120757436389e+00
-2.376033496096294773e+00
-2.376530071852823944e+00
-2.377023419016123018e+00
-2.377512967807954514e+00
-2.377999291019583072e+00
-2.378481817023541112e+00
-2.378961120417530495e+00
-2.379436627720637798e+00
-2.379908915341289788e+00
-2.380377407940965195e+00
-2.380842683743058075e+00
-2.381304165547216467e+00
-2.381762433396114709e+00
-2.382216908223289131e+00
-2.382668171895098830e+00
-2.383115643474653655e+00
-2.383559906656321115e+00
-2.384000378628523542e+00
-2.384437644917980936e+00
-2.384871120834118230e+00
-2.385301393740412390e+00
-2.385727877062902902e+00
-2.386151160006274807e+00
-2.386570654108832734e+00
-2.386986950420849851e+00
-2.387399458588471024e+00
-2.387808771512113459e+00
-2.388214296941283621e+00
-2.388616629631007626e+00
-2.389015175429716198e+00
-2.389410530951575851e+00
-2.389802100139432728e+00
-2.390190481471105244e+00
-2.390575076979393643e+00
-2.390956487010312603e+00
-2.391334111682036578e+00
-2.391708553213399036e+00
-2.392079209803378514e+00
-2.392446685548220486e+00
-2.392810376723117027e+00
-2.393170889306348137e+00
-2.393527617644719552e+00
-2.393881169603196302e+00
-2.394230937595512643e+00
-2.394577531378028645e+00
-2.394920341426721944e+00
-2.395259979394067429e+00
-2.395595833813563669e+00
-2.395928518238504168e+00
-2.396257419255215737e+00
-2.396583152322544930e+00
-2.396905102074873728e+00
-2.397223885881412997e+00
-2.397538886419781523e+00
-2.397850722974350202e+00
-2.398158776261160696e+00
-2.398463667484572959e+00
-2.398764775394234050e+00
-2.399062723119321117e+00
-2.399356887438179875e+00
-2.399647893409713184e+00
-2.399935115836049349e+00
-2.400219181710747662e+00
-2.400499463854750104e+00
-2.400776591201208010e+00
-2.401049934584927659e+00
-2.401320124883571161e+00
-2.401586530940848618e+00
-2.401849785583939578e+00
-2.402109255660366482e+00
-2.402365575951844523e+00
-2.402618111304703152e+00
-2.402867498460199869e+00
-2.403113100258359669e+00
-2.403355555405075616e+00
-2.403594224728949236e+00
-2.403829748905587316e+00
-2.404061486747005816e+00
-2.404290080903678462e+00
-2.404514888165842912e+00
-2.404736553163957957e+00
-2.404954430661276454e+00
-2.405169167273439434e+00
-2.405380115731468482e+00
-2.405587924641368947e+00
-2.405791944696659357e+00
-2.405992826498940307e+00
-2.406189918698908858e+00
-2.406383873899042403e+00
-2.406574038701859930e+00
-2.406761067715995850e+00
-2.406944305490415381e+00
-2.407124408645235025e+00
-2.407300719670464773e+00
-2.407473897203022517e+00
-2.407643281668545132e+00
-2.407809533726121831e+00
-2.407971991731522987e+00
-2.408131318371421248e+00
-2.408286849926210227e+00
-2.408439251115590540e+00
-2.408587856139047911e+00
-2.408733331754738582e+00
-2.408875010075653300e+00
-2.409013559903939949e+00
-2.409148311260474795e+00
-2.409279934996882311e+00
-2.409407759036298113e+00
-2.409532456285419233e+00
-2.409653352563900786e+00
-2.409771122839096336e+00
-2.409885090821493492e+00
-2.409995933544693436e+00
-2.410102972604299065e+00
-2.410206887105771134e+00
-2.410306996524028023e+00
-2.410403982042099713e+00
-2.410497161008389622e+00
-2.410587216689181744e+00
-2.410673464300508773e+00
-2.410756589197666333e+00
-2.410835904458427770e+00
-2.410912097532835752e+00
-2.410984479354476573e+00
-2.411053739473953961e+00
-2.411119186674693271e+00
-2.411181512613703948e+00
-2.411240023918225894e+00
-2.411295414357544686e+00
-2.411346988396665392e+00
-2.411395441923047667e+00
-2.411440077233404367e+00
-2.411481592339262736e+00
-2.411519287362930974e+00
-2.411553862445989793e+00
-2.411584615530156128e+00
-2.411612248893058474e+00
-2.411636058289645668e+00
-2.411656748139624273e+00
-2.411673612004924472e+00
-2.411687356453385611e+00
-2.411697272847647788e+00
-2.411704069909781367e+00
-2.411707036796839621e+00
-2.411706884391225714e+00
-2.411702899638060504e+00
-2.411695795586237256e+00
-2.411684856962530876e+00
-2.411670798988581499e+00
-2.411652904166346367e+00
-2.411631889896409753e+00
-2.411607036449470165e+00
-2.411579063411327883e+00
-2.411547248814888800e+00
-2.411512314437456617e+00
-2.411473536067622270e+00
-2.411431637680501616e+00
-2.411385892813767473e+00
-2.411337027646737408e+00
-2.411284313459480355e+00
-2.411228478641944228e+00
-2.411168792209942069e+00
-2.411105984770465227e+00
-2.411039323068311813e+00
-2.410969539934017192e+00
-2.410895899834602396e+00
-2.410819137830657155e+00
-2.410738516104576679e+00
-2.410654771953595787e+00
-2.410567165268624912e+00
-2.410476435590066746e+00
-2.410381840510485763e+00
-2.410284121820093883e+00
-2.410182534806129429e+00
-2.410077823515265116e+00
-2.409969240922418710e+00
-2.409857533337450786e+00
-2.409741951415898420e+00
-2.409623243737535780e+00
-2.409500658631421821e+00
-2.409374946954012220e+00
-2.409245354700786823e+00
-2.409112635011668058e+00
-2.408976031541363749e+00
-2.408836299720130913e+00
-2.408692680854661372e+00
-2.408545932672431000e+00
-2.408395294124825892e+00
-2.408241525243478787e+00
-2.408083862617164339e+00
-2.407923068588587512e+00
-2.407758377376552517e+00
-2.407590553641860254e+00
-2.407418829225863366e+00
-2.407243971114540582e+00
-2.407065208764318065e+00
-2.406883311493398736e+00
-2.406697506365785166e+00
-2.406508565039016556e+00
-2.406315712177068633e+00
-2.406119721784005350e+00
-2.405919816116139920e+00
-2.405716771531225096e+00
-2.405509807870255035e+00
-2.405299703851918824e+00
-2.405085676894141322e+00
-2.404868508083826573e+00
-2.404647412408033258e+00
-2.404423173329206076e+00
-2.404195003395700692e+00
-2.403963688452845471e+00
-2.403728438602383388e+00
-2.403490042079976075e+00
-2.403247706532775307e+00
-2.403002222594177173e+00
-2.402752795448782397e+00
-2.402500218135185328e+00
-2.402243693367365207e+00
-2.401984016596654836e+00
-2.401720388058271816e+00
-2.401453605623855125e+00
-2.401182867041675717e+00
-2.400908972611302428e+00
-2.400631117585814600e+00
-2.400350104700335496e+00
-2.400065126704489238e+00
-2.399776988776641140e+00
-2.399484881154581917e+00
-2.399189611467646088e+00
-2.398890367433398563e+00
-2.398587959139914627e+00
-2.398281571776039733e+00
-2.397972017896417452e+00
-2.397658480152632166e+00
-2.397341773573749446e+00
-2.397021078265531457e+00
-2.396697211739330591e+00
-2.396369351546387971e+00
-2.396038317688336861e+00
-2.395703285153190087e+00
-2.395365076440813201e+00
-2.395022863967200433e+00
-2.394677472738489854e+00
-2.394328072589797962e+00
-2.393975491041623105e+00
-2.393618895339278296e+00
-2.393259115525719238e+00
-2.392895316247484860e+00
-2.392528330078154131e+00
-2.392157319056436915e+00
-2.391783118294720012e+00
-2.391404887214806596e+00
-2.391023463476117161e+00
-2.390638003874323125e+00
-2.390249348624248427e+00
-2.389856651886122840e+00
-2.389460756438491540e+00
-2.389060813796867411e+00
-2.388657669311859078e+00
-2.388250471844915346e+00
-2.387840069327106018e+00
-2.387425607956304319e+00
-2.387007938252571737e+00
-2.386586203740660217e+00
-2.386161257538108593e+00
-2.385732240486947653e+00
-2.385300008310780040e+00
-2.384863699159211592e+00
-2.384424171370503664e+00
-2.383980560392095605e+00
-2.383533727185548123e+00
-2.383082804486300166e+00
-2.382628655887944813e+00
-2.382170411403984112e+00
-2.381708937268754323e+00
-2.381243360763903638e+00
-2.380774550773282261e+00
-2.380301631836568621e+00
-2.379825475496034404e+00
-2.379345203539256826e+00
-2.378861690175745558e+00
-2.378374054430800300e+00
-2.377883173190146415e+00
-2.377388162706441044e+00
-2.376889902550603839e+00
-2.376387506192338073e+00
-2.375881855896774919e+00
-2.375372062340159740e+00
-2.374859010490957267e+00
-2.374341808221438033e+00
-2.373821343212476176e+00
-2.373296720521767433e+00
-2.372768830551815977e+00
-2.372236775535011777e+00
-2.371701448604716322e+00
-2.371161949157251758e+00
-2.370619173066116581e+00
-2.370072216880684479e+00
-2.369521979223926156e+00
-2.368967553787350244e+00
-2.368409841952797912e+00
-2.367847934542830934e+00
-2.367282735707612495e+00
-2.366713333389669938e+00
-2.366140634516974650e+00
-2.365563724140798740e+00
-2.364983511976513686e+00
-2.364399080172822742e+00
-2.363811341242106678e+00
-2.363219374419151642e+00
-2.362624095022964887e+00
-2.362024579362992149e+00
-2.361421745574613151e+00
-2.360814667030336711e+00
-2.360204264691732501e+00
-2.359589608982745723e+00
-2.358971623700949038e+00
-2.358349376310016510e+00
-2.357723793453443850e+00
-2.357093939622836309e+00
-2.356460744317562028e+00
-2.355823269045238977e+00
-2.355182446171183219e+00
-2.354537334207058574e+00
-2.353888868394179212e+00
-2.353236104236202220e+00
-2.352579979860614401e+00
-2.351919547750892736e+00
-2.351255748930950684e+00
-2.350587632851857567e+00
-2.349916143444212846e+00
-2.349240327114361371e+00
-2.348561130709989175e+00
-2.347877597580275033e+00
-2.347190677500433420e+00
-2.346499410749997683e+00
-2.345804750042240094e+00
-2.345105732574420454e+00
-2.344403314008472794e+00
-2.343696528446728600e+00
-2.342986334510460011e+00
-2.342271763194317291e+00
-2.341553776089627448e+00
-2.340831401070539552e+00
-2.340105602709291688e+00
-2.339375405746574987e+00
-2.338641777746462314e+00
-2.337903740303192368e+00
-2.337162263983672883e+00
-2.336416367222580170e+00
-2.335667023600773273e+00
-2.334913248380188211e+00
-2.334156018166796187e+00
-2.333394345036560846e+00
-2.332629208631835205e+00
-2.331859617829292741e+00
-2.331086555319036080e+00
-2.330309026764973535e+00
-2.329528017916488114e+00
-2.328742531211265288e+00
-2.327953555469451707e+00
-2.327160089888964833e+00
-2.326363126372451795e+00
-2.325561660864351232e+00
-2.324756688361582224e+00
-2.323947201541421759e+00
-2.323134198506950465e+00
-2.322316668654460958e+00
-2.321495613205205366e+00
-2.320670018260637235e+00
-2.319840888172292725e+00
-2.319007205732822818e+00
-2.318169978436304568e+00
-2.317328185752578484e+00
-2.316482838330623295e+00
-2.315632912303363877e+00
-2.314779421487151545e+00
-2.313921338663891270e+00
-2.313059680829917308e+00
-2.312193417401867457e+00
-2.311323568568788289e+00
-2.310449100367805375e+00
-2.309571036193565963e+00
-2.308688338689293573e+00
-2.307802034468281693e+00
-2.306911082765459309e+00
-2.306016513425899639e+00
-2.305117282261747391e+00
-2.304214422363209280e+00
-2.303306886105128459e+00
-2.302395709836229543e+00
-2.301479842479525750e+00
-2.300560323655866490e+00
-2.299636098821766783e+00
-2.298708210883975145e+00
-2.297775601817829916e+00
-2.296839317829922233e+00
-2.295898297399625143e+00
-2.294953590047456249e+00
-2.294004130742062664e+00
-2.293050972332150828e+00
-2.292093046260778255e+00
-2.291131408719241147e+00
-2.290164987610173064e+00
-2.289194842482027870e+00
-2.288219897682067128e+00
-2.287241216130738941e+00
-2.286257718604925770e+00
-2.285270471411985138e+00
-2.284278391743465697e+00
-2.283282549308788489e+00
-2.282281857699058669e+00
-2.281277390041124509e+00
-2.280268056310563729e+00
-2.279254933067162980e+00
-2.278236926655863748e+00
-2.277215117085117591e+00
-2.276188407054032137e+00
-2.275157880035681313e+00
-2.274122435068138603e+00
-2.273083159105226070e+00
-2.272038947508761897e+00
-2.270990890729668532e+00
-2.269937880438225086e+00
-2.268881010598986059e+00
-2.267819169175445904e+00
-2.266753453662581741e+00
-2.265682748301722782e+00
-2.264608154135291151e+00
-2.263528551667098210e+00
-2.262445045504229313e+00
-2.261356512397612484e+00
-2.260264060536411268e+00
-2.259166562903288877e+00
-2.258065131287167127e+00
-2.256958634886990556e+00
-2.255848189109379121e+00
-2.254732659354086177e+00
-2.253613164663597068e+00
-2.252488566622979693e+00
-2.251359987928954087e+00
-2.250226286336439507e+00
-2.249088588215003792e+00
-2.247945747473878875e+00
-2.246798894174380834e+00
-2.245646878364518262e+00
-2.244490833816456643e+00
-2.243329606701399026e+00
-2.242164334521770108e+00
-2.240993859556349665e+00
-2.239819323057484546e+00
-2.238639563395908638e+00
-2.237455725593749722e+00
-2.236266644098063860e+00
-2.235073467720953833e+00
-2.233875026970094435e+00
-2.232672474467975121e+00
-2.231464636767224174e+00
-2.230252670321387409e+00
-2.229035397712308963e+00
-2.227813979245544029e+00
-2.226587233516432729e+00
-2.225356324703740452e+00
-2.224120067400501277e+00
-2.222879629680223790e+00
-2.221633822117822454e+00
-2.220383816703282331e+00
-2.219128419977566935e+00
-2.217868807869193049e+00
-2.216603782869281503e+00
-2.215334524867181631e+00
-2.214059832288294949e+00
-2.212780889005387941e+00
-2.211496489362164031e+00
-2.210207821237682779e+00
-2.208913674878000943e+00
-2.207615242191567351e+00
-2.206311309310764468e+00
-2.205003072196880076e+00
-2.203689312852531668e+00
-2.202371231315564781e+00
-2.201047605442671973e+00
-2.199719639372258229e+00
-2.198386106798934314e+00
-2.197048215985911490e+00
-2.195704736449487715e+00
-2.194356880602196025e+00
-2.193003413765754139e+00
-2.191645552526881868e+00
-2.190282057996321363e+00
-2.188914150960061811e+00
-2.187540588301466027e+00
-2.186162595031209577e+00
-2.184778923788781135e+00
-2.183390803835154159e+00
-2.181996983549395530e+00
-2.180598696468756703e+00
-2.179194686695207661e+00
-2.177786192068487114e+00
-2.176371952396772169e+00
-2.174953209848746294e+00
-2.173528699921979612e+00
-2.172099669140909128e+00
-2.170664848675532888e+00
-2.169225489433108223e+00
-2.167780318239042270e+00
-2.166330590410741497e+00
-2.164875028411909597e+00
-2.163414891997640588e+00
-2.161948899252715606e+00
-2.160478314397829891e+00
-2.159001851121451931e+00
-2.157520778137980599e+00
-2.156033804722117253e+00
-2.154542204110381665e+00
-2.153044681146062178e+00
-2.151542513616460095e+00
-2.150034401915716042e+00
-2.148521628410835049e+00
-2.147002889028923889e+00
-2.145479470745866646e+00
-2.143950065003673799e+00
-2.142415963416552938e+00
-2.140875852923229683e+00
-2.139331029805931372e+00
-2.137780176481710370e+00
-2.136224593930777793e+00
-2.134662960029968026e+00
-2.133096580487676253e+00
-2.131524128621785419e+00
-2.129946914899307764e+00
-2.128363608060285461e+00
-2.126775523361056131e+00
-2.125181324944662720e+00
-2.123582332887715030e+00
-2.121977206716995301e+00
-2.120367271360518835e+00
-2.118751181709234377e+00
-2.117130267574033553e+00
-2.115503179190288741e+00
-2.113871251283384378e+00
-2.112233129413133348e+00
-2.110590153251322043e+00
-2.108940963661983137e+00
-2.107286905295375323e+00
-2.105626614299306976e+00
-2.103961440334855659e+00
-2.102290014812885577e+00
-2.100613692437836910e+00
-2.098931099862627381e+00
-2.097243596867895743e+00
-2.095549805327332482e+00
-2.093851090130721460e+00
-2.092146068351047106e+00
-2.090436110020442051e+00
-2.088719827389346584e+00
-2.086998595665662481e+00
-2.085271022255169360e+00
-2.083538487575161913e+00
-2.081799594164335243e+00
-2.080055727683197908e+00
-2.078305485780637341e+00
-2.076550259394434939e+00
-2.074788641260554289e+00
-2.073022027628284913e+00
-2.071249006297305240e+00
-2.069470978862838262e+00
-2.067686528164537130e+00
-2.065897061178192828e+00
-2.064101155759314299e+00
-2.062300224299110418e+00
-2.060492839644496588e+00
-2.058680419637119563e+00
-2.056861532090485056e+00
-2.055037600331859782e+00
-2.053207187116176335e+00
-2.051371721291725958e+00
-2.049529760529231304e+00
-2.047682739233632088e+00
-2.045829209965480011e+00
-2.043970612722095570e+00
-2.042105494927500153e+00
-2.040235302207377810e+00
-2.038358576822394408e+00
-2.036476770062723318e+00
-2.034588418998460213e+00
-2.032694980620634695e+00
-2.030794986781135236e+00
-2.028889900208301178e+00
-2.026978247507722930e+00
-2.025061497181784631e+00
-2.023138170561266325e+00
-2.021209741959431483e+00
-2.019274727403256087e+00
-2.017334607053952400e+00
-2.015387891605243453e+00
-2.013436067103537397e+00
-2.011477638879375363e+00
-2.009514098901770129e+00
-2.007543947107728322e+00
-2.005568681426427968e+00
-2.003586796370423251e+00
-2.001599795866903619e+00
-1.999606168972609455e+00
-1.997607425650666180e+00
-1.995602049470091011e+00
-1.993591556468156112e+00
-1.991574424693794532e+00
-1.989552176296714991e+00
-1.987523283772841376e+00
-1.985489275422881006e+00
-1.983448618156348209e+00
-1.981402846463639955e+00
-1.979350421633903512e+00
-1.977292884386157468e+00
-1.975228690354657202e+00
-1.973159386526177617e+00
-1.971083422845035571e+00
-1.969002352605084605e+00
-1.966914620025105753e+00
-1.964821784745507172e+00
-1.962722285223432062e+00
-1.960617687485578964e+00
-1.958506424190681550e+00
-1.956390067791665244e+00
-1.954267045111575785e+00
-1.952138935069750669e+00
-1.950004158615644911e+00
-1.947864301175350032e+00
-1.945717777786301950e+00
-1.943566180421936185e+00
-1.941407918168635449e+00
-1.939244589587992618e+00
-1.937074597775658713e+00
-1.934899547922468654e+00
-1.932717837093104185e+00
-1.930531077148912367e+00
-1.928337659082739242e+00
-1.926139201468024975e+00
-1.923934089184283547e+00
-1.921723947558821255e+00
-1.919507155315766322e+00
-1.917285344578308237e+00
-1.915056887872460978e+00
-1.912823424159648900e+00
-1.910583319724401097e+00
-1.908338220408954289e+00
-1.906086486212380082e+00
-1.903829769900593050e+00
-1.901566425142550365e+00
-1.899298111671017697e+00
-1.897023176779554232e+00
-1.894743287211235527e+00
-1.892456783838283751e+00
-1.890165340457805598e+00
-1.887867291474101039e+00
-1.885564317782423949e+00
-1.883254747271872365e+00
-1.880940267980187652e+00
-1.878619201233361569e+00
-1.876293242256372507e+00
-1.873960705763467072e+00
-1.871623294211918864e+00
-1.869279315654971851e+00
-1.866930479827564993e+00
-1.864575088071996456e+00
-1.862214857446647942e+00
-1.859848082532164160e+00
-1.857476487756560379e+00
-1.855098360887457165e+00
-1.852715433769003051e+00
-1.850325987303749642e+00
-1.847931760798876111e+00
-1.845531028239128624e+00
-1.843125536442023371e+00
-1.840713552421032073e+00
-1.838296830551709560e+00
-1.835873630822083769e+00
-1.833445715213894767e+00
-1.831011336634800202e+00
-1.828572264721358032e+00
-1.826126745245214122e+00
-1.823676555546733358e+00
-1.821219934205211333e+00
-1.818758666314352679e+00
-1.816290983203970200e+00
-1.813818677771060983e+00
-1.811339974038134626e+00
-1.808856672755949635e+00
-1.806366990581111720e+00
-1.803872736169087387e+00
-1.801372118751257467e+00
-1.798866954939270180e+00
-1.796355446479154239e+00
-1.793839417990755081e+00
-1.791317063673890875e+00
-1.788790216209136918e+00
-1.786257062188456590e+00
-1.783719442406245470e+00
-1.781175535784232711e+00
-1.778627191284284370e+00
-1.776072580094673503e+00
-1.773513559399017891e+00
-1.770948292588117479e+00
-1.768378645122217208e+00
-1.765802772529879272e+00
-1.763222548603391449e+00
-1.760636120943505745e+00
-1.758045371730668105e+00
-1.755448440571391711e+00
-1.752847218091082793e+00
-1.750239835834742630e+00
-1.747628192930119617e+00
-1.745010412792714405e+00
-1.742388403110679107e+00
-1.739760279101166374e+00
-1.737127957071473272e+00
-1.734489543970651582e+00
-1.731846964784721665e+00
-1.729198318124010036e+00
-1.726545537713448875e+00
-1.723886713753303157e+00
-1.721223788768322160e+00
-1.718554844476363419e+00
-1.715881832263818962e+00
-1.713202825292916787e+00
-1.710519783874183908e+00
-1.707830772540203101e+00
-1.705137760588906204e+00
-1.702438803848276061e+00
-1.699735880667785803e+00
-1.697027038094975016e+00
-1.694314263595795955e+00
-1.691595595360543269e+00
-1.688873030037491008e+00
-1.686144596881981927e+00
-1.683412301791296306e+00
-1.680674165007174592e+00
-1.677932201743473684e+00
-1.675184423148750268e+00
-1.672432853821915533e+00
-1.669675495737800830e+00
-1.666914382949785889e+00
-1.664147508177455048e+00
-1.661376914999015186e+00
-1.658600586796268761e+00
-1.655820576743625150e+00
-1.653034858801583740e+00
-1.650245495813058794e+00
-1.647450452232771978e+00
-1.644651800645464457e+00
-1.641847495914502630e+00
-1.639039620440859268e+00
-1.636226119409930124e+00
-1.633409085114357895e+00
-1.630586452973955769e+00
-1.627760325249489659e+00
-1.624928627506505796e+00
-1.622093472051504781e+00
-1.619252774505892667e+00
-1.616408657300708152e+00
-1.613559026022304943e+00
-1.610706013306071993e+00
-1.607847514611347783e+00
-1.604985672858868062e+00
-1.602118373287757080e+00
-1.599247769186420864e+00
-1.596371735479409804e+00
-1.593492435906179505e+00
-1.590607734981269505e+00
-1.587719806979864812e+00
-1.584826505909799677e+00
-1.581930016667920880e+00
-1.579028182657452595e+00
-1.576123199484185111e+00
-1.573212899847549417e+00
-1.570299490150802946e+00
-1.567380792289281954e+00
-1.564459023553524064e+00
-1.561531994933125889e+00
-1.558601934697180447e+00
-1.555666642826548207e+00
-1.552728358661534802e+00
-1.549784871070009507e+00
-1.546838430557555544e+00
-1.543886814773397287e+00
-1.540932285483917585e+00
-1.537972609012717928e+00
-1.535010058483940787e+00
-1.532042388787213216e+00
-1.529071884502945844e+00
-1.526096288976962478e+00
-1.523117898345955235e+00
-1.520134444300737409e+00
-1.517148234635854243e+00
-1.514156989274382914e+00
-1.511163027771940337e+00
-1.508164058169660926e+00
-1.505162411888969709e+00
-1.502155784973375097e+00
-1.499146520816628358e+00
-1.496132303347225800e+00
-1.493115488039398864e+00
-1.490093746587829893e+00
-1.487069446657059313e+00
-1.484040247587429917e+00
-1.481008529345498426e+00
-1.477971938795070495e+00
-1.474932868318107770e+00
-1.471888952178112886e+00
-1.468842595287697339e+00
-1.465791419184462097e+00
-1.462737841428800145e+00
-1.459679470705125270e+00
-1.456618737340614755e+00
-1.453553237037414014e+00
-1.450485413010413005e+00
-1.447412847848567719e+00
-1.444337997777427995e+00
-1.441258432139960188e+00
-1.438176620297332731e+00
-1.435090118211807209e+00
-1.432001408507188156e+00
-1.428908033628423002e+00
-1.425812489590990939e+00
-1.422712305183950976e+00
-1.419609989945695983e+00
-1.416503058868720633e+00
-1.413394035147766514e+00
-1.410280419836072996e+00
-1.407164749920330582e+00
-1.404044512369703179e+00
-1.400922258100778528e+00
-1.397795459851638222e+00
-1.394666682608964203e+00
-1.391533384730603728e+00
-1.388398145415925322e+00
-1.385258408491068627e+00
-1.382116767513102973e+00
-1.378970651622689836e+00
-1.375822668882121569e+00
-1.372670233590427946e+00
-1.369515968465078837e+00
-1.366357272805015732e+00
-1.363196784135395134e+00
-1.360031886594100570e+00
-1.356865232669139498e+00
-1.353694191173806960e+00
-1.350521429716853516e+00
-1.347344301620853946e+00
-1.344165489775939859e+00
-1.340982331845218756e+00
-1.337797526163547968e+00
-1.334608394563158607e+00
-1.331417650989882739e+00
-1.328222601270905301e+00
-1.325025975132146039e+00
-1.321825062218714208e+00
-1.318622608208775970e+00
-1.315415886385481237e+00
-1.312207658554371159e+00
-1.308995181453737500e+00
-1.305781233194873714e+00
-1.302563053785269931e+00
-1.299343437823388125e+00
-1.296119608396954392e+00
-1.292894376776337007e+00
-1.289664948937310207e+00
-1.286434153010158621e+00
-1.283199177663258306e+00
-1.279962868078275529e+00
-1.276722395417454248e+00
-1.273480622108724702e+00
-1.270234701606000494e+00
-1.266987513781965502e+00
-1.263736194176505956e+00
-1.260483640309197240e+00
-1.257226969596641597e+00
-1.253969097411108402e+00
-1.250707122832983353e+00
-1.247443979296902317e+00
-1.244176747330310695e+00
-1.240908378643758914e+00
-1.237635934991198061e+00
-1.234362386576619564e+00
-1.231084776155984439e+00
-1.227806092648341174e+00
-1.224523359583082893e+00
-1.221239584820122293e+00
-1.217951772429572754e+00
-1.214662949442279816e+00
-1.211370100232138647e+00
-1.208076271235391186e+00
-1.204778426888289511e+00
-1.201479633271510306e+00
-1.198176834637851185e+00
-1.194873116955949222e+00
-1.191565404044691245e+00
-1.188256802009023838e+00
-1.184944213978753158e+00
-1.181630766448262149e+00
-1.178313341598270503e+00
-1.174995086570705283e+00
-1.171672862332199028e+00
-1.168349836935433705e+00
-1.165022849862880072e+00
-1.161695090346370529e+00
-1.158363376108853426e+00
-1.155030917835105253e+00
-1.151694511207830285e+00
-1.148357388644014598e+00
-1.145016323499848054e+00
-1.141674570209409323e+00
-1.138328879510508873e+00
-1.134982528144943936e+00
-1.131632243934336701e+00
-1.128281326224904069e+00
-1.124926479618280961e+00
-1.121571026367776724e+00
-1.118211647545177989e+00
-1.114851688619805437e+00
-1.111487806817358814e+00
-1.108123371138584945e+00
-1.104755014640256494e+00
-1.101386130176615685e+00
-1.098013326306038762e+00
-1.094640020064993946e+00
-1.091262795177143419e+00
-1.087885093196939934e+00
-1.084503472669905655e+00
-1.081121400011390676e+00
-1.077735408238028159e+00
-1.074348988976404851e+00
-1.070958649356039016e+00
-1.067567906572606251e+00
-1.064173241502595069e+00
-1.060778197276424084e+00
-1.057379228143656258e+00
-1.053979903543180940e+00
-1.050576650715576488e+00
-1.047173065790119262e+00
-1.043765548607911375e+00
-1.040357722379087191e+00
-1.036945959146109431e+00
-1.033533909599138489e+00
-1.030117917573893038e+00
-1.026701661648798281e+00
-1.023281457035478459e+00
-1.019861010618093200e+00
-1.016436608557411247e+00
-1.013011986470288006e+00
-1.009583401030087924e+00
-1.006154617023255593e+00
-1.002721861189016073e+00
-9.992889279304604244e-01
-9.958520135956130392e-01
-9.924149426616426517e-01
-9.889738806176031627e-01
-9.855326824829740984e-01
-9.820874824089749211e-01
-9.786421664367891404e-01
-9.751928368894664523e-01
-9.717434113208153201e-01
-9.682899597235634648e-01
-9.648364316668509577e-01
-9.613788642988191357e-01
-9.579212397189017514e-01
-9.544595617037492374e-01
-9.509978454106658985e-01
-9.475320607049562138e-01
-9.440662563423865006e-01
-9.405963677236331977e-01
-9.371264777570312843e-01
-9.336524868114006726e-01
-9.301785125156593059e-01
-9.267004196252487391e-01
-9.232223610720753371e-01
-9.197401654018120265e-01
-9.162580214466067297e-01
-9.127717209306688284e-01
-9.092854891990485022e-01
-9.057950805268299987e-01
-9.023047574005533811e-01
-8.988102360021735793e-01
-8.953158166047385791e-01
-8.918171766359526131e-01
-8.883186548175124875e-01
-8.848158891441361140e-01
-8.813132574659481300e-01
-8.778063576477187491e-01
-8.742996073659957679e-01
-8.707885636396901496e-01
-8.672776846888458069e-01
-8.637624859509388520e-01
-8.602474669261266360e-01
-8.567281007146125837e-01
-8.532089288536578442e-01
-8.496853813292108981e-01
-8.461620424937539298e-01
-8.426342984201525832e-01
-8.391067770761013733e-01
-8.355748197997683313e-01
-8.320430989968941038e-01
-8.285069104257005712e-01
-8.249709717763646921e-01
-8.214305323574674356e-01
-8.178903560145495133e-01
-8.143456447113434082e-01
-8.108012093451010260e-01
-8.072522036131311030e-01
-8.037034863872521973e-01
-8.001501621490877403e-01
-7.965971386954968647e-01
-7.930394703146063096e-01
-7.894821147073036727e-01
-7.859200749606268799e-01
-7.823583596883411095e-01
-7.787919197377296543e-01
-7.752258156753227825e-01
-7.716549450377101493e-01
-7.680844214163256023e-01
-7.645090879324619726e-01
-7.609341123083219749e-01
-7.573542821101425515e-01
-7.537748203318402895e-01
-7.501904578083192776e-01
-7.466064739826867580e-01
-7.430175417440565422e-01
-7.394289982004025319e-01
-7.358354570407021900e-01
-7.322423142933408569e-01
-7.286441231512242878e-01
-7.250463398602403631e-01
-7.214434557778450774e-01
-7.178409887079837404e-01
-7.142333667878520975e-01
-7.106261707654173421e-01
-7.070137641252443039e-01
-7.034017919928483575e-01
-6.997845517181263686e-01
-6.961677542872811708e-01
-6.925456293814455933e-01
-6.889239553826753681e-01
-6.852968927148206379e-01
-6.816702887454308968e-01
-6.780382329953733578e-01
-6.744066434644138130e-01
-6.707695370649113809e-01
-6.671329041354191469e-01
-6.634906872114080256e-01
-6.598489507396380072e-01
-6.562015610443104885e-01
-6.525546585157196988e-01
-6.489020313632684056e-01
-6.452498978251978157e-01
-6.415919660198471375e-01
-6.379345340106755691e-01
-6.342712277720053970e-01
-6.306084272462776363e-01
-6.269396741304475995e-01
-6.232714323801669121e-01
-6.195971571967614500e-01
-6.159233987681634881e-01
-6.122435234924528125e-01
-6.085641700982151736e-01
-6.048786137784994965e-01
-6.011935842050449841e-01
-5.975022628645819678e-01
-5.938114728739841697e-01
-5.901142994074762838e-01
-5.864176616338493409e-01
-5.827145456976512428e-01
-5.790119695373930897e-01
-5.753028174334227085e-01
-5.715942089289945960e-01
-5.678789234815676545e-01
-5.641641851983133504e-01
-5.604426656236007886e-01
-5.567216965191297273e-01
-5.529938382865067226e-01
-5.492665335719922881e-01
-5.455322282568149106e-01
-5.417984792497168023e-01
-5.380576143767595854e-01
-5.343173083442002147e-01
-5.305697672211050486e-01
-5.268227872131804324e-01
-5.230684487530171678e-01
-5.193146734254031616e-01
-5.155534119575985175e-01
-5.117927153823050856e-01
-5.080244004508202016e-01
-5.042566519143540926e-01
-5.004811480622486375e-01
-4.967062118500374934e-01
-4.929233783890244469e-01
-4.891411135549287859e-01
-4.853508043188519694e-01
-4.815610644385118766e-01
-4.777631275191044913e-01
-4.739657604256723999e-01
-4.701600378892621945e-01
-4.663548853899063817e-01
-4.625412129730643307e-01
-4.587281105446174845e-01
-4.549063173270155302e-01
-4.510850937885963474e-01
-4.472550018407364658e-01
-4.434254790014616754e-01
-4.395869030049637249e-01
-4.357488952840798402e-01
-4.319016421217656831e-01
-4.280549561385946777e-01
-4.241988244513376083e-01
-4.203432585820210954e-01
-4.164780382890312382e-01
-4.126133821865661244e-01
-4.087388539650528840e-01
-4.048648880389086879e-01
-4.009808227590426211e-01
-3.970973176098944735e-01
-3.932034757199645014e-01
-3.893101915247095812e-01
-3.854063223810171301e-01
-3.815030082224500352e-01
-3.775888493575362270e-01
-3.736752424923902027e-01
-3.697505188143982990e-01
-3.658263438725083416e-01
-3.618907667873918488e-01
-3.579557348936377448e-01
-3.540090013407332092e-01
-3.500628091503865669e-01
-3.461046005403551895e-01
-3.421469291767686993e-01
-3.381769102193113996e-01
-3.342074241013694991e-01
-3.302252415080939030e-01
-3.262435870526974591e-01
-3.222488680978859432e-01
-3.182546722804705519e-01
-3.142470231999924812e-01
-3.102398919530858779e-01
-3.062188961579198065e-01
-3.021984125842249180e-01
-2.981636286609596342e-01
-2.941293510334831440e-01
-2.900803104991390158e-01
-2.860317700155802223e-01
-2.819679747878000020e-01
-2.779046730401690257e-01
-2.738255925760925136e-01
-2.697469986891143923e-01
-2.656520667370120270e-01
-2.615576141191421344e-01
-2.574462250148172315e-01
-2.533353076540053594e-01
-2.492068120793579367e-01
-2.450787803008864230e-01
-2.409324804033015910e-01
-2.367866359883241401e-01
-2.326217797355850381e-01
-2.284573702752204782e-01
-2.242731448901544300e-01
-2.200893572190830982e-01
-2.158848814982819164e-01
-2.116808340123624566e-01
-2.074551492812632958e-01
-2.032298828913058908e-01
-1.989819422785415459e-01
-1.947344096832961946e-01
-1.904630653049297351e-01
-1.861921181736220232e-01
-1.818961056915086860e-01
-1.776004792202921234e-01
-1.732783990652370099e-01
-1.689566931982272591e-01
-1.646069875057454279e-01
-1.602576438681611037e-01
-1.558785678278975240e-01
-1.514998410725265365e-01
-1.470894268903970292e-01
-1.426793486561546420e-01
-1.382353595826368298e-01
-1.337916925185730077e-01
-1.293115632651672398e-01
-1.248317414417495774e-01
-1.203124995426657073e-01
-1.157935498070463698e-01
-1.112317096434822794e-01
-1.066701456357750932e-01
-1.020615621078626856e-01
-9.745323792293077159e-02
-9.279289853575686808e-02
-8.813280079586947868e-02
-8.341451993819777588e-02
-7.869646205406602424e-02
-7.391241227436262662e-02
-6.912856569658368255e-02
-6.426852060389576238e-02
-5.940865768874950548e-02
-5.445868434369769556e-02
-4.950887069094443704e-02
-4.444885985402222128e-02
-3.938898446908541129e-02
-3.418735859433916918e-02
-2.898584172842731677e-02
-2.358579642110330762e-02
-1.818583070921640094e-02
-1.245488863276408668e-02
-6.723992121834174510e-03
-6.455689077258234206e-16
