6.315225139464608738e-15
-4.156214878808051766e-02
-8.313042424552531673e-02
-1.247109796566729933e-01
-1.663099937191559186e-01
-2.079337258869882743e-01
-2.495884882877339173e-01
-2.912807307782321331e-01
-3.330169870415395916e-01
-3.748039905248898296e-01
-4.166485960299721736e-01
-4.585579280376946842e-01
-5.005392795414659313e-01
-5.426002948257230285e-01
-5.847488480162631452e-01
-6.269932633160588686e-01
-6.693421769631175966e-01
-7.118047995222285262e-01
-7.543907670545653144e-01
-7.971104529042274400e-01
-8.399748177632166968e-01
-8.829957837948372301e-01
-9.261861009836160896e-01
-9.695598077587620489e-01
-1.013132148309116687e+00
-1.056920171788051865e+00
-1.100942784112758588e+00
-1.145221630497619048e+00
-1.189781540584960107e+00
-1.234652113744507451e+00
-1.279869049991808394e+00
-1.325476579520412868e+00
-1.371528680653417487e+00
-1.418089521626452632e+00
-1.465230134713419341e+00
-1.513022461843734234e+00
-1.561529508097365238e+00
-1.610795213091828382e+00
-1.660834429736101292e+00
-1.711627108298803712e+00
-1.763115878895185951e+00
-1.815209265468747502e+00
-1.867787542886772734e+00
-1.920712059362712720e+00
-1.973834228285975989e+00
-2.027005202825879593e+00
-2.080082927270598070e+00
-2.132938518710990827e+00
-2.185459372081225649e+00
-2.237551702649914098e+00
-2.289140236460040612e+00
-2.340168096129822572e+00
-2.390594536513555468e+00
-2.440393636074714490e+00
-2.489551371865257323e+00
-2.538064159914525941e+00
-2.585936043446303234e+00
-2.633177607411933518e+00
-2.679803597080129052e+00
-2.725832363052212770e+00
-2.771283950856513467e+00
-2.816180040052279399e+00
-2.860542422050544431e+00
-2.904393326930283514e+00
-2.947754175383193509e+00
-2.990646181768084944e+00
-3.033089277454531274e+00
-3.075102899281074720e+00
-3.116705006421378155e+00
-3.157912989130701398e+00
-3.198742725794089914e+00
-3.239209569066106464e+00
-3.279327409156636008e+00
-3.319109710935222779e+00
-3.358568563182969147e+00
-3.397715751380154359e+00
-3.436561781598275189e+00
-3.475116980767062547e+00
-3.513390489406327255e+00
-3.551391385428924075e+00
-3.589127643153969149e+00
-3.626607279135994233e+00
-3.663837276699817735e+00
-3.700824753592931948e+00
-3.737575852210682559e+00
-3.774096929509450860e+00
-3.810393413515229977e+00
-3.846471016199534354e+00
-3.882334557011000165e+00
-3.917989199478525197e+00
-3.953439242508272944e+00
-3.988689381440763349e+00
-4.023743467791255135e+00
-4.058605795406881711e+00
-4.093279829238544387e+00
-4.127769517151191891e+00
-4.162077988221906111e+00
-4.196208890666146551e+00
-4.230165060070452121e+00
-4.263949883816502862e+00
-4.297565939581462935e+00
-4.331016386572506427e+00
-4.364303574564416088e+00
-4.397430462199471535e+00
-4.430399196779280402e+00
-4.463212559837980820e+00
-4.495872517862543383e+00
-4.528381695308826060e+00
-4.560741896389992611e+00
-4.592955605674391428e+00
-4.625024481053962688e+00
-4.656950882038070283e+00
-4.688736333991263550e+00
-4.720383084217798952e+00
-4.751892537540285844e+00
-4.783266840253345364e+00
-4.814507287100384225e+00
-4.845615933162553901e+00
-4.876593972279030353e+00
-4.907443376926978296e+00
-4.938165248121678452e+00
-4.968761483335143225e+00
-4.999233097904506984e+00
-5.029581921030365166e+00
-5.059808888715697783e+00
-5.089915767879807262e+00
-5.119903420844901021e+00
-5.149773557596913243e+00
-5.179526971832967064e+00
-5.209165321396939774e+00
-5.238689335897292132e+00
-5.268100625342386323e+00
-5.297399859335490291e+00
-5.326588603932446375e+00
-5.355667472418157438e+00
-5.384637990407342478e+00
-5.413500718204747209e+00
-5.442257144168270777e+00
-5.470907778653391063e+00
-5.499454075656378116e+00
-5.527896498342310672e+00
-5.556236468985012777e+00
-5.584474406076494368e+00
-5.612611702579679118e+00
-5.640648734615882454e+00
-5.668586868045533578e+00
-5.696426438729738528e+00
-5.724168787453359997e+00
-5.751814211755743145e+00
-5.779364029210389830e+00
-5.806818500819095341e+00
-5.834178922661806155e+00
-5.861445520847990309e+00
-5.888619571550075982e+00
-5.915701267505125038e+00
-5.942691866444948623e+00
-5.969591529140702235e+00
-5.996401496242680373e+00
-6.023121897859985197e+00
-6.049753958822587485e+00
-6.076297779787982911e+00
-6.102754570938208722e+00
-6.129124404604681331e+00
-6.155408477412802171e+00
-6.181606834415957152e+00
-6.207720659700255439e+00
-6.233749972018442165e+00
-6.259695943866971923e+00
-6.285558568610523089e+00
-6.311339008043773013e+00
-6.337037230996416248e+00
-6.362654389392328191e+00
-6.388190428324895365e+00
-6.413646490625891872e+00
-6.439022498400876593e+00
-6.464319586120267580e+00
-6.489537653603965062e+00
-6.514677827647397557e+00
-6.539739986444496722e+00
-6.564725249761123038e+00
-6.589633474785447476e+00
-6.614465774861466585e+00
-6.639221986755373450e+00
-6.663903217961886227e+00
-6.688509285375258351e+00
-6.713041291181154335e+00
-6.737499032920569064e+00
-6.761883607980244015e+00
-6.786194795037477689e+00
-6.810433687162199767e+00
-6.834600044630587234e+00
-6.858694956651860686e+00
-6.882718165538430632e+00
-6.906670757070660471e+00
-6.930552456011109363e+00
-6.954364345120561453e+00
-6.978106132003669693e+00
-7.001778896789800477e+00
-7.025382330297338385e+00
-7.048917510392639585e+00
-7.072384111460173095e+00
-7.095783209453418117e+00
-7.119114462657457842e+00
-7.142378945445607918e+00
-7.165576300321331082e+00
-7.188707600394444341e+00
-7.211772472688799951e+00
-7.234771989352168475e+00
-7.257705762216053458e+00
-7.280574862753469212e+00
-7.303378887876948333e+00
-7.326118908658575180e+00
-7.348794507352327088e+00
-7.371406754890649005e+00
-7.393955219117105848e+00
-7.416440971073969379e+00
-7.438863564430843844e+00
-7.461224070578250434e+00
-7.483522029237552609e+00
-7.505758512375290792e+00
-7.527933045980013560e+00
-7.550046702812161392e+00
-7.572098995333218951e+00
-7.594090997306158108e+00
-7.616022207861861126e+00
-7.637893701965646542e+00
-7.659704965605721227e+00
-7.681457075141115531e+00
-7.703149503597065184e+00
-7.724783328909860636e+00
-7.746358011313727587e+00
-7.767874630498268651e+00
-7.789332634071292283e+00
-7.810733103644700748e+00
-7.832075474357601763e+00
-7.853360829906407936e+00
-7.874588593112568979e+00
-7.895759849912977302e+00
-7.916874010956180818e+00
-7.937932164569462934e+00
-7.958933709367298270e+00
-7.979879736211530350e+00
-8.000769631815748184e+00
-8.021604489715079112e+00
-8.042383684850001657e+00
-8.063108313562509011e+00
-8.083777739142760765e+00
-8.104393060868137155e+00
-8.124953630496253965e+00
-8.145460550363988972e+00
-8.165913160809598281e+00
-8.186312567348915437e+00
-8.206658099009562335e+00
-8.226950864601686675e+00
-8.247190181946869814e+00
-8.267377163260714923e+00
-8.287511115259327710e+00
-8.307593153671261277e+00
-8.327622574203761729e+00
-8.347600496202010945e+00
-8.367526204457526262e+00
-8.387400822032347492e+00
-8.407223622891763171e+00
-8.426995733911530451e+00
-8.446716418316915664e+00
-8.466386806891129879e+00
-8.486006152202406838e+00
-8.505575589032016381e+00
-8.525094359371140129e+00
-8.544563602086762799e+00
-8.563982548670047379e+00
-8.583352342158704573e+00
-8.602672203618020319e+00
-8.621943280338710380e+00
-8.641164783031699770e+00
-8.660337863320435758e+00
-8.679461721630438831e+00
-8.698537513995123760e+00
-8.717564430621161264e+00
-8.736543632026840811e+00
-8.755474298264008581e+00
-8.774357594408607852e+00
-8.793192690419550317e+00
-8.811980756000913573e+00
-8.830720951078310677e+00
-8.849414450052474734e+00
-8.868060402873307879e+00
-8.886659988704693092e+00
-8.905212347576362930e+00
-8.923718663479988322e+00
-8.942178066578767570e+00
-8.960591745754960868e+00
-8.978958821356911812e+00
-8.997280487218628053e+00
-9.015555853923620688e+00
-9.033786120316873891e+00
-9.051970387265347640e+00
-9.070109858682901205e+00
-9.088203625766473337e+00
-9.106252897554989900e+00
-9.124256755620413273e+00
-9.142216414181465467e+00
-9.160130945228575072e+00
-9.178001568213627337e+00
-9.195827345587478163e+00
-9.213609502087113157e+00
-9.231347090664383970e+00
-9.249041341391974314e+00
-9.266691297761948221e+00
-9.284298195232050688e+00
-9.301861067872366107e+00
-9.319381156573856018e+00
-9.336857486021193253e+00
-9.354291302585494350e+00
-9.371681621601410939e+00
-9.389029694966028572e+00
-9.406334528698025110e+00
-9.423597380265274381e+00
-9.440817246403485186e+00
-9.457995390194934515e+00
-9.475130799124253045e+00
-9.492224741930835208e+00
-9.509276196878994725e+00
-9.526286438406941670e+00
-9.543254435588433893e+00
-9.560181468601237853e+00
-9.577066497357323627e+00
-9.593910807813836428e+00
-9.610713350748721240e+00
-9.627475417937548130e+00
-9.644195951051051097e+00
-9.660876247721274623e+00
-9.677515240537694297e+00
-9.694114233026200012e+00
-9.710672148720027153e+00
-9.727190297075429370e+00
-9.743667592593547866e+00
-9.760105350696813176e+00
-9.776502476877643844e+00
-9.792860292559677049e+00
-9.809177694249122226e+00
-9.825456009405165503e+00
-9.841694125569656393e+00
-9.857893376270936869e+00
-9.874052640107427337e+00
-9.890173256709724470e+00
-9.906254095753137534e+00
-9.922296503002835166e+00
-9.938299339230534102e+00
-9.954263956367737975e+00
-9.970189206301538931e+00
-9.986076447160913361e+00
-1.000192452196646009e+01
-1.001773479507524556e+01
-1.003350610065899318e+01
-1.004923980933287631e+01
-1.006493474643661656e+01
-1.008059228887300840e+01
-1.009621125316613188e+01
-1.011179302253538559e+01
-1.012733640470486662e+01
-1.014284278923908644e+01
-1.015831097507736125e+01
-1.017374235815724859e+01
-1.018913572864784101e+01
-1.020449248888730942e+01
-1.021981142028855061e+01
-1.023509393161745429e+01
-1.025033879554418093e+01
-1.026554742728896130e+01
-1.028071859079223138e+01
-1.029585370775481223e+01
-1.031095153339982495e+01
-1.032601349593450202e+01
-1.034103834187668980e+01
-1.035602750596538790e+01
-1.037097972602465923e+01
-1.038589644335032602e+01
-1.040077638708372909e+01
-1.041562100510219224e+01
-1.043042901787483601e+01
-1.044520187988478988e+01
-1.045993830293917704e+01
-1.047463974815087262e+01
-1.048930491867461434e+01
-1.050393528227672491e+01
-1.051852953346887176e+01
-1.053308914669406882e+01
-1.054761280782977195e+01
-1.056210199801869898e+01
-1.057655539451258164e+01
-1.059097448517650264e+01
-1.060535793864454135e+01
-1.061970724952653633e+01
-1.063402107784665418e+01
-1.064830092498155700e+01
-1.066254544235281365e+01
-1.067675613812574653e+01
-1.069093165512628651e+01
-1.070507350833003457e+01
-1.071918033197379216e+01
-1.073325364786476932e+01
-1.074729208165698857e+01
-1.076129716201025488e+01
-1.077526750600167205e+01
-1.078920464916450683e+01
-1.080310720000459845e+01
-1.081697670094918173e+01
-1.083081175193802892e+01
-1.084461390231280831e+01
-1.085838174345218299e+01
-1.087211683163229203e+01
-1.088581774967535765e+01
-1.089948606081196658e+01
-1.091312033931218295e+01
-1.092672215538072500e+01
-1.094029007473958259e+01
-1.095382567458714362e+01
-1.096732751210100254e+01
-1.098079717149261292e+01
-1.099423320139859506e+01
-1.100763719306256228e+01
-1.102100768658342034e+01
-1.103434628025590314e+01
-1.104765150564402276e+01
-1.106092496811248260e+01
-1.107416519069305672e+01
-1.108737378583898980e+01
-1.110054926805223730e+01
-1.111369325689302201e+01
-1.112680425833555020e+01
-1.113988389906540633e+01
-1.115293067653089665e+01
-1.116594622456108965e+01
-1.117892903207999389e+01
-1.119188074007817058e+01
-1.120479982895674098e+01
-1.121768794688561321e+01
-1.123054356574413859e+01
-1.124336834089930903e+01
-1.125616073570956210e+01
-1.126892241275662343e+01
-1.128165182687870960e+01
-1.129435064788969356e+01
-1.130701732210797594e+01
-1.131965352659699597e+01
-1.133225769915556036e+01
-1.134483152411388041e+01
-1.135737343075114048e+01
-1.136988511068146579e+01
-1.138236498466422653e+01
-1.139481475161445623e+01
-1.140723282377125436e+01
-1.141962090736746482e+01
-1.143197740612132662e+01
-1.144430403360027881e+01
-1.145659918500081531e+01
-1.146886458124170716e+01
-1.148109860899671730e+01
-1.149330299655246179e+01
-1.150547612205873982e+01
-1.151761972118663380e+01
-1.152973216356045150e+01
-1.154181519225216945e+01
-1.155386716835900884e+01
-1.156588984237019879e+01
-1.157788156685407266e+01
-1.158984409973330365e+01
-1.160177578504536555e+01
-1.161367838816261688e+01
-1.162555024458948338e+01
-1.163739312716408136e+01
-1.164920536285538333e+01
-1.166098873198335895e+01
-1.167274155297905125e+01
-1.168446561366021008e+01
-1.169615922391716190e+01
-1.170782417908139017e+01
-1.171945878049968393e+01
-1.173106483103303255e+01
-1.174264062348159499e+01
-1.175418796825173828e+01
-1.176570514959376901e+01
-1.177719398547511709e+01
-1.178865275159283144e+01
-1.180008327349107589e+01
-1.181148381831012095e+01
-1.182285621918651231e+01
-1.183419873469998329e+01
-1.184551320559498500e+01
-1.185679788188692108e+01
-1.186805461194370537e+01
-1.187928163721227648e+01
-1.189048081369951326e+01
-1.190165037427973083e+01
-1.191279218261419537e+01
-1.192390446300031570e+01
-1.193498908676905934e+01
-1.194604426963645238e+01
-1.195707189061859133e+01
-1.196807015684539444e+01
-1.197904095503343314e+01
-1.198998248372177677e+01
-1.200089663734271461e+01
-1.201178160583951460e+01
-1.202263929137546938e+01
-1.203346787529298823e+01
-1.204426926750160831e+01
-1.205504164073759377e+01
-1.206578691267191061e+01
-1.207650324742938253e+01
-1.208719257045759043e+01
-1.209785303726435046e+01
-1.210848658108903919e+01
-1.211909134881683592e+01
-1.212966928149401724e+01
-1.214021851737734536e+01
-1.215074100533510482e+01
-1.216123487498979650e+01
-1.217170208304672663e+01
-1.218214075048801526e+01
-1.219255284187123500e+01
-1.220293646953189004e+01
-1.221329360589477631e+01
-1.222362235464255775e+01
-1.223392469608230826e+01
-1.224419872523738206e+01
-1.225444643031215186e+01
-1.226466589766404525e+01
-1.227485912340985763e+01
-1.228502418523436823e+01
-1.229516308718176809e+01
-1.230527389825736861e+01
-1.231535863044775425e+01
-1.232541534407185857e+01
-1.233544605907365010e+01
-1.234544882707850633e+01
-1.235542567600290553e+01
-1.236537464877147841e+01
-1.237529778128812019e+01
-1.238519310776938021e+01
-1.239506267212161994e+01
-1.240490449984587151e+01
-1.241472064286593024e+01
-1.242450911795970470e+01
-1.243427198508346976e+01
-1.244400725228433302e+01
-1.245371698756605383e+01
-1.246339919023703047e+01
-1.247305593636357024e+01
-1.248268521650752483e+01
-1.249228911481268334e+01
-1.250186561308620625e+01
-1.251141680356452923e+01
-1.252094065929195388e+01
-1.253043928061253176e+01
-1.253991063179939403e+01
-1.254935682131929298e+01
-1.255877580466579957e+01
-1.256816969844343390e+01
-1.257753644935763226e+01
-1.258687818216576737e+01
-1.259619283477655927e+01
-1.260548254011527192e+01
-1.261474522728512326e+01
-1.262398303739445282e+01
-1.263319389073209464e+01
-1.264237993660452553e+01
-1.265153908647718772e+01
-1.266067349786994001e+01
-1.266978107341573789e+01
-1.267886397886291050e+01
-1.268792010800270376e+01
-1.269695163482714939e+01
-1.270595644427644721e+01
-1.271493671860155672e+01
-1.272389033388216895e+01
-1.273281948064336788e+01
-1.274172202609482518e+01
-1.275060016905104554e+01
-1.275945176784199475e+01
-1.276827902958682515e+01
-1.277707980372602670e+01
-1.278585630569874709e+01
-1.279460637604612394e+01
-1.280333223854263736e+01
-1.281203172482007879e+01
-1.282070706700356411e+01
-1.282935608780547376e+01
-1.283798102771696037e+01
-1.284657970052079712e+01
-1.285515435508958149e+01
-1.286370279626612501e+01
-1.287222728131996341e+01
-1.288072560614351225e+01
-1.288920003641873535e+01
-1.289764835907707941e+01
-1.290607284822847589e+01
-1.291447128183282622e+01
-1.292284594244348916e+01
-1.293119459903806323e+01
-1.293951954262896287e+01
-1.294781853320064258e+01
-1.295609387024022041e+01
-1.296434330472798102e+01
-1.297256914464137090e+01
-1.298076913194552162e+01
-1.298894558312385961e+01
-1.299709623111517232e+01
-1.300522340092467743e+01
-1.301332481645347272e+01
-1.302140281124433940e+01
-1.302945510014931862e+01
-1.303748402526451677e+01
-1.304548729238151061e+01
-1.305346725216558923e+01
-1.306142160133616059e+01
-1.306935269914363928e+01
-1.307725823322363468e+01
-1.308514057142756393e+01
-1.309299739229540904e+01
-1.310083107229559118e+01
-1.310863928086059893e+01
-1.311642440309185886e+01
-1.312418409930226559e+01
-1.313192076324240176e+01
-1.313963204609350122e+01
-1.314732035027134671e+01
-1.315498331781323316e+01
-1.316262335981637577e+01
-1.317023810916186832e+01
-1.317782998564448427e+01
-1.318539661297662136e+01
-1.319294041966694131e+01
-1.320045902024667939e+01
-1.320795485195463570e+01
-1.321542552012818561e+01
-1.322287347075266339e+01
-1.323029629995887291e+01
-1.323769646249504817e+01
-1.324507154527254649e+01
-1.325242401181903951e+01
-1.325975143981349547e+01
-1.326705630157946025e+01
-1.327433616555043194e+01
-1.328159351286246626e+01
-1.328882590269046027e+01
-1.329603582499952807e+01
-1.330322082969265018e+01
-1.331038341558079274e+01
-1.331752112328164372e+01
-1.332463646046865513e+01
-1.333172695846079847e+01
-1.333879513381081416e+01
-1.334583850852535036e+01
-1.335285960805326866e+01
-1.335985594507524965e+01
-1.336683005395317814e+01
-1.337377943802792402e+01
-1.338070664059141635e+01
-1.338760915563077702e+01
-1.339448953538499154e+01
-1.340134526447349472e+01
-1.340817890409938329e+01
-1.341498792950024210e+01
-1.342177491086045293e+01
-1.342853731402160555e+01
-1.343527771816652994e+01
-1.344199357972644293e+01
-1.344868748689992444e+01
-1.345535688669349383e+01
-1.346200437633870095e+01
-1.346862739340278203e+01
-1.347522854416779303e+01
-1.348180525674701791e+01
-1.348836014649046611e+01
-1.349489063204269357e+01
-1.350139933783917634e+01
-1.350788367304098614e+01
-1.351434627118658227e+01
-1.352078453193858465e+01
-1.352720109795617098e+01
-1.353359335938841923e+01
-1.353996396803292512e+01
-1.354631030451004747e+01
-1.355263502977360623e+01
-1.355893551490002480e+01
-1.356521443001716065e+01
-1.357146913664209187e+01
-1.357770231409468842e+01
-1.358391131431717369e+01
-1.359009882583946904e+01
-1.359626219101332012e+01
-1.360240410759674212e+01
-1.360852190833539588e+01
-1.361461830023346664e+01
-1.362069060641464624e+01
-1.362674154314759001e+01
-1.363276842391816679e+01
-1.363877397427774518e+01
-1.364475549805827370e+01
-1.365071573011221240e+01
-1.365665196460152231e+01
-1.366256694569818464e+01
-1.366845795787784468e+01
-1.367432775465058192e+01
-1.368017361078940475e+01
-1.368599828916104144e+01
-1.369179905481936288e+01
-1.369757868000642098e+01
-1.370333442004046809e+01
-1.370906905655754571e+01
-1.371477983512353660e+01
-1.372046954678741315e+01
-1.372613542734589132e+01
-1.373178027727969308e+01
-1.373740132259950464e+01
-1.374300137323676374e+01
-1.374857764539910043e+01
-1.375413295848776407e+01
-1.375966451889019559e+01
-1.376517515549657666e+01
-1.377066206485691779e+01
-1.377612808536956912e+01
-1.378157040372969888e+01
-1.378699186786319331e+01
-1.379238965459296473e+01
-1.379776662139173027e+01
-1.380311993519250890e+01
-1.380845246303442408e+01
-1.381376136194295157e+01
-1.381904950854310599e+01
-1.382431404993500301e+01
-1.382955787234914879e+01
-1.383477811294245363e+01
-1.383997766757068071e+01
-1.384515366342938059e+01
-1.385030900601942250e+01
-1.385544081255690685e+01
-1.386055199820768280e+01
-1.386563967019008103e+01
-1.387070675335496617e+01
-1.387575034490449433e+01
-1.388077337939464151e+01
-1.388577294399290452e+01
-1.389075198298045422e+01
-1.389570757347160246e+01
-1.390064266949298499e+01
-1.390555433808691177e+01
-1.391044554304584580e+01
-1.391531334132129238e+01
-1.392016070649192905e+01
-1.392498468539947609e+01
-1.392978826142946325e+01
-1.393456847129464116e+01
-1.393932830820800994e+01
-1.394406479873418014e+01
-1.394878094593431683e+01
-1.395347376620562052e+01
-1.395814627247815487e+01
-1.396279547096224682e+01
-1.396742438447783030e+01
-1.397203000902880277e+01
-1.397661537734596493e+01
-1.398117747520701570e+01
-1.398571934527475058e+01
-1.399023796308092216e+01
-1.399473638124147534e+01
-1.399921156502223774e+01
-1.400366657701366435e+01
-1.400809837219559384e+01
-1.401251002315434846e+01
-1.401689847456361981e+01
-1.402126680902710376e+01
-1.402561196089200557e+01
-1.402993702280098987e+01
-1.403423891875435636e+01
-1.403852075145545086e+01
-1.404277943453709199e+01
-1.404701808078510972e+01
-1.405123359344416656e+01
-1.405542909540445251e+01
-1.405960147950170303e+01
-1.406375387875242566e+01
-1.406788317556248202e+01
-1.407199251309691235e+01
-1.407607876331053376e+01
-1.408014507953913785e+01
-1.408418832326538173e+01
-1.408821165801805364e+01
-1.409221193478635037e+01
-1.409619232731449046e+01
-1.410014967607673242e+01
-1.410408716505528304e+01
-1.410800162418791004e+01
-1.411189624771743922e+01
-1.411576785502335163e+01
-1.411961965063189339e+01
-1.412344844334247185e+01
-1.412725744798754590e+01
-1.413104346276447387e+01
-1.413480971283495258e+01
-1.413855298577214015e+01
-1.414227651709005151e+01
-1.414597708371538864e+01
-1.414965793153770690e+01
-1.415331582681490552e+01
-1.415695402583529727e+01
-1.416056928416550420e+01
-1.416416486851607281e+01
-1.416773752373965678e+01
-1.417129052699257308e+01
-1.417482061239069679e+01
-1.417833106755977290e+01
-1.418181861585600956e+01
-1.418528655539832783e+01
-1.418873159876021361e+01
-1.419215705457767385e+01
-1.419555962461820542e+01
-1.419894262805891927e+01
-1.420230275583803703e+01
-1.420564333769786280e+01
-1.420896105372388085e+01
-1.421225924424780196e+01
-1.421553457847872970e+01
-1.421879040736217981e+01
-1.422202338920714304e+01
-1.422523688559740762e+01
-1.422842754391787956e+01
-1.423159873641527895e+01
-1.423474709952641959e+01
-1.423787601618557552e+01
-1.424098211185730101e+01
-1.424406878018838185e+01
-1.424713263564672694e+01
-1.425017708261654370e+01
-1.425319872454462100e+01
-1.425620097657774465e+01
-1.425918043111693478e+01
-1.426214051409674610e+01
-1.426507780684771731e+01
-1.426799574611752419e+01
-1.427089090214123424e+01
-1.427376672250514567e+01
-1.427661976632381702e+01
-1.427945349204774672e+01
-1.428226444764579561e+01
-1.428505610245837865e+01
-1.428782499328326594e+01
-1.429057460037668115e+01
-1.429330144933975966e+01
-1.429600903137058765e+01
-1.429869386084795480e+01
-1.430135943993791692e+01
-1.430400227177113948e+01
-1.430662586950789894e+01
-1.430922672500469162e+01
-1.431180836244245569e+01
-1.431436726237740409e+01
-1.431690696003769681e+01
-1.431942392465295910e+01
-1.432192170252511332e+01
-1.432439675153082348e+01
-1.432685262907268076e+01
-1.432928578164768219e+01
-1.433169977778603510e+01
-1.433409105257830873e+01
-1.433646318570942846e+01
-1.433881260083659370e+01
-1.434114288882664390e+01
-1.434345046187635830e+01
-1.434573892206187828e+01
-1.434800467009221947e+01
-1.435025131928036934e+01
-1.435247525882026132e+01
-1.435468011328929805e+01
-1.435686226033867996e+01
-1.435902533583809948e+01
-1.436116570586831109e+01
-1.436328701761917159e+01
-1.436538562557307230e+01
-1.436746518826815944e+01
-1.436952204856035920e+01
-1.437155987636439036e+01
-1.437357500288138645e+01
-1.437557110943100724e+01
-1.437754451553128554e+01
-1.437949891393527579e+01
-1.438143061244926457e+01
-1.438334331528846199e+01
-1.438523331851867759e+01
-1.438710433784606302e+01
-1.438895265756695707e+01
-1.439078200490744841e+01
-1.439258865236541496e+01
-1.439437633871594358e+01
-1.439614132462906149e+01
-1.439788736045826845e+01
-1.439961069501630320e+01
-1.440131509026446821e+01
-1.440299678312852016e+01
-1.440465954720721697e+01
-1.440629960750955973e+01
-1.440792074930143940e+01
-1.440951918564512546e+01
-1.441109871350361260e+01
-1.441265553396220689e+01
-1.441419345571106980e+01
-1.441570866782821625e+01
-1.441720499076116724e+01
-1.441867860155014114e+01
-1.442013333243044748e+01
-1.442156534837367232e+01
-1.442297849343349725e+01
-1.442436892048204555e+01
-1.442574048542207699e+01
-1.442708932899505214e+01
-1.442841931898371044e+01
-1.442972658396766050e+01
-1.443101500364064371e+01
-1.443228069438881889e+01
-1.443352754784820391e+01
-1.443475166817994904e+01
-1.443595695899362852e+01
-1.443713951219344871e+01
-1.443830324339423399e+01
-1.443944423221116757e+01
-1.444056640629594312e+01
-1.444166583294250295e+01
-1.444274645187136308e+01
-1.444380431802279041e+01
-1.444484338321813510e+01
-1.444585969001127701e+01
-1.444685720235672299e+01
-1.444783195038911572e+01
-1.444878791022851594e+01
-1.444972109955726758e+01
-1.445063550669355834e+01
-1.445152713683426526e+01
-1.445239999052842705e+01
-1.445325006045392158e+01
-1.445408135942363970e+01
-1.445488986756280347e+01
-1.445567960998130808e+01
-1.445644655421780733e+01
-1.445719473771249852e+01
-1.445792011538341093e+01
-1.445862673703454604e+01
-1.445931054492897161e+01
-1.445997560126815173e+01
-1.446061783562579706e+01
-1.446124132263462769e+01
-1.446184197914418057e+01
-1.446242389225258052e+01
-1.446298296605032263e+01
-1.446352330013506737e+01
-1.446404078580306418e+01
-1.446453953518601310e+01
-1.446501542675057017e+01
-1.446547258519703938e+01
-1.446590687612684967e+01
-1.446632243684372199e+01
-1.446671512004814453e+01
-1.446708907568222280e+01
-1.446744014350934826e+01
-1.446777248614523792e+01
-1.446808193038000034e+01
-1.446837265153829399e+01
-1.446864046340041554e+01
-1.446888955403558263e+01
-1.446911572417759118e+01
-1.446932317467590501e+01
-1.446950769318091190e+01
-1.446967349335832687e+01
-1.446981634973788111e+01
-1.446994048883773765e+01
-1.447004167202955038e+01
-1.447012413872027814e+01
-1.447018363708588495e+01
-1.447022441945868287e+01
-1.447024222078102618e+01
-1.447024130634735606e+01
-1.447021739782831773e+01
-1.447017477351741910e+01
-1.447010914177521101e+01
-1.447002479393147745e+01
-1.446991742499806399e+01
-1.446979133937844075e+01
-1.446964221869682632e+01
-1.446947438046792556e+01
-1.446928349288933191e+01
-1.446907388662474148e+01
-1.446884121640573007e+01
-1.446858982608303457e+01
-1.446831535688258263e+01
-1.446802216588039869e+01
-1.446770588075685282e+01
-1.446737087185169557e+01
-1.446701275325963643e+01
-1.446663590862280735e+01
-1.446623593840984867e+01
-1.446581723960411736e+01
-1.446537539900758951e+01
-1.446491482698392694e+01
-1.446443109662748583e+01
-1.446392863172157739e+01
-1.446340299161175302e+01
-1.446285861354040669e+01
-1.446229104306292967e+01
-1.446170473092055708e+01
-1.446109520883674193e+01
-1.446046694109158892e+01
-1.445981544553453446e+01
-1.445914520002470383e+01
-1.445845170849543138e+01
-1.445773946242520580e+01
-1.445700395178854336e+01
-1.445624968172406355e+01
-1.445547212820470762e+01
-1.445467581006999680e+01
-1.445385618924818871e+01
-1.445301779832077571e+01
-1.445215608512795846e+01
-1.445127559603454515e+01
-1.445037176474896334e+01
-1.444944915146087183e+01
-1.444850317570296916e+01
-1.444753841153155172e+01
-1.444655026425932398e+01
-1.444554332185115264e+01
-1.444451297535519352e+01
-1.444346382668723372e+01
-1.444239125258590484e+01
-1.444129986896039952e+01
-1.444018503819469501e+01
-1.443905139023409845e+01
-1.443789427306244377e+01
-1.443671833070402322e+01
-1.443551889669682708e+01
-1.443430062918734436e+01
-1.443305884722152932e+01
-1.443179822311151916e+01
-1.443051406136483550e+01
-1.442921104850296565e+01
-1.442788447444819155e+01
-1.442653903997521780e+01
-1.442517002037416951e+01
-1.442378213071705417e+01
-1.442237063161431720e+01
-1.442094025247983069e+01
-1.441948623919665273e+01
-1.441801333556506748e+01
-1.441651677269268461e+01
-1.441500130881112440e+01
-1.441346216020421345e+01
-1.441190409957994056e+01
-1.441032232834963089e+01
-1.440872163374310411e+01
-1.440709720225005697e+01
-1.440545383566778703e+01
-1.440378670551489293e+01
-1.440210062820200321e+01
-1.440039076022696207e+01
-1.439866193265983441e+01
-1.439690928692749061e+01
-1.439513766880585877e+01
-1.439334220460037983e+01
-1.439152775483944779e+01
-1.438968943065622952e+01
-1.438783210737847007e+01
-1.438595088091580187e+01
-1.438405064144252421e+01
-1.438212646959319763e+01
-1.438018327043595690e+01
-1.437821610927832161e+01
-1.437622990613001761e+01
-1.437421971091912098e+01
-1.437219045864486766e+01
-1.437013718380318750e+01
-1.436806483643093379e+01
-1.436596843553880554e+01
-1.436385294624973596e+01
-1.436171337203565379e+01
-1.435955469315429589e+01
-1.435737189748489229e+01
-1.435516998046888304e+01
-1.435294391433858152e+01
-1.435069870976835027e+01
-1.434842932328880494e+01
-1.434614078085671629e+01
-1.434382802324595474e+01
-1.434149609174546924e+01
-1.433913991131673527e+01
-1.433676453863091282e+01
-1.433436488278119825e+01
-1.433194601587120331e+01
-1.432950283106946188e+01
-1.432704041596263878e+01
-1.432455364773782058e+01
-1.432204762951542598e+01
-1.431951722244392222e+01
-1.431696754522864445e+01
-1.431439344292169480e+01
-1.431180004986466692e+01
-1.430918219495527133e+01
-1.430654502822301488e+01
-1.430388336235255586e+01
-1.430120236311326565e+01
-1.429849682691782320e+01
-1.429577193532763602e+01
-1.429302246842390822e+01
-1.429025362361254459e+01
-1.428746016458340229e+01
-1.428464730463966070e+01
-1.428180979101942505e+01
-1.427895285297619310e+01
-1.427607122123551520e+01
-1.427317014105449466e+01
-1.427024432658484621e+01
-1.426729903914086428e+01
-1.426432897623863560e+01
-1.426133941530361504e+01
-1.425832503715401955e+01
-1.425529113538064330e+01
-1.425223237404098242e+01
-1.424915406294575249e+01
-1.424605084932861310e+01
-1.424292805927486505e+01
-1.423978032313060993e+01
-1.423661298331088432e+01
-1.423342065321004668e+01
-1.423020869162831481e+01
-1.422697169494348124e+01
-1.422371503839666396e+01
-1.422043330128404826e+01
-1.421713187534357381e+01
-1.421380532272410058e+01
-1.421045905171681234e+01
-1.420708760725696074e+01
-1.420369641424569807e+01
-1.420028000033799032e+01
-1.419684380710183724e+01
-1.419338234484478889e+01
-1.418990107185907412e+01
-1.418639448103695067e+01
-1.418286804745263652e+01
-1.417931624651487788e+01
-1.417574457013780176e+01
-1.417214747617795112e+01
-1.416853047344766559e+01
-1.416488800218205135e+01
-1.416122558815040300e+01
-1.415753765389647256e+01
-1.415382974220566403e+01
-1.415009625786010616e+01
-1.414634276072066754e+01
-1.414256363773701430e+01
-1.413876446590533575e+01
-1.413493961427146850e+01
-1.413109467702710198e+01
-1.412722400524237543e+01
-1.412333321036508593e+01
-1.411941662541720888e+01
-1.411547987916366331e+01
-1.411151728650536974e+01
-1.410753449358569789e+01
-1.410352579711112853e+01
-1.409949686066527974e+01
-1.409544196268615401e+01
-1.409136678425991640e+01
-1.408726558548162444e+01
-1.408314406500262628e+01
-1.407899646449999942e+01
-1.407482850025342458e+01
-1.407063439544653072e+01
-1.406641988405082877e+01
-1.406217917068039469e+01
-1.405791800706273342e+01
-1.405363057916589042e+01
-1.404932265653775403e+01
-1.404498840642321156e+01
-1.404063361625572703e+01
-1.403625243447945437e+01
-1.403185066647878365e+01
-1.402742244181917108e+01
-1.402297358390201687e+01
-1.401849820333549701e+01
-1.401400214160460500e+01
-1.400947949028111594e+01
-1.400493610900074337e+01
-1.400036607021936064e+01
-1.399577525179102899e+01
-1.399115770697575556e+01
-1.398651933191417029e+01
-1.398185416058984742e+01
-1.397716810749893135e+01
-1.397245518726755975e+01
-1.396772133281672268e+01
-1.396296053933381032e+01
-1.395817875823471432e+01
-1.395336996518610562e+01
-1.394854013016949956e+01
-1.394368320924851012e+01
-1.393880519104169124e+01
-1.393390001192673111e+01
-1.392897367923123220e+01
-1.392402010956380209e+01
-1.391904532903374658e+01
-1.391404323439692448e+01
-1.390901987061782741e+01
-1.390396911451548689e+01
-1.389889702998373977e+01
-1.389379747382018593e+01
-1.388867652892291460e+01
-1.388352803198337071e+01
-1.387835808497951362e+01
-1.387316050441117099e+01
-1.386794141141273506e+01
-1.386269460220679051e+01
-1.385742621716137357e+01
-1.385213003213575611e+01
-1.384681220680970881e+01
-1.384146649659274608e+01
-1.383609908055538718e+01
-1.383070369357052876e+01
-1.382528653417925923e+01
-1.381984131663078408e+01
-1.381437425901740745e+01
-1.380887905487714917e+01
-1.380336194193519717e+01
-1.379781659293057849e+01
-1.379224926530386242e+01
-1.378665361090699903e+01
-1.378103590697952008e+01
-1.377538978439775086e+01
-1.376972154028472595e+01
-1.376402478445240263e+01
-1.375830583399287121e+01
-1.375255827756468285e+01
-1.374678845231545310e+01
-1.374098992566101884e+01
-1.373516905489214857e+01
-1.372931938609242764e+01
-1.372344729678441766e+01
-1.371754631162953864e+01
-1.371162282847191527e+01
-1.370567035046080484e+01
-1.369969529585272205e+01
-1.369369114619434846e+01
-1.368766434024673373e+01
-1.368160833786336994e+01
-1.367552959840298854e+01
-1.366942155993517538e+01
-1.366329070251068423e+01
-1.365713044232418127e+01
-1.365094728021407811e+01
-1.364473461040881830e+01
-1.363849895463135198e+01
-1.363223368505258648e+01
-1.362594534437798011e+01
-1.361962728262930611e+01
-1.361328606359390569e+01
-1.360691501505268164e+01
-1.360052072197548867e+01
-1.359409648981034735e+01
-1.358764892481174691e+01
-1.358117131000262745e+01
-1.357467027302538476e+01
-1.356813907438568911e+01
-1.356158436321847205e+01
-1.355499937741972261e+01
-1.354839078772300454e+01
-1.354175180932193356e+01
-1.353508913465624808e+01
-1.352839595612454637e+01
-1.352167898798156287e+01
-1.351493139973790214e+01
-1.350815992757371475e+01
-1.350135771801864060e+01
-1.349453152928999522e+01
-1.348767448484328746e+01
-1.348079336504628856e+01
-1.347388127018708737e+01
-1.346694500289874163e+01
-1.345997764020836662e+01
-1.345298600713060644e+01
-1.344596315733810421e+01
-1.343891593834492149e+01
-1.343183738037543762e+01
-1.342473435356248679e+01
-1.341759986458838227e+01
-1.341044080632570434e+01
-1.340325016182057105e+01
-1.339603484680785250e+01
-1.338878782060338857e+01
-1.338151602192831113e+01
-1.337421238627386799e+01
-1.336688387547325441e+01
-1.335952340109855818e+01
-1.335213794822240096e+01
-1.334472040440301122e+01
-1.333727777808132942e+01
-1.332980293270692762e+01
-1.332230290021967889e+01
-1.331477051986541582e+01
-1.330721284721511388e+01
-1.329962269721567125e+01
-1.329200714920307291e+01
-1.328435899372976792e+01
-1.327668533403228857e+01
-1.326897893617299928e+01
-1.326124692742611444e+01
-1.325348204926798523e+01
-1.324569145314940677e+01
-1.323786785586455039e+01
-1.323001843318129822e+01
-1.322213587711516780e+01
-1.321422738789337537e+01
-1.320628563265603539e+01
-1.319831783623356003e+01
-1.319031664079361121e+01
-1.318228929591547072e+01
-1.317422841869688277e+01
-1.316614128361318414e+01
-1.315802048259453727e+01
-1.314987331516129920e+01
-1.314169234797791752e+01
-1.313348490576035310e+01
-1.312524352980884323e+01
-1.311697557018727167e+01
-1.310867354273269569e+01
-1.310034482301090542e+01
-1.309198190129637496e+01
-1.308359217881250736e+01
-1.307516812017125218e+01
-1.306671715241093068e+01
-1.305823171438060726e+01
-1.304971925909248398e+01
-1.304117219953186790e+01
-1.303259801484544944e+01
-1.302398909205318134e+01
-1.301535293659862980e+01
-1.300668190943429359e+01
-1.299798354246445165e+01
-1.298925017047142205e+01
-1.298048935198580267e+01
-1.297169339551628120e+01
-1.296286988638694915e+01
-1.295401110672869827e+01
-1.294512466882786050e+01
-1.293620282833272483e+01
-1.292725322466226245e+01
-1.291826808687635797e+01
-1.290925508169872415e+01
-1.290020641149431135e+01
-1.289112977046502628e+01
-1.288201733417359307e+01
-1.287287682447520254e+01
-1.286370039002208188e+01
-1.285449578049933272e+01
-1.284525511753938964e+01
-1.283598617883557935e+01
-1.282668105889027466e+01
-1.281734756358467031e+01
-1.280797776017984013e+01
-1.279857948292604419e+01
-1.278914477173071518e+01
-1.277968148939585546e+01
-1.277018164836170833e+01
-1.276065314016631724e+01
-1.275108794966797987e+01
-1.274149399732634080e+01
-1.273186324030196026e+01
-1.272220362816309702e+01
-1.271250709025539827e+01
-1.270278160544418888e+01
-1.269301907514170225e+01
-1.268322750770028584e+01
-1.267339877647879831e+01
-1.266354091950794647e+01
-1.265364578197190859e+01
-1.264372143177225105e+01
-1.263375968579584807e+01
-1.262376864200918369e+01
-1.261374008887729836e+01
-1.260368215462702679e+01
-1.259358659917580425e+01
-1.258346158120736824e+01
-1.257329883196399223e+01
-1.256310654078430389e+01
-1.255287641010629862e+01
-1.254261666012263987e+01
-1.253231896433609549e+01
-1.252199157399395268e+01
-1.251162613353100994e+01
-1.250123092545094039e+01
-1.249079756498598570e+01
-1.248033436609920344e+01
-1.246983291468384536e+01
-1.245930155636660785e+01
-1.244873184756332130e+01
-1.243813216576970682e+01
-1.242749403778383410e+01
-1.241682587317705533e+01
-1.240611916898722455e+01
-1.239538236706914098e+01
-1.238460693455589379e+01
-1.237380134579464652e+01
-1.236295703786698397e+01
-1.235208251782268896e+01
-1.234116919254291389e+01
-1.233022560199118089e+01
-1.231924312269708821e+01
-1.230823032775033887e+01
-1.229717856317540559e+01
-1.228609643540175611e+01
-1.227497525979285875e+01
-1.226382367633256720e+01
-1.225263296956502579e+01
-1.224141181324428196e+01
-1.223015146093435845e+01
-1.221886062037630616e+01
-1.220753051399079858e+01
-1.219616988372382238e+01
-1.218476992068679898e+01
-1.217333940124975733e+01
-1.216186948504633669e+01
-1.215036898309070423e+01
-1.213882902336759706e+01
-1.212725845175658890e+01
-1.211564836441953119e+01
-1.210400764232370463e+01
-1.209232734963146783e+01
-1.208061640262119774e+01
-1.206886583327626816e+01
-1.205708459341067140e+01
-1.204526368264633795e+01
-1.203341208855854738e+01
-1.202152077822254306e+01
-1.200959877520145014e+01
-1.199763701383562164e+01
-1.198564455390395622e+01
-1.197361229682054251e+01
-1.196154933880897175e+01
-1.194944654816278984e+01
-1.193731305778028151e+01
-1.192513970263706291e+01
-1.191293565253731224e+01
-1.190069170893808881e+01
-1.188841707878186327e+01
-1.187610252980340597e+01
-1.186375730631692882e+01
-1.185137214212792856e+01
-1.183895631915705415e+01
-1.182650053707023119e+01
-1.181401411563046899e+01
-1.180148772015062164e+01
-1.178893070847306213e+01
-1.177633371134059814e+01
-1.176370612491350620e+01
-1.175103854514406621e+01
-1.173834040675000523e+01
-1.172560227066950489e+01
-1.171283361041851556e+01
-1.170002495169386592e+01
-1.168718580705207621e+01
-1.167430666671780060e+01
-1.166139708253163221e+01
-1.164844750901181492e+01
-1.163546753752794416e+01
-1.162244758665396915e+01
-1.160939728753482392e+01
-1.159630702255862822e+01
-1.158318646289344933e+01
-1.157002595449645099e+01
-1.155683520880813298e+01
-1.154360453510573414e+01
-1.153034368535293908e+01
-1.151704293189460948e+01
-1.150371206746984498e+01
-1.149034132723476631e+01
-1.147694054495788052e+01
-1.146349991834638793e+01
-1.145002932245373906e+01
-1.143651891727426317e+01
-1.142297861940354942e+01
-1.140939855085529686e+01
-1.139578867002610352e+01
-1.138213906067735159e+01
-1.136845972326739940e+01
-1.135474070302966609e+01
-1.134099204274679451e+01
-1.132720374884461023e+01
-1.131338590669453659e+01
-1.129952848363123508e+01
-1.128564160788113924e+01
-1.127171520740019517e+01
-1.125775945353821683e+01
-1.124376423458081575e+01
-1.122973976527150519e+01
-1.121567589392979869e+01
-1.120158287896539662e+01
-1.118745052843195076e+01
-1.117328914467987211e+01
-1.115908849519300361e+01
-1.114485892653934584e+01
-1.113059016532475809e+01
-1.111629260261397434e+01
-1.110195592382249785e+01
-1.108759056479323135e+01
-1.107318616943480549e+01
-1.105875321865216243e+01
-1.104428131452622885e+01
-1.102978098331027468e+01
-1.101524178493248485e+01
-1.100067429128334062e+01
-1.098606801980882075e+01
-1.097143358832814641e+01
-1.095676047147128429e+01
-1.094205933328040636e+01
-1.092731960523130930e+01
-1.091255199788612273e+01
-1.089774589922383008e+01
-1.088291206662635346e+01
-1.086803984422882152e+01
-1.085314003653566672e+01
-1.083820194348666988e+01
-1.082323641701452033e+01
-1.080823271250753415e+01
-1.079320172963559443e+01
-1.077813267887492898e+01
-1.076303650794451627e+01
-1.074790238204337633e+01
-1.073274129725478154e+01
-1.071754237313074576e+01
-1.070231665443747815e+01
-1.068705321470539893e+01
-1.067176314770570755e+01
-1.065643548056801926e+01
-1.064108135639405894e+01
-1.062568975552872530e+01
-1.061027187073329259e+01
-1.059481663517926009e+01
-1.057933529162034070e+01
-1.056381672566101848e+01
-1.054827223038402728e+01
-1.053269064342839023e+01
-1.051708330854646434e+01
-1.050143901500847576e+01
-1.048576915758067862e+01
-1.047006247675630952e+01
-1.045433041866408708e+01
-1.043856167460699069e+01
-1.042276774242883697e+01
-1.040693726382391127e+01
-1.039108178870827004e+01
-1.037518990874406555e+01
-1.035927322628071856e+01
-1.034332028251979985e+01
-1.032734273260993341e+01
-1.031132906685820139e+01
-1.029529099358288491e+01
-1.027921695175753314e+01
-1.026311870324509634e+01
-1.024698463524121905e+01
-1.023082656353339459e+01
-1.021463282308967102e+01
-1.019841528400674591e+01
-1.018216222856985986e+01
-1.016588558157475930e+01
-1.014957357216326272e+01
-1.013323818022493583e+01
-1.011686758129192043e+01
-1.010047381074776318e+01
-1.008404499004305954e+01
-1.006759321046079947e+01
-1.005110653889248340e+01
-1.003459712293144968e+01
-1.001805297442680498e+01
-1.000148629769872066e+01
-9.984885049064740059e+00
-9.968261489994079128e+00
-9.951603520777634770e+00
-9.934923460461707378e+00
-9.918209152809501106e+00
-9.901472974878354094e+00
-9.884702713396642082e+00
-9.867910803872803172e+00
-9.851084975487019335e+00
-9.834237722645136515e+00
-9.817356716459590515e+00
-9.800454510686160248e+00
-9.783518717843733725e+00
-9.766561951496987248e+00
-9.749571765039004134e+00
-9.732560832309026466e+00
-9.715516647035375541e+00
-9.698451943804244024e+00
-9.681354156133840760e+00
-9.664236079836472371e+00
-9.647085087668049397e+00
-9.629914037153195494e+00
-9.612710239726581563e+00
-9.595486615118531404e+00
-9.578230412876461486e+00
-9.560954615437067261e+00
-9.543646409887605486e+00
-9.526318841879183097e+00
-9.508959035458753206e+00
-9.491580100007499965e+00
-9.474169095944718677e+00
-9.456739196905047606e+00
-9.439277399085320042e+00
-9.421796940904808793e+00
-9.404284753735694835e+00
-9.386754141321148381e+00
-9.369191969598720249e+00
-9.351611608183056035e+00
-9.333999856959225738e+00
-9.316370151969216806e+00
-9.298709226420061924e+00
-9.281030583345346585e+00
-9.263320888640414807e+00
-9.245593712903493966e+00
-9.227835654076294247e+00
-9.210060350903637172e+00
-9.192254332723276633e+00
-9.174431307017668402e+00
-9.156577733861780644e+00
-9.138707390075715864e+00
-9.120806665804416014e+00
-9.102889407815082379e+00
-9.084941935646318356e+00
-9.066978166631612268e+00
-9.048984349017914042e+00
-9.030974471333832909e+00
-9.012934709840283887e+00
-8.994879124899755496e+00
-8.976793820083360131e+00
-8.958692928236406061e+00
-8.940562479526960260e+00
-8.922416679942356765e+00
-8.904241485524595490e+00
-8.886051176072976787e+00
-8.867831632770405648e+00
-8.849597209908672824e+00
-8.831333713068685753e+00
-8.813055571726167159e+00
-8.794748515106752151e+00
-8.776427048572776002e+00
-8.758076824230725421e+00
-8.739712424043693417e+00
-8.721319422224468099e+00
-8.702912478062492241e+00
-8.684477087091391212e+00
-8.666027986664579075e+00
-8.647550592839756689e+00
-8.629059721783965742e+00
-8.610540709270855686e+00
-8.592008451043117390e+00
-8.573448201770531796e+00
-8.554874937545923430e+00
-8.536273831103718734e+00
-8.517659939674169678e+00
-8.499018353212335342e+00
-8.480364210886586207e+00
-8.461682519016420656e+00
-8.442988499521973722e+00
-8.424267074218237283e+00
-8.405533548604653404e+00
-8.386772759109828002e+00
-8.368000095653787440e+00
-8.349200308383611713e+00
-8.330388872495548824e+00
-8.311550450946381119e+00
-8.292700605078593412e+00
-8.273823909736167437e+00
-8.254936013292670793e+00
-8.236021401542592102e+00
-8.217095810790471688e+00
-8.198143636830117487e+00
-8.179180704812415215e+00
-8.160191319564596313e+00
-8.141191396014882287e+00
-8.122165147042816002e+00
-8.103128578301131313e+00
-8.084065809725149876e+00
-8.064992938655660026e+00
-8.045893991071315199e+00
-8.026785156981240732e+00
-8.007650367378962741e+00
-7.988505905939294216e+00
-7.969335607625436246e+00
-7.950155850792855361e+00
-7.930950373312310120e+00
-7.911735649252696234e+00
-7.892495318312852781e+00
-7.873245951326231840e+00
-7.853971088722458305e+00
-7.834687399169240507e+00
-7.815378322711616477e+00
-7.796060626940301219e+00
-7.776717650381754332e+00
-7.757366260658026924e+00
-7.737989693623851473e+00
-7.718604918060906428e+00
-7.699195065979544950e+00
-7.679777208469678484e+00
-7.660334372504727263e+00
-7.640883732652384630e+00
-7.621408209635996300e+00
-7.601925082691788127e+00
-7.582417165059038844e+00
-7.562901841855182994e+00
-7.543361817579811834e+00
-7.523814584466646416e+00
-7.504242736997878360e+00
-7.484663875781415676e+00
-7.465060483981861061e+00
-7.445450271862531721e+00
-7.425815609947208351e+00
-7.406174319459701394e+00
-7.386508656935921735e+00
-7.366836555890038163e+00
-7.347140157498497359e+00
-7.327437508920691123e+00
-7.307710634577423647e+00
-7.287977696653714865e+00
-7.268220601392822999e+00
-7.248457627412318693e+00
-7.228670561329736621e+00
-7.208877799629067162e+00
-7.189061007827094230e+00
-7.169238701735669572e+00
-7.149392424268137702e+00
-7.129540812054144361e+00
-7.109665283872510066e+00
-7.089784598689565343e+00
-7.069880049589583493e+00
-7.049970519424202386e+00
-7.030037173993175514e+00
-7.010099021612620440e+00
-6.990137099177283098e+00
-6.970170542078204079e+00
-6.950180256653113453e+00
-6.930185507010610202e+00
-6.910167067246979933e+00
-6.890144331864035188e+00
-6.870097940999100317e+00
-6.850047421256473257e+00
-6.829973277063045245e+00
-6.809895168869654292e+00
-6.789793463606050850e+00
-6.769687957349369789e+00
-6.749558877709688431e+00
-6.729426158206641695e+00
-6.709269885271042178e+00
-6.689110131718849495e+00
-6.668926840904141784e+00
-6.648740226831495015e+00
-6.628530087841566498e+00
-6.608316781059678569e+00
-6.588079957836238343e+00
-6.567840120389935699e+00
-6.547576771062871615e+00
-6.527310559181642269e+00
-6.507020836019415277e+00
-6.486728400068335176e+00
-6.466412449428159626e+00
-6.446093933858415781e+00
-6.425751896136232766e+00
-6.405407439435659711e+00
-6.385039449015561530e+00
-6.364669183658537399e+00
-6.344275368861948650e+00
-6.323879421259129607e+00
-6.303459904293449156e+00
-6.283038394740747989e+00
-6.262593291647432281e+00
-6.242146334274555564e+00
-6.221675754876602404e+00
-6.201203457594830049e+00
-6.180707505443342242e+00
-6.160209969892766146e+00
-6.139688742212888073e+00
-6.119166063708556536e+00
-6.098619651344444392e+00
-6.078071918821739139e+00
-6.057500406180524877e+00
-6.036927702139488261e+00
-6.016331167134122637e+00
-5.995733567582735013e+00
-5.975112081573708878e+00
-5.954489655969836370e+00
-5.933843283705600768e+00
-5.913196094897875454e+00
-5.892524894453826434e+00
-5.871852998620760822e+00
-5.851157021336819142e+00
-5.830460467924924117e+00
-5.809739758341372351e+00
-5.789018590001136388e+00
-5.768273185792920366e+00
-5.747527438313420944e+00
-5.726757370222502530e+00
-5.705987072463971188e+00
-5.685192364229717299e+00
-5.664397538054319448e+00
-5.643578206341801184e+00
-5.622758866542191036e+00
-5.601914920868381387e+00
-5.581071075093944955e+00
-5.560202517751515749e+00
-5.539334166432422712e+00
-5.518440992410878820e+00
-5.497548128679639490e+00
-5.476630325584030068e+00
-5.455712935194237723e+00
-5.434770483160951571e+00
-5.413828544403343379e+00
-5.392861416013043474e+00
-5.371894899628446574e+00
-5.350903059815697027e+00
-5.329911928905064045e+00
-5.308895334864817350e+00
-5.287879544795706543e+00
-5.266838145886260314e+00
-5.245797644195962839e+00
-5.224731381838162214e+00
-5.203666108133051083e+00
-5.182574915705647101e+00
-5.161484801556755819e+00
-5.140368604287683496e+00
-5.119253573121898881e+00
-5.098112287975246737e+00
-5.076972254962551112e+00
-5.055805790520865095e+00
-5.034640662456644655e+00
-5.013448918798601106e+00
-4.992258593981352632e+00
-4.971041462554190105e+00
-4.949825830658195258e+00
-4.928583194144795954e+00
-4.907342136087245343e+00
-4.886073868268012710e+00
-4.864807256070617036e+00
-4.843513221678774627e+00
-4.822220918323497862e+00
-4.800900972894564411e+00
-4.779582832172974527e+00
-4.758236821887640744e+00
-4.736892688243826477e+00
-4.715520449763755728e+00
-4.694150158130006467e+00
-4.672751518426402129e+00
-4.651354894051916489e+00
-4.629929670226262672e+00
-4.608506528497955834e+00
-4.587054527594794706e+00
-4.565604673849897210e+00
-4.544125692660873739e+00
-4.522648921991020643e+00
-4.501142746849928322e+00
-4.479638843896127653e+00
-4.458105250464320157e+00
-4.436573989202390322e+00
-4.415012742244198485e+00
-4.393453885760016497e+00
-4.371864738907317971e+00
-4.350278039161417531e+00
-4.328660734667058918e+00
-4.307045932247911324e+00
-4.285400200727095488e+00
-4.263757024592491618e+00
-4.242082584751487140e+00
-4.220410751957123452e+00
-4.198707310308813945e+00
-4.177006525723666819e+00
-4.155273776288670007e+00
-4.133543732296036666e+00
-4.111781356288928713e+00
-4.090021732472571614e+00
-4.068229397972225492e+00
-4.046439860786509968e+00
-4.024617222389443860e+00
-4.002797424812556848e+00
-3.980944123268490564e+00
-3.959093704437803396e+00
-3.937209366265918220e+00
-3.915327951094279335e+00
-3.893412188179613764e+00
-3.871499386951193777e+00
-3.849551796119130120e+00
-3.827607204064005231e+00
-3.805627366632039710e+00
-3.783650563477696682e+00
-3.761638044782685153e+00
-3.739628594281020124e+00
-3.717582943180557820e+00
-3.695540392608957170e+00
-3.673461140954733306e+00
-3.651385020589327013e+00
-3.629271682671003418e+00
-3.607161505230248366e+00
-3.585013577187509792e+00
-3.562868837243926556e+00
-3.540685796444837941e+00
-3.518505969803122468e+00
-3.496287274185936766e+00
-3.474071817224398284e+00
-3.451816904600539804e+00
-3.429565253573963357e+00
-3.407273540889403929e+00
-3.384985111189888318e+00
-3.362655993741597182e+00
-3.340330179114773479e+00
-3.317963029719026569e+00
-3.295599201431957503e+00
-3.273193369540893460e+00
-3.250790875498304811e+00
-3.228345686260598590e+00
-3.205903850065181526e+00
-3.183418603326613638e+00
-3.160936723279083704e+00
-3.138410692518119660e+00
-3.115888040552432958e+00
-3.093320471745594435e+00
-3.070756292293795653e+00
-3.048146402704923652e+00
-3.025539911486103239e+00
-3.002886888373485164e+00
-2.980237271100207863e+00
-2.957540270334169552e+00
-2.934846681329582374e+00
-2.912104825913090167e+00
-2.889366386631065708e+00
-2.866578765114620619e+00
-2.843794562554039729e+00
-2.820960227335555182e+00
-2.798129312339472818e+00
-2.775247277838430282e+00
-2.752368663267712900e+00
-2.729437903962111278e+00
-2.706510562731597069e+00
-2.683530011044427788e+00
-2.660552874008800028e+00
-2.637521418029766807e+00
-2.614493371704524893e+00
-2.591409852730555574e+00
-2.568329736831583610e+00
-2.545192946708052517e+00
-2.522059551492148888e+00
-2.498868229734195534e+00
-2.475680293119380426e+00
-2.452433123790317637e+00
-2.429189328233432921e+00
-2.405884936554254061e+00
-2.382583905659353185e+00
-2.359220854319791005e+00
-2.335861149148244387e+00
-2.312437934286108998e+00
-2.289018049334689220e+00
-2.265533096145202041e+00
-2.242051454954359979e+00
-2.218503112886403006e+00
-2.194958063235061818e+00
-2.171344600724360419e+00
-2.147734409361829577e+00
-2.124054008044397701e+00
-2.100376854902316293e+00
-2.076627603242092057e+00
-2.052881575060599317e+00
-2.029061461315881054e+00
-2.005244544608227208e+00
-1.981351449048572189e+00
-1.957461522316183311e+00
-1.933493208587315770e+00
-1.909528033682855286e+00
-1.885482139199976537e+00
-1.861439351718528146e+00
-1.837313376947516730e+00
-1.813190475505331412e+00
-1.788981771965741485e+00
-1.764776106200882211e+00
-1.740481862994874174e+00
-1.716190620093465569e+00
-1.691807848726828434e+00
-1.667428038240993615e+00
-1.642953555456578618e+00
-1.618481992134672032e+00
-1.593912400422074604e+00
-1.569345684714869016e+00
-1.544677350088907941e+00
-1.520011845924028160e+00
-1.495240872476151672e+00
-1.470472681805276904e+00
-1.445594882419791283e+00
-1.420719815929948560e+00
-1.395730678413517944e+00
-1.370744221651336137e+00
-1.345638869340935351e+00
-1.320536143314453126e+00
-1.295309288989707985e+00
-1.270085004074183566e+00
-1.244730895687586880e+00
-1.219379297347857660e+00
-1.193891653671249609e+00
-1.168406458099778611e+00
-1.142778391829608386e+00
-1.117152709041732361e+00
-1.091376634149028968e+00
-1.065602875321743248e+00
-1.039670394391425834e+00
-1.013740159189390644e+00
-9.876419250344972145e-01
-9.615458632089675106e-01
-9.352714069673824238e-01
-9.089990464351449528e-01
-8.825365613423907796e-01
-8.560760919369491129e-01
-8.294121574958283061e-01
-8.027501551114357703e-01
-7.758693795910075464e-01
-7.489904486504891379e-01
-7.218749972560065675e-01
-6.947612988423108593e-01
-6.673902578608671421e-01
-6.400208738146623277e-01
-6.123693726471514109e-01
-5.847194275375905415e-01
-5.567573912145368231e-01
-5.287968047752480416e-01
-5.004871196291902358e-01
-4.721787723243727752e-01
-4.434744736461443959e-01
-4.147713941795370118e-01
-3.856111236233675243e-01
-3.564519461325099114e-01
-3.267521060621897400e-01
-2.970532241456577682e-01
-2.666931591241054056e-01
-2.363339068145168531e-01
-2.051241515660034709e-01
-1.739150503705728101e-01
-1.415147785266394342e-01
-1.091149842552685129e-01
-7.472933179662111236e-02
-4.034395273102645008e-02
-7.042631682642043782e-15
