0.000000000000000000e+00
0.000000000000000000e+00
0.000000000000000000e+00
0.000000000000000000e+00
0.000000000000000000e+00
0.000000000000000000e+00
0.000000000000000000e+00
-9.643274665532871356e-16
-3.782416769537784684e-219
-7.369234727843089055e-166
-1.018184969835633257e-128
-5.808347623172580343e-102
-3.662592919780994833e-82
-3.499353055110512763e-67
-1.231070278513175369e-55
-1.353357114851660613e-46
-2.031198056302351936e-39
-1.179582861511367119e-33
-5.620303422169111810e-29
-3.816573953850727615e-25
-5.578283128185796696e-22
-2.397622476292372025e-19
-3.849768182376407110e-17
-2.780084444265953877e-15
-1.044282527994443030e-13
-2.289298992355487360e-12
-3.210883836467359214e-11
-3.102539278701063621e-10
-2.193051760198037351e-09
-1.191014506204759067e-08
-5.174140557637643323e-08
-1.859111186232347269e-07
-5.680393385677278335e-07
-1.510584911087490025e-06
-3.565205010947669717e-06
-7.591979743826296951e-06
-1.479194520367056926e-05
-2.668450499086206498e-05
-4.502625525618103195e-05
-7.168394380377700499e-05
-1.084853700149175930e-04
-1.570749830543714072e-04
-2.187964717379211840e-04
-2.946158230027536452e-04
-3.850886609172974630e-04
-4.903677669144423414e-04
-6.102417517372543416e-04
-7.441939393006329149e-04
-8.914709578555939963e-04
-1.051152396411440424e-03
-1.222215333906563010e-03
-1.403589974719869930e-03
-1.594204671984666153e-03
-1.793020146270980124e-03
-1.999053710979901456e-03
-2.211394875221529572e-03
-2.429213918041354253e-03
-2.651765022047161344e-03
-2.878385410804196881e-03
-3.108491721990776745e-03
-3.341574614886957690e-03
-3.577192386426010853e-03
-3.814964170751041460e-03
-4.054563130327496802e-03
-4.295709912735029903e-03
-4.538166544084403994e-03
-4.781730853164148365e-03
-5.026231465469354828e-03
-5.271523368403748661e-03
-5.517484024335899198e-03
-5.764009993313167456e-03
-6.011014019389637753e-03
-6.258422531553712968e-03
-6.506173510521975900e-03
-6.754214674998397158e-03
-7.002501944518927865e-03
-7.250998140108512284e-03
-7.499671888263591442e-03
-7.748496697974929272e-03
-7.997450184462896045e-03
-8.246513416922266262e-03
-8.495670370827242482e-03
-8.744907468223239375e-03
-8.994213191943866217e-03
-9.243577761864624556e-03
-9.492992863171192952e-03
-9.742451418212644265e-03
-9.991947394862794526e-03
-1.024147564545685625e-02
-1.049103177133525397e-02
-1.074061200883750199e-02
-1.099021313326965441e-02
-1.123983237793887112e-02
-1.148946736582559698e-02
-1.173911605186233297e-02
-1.198877667412102596e-02
-1.223844771248866828e-02
-1.248812785364280392e-02
-1.273781596133203957e-02
-1.298751105112804644e-02
-1.323721226895042437e-02
-1.348691887277819572e-02
-1.373663021705582438e-02
-1.398634573938003188e-02
-1.423606494911953436e-02
-1.448578741767477147e-02
-1.473551277013150640e-02
-1.498524067809339083e-02
-1.523497085353764033e-02
-1.548470304351131158e-02
-1.573443702557600701e-02
-1.598417260387392097e-02
-1.623390960573157377e-02
-1.648364787872315385e-02
-1.673338728812821807e-02
-1.698312771472798230e-02
-1.723286905289269158e-02
-1.748261120891968223e-02
-1.773235409958741002e-02
-1.798209765089589171e-02
-1.823184179696818452e-02
-1.848158647909121238e-02
-1.873133164487719021e-02
-1.898107724752967976e-02
-1.923082324520144701e-02
-1.948056960042541391e-02
-1.973031627962879009e-02
-1.998006325268769298e-02
-2.022981049254844732e-02
-2.047955797488862709e-02
-2.072930567781884614e-02
-2.097905358161945844e-02
-2.122880166850769565e-02
-2.147854992243164104e-02
-2.172829832888762552e-02
-2.197804687475830507e-02
-2.222779554816894237e-02
-2.247754433835959242e-02
-2.272729323557245995e-02
-2.297704223094677173e-02
-2.322679131643346634e-02
-2.347654048471556690e-02
-2.372628972912671844e-02
-2.397603904360039520e-02
-2.422578842260275991e-02
-2.447553786108114596e-02
-2.472528735442663592e-02
-2.497503689842289765e-02
-2.522478648921391842e-02
-2.547453612326949432e-02
-2.572428579735524731e-02
-2.597403550850551843e-02
-2.622378525399890470e-02
-2.647353503133634614e-02
-2.672328483822119724e-02
-2.697303467254126910e-02
-2.722278453235363674e-02
-2.747253441586502282e-02
-2.772228432142826229e-02
-2.797203424752052817e-02
-2.822178419273823138e-02
-2.847153415578127650e-02
-2.872128413545372780e-02
-2.897103413064596941e-02
-2.922078414033204077e-02
-2.947053416356194486e-02
-2.972028419945542052e-02
-2.997003424719634282e-02
-3.021978430602752924e-02
-3.046953437524614616e-02
-3.071928445419930265e-02
-3.096903454228022365e-02
-3.121878463892461750e-02
-3.146853474360740421e-02
-3.171828485583972485e-02
-3.196803497516614856e-02
-3.221778510116222322e-02
-3.246753523343203635e-02
-3.271728537160623063e-02
-3.296703551533987364e-02
-3.321678566431085500e-02
-3.346653581821804752e-02
-3.371628597677991251e-02
-3.396603613973302876e-02
-3.421578630683085043e-02
-3.446553647784244417e-02
-3.471528665255242674e-02
-3.496503683075505298e-02
-3.521478701226298663e-02
-3.546453719689674627e-02
-3.571428738448879231e-02
-3.596403757488169511e-02
-3.621378776792755216e-02
-3.646353796348737741e-02
-3.671328816143033108e-02
-3.696303836163342821e-02
-3.721278856398083784e-02
-3.746253876836344587e-02
-3.771228897467852198e-02
-3.796203918282917145e-02
-3.821178939272406455e-02
-3.846153960427704105e-02
-3.871128981740679098e-02
-3.896104003203748611e-02
-3.921079024809372149e-02
-3.946054046550991068e-02
-3.971029068422027991e-02
-3.996004090416457877e-02
-4.020979112528198091e-02
-4.045954134752056258e-02
-4.070929157082744942e-02
-4.095904179515349325e-02
-4.120879202045214795e-02
-4.145854224667925442e-02
-4.170829247379299887e-02
-4.195804270175369083e-02
-4.220779293052369374e-02
-4.245754316006726536e-02
-4.270729339035049532e-02
-4.295704362134115939e-02
-4.320679385300869868e-02
-4.345654408532397678e-02
-4.370629431825935607e-02
-4.395604455178953041e-02
-4.420579478588658462e-02
-4.445554502052957713e-02
-4.470529525569492263e-02
-4.495504549136104117e-02
-4.520479572750739361e-02
-4.545454596411439840e-02
-4.570429620116339686e-02
-4.595404643863659072e-02
-4.620379667651797889e-02
-4.645354691478851411e-02
-4.670329715343563004e-02
-4.695304739244364478e-02
-4.720279763179846544e-02
-4.745254787148667219e-02
-4.770229811149545585e-02
-4.795204835181249292e-02
-4.820179859242611914e-02
-4.845154883332510737e-02
-4.870129907449875090e-02
-4.895104931593678016e-02
-4.920079955763035501e-02
-4.945054979956722135e-02
-4.970030004174126603e-02
-4.995005028414292725e-02
-5.019980052676397547e-02
-5.044955076959648649e-02
-5.069930101263291772e-02
-5.094905125586601108e-02
-5.119880149928882768e-02
-5.144855174289467842e-02
-5.169830198667717952e-02
-5.194805223063118232e-02
-5.219780247474786750e-02
-5.244755271902450805e-02
-5.269730296345470633e-02
-5.294705320803421572e-02
-5.319680345275511896e-02
-5.344655369761552172e-02
-5.369630394260986594e-02
-5.394605418773366218e-02
-5.419580443298268463e-02
-5.444555467835277690e-02
-5.469530492384098302e-02
-5.494505516944063472e-02
-5.519480541515094790e-02
-5.544455566096841148e-02
-5.569430590688770333e-02
-5.594405615290652667e-02
-5.619380639902177982e-02
-5.644355664522943128e-02
-5.669330689152850267e-02
-5.694305713791526086e-02
-5.719280738438696499e-02
-5.744255763094103379e-02
-5.769230787757490680e-02
-5.794205812428623870e-02
-5.819180837107262860e-02
-5.844155861793185608e-02
-5.869130886486269988e-02
-5.894105911186015706e-02
-5.919080935892605949e-02
-5.944055960605463401e-02
-5.969030985324683819e-02
-5.994006010049990341e-02
-6.018981034781207412e-02
-6.043956059518164337e-02
-6.068931084260695968e-02
-6.093906109008741939e-02
-6.118881133761858160e-02
-6.143856158520185490e-02
-6.168831183283484537e-02
-6.193806208051616524e-02
-6.218781232824444755e-02
-6.243756257601844328e-02
-6.268731282383685488e-02
-6.293706307169846803e-02
-6.318681331960213088e-02
-6.343656356754671932e-02
-6.368631381553108151e-02
-6.393606406355417660e-02
-6.418581431161496376e-02
-6.443556455971248542e-02
-6.468531480784572851e-02
-6.493506505601374934e-02
-6.518481530421564585e-02
-6.543456555245054374e-02
-6.568431580071758258e-02
-6.593406604901592971e-02
-6.618381629734482186e-02
-6.643356654570339859e-02
-6.668331679409100765e-02
-6.693306704250780170e-02
-6.718281729095018640e-02
-6.743256753942039605e-02
-6.768231778791677922e-02
-6.793206803643869751e-02
-6.818181828498549868e-02
-6.843156853355659985e-02
-6.868131878215136266e-02
-6.893106903076924585e-02
-6.918081927940969433e-02
-6.943056952807215298e-02
-6.968031977675609445e-02
-6.993007002546100526e-02
-7.017982027418638580e-02
-7.042957052293173648e-02
-7.067932077169658545e-02
-7.092907102048050250e-02
-7.117882126928304354e-02
-7.142857151810372285e-02
-7.167832176694217960e-02
-7.192807201579801135e-02
-7.217782226467076012e-02
-7.242757251356007897e-02
-7.267732276246556544e-02
-7.292707301138690035e-02
-7.317682326032366735e-02
-7.342657350927556115e-02
-7.367632375824223478e-02
-7.392607400722335520e-02
-7.417582425621861708e-02
-7.442557450522763185e-02
-7.467532475425021909e-02
-7.492507500328599024e-02
-7.517482525233470936e-02
-7.542457550139611278e-02
-7.567432575046985355e-02
-7.592407599955570963e-02
-7.617382624865341734e-02
-7.642357649776271300e-02
-7.667332674688433214e-02
-7.692307699601513837e-02
-7.717282724515782399e-02
-7.742257749431109837e-02
-7.767232774347480884e-02
-7.792207799264876111e-02
-7.817182824183271928e-02
-7.842157849102644740e-02
-7.867132874022977895e-02
-7.892107898944250577e-02
-7.917082923866444744e-02
-7.942057948789540966e-02
-7.967032973713519817e-02
-7.992007998638364641e-02
-8.016983023564062949e-02
-8.041958048490585598e-02
-8.066933073417928424e-02
-8.091908098346069222e-02
-8.116883123274991341e-02
-8.141858148204685064e-02
-8.166833173135129575e-02
-8.191808198066312385e-02
-8.216783222998219616e-02
-8.241758247930837389e-02
-8.266733272864150439e-02
-8.291708297798149052e-02
-8.316683322732816575e-02
-8.341658347668140516e-02
-8.366633372604108387e-02
-8.391608397540710473e-02
-8.416583422477930121e-02
-8.441558447415767330e-02
-8.466533472354195733e-02
-8.491508497293211166e-02
-8.516483522232805303e-02
-8.541458547172962879e-02
-8.566433572113675565e-02
-8.591408597054933649e-02
-8.616383621996726028e-02
-8.641358646939044375e-02
-8.666333671881877587e-02
-8.691308696825215951e-02
-8.716283721769053916e-02
-8.741258746713381766e-02
-8.766233771658184237e-02
-8.791208796603461328e-02
-8.816183821549296307e-02
-8.841158846495394963e-02
-8.866133871442036241e-02
-8.891108896389116056e-02
-8.916083921336628859e-02
-8.941058946284562159e-02
-8.966033971232914568e-02
-8.991008996181673596e-02
-9.015984021130837855e-02
-9.040959046080396244e-02
-9.065934071030344599e-02
-9.090909095980671817e-02
-9.115884120931377899e-02
-9.140859145882454517e-02
-9.165834170833986327e-02
-9.190809195785686059e-02
-9.215784220737829879e-02
-9.240759245690322032e-02
-9.265734270643154191e-02
-9.290709295596318029e-02
-9.315684320549812159e-02
-9.340659345503721234e-02
-9.365634370457760760e-02
-9.390609395412208293e-02
-9.415584420366962526e-02
-9.440559445322020682e-02
-9.465534470277470191e-02
-9.490509495233022397e-02
-9.515484520188956241e-02
-9.540459545145271725e-02
-9.565434570101676026e-02
-9.590409595058449477e-02
-9.615384620015492156e-02
-9.640359644972804065e-02
-9.665334669930374101e-02
-9.690309694888205039e-02
-9.715284719846288553e-02
-9.740259744804627418e-02
-9.765234769763203593e-02
-9.790209794722123937e-02
-9.815184819681090078e-02
-9.840159844640387898e-02
-9.865134869599914702e-02
-9.890109894559671877e-02
-9.915084919519651097e-02
-9.940059944479948117e-02
-9.965034969440272894e-02
-9.990009994400907145e-02
-1.001498501936175095e-01
-1.003996004432280154e-01
-1.006493506928406029e-01
-1.008991009424552027e-01
-1.011488511920718425e-01
-1.013986014416903836e-01
-1.016483516913108953e-01
-1.018981019409332806e-01
-1.021478521905584969e-01
-1.023976024401836576e-01
-1.026473526898116079e-01
-1.028971029394423198e-01
-1.031468531890738227e-01
-1.033966034387061167e-01
-1.036463536883411030e-01
-1.038961039379777407e-01
-1.041458541876161131e-01
-1.043956044372560815e-01
-1.046453546868977152e-01
-1.048951049365409588e-01
-1.051448551861857705e-01
-1.053946054358320811e-01
-1.056443556854799876e-01
-1.058941059351294345e-01
-1.061438561847812823e-01
-1.063936064344327276e-01
-1.066433566840865321e-01
-1.068931069337418077e-01
-1.071428571833984988e-01
-1.073926074330565777e-01
-1.076423576827159889e-01
-1.078921079323768434e-01
-1.081418581820390024e-01
-1.083916084317024381e-01
-1.086413586813672200e-01
-1.088911089310332647e-01
-1.091408591807005862e-01
-1.093906094303701143e-01
-1.096403596800390040e-01
-1.098901099297100309e-01
-1.101398601793822651e-01
-1.103896104290566366e-01
-1.106393606787312300e-01
-1.108891109284069892e-01
-1.111388611780829011e-01
-1.113886114277609501e-01
-1.116383616774400817e-01
-1.118881119271203095e-01
-1.121378621768015782e-01
-1.123876124264839849e-01
-1.126373626761674324e-01
-1.128871129258519068e-01
-1.131368631755374082e-01
-1.133866134252239088e-01
-1.136363636749114503e-01
-1.138861139245999632e-01
-1.141358641742894892e-01
-1.143856144239799449e-01
-1.146353646736713444e-01
-1.148851149233637431e-01
-1.151348651730569883e-01
-1.153846154227521625e-01
-1.156343656724463376e-01
-1.158841159221433298e-01
-1.161338661718392673e-01
-1.163836164215370367e-01
-1.166333666712356526e-01
-1.168831169209351567e-01
-1.171328671706364649e-01
-1.173826174203366768e-01
-1.176323676700386650e-01
-1.178821179197414998e-01
-1.181318681694450839e-01
-1.183816184191494869e-01
-1.186313686688556107e-01
-1.188811189185616096e-01
-1.191308691682673726e-01
-1.193806194179748426e-01
-1.196303696676830619e-01
-1.198801199173920307e-01
-1.201298701671017488e-01
-1.203796204168121609e-01
-1.206293706665233084e-01
-1.208791209162351638e-01
-1.211288711659476713e-01
-1.213786214156609283e-01
-1.216283716653748237e-01
-1.218781219150894130e-01
-1.221278721648046683e-01
-1.223776224145205760e-01
-1.226273726642370943e-01
-1.228771229139543064e-01
-1.231268731636721431e-01
-1.233766234133915896e-01
-1.236263736631097315e-01
-1.238761239128293723e-01
-1.241258741625497347e-01
-1.243756244122705829e-01
-1.246253746619921388e-01
-1.248751249117142081e-01
-1.251248751614368881e-01
-1.253746254111610947e-01
-1.256243756608839413e-01
-1.258741259106092580e-01
-1.261238761603332703e-01
-1.263736264100596973e-01
-1.266233766597847366e-01
-1.268731269095113301e-01
-1.271228771592383955e-01
-1.273726274089669597e-01
-1.276223776586941638e-01
-1.278721279084228390e-01
-1.281218781581519583e-01
-1.283716284078816328e-01
-1.286213786576118345e-01
-1.288711289073424804e-01
-1.291208791570736536e-01
-1.293706294068052431e-01
-1.296203796565373323e-01
-1.298701299062699210e-01
-1.301198801560039531e-01
-1.303696304057364863e-01
-1.306193806554704351e-01
-1.308691309052049112e-01
-1.311188811549397759e-01
-1.313686314046760284e-01
-1.316183816544108098e-01
-1.318681319041470068e-01
-1.321178821538836201e-01
-1.323676324036216212e-01
-1.326173826533590672e-01
-1.328671329030960135e-01
-1.331168831528342644e-01
-1.333666334025730149e-01
-1.336163836523120985e-01
-1.338661339020515983e-01
-1.341158841517915423e-01
-1.343656344015317916e-01
-1.346153846512734009e-01
-1.348651349010134837e-01
-1.351148851507549820e-01
-1.353646354004977570e-01
-1.356143856502399492e-01
-1.358641358999815585e-01
-1.361138861497254438e-01
-1.363636363994678025e-01
-1.366133866492114379e-01
-1.368631368989554065e-01
-1.371128871487007905e-01
-1.373626373984444538e-01
-1.376123876481895325e-01
-1.378621378979349443e-01
-1.381118881476806615e-01
-1.383616383974267117e-01
-1.386113886471730672e-01
-1.388611388969198113e-01
-1.391108891466668607e-01
-1.393606393964142431e-01
-1.396103896461619309e-01
-1.398601398959099240e-01
-1.401098901456582502e-01
-1.403596403954068816e-01
-1.406093906451557629e-01
-1.408591408949050050e-01
-1.411088911446545802e-01
-1.413586413944043774e-01
-1.416083916441545076e-01
-1.418581418939049155e-01
-1.421078921436556286e-01
-1.423576423934066471e-01
-1.426073926431579431e-01
-1.428571428929094611e-01
-1.431068931426613122e-01
-1.433566433924134131e-01
-1.436063936421657916e-01
-1.438561438919185032e-01
-1.441058941416714645e-01
-1.443556443914246201e-01
-1.446053946411780811e-01
-1.448551448909317918e-01
-1.451048951406857801e-01
-1.453546453904400459e-01
-1.456043956401945061e-01
-1.458541458899492715e-01
-1.461038961397043145e-01
-1.463536463894595241e-01
-1.466033966392150389e-01
-1.468531468889707758e-01
-1.471028971387267070e-01
-1.473526473884829435e-01
-1.476023976382394021e-01
-1.478521478879960549e-01
-1.481018981377529853e-01
-1.483516483875101100e-01
-1.486013986372675122e-01
-1.488511488870251087e-01
-1.491008991367839265e-01
-1.493506493865409956e-01
-1.496003996362992583e-01
-1.498501498860587144e-01
-1.500999001358174489e-01
-1.503496503855753508e-01
-1.505994006353345016e-01
-1.508491508850939022e-01
-1.510989011348534139e-01
-1.513486513846132309e-01
-1.515984016343731866e-01
-1.518481518841333366e-01
-1.520979021338936810e-01
-1.523476523836542751e-01
-1.525974026334150080e-01
-1.528471528831760462e-01
-1.530969031329371677e-01
-1.533466533826985390e-01
-1.535964036324601045e-01
-1.538461538822218644e-01
-1.540959041319837630e-01
-1.543456543817459115e-01
-1.545954046315081987e-01
-1.548451548812706802e-01
-1.550949051310343552e-01
-1.553446553807961983e-01
-1.555944056305591794e-01
-1.558441558803224936e-01
-1.560939061300858632e-01
-1.563436563798494272e-01
-1.565934066296131577e-01
-1.568431568793770547e-01
-1.570929071291411461e-01
-1.573426573789053484e-01
-1.575924076286698283e-01
-1.578421578784343637e-01
-1.580919081281991767e-01
-1.583416583779640729e-01
-1.585914086277291357e-01
-1.588411588774943928e-01
-1.590909091272597609e-01
-1.593406593770253787e-01
-1.595904096267910521e-01
-1.598401598765569198e-01
-1.600899101263229540e-01
-1.603396603760900985e-01
-1.605894106258554666e-01
-1.608391608756219449e-01
-1.610889111253885897e-01
-1.613386613751564003e-01
-1.615884116249222957e-01
-1.618381618746893291e-01
-1.620879121244566123e-01
-1.623376623742249503e-01
-1.625874126239914841e-01
-1.628371628737591281e-01
-1.630869131235269387e-01
-1.633366633732949158e-01
-1.635864136230629484e-01
-1.638361638728311476e-01
-1.640859141225995133e-01
-1.643356643723679900e-01
-1.645854146221366054e-01
-1.648351648719053875e-01
-1.650849151216752242e-01
-1.653346653714432568e-01
-1.655844156212123996e-01
-1.658341658709817090e-01
-1.660839161207511017e-01
-1.663336663705206331e-01
-1.665834166202902755e-01
-1.668331668700600567e-01
-1.670829171198300045e-01
-1.673326673696000078e-01
-1.675824176193711768e-01
-1.678321678691404861e-01
-1.680819181189108780e-01
-1.683316683686813531e-01
-1.685814186184519947e-01
-1.688311688682227751e-01
-1.690809191179935833e-01
-1.693306693677645858e-01
-1.695804196175356993e-01
-1.698301698673078952e-01
-1.700799201170782871e-01
-1.703296703668497336e-01
-1.705794206166213189e-01
-1.708291708663929598e-01
-1.710789211161647672e-01
-1.713286713659366300e-01
-1.715784216157086595e-01
-1.718281718654807444e-01
-1.720779221152529126e-01
-1.723276723650253306e-01
-1.725774226147976931e-01
-1.728271728645703054e-01
-1.730769231143428066e-01
-1.733266733641156132e-01
-1.735764236138885031e-01
-1.738261738636614206e-01
-1.740759241134344770e-01
-1.743256743632085881e-01
-1.745754246129808951e-01
-1.748251748627542013e-01
-1.750749251125276462e-01
-1.753246753623012022e-01
-1.755744256120747859e-01
-1.758241758618485640e-01
-1.760739261116223975e-01
-1.763236763613963420e-01
-1.765734266111703143e-01
-1.768231768609444809e-01
-1.770729271107187308e-01
-1.773226773604930084e-01
-1.775724276102673971e-01
-1.778221778600418967e-01
-1.780719281098165074e-01
-1.783216783595911459e-01
-1.785714286093658676e-01
-1.788211788591407281e-01
-1.790709291089156718e-01
-1.793206793586907266e-01
-1.795704296084657814e-01
-1.798201798582410027e-01
-1.800699301080162795e-01
-1.803196803577916396e-01
-1.805694306075670830e-01
-1.808191808573436088e-01
-1.810689311071182750e-01
-1.813186813568939126e-01
-1.815684316066696891e-01
-1.818181818564456320e-01
-1.820679321062215195e-01
-1.823176823559975457e-01
-1.825674326057736274e-01
-1.828171828555508194e-01
-1.830669331053261240e-01
-1.833166833551024832e-01
-1.835664336048788703e-01
-1.838161838546553406e-01
-1.840659341044319219e-01
-1.843156843542085865e-01
-1.845654346039863059e-01
-1.848151848537631092e-01
-1.850649351035389967e-01
-1.853146853533159388e-01
-1.855644356030939079e-01
-1.858141858528701007e-01
-1.860639361026482086e-01
-1.863136863524254838e-01
-1.865634366022017598e-01
-1.868131868519792294e-01
-1.870629371017566434e-01
-1.873126873515341684e-01
-1.875624376013118044e-01
-1.878121878510894405e-01
-1.880619381008672153e-01
-1.883116883506449624e-01
-1.885614386004228482e-01
-1.888111888502008173e-01
-1.890609390999797856e-01
-1.893106893497568943e-01
-1.895604395995350577e-01
-1.898101898493132489e-01
-1.900599400990915233e-01
-1.903096903488699088e-01
-1.905594405986483220e-01
-1.908091908484267074e-01
-1.910589410982052871e-01
-1.913086913479838946e-01
-1.915584415977625854e-01
-1.918081918475413039e-01
-1.920579420973200779e-01
-1.923076923470988797e-01
-1.925574425968777648e-01
-1.928071928466568163e-01
-1.930569430964367283e-01
-1.933066933462149195e-01
-1.935564435959949980e-01
-1.938061938457732725e-01
-1.940559440955525461e-01
-1.943056943453318475e-01
-1.945554445951112876e-01
-1.948051948448916715e-01
-1.950549450946702235e-01
-1.953046953444497469e-01
-1.955544455942294368e-01
-1.958041958440100982e-01
-1.960539460937888445e-01
-1.963036963435685900e-01
-1.965534465933484742e-01
-1.968031968431283585e-01
-1.970529470929083260e-01
-1.973026973426883490e-01
-1.975524475924693990e-01
-1.978021978422485061e-01
-1.980519480920287512e-01
-1.983016983418089407e-01
-1.985514485915892968e-01
-1.988011988413695696e-01
-1.990509490911509249e-01
-1.993006993409304206e-01
-1.995504495907118037e-01
-1.998001998404914659e-01
-2.000499500902719885e-01
-2.002997003400536491e-01
-2.005494505898333668e-01
-2.007992008396140837e-01
-2.010489510893949117e-01
-2.012987013391757396e-01
-2.015484515889566508e-01
-2.017982018387375898e-01
-2.020479520885185842e-01
-2.022977023382996342e-01
-2.025474525880817112e-01
-2.027972028378618452e-01
-2.030469530876430340e-01
-2.032967033374253052e-01
-2.035464535872056058e-01
-2.037962038369869333e-01
-2.040459540867682608e-01
-2.042957043365507264e-01
-2.045454545863312212e-01
-2.047952048361126876e-01
-2.050449550858942371e-01
-2.052947053356758422e-01
-2.055444555854575306e-01
-2.057942058352392189e-01
-2.060439560850209628e-01
-2.062937063348027344e-01
-2.065434565845845616e-01
-2.067932068343664165e-01
-2.070429570841483824e-01
-2.072927073339303483e-01
-2.075424575837122865e-01
-2.077922078334953071e-01
-2.080419580832764403e-01
-2.082917083330595165e-01
-2.085414585828407608e-01
-2.087912088326229210e-01
-2.090409590824052477e-01
-2.092907093321875189e-01
-2.095404595819698734e-01
-2.097902098317522834e-01
-2.100399600815346657e-01
-2.102897103313171034e-01
-2.105394605810995690e-01
-2.107892108308821455e-01
-2.110389610806657212e-01
-2.112887113304472986e-01
-2.115384615802299861e-01
-2.117882118300126737e-01
-2.120379620797954168e-01
-2.122877123295791035e-01
-2.125374625793609307e-01
-2.127872128291438125e-01
-2.130369630789266666e-01
-2.132867133287095762e-01
-2.135364635784934850e-01
-2.137862138282764779e-01
-2.140359640780585271e-01
-2.142857143278415477e-01
-2.145354645776255953e-01
-2.147852148274076722e-01
-2.150349650771908316e-01
-2.152847153269740466e-01
-2.155344655767572615e-01
-2.157842158265405041e-01
-2.160339660763236913e-01
-2.162837163261079054e-01
-2.165334665758903709e-01
-2.167832168256736414e-01
-2.170329670754569673e-01
-2.172827173252403488e-01
-2.175324675750237302e-01
-2.177822178248071117e-01
-2.180319680745905764e-01
-2.182817183243739301e-01
-2.185314685741573670e-01
-2.187812188239408595e-01
-2.190309690737242132e-01
-2.192807193235076502e-01
-2.195304695732910594e-01
-2.197802198230744963e-01
-2.200299700728587660e-01
-2.202797203226411482e-01
-2.205294705724254178e-01
-2.207792208222077446e-01
-2.210289710719909873e-01
-2.212787213217741189e-01
-2.215284715715572228e-01
-2.217782218213402434e-01
-2.220279720711242077e-01
-2.222777223209060349e-01
-2.225274725706886947e-01
-2.227772228204712435e-01
-2.230269730702537090e-01
-2.232767233200358969e-01
-2.235264735698179739e-01
-2.237762238196008002e-01
-2.240259740693813506e-01
-2.242757243191626504e-01
-2.245254745689436449e-01
-2.247752248187242508e-01
-2.250249750685055228e-01
-2.252747253182844633e-01
-2.255244755680637647e-01
-2.257742258178427330e-01
-2.260239760676209797e-01
-2.262737263173986157e-01
-2.265234765671755857e-01
-2.267732268169517784e-01
-2.270229770667280544e-01
-2.272727273165014994e-01
-2.275224775662748333e-01
-2.277722278160470570e-01
-2.280219780658179762e-01
-2.282717283155875632e-01
-2.285214785653555958e-01
-2.287712288151229623e-01
-2.290209790648866095e-01
-2.292707293146490910e-01
-2.295204795644095186e-01
-2.297702298141675037e-01
-2.300199800639227687e-01
-2.302697303136751750e-01
-2.305194805634244726e-01
-2.307692308131703007e-01
-2.310189810629123541e-01
-2.312687313126512711e-01
-2.315184815623837489e-01
-2.317682318121122576e-01
-2.320179820618354372e-01
-2.322677323115527881e-01
-2.325174825612646712e-01
-2.327672328109677280e-01
-2.330169830606651227e-01
-2.332667333103523033e-01
-2.335164835600315736e-01
-2.337662338097019898e-01
-2.340159840593598051e-01
-2.342657343090071842e-01
-2.345154845586419345e-01
-2.347652348082630569e-01
-2.350149850578694133e-01
-2.352647353074597270e-01
-2.355144855570334983e-01
-2.357642358065863419e-01
-2.360139860561207559e-01
-2.362637363056308559e-01
-2.365134865551179189e-01
-2.367632368045788360e-01
-2.370129870540123862e-01
-2.372627373034134068e-01
-2.375124875527822588e-01
-2.377622378021151950e-01
-2.380119880514094399e-01
-2.382617383006627454e-01
-2.385114885498687276e-01
-2.387612387990277196e-01
-2.390109890481318944e-01
-2.392607392971800029e-01
-2.395104895461664940e-01
-2.397602397950864273e-01
-2.400099900439347789e-01
-2.402597402927057479e-01
-2.405094905413933670e-01
-2.407592407899921683e-01
-2.410089910384932976e-01
-2.412587412868901493e-01
-2.415084915351739803e-01
-2.417582417833379904e-01
-2.420079920313721600e-01
-2.422577422792666912e-01
-2.425074925270110371e-01
-2.427572427745939287e-01
-2.430069930220033481e-01
-2.432567432692264997e-01
-2.435064935162495336e-01
-2.437562437630577117e-01
-2.440059940096363789e-01
-2.442557442559656899e-01
-2.445054945020316561e-01
-2.447552447478111848e-01
-2.450049949932867621e-01
-2.452547452384354620e-01
-2.455044954832340531e-01
-2.457542457276576942e-01
-2.460039959716798785e-01
-2.462537462152722956e-01
-2.465034964584047472e-01
-2.467532467010463137e-01
-2.470029969431598027e-01
-2.472527471847117408e-01
-2.475024974256623822e-01
-2.477522476659705930e-01
-2.480019979055924639e-01
-2.482517481444814211e-01
-2.485014983825878099e-01
-2.487512486198588946e-01
-2.490009988562387755e-01
-2.492507490916678337e-01
-2.495004993260829806e-01
-2.497502495594178529e-01
-2.499999997915985372e-01
-2.502497500225522309e-01
-2.504995002521976932e-01
-2.507492504804499367e-01
-2.509990007072196438e-01
-2.512487509324083934e-01
-2.514985011559175976e-01
-2.517482513776388986e-01
-2.519980015974586096e-01
-2.522477518152562714e-01
-2.524975020309042639e-01
-2.527472522442676395e-01
-2.529970024552045671e-01
-2.532467526635619470e-01
-2.534965028691799627e-01
-2.537462530718915810e-01
-2.539960032715172789e-01
-2.542457534678682074e-01
-2.544955036607449150e-01
-2.547452538499367924e-01
-2.549950040352212399e-01
-2.552447542163637229e-01
-2.554945043931169391e-01
-2.557442545652165444e-01
-2.559940047323895351e-01
-2.562437548943438670e-01
-2.564935050507734515e-01
-2.567432552013521052e-01
-2.569930053457416541e-01
-2.572427554835816088e-01
-2.574925056144946600e-01
-2.577422557380792956e-01
-2.579920058539186822e-01
-2.582417559615698410e-01
-2.584915060605680881e-01
-2.587412561504239816e-01
-2.589910062306227667e-01
-2.592407563006234872e-01
-2.594905063598577089e-01
-2.597402564077243570e-01
-2.599900064435977098e-01
-2.602397564668169627e-01
-2.604895064766852841e-01
-2.607392564724768658e-01
-2.609890064534251541e-01
-2.612387564187271805e-01
-2.614885063675403409e-01
-2.617382562989773453e-01
-2.619880062121127118e-01
-2.622377561059721640e-01
-2.624875059795348520e-01
-2.627372558317307427e-01
-2.629870056614381779e-01
-2.632367554674827637e-01
-2.634865052486301540e-01
-2.637362550035943776e-01
-2.639860047310208513e-01
-2.642357544294983707e-01
-2.644855040975452876e-01
-2.647352537336135625e-01
-2.649850033360791612e-01
-2.652347529032490492e-01
-2.654845024333497561e-01
-2.657342519245237122e-01
-2.659840013748348553e-01
-2.662337507822566396e-01
-2.664835001446693719e-01
-2.667332494598603221e-01
-2.669829987255208370e-01
-2.672327479392344607e-01
-2.674824970984804873e-01
-2.677322462006296311e-01
-2.679819952429356444e-01
-2.682317442225299886e-01
-2.684814931364253310e-01
-2.687312419815029996e-01
-2.689809907545084866e-01
-2.692307394520505603e-01
-2.694804880705953809e-01
-2.697302366064572854e-01
-2.699799850557961789e-01
-2.702297334146115948e-01
-2.704794816787358669e-01
-2.707292298438290779e-01
-2.709789779053720093e-01
-2.712287258586597583e-01
-2.714784736987964631e-01
-2.717282214206840352e-01
-2.719779690190203270e-01
-2.722277164882915268e-01
-2.724774638227598911e-01
-2.727272110164599139e-01
-2.729769580631897230e-01
-2.732267049565030304e-01
-2.734764516896969755e-01
-2.737261982558130136e-01
-2.739759446476143223e-01
-2.742256908575908536e-01
-2.744754368779391829e-01
-2.747251827005585678e-01
-2.749749283170360714e-01
-2.752246737186454517e-01
-2.754744188963237916e-01
-2.757241638406738860e-01
-2.759739085419436466e-01
-2.762236529900189974e-01
-2.764733971744112728e-01
-2.767231410842455053e-01
-2.769728847082482126e-01
-2.772226280347354077e-01
-2.774723710515965558e-01
-2.777221137462854705e-01
-2.779718561058070470e-01
-2.782215981166989427e-01
-2.784713397650209199e-01
-2.787210810363388580e-01
-2.789708219157109315e-01
-2.792205623876712894e-01
-2.794703024362152899e-01
-2.797200420447828462e-01
-2.799697811962423288e-01
-2.802195198728739678e-01
-2.804692580563535320e-01
-2.807189957277310133e-01
-2.809687328674173035e-01
-2.812184694551662645e-01
-2.814682054700509140e-01
-2.817179408904491589e-01
-2.819676756940188156e-01
-2.822174098576862855e-01
-2.824671433576179669e-01
-2.827168761692038790e-01
-2.829666082670315164e-01
-2.832163396248731924e-01
-2.834660702156544532e-01
-2.837158000114374246e-01
-2.839655289833918905e-01
-2.842152571017817486e-01
-2.844649843359275954e-01
-2.847147106541959571e-01
-2.849644360239638186e-01
-2.852141604115984164e-01
-2.854638837824308162e-01
-2.857136061007251038e-01
-2.859633273296607880e-01
-2.862130474312959416e-01
-2.864627663665448298e-01
-2.867124840951444376e-01
-2.869622005756349847e-01
-2.872119157653181820e-01
-2.874616296202360255e-01
-2.877113420951399325e-01
-2.879610531434546039e-01
-2.882107627172503239e-01
-2.884604707672102641e-01
-2.887101772425978430e-01
-2.889598820912229749e-01
-2.892095852594092631e-01
-2.894592866919594720e-01
-2.897089863321215542e-01
-2.899586841215496258e-01
-2.902083800002739911e-01
-2.904580739066600636e-01
-2.907077657773758927e-01
-2.909574555473500856e-01
-2.912071431497337826e-01
-2.914568285158657956e-01
-2.917065115752337512e-01
-2.919561922554293476e-01
-2.922058704821118291e-01
-2.924555461789664634e-01
-2.927052192676641851e-01
-2.929548896678147996e-01
-2.932045572969347313e-01
-2.934542220703902915e-01
-2.937038839013691449e-01
-2.939535427008205803e-01
-2.942031983774255344e-01
-2.944528508375408582e-01
-2.947024999851583504e-01
-2.949521457218571840e-01
-2.952017879467576655e-01
-2.954514265564732733e-01
-2.957010614450639729e-01
-2.959506925039832592e-01
-2.962003196220381884e-01
-2.964499426853310360e-01
-2.966995615772142769e-01
-2.969491761782350192e-01
-2.971987863660930373e-01
-2.974483920155802097e-01
-2.976979929985325568e-01
-2.979475891837777835e-01
-2.981971804370819878e-01
-2.984467666210927073e-01
-2.986963475952933433e-01
-2.989459232159411561e-01
-2.991954933360117530e-01
-2.994450578051522927e-01
-2.996946164696167036e-01
-2.999441691722137815e-01
-3.001937157522497901e-01
-3.004432560454714518e-01
-3.006927898840081048e-01
-3.009423170963142491e-01
-3.011918375071113152e-01
-3.014413509373284339e-01
-3.016908572040443159e-01
-3.019403561204266895e-01
-3.021898474956747349e-01
-3.024393311349534152e-01
-3.026888068393429054e-01
-3.029382744057693144e-01
-3.031877336269444001e-01
-3.034371842913082262e-01
-3.036866261829685443e-01
-3.039360590816292951e-01
-3.041854827625426472e-01
-3.044348969964316698e-01
-3.046843015494417051e-01
-3.049336961830672044e-01
-3.051830806540937746e-01
-3.054324547145332303e-01
-3.056818181115611988e-01
-3.059311705874527831e-01
-3.061805118795200564e-01
-3.064298417200439495e-01
-3.066791598362191285e-01
-3.069284659500810530e-01
-3.071777597784463021e-01
-3.074270410328475700e-01
-3.076763094194694959e-01
-3.079255646390856027e-01
-3.081748063869889642e-01
-3.084240343529373041e-01
-3.086732482210801098e-01
-3.089224476698985700e-01
-3.091716323721416249e-01
-3.094208019947572996e-01
-3.096699561988379146e-01
-3.099190946395474766e-01
-3.101682169660631705e-01
-3.104173228215064695e-01
-3.106664118428896781e-01
-3.109154836610394934e-01
-3.111645379005474332e-01
-3.114135741796973389e-01
-3.116625921104072550e-01
-3.119115912981666461e-01
-3.121605713419740025e-01
-3.124095318342761107e-01
-3.126584723609072691e-01
-3.129073925010235069e-01
-3.131562918270529017e-01
-3.134051699046212502e-01
-3.136540262925064382e-01
-3.139028605425689955e-01
-3.141516721996978623e-01
-3.144004608017512692e-01
-3.146492258794989505e-01
-3.148979669565658557e-01
-3.151466835493707541e-01
-3.153953751670804384e-01
-3.156440413115398358e-01
-3.158926814772327618e-01
-3.161412951512117542e-01
-3.163898818130599366e-01
-3.166384409348240170e-01
-3.168869719809713215e-01
-3.171354744083378363e-01
-3.173839476660698100e-01
-3.176323911955821755e-01
-3.178808044305040381e-01
-3.181291867966352660e-01
-3.183775377118926442e-01
-3.186258565862679637e-01
-3.188741428217766183e-01
-3.191223958124217441e-01
-3.193706149441409292e-01
-3.196187995947683547e-01
-3.198669491339874993e-01
-3.201150629232981104e-01
-3.203631403159681867e-01
-3.206111806569977851e-01
-3.208591832830809953e-01
-3.211071475225679706e-01
-3.213550726954302328e-01
-3.216029581132210380e-01
-3.218508030790503960e-01
-3.220986068875433261e-01
-3.223463688248124348e-01
-3.225940881684271622e-01
-3.228417641873839172e-01
-3.230893961420792659e-01
-3.233369832842783453e-01
-3.235845248570983768e-01
-3.238320200949753591e-01
-3.240794682236461943e-01
-3.243268684601214313e-01
-3.245742200126741084e-01
-3.248215220808114423e-01
-3.250687738552621719e-01
-3.253159745179547979e-01
-3.255631232420118093e-01
-3.258102191917273682e-01
-3.260572615225560411e-01
-3.263042493811064149e-01
-3.265511819051280518e-01
-3.267980582235033848e-01
-3.270448774562449423e-01
-3.272916387144841899e-01
-3.275383411004720857e-01
-3.277849837075757500e-01
-3.280315656202777985e-01
-3.282780859141773422e-01
-3.285245436559921517e-01
-3.287709379035628765e-01
-3.290172677058576522e-01
-3.292635321029804829e-01
-3.295097301261782907e-01
-3.297558607978520739e-01
-3.300019231315682866e-01
-3.302479161320731049e-01
-3.304938387953020862e-01
-3.307396901084070362e-01
-3.309854690497638918e-01
-3.312311745889974790e-01
-3.314768056870012192e-01
-3.317223612959621648e-01
-3.319678403593810945e-01
-3.322132418121037656e-01
-3.324585645803450618e-01
-3.327038075817236318e-01
-3.329489697252833724e-01
-3.331940499115348397e-01
-3.334390470324886113e-01
-3.336839599716864280e-01
-3.339287876042438818e-01
-3.341735287968836676e-01
-3.344181824079859866e-01
-3.346627472876220200e-01
-3.349072222776019458e-01
-3.351516062115212913e-01
-3.353958979148067288e-01
-3.356400962047666470e-01
-3.358841998906402226e-01
-3.361282077736515994e-01
-3.363721186470625124e-01
-3.366159312962290762e-01
-3.368596444986554639e-01
-3.371032570240570791e-01
-3.373467676344210631e-01
-3.375901750840635263e-01
-3.378334781196966063e-01
-3.380766754804938046e-01
-3.383197658981520473e-01
-3.385627480969682912e-01
-3.388056207939018072e-01
-3.390483826986480653e-01
-3.392910325137115102e-01
-3.395335689344811669e-01
-3.397759906493011961e-01
-3.400182963395585456e-01
-3.402604846797475657e-01
-3.405025543375645447e-01
-3.407445039739792070e-01
-3.409863322433218658e-01
-3.412280377933673559e-01
-3.414696192654221862e-01
-3.417110752944073626e-01
-3.419524045089525899e-01
-3.421936055314855341e-01
-3.424346769783189748e-01
-3.426756174597473947e-01
-3.429164255801393502e-01
-3.431570999380333942e-01
-3.433976391262346661e-01
-3.436380417319120362e-01
-3.438783063366990800e-01
-3.441184315167887808e-01
-3.443584158430446074e-01
-3.445982578810941055e-01
-3.448379561914373670e-01
-3.450775093295501694e-01
-3.453169158459923338e-01
-3.455561742865088659e-01
-3.457952831921491943e-01
-3.460342410993624274e-01
-3.462730465401210878e-01
-3.465116980420227533e-01
-3.467501941284076850e-01
-3.469885333184662968e-01
-3.472267141273626123e-01
-3.474647350663416234e-01
-3.477025946428454195e-01
-3.479402913606348124e-01
-3.481778237199025239e-01
-3.484151902173966420e-01
-3.486523893465335311e-01
-3.488894195975221768e-01
-3.491262794574840900e-01
-3.493629674105743765e-01
-3.495994819381045837e-01
-3.498358215186647135e-01
-3.500719846282472902e-01
-3.503079697403728154e-01
-3.505437753262085621e-01
-3.507793998547044656e-01
-3.510148417927100861e-01
-3.512500996051011737e-01
-3.514851717549113963e-01
-3.517200567034589054e-01
-3.519547529104693484e-01
-3.521892588342089847e-01
-3.524235729316070875e-01
-3.526576936583946109e-01
-3.528916194692236497e-01
-3.531253488178016653e-01
-3.533588801570206051e-01
-3.535922119390860208e-01
-3.538253426156483528e-01
-3.540582706379323263e-01
-3.542909944568681246e-01
-3.545235125232219509e-01
-3.547558232877268125e-01
-3.549879252012138053e-01
-3.552198167147391783e-01
-3.554514962797243327e-01
-3.556829623480772251e-01
-3.559142133723284251e-01
-3.561452478057604565e-01
-3.563760641025394693e-01
-3.566066607178450809e-01
-3.568370361080016595e-01
-3.570671887306082759e-01
-3.572971170446695433e-01
-3.575268195107250691e-01
-3.577562945909797398e-01
-3.579855407494330621e-01
-3.582145564520086700e-01
-3.584433401666829444e-01
-3.586718903636142985e-01
-3.589002055152712423e-01
-3.591282840965610013e-01
-3.593561245849531405e-01
-3.595837254606125688e-01
-3.598110852065248833e-01
-3.600382023086184935e-01
-3.602650752558937963e-01
-3.604917025405478537e-01
-3.607180826580987931e-01
-3.609442141075097643e-01
-3.611700953913126177e-01
-3.613957250157305290e-01
-3.616211014908006782e-01
-3.618462233304964859e-01
-3.620710890528437975e-01
-3.622956971800520565e-01
-3.625200462386184985e-01
-3.627441347594624332e-01
-3.629679612780318809e-01
-3.631915243344271405e-01
-3.634148224735121446e-01
-3.636378542450349749e-01
-3.638606182037427139e-01
-3.640831129094904139e-01
-3.643053369273587250e-01
-3.645272888277639178e-01
-3.647489671865703498e-01
-3.649703705852003210e-01
-3.651914976107434319e-01
-3.654123468560662169e-01
-3.656329169199148965e-01
-3.658532064070312839e-01
-3.660732139282489861e-01
-3.662929381006022056e-01
-3.665123775474289913e-01
-3.667315308984731570e-01
-3.669503967899854224e-01
-3.671689738648244994e-01
-3.673872607725553463e-01
-3.676052561695478671e-01
-3.678229587190738892e-01
-3.680403670914022540e-01
-3.682574799638947405e-01
-3.684742960210985463e-01
-3.686908139548403796e-01
-3.689070324643121124e-01
-3.691229502561717557e-01
-3.693385660446187879e-01
-3.695538785514939639e-01
-3.697688865063576968e-01
-3.699835886465792090e-01
-3.701979837174155241e-01
-3.704120704721034496e-01
-3.706258476719316852e-01
-3.708393140863258108e-01
-3.710524684929272232e-01
-3.712653096776654116e-01
-3.714778364348449435e-01
-3.716900475672104687e-01
-3.719019418860253778e-01
-3.721135182111439677e-01
-3.723247753710787755e-01
-3.725357122030789059e-01
-3.727463275531912590e-01
-3.729566202763264227e-01
-3.731665892363350001e-01
-3.733762333060618444e-01
-3.735855513674105066e-01
-3.737945423114137911e-01
-3.740032050382849915e-01
-3.742115384574783987e-01
-3.744195414877559136e-01
-3.746272130572299575e-01
-3.748345521034324168e-01
-3.750415575733593299e-01
-3.752482284235269527e-01
-3.754545636200239400e-01
-3.756605621385564753e-01
-3.758662229645061137e-01
-3.760715450929673631e-01
-3.762765275287991429e-01
-3.764811692866679715e-01
-3.766854693910915985e-01
-3.768894268764799160e-01
-3.770930407871772028e-01
-3.772963101774999273e-01
-3.774992341117768269e-01
-3.777018116643799384e-01
-3.779040419197709499e-01
-3.781059239725207410e-01
-3.783074569273561782e-01
-3.785086398991815981e-01
-3.787094720131127801e-01
-3.789099524045059231e-01
-3.791100802189850683e-01
-3.793098546124640258e-01
-3.795092747511818465e-01
-3.797083398117120923e-01
-3.799070489809993623e-01
-3.801054014563700623e-01
-3.803033964455581062e-01
-3.805010331667176837e-01
-3.806983108484509049e-01
-3.808952287298098538e-01
-3.810917860603256768e-01
-3.812879821000121350e-01
-3.814838161193818689e-01
-3.816792873994580004e-01
-3.818743952317836254e-01
-3.820691389184270315e-01
-3.822635177719987398e-01
-3.824575311156487301e-01
-3.826511782830721575e-01
-3.828444586185222320e-01
-3.830373714768035565e-01
-3.832299162232785106e-01
-3.834220922338670290e-01
-3.836138988950467121e-01
-3.838053356038508834e-01
-3.839964017678663688e-01
-3.841870968052261137e-01
-3.843774201446132910e-01
-3.845673712252465903e-01
-3.847569494968736681e-01
-3.849461544197727569e-01
-3.851349854647287407e-01
-3.853234421130379284e-01
-3.855115238564860158e-01
-3.856992301973420911e-01
-3.858865606483404265e-01
-3.860735147326722627e-01
-3.862600919839662694e-01
-3.864462919462737234e-01
-3.866321141740539646e-01
-3.868175582321513040e-01
-3.870026236957810339e-01
-3.871873101505033943e-01
-3.873716171922129137e-01
-3.875555444271063243e-01
-3.877390914716656867e-01
-3.879222579526335757e-01
-3.881050435069897109e-01
-3.882874477819219794e-01
-3.884694704348051753e-01
-3.886511111331754642e-01
-3.888323695546938019e-01
-3.890132453871256168e-01
-3.891937383283116669e-01
-3.893738480861334006e-01
-3.895535743784808158e-01
-3.897329169332306997e-01
-3.899118754882045512e-01
-3.900904497911358848e-01
-3.902686395996453617e-01
-3.904464446811957701e-01
-3.906238648130626046e-01
-3.908008997822969288e-01
-3.909775493856881834e-01
-3.911538134297274927e-01
-3.913296917305696399e-01
-3.915051841139953193e-01
-3.916802904153673937e-01
-3.918550104796013622e-01
-3.920293441611105711e-01
-3.922032913237797347e-01
-3.923768518409124773e-01
-3.925500255951945849e-01
-3.927228124786504848e-01
-3.928952123925955053e-01
-3.930672252476017370e-01
-3.932388509634440754e-01
-3.934100894690604755e-01
-3.935809407025022133e-01
-3.937514046108958610e-01
-3.939214811503888303e-01
-3.940911702861061294e-01
-3.942604719921033452e-01
-3.944293862513180704e-01
-3.945979130555216652e-01
-3.947660524052712394e-01
-3.949338043098605255e-01
-3.951011687872699185e-01
-3.952681458641172929e-01
-3.954347355756076543e-01
-3.956009379654824021e-01
-3.957667530859696470e-01
-3.959321809977278672e-01
-3.960972217698043862e-01
-3.962618754795740328e-01
-3.964261422126877932e-01
-3.965900220630292350e-01
-3.967535151326471166e-01
-3.969166215317179724e-01
-3.970793413784798886e-01
-3.972416747991858732e-01
-3.974036219280484006e-01
-3.975651829071812360e-01
-3.977263578865543603e-01
-3.978871470239295771e-01
-3.980475504848106083e-01
-3.982075684423881934e-01
-3.983672010774796934e-01
-3.985264485784832389e-01
-3.986853111413130035e-01
-3.988437889693483007e-01
-3.990018822733728543e-01
-3.991595912715273364e-01
-3.993169161892446972e-01
-3.994738572591947645e-01
-3.996304147212346169e-01
-3.997865888223438580e-01
-3.999423798165726573e-01
-4.000977879649794122e-01
-4.002528135355835071e-01
-4.004074568032989223e-01
-4.005617180498813323e-01
-4.007155975638712064e-01
-4.008690956405318029e-01
-4.010222125818023176e-01
-4.011749486962262745e-01
-4.013273042989087824e-01
-4.014792797114477563e-01
-4.016308752618821254e-01
-4.017820912846329362e-01
-4.019329281204462867e-01
-4.020833861163354839e-01
-4.022334656255238672e-01
-4.023831670073870770e-01
-4.025324906273962111e-01
-4.026814368570595382e-01
-4.028300060738664312e-01
-4.029781986612283595e-01
-4.031260150084232108e-01
-4.032734555105373375e-01
-4.034205205684084361e-01
-4.035672105885683147e-01
-4.037135259831873824e-01
-4.038594671700121430e-01
-4.040050345723187886e-01
-4.041502286188461412e-01
-4.042950497437450830e-01
-4.044394983865160498e-01
-4.045835749919623470e-01
-4.047272800101243684e-01
-4.048706138962270829e-01
-4.050135771106248006e-01
-4.051561701187433306e-01
-4.052983933910255798e-01
-4.054402474028744874e-01
-4.055817326345990126e-01
-4.057228495713571803e-01
-4.058635987031017911e-01
-4.060039805245246880e-01
-4.061439955350025777e-01
-4.062836442385412417e-01
-4.064229271437218571e-01
-4.065618447636454302e-01
-4.067003976158798384e-01
-4.068385862224057625e-01
-4.069764111095581782e-01
-4.071138728079822244e-01
-4.072509718525713085e-01
-4.073877087824134269e-01
-4.075240841407466452e-01
-4.076600984748982026e-01
-4.077957523362306103e-01
-4.079310462800999071e-01
-4.080659808657881027e-01
-4.082005566564660404e-01
-4.083347742191315022e-01
-4.084686341245591934e-01
-4.086021369472525588e-01
-4.087352832653923795e-01
-4.088680736607820387e-01
-4.090005087188005595e-01
-4.091325890283472044e-01
-4.092643151817998981e-01
-4.093956877749565515e-01
-4.095267074069907087e-01
-4.096573746803958693e-01
-4.097876902009477407e-01
-4.099176545776397340e-01
-4.100472684226503794e-01
-4.101765323512794881e-01
-4.103054469819141237e-01
-4.104340129359670408e-01
-4.105622308378423235e-01
-4.106901013148770430e-01
-4.108176249972996796e-01
-4.109448025181818842e-01
-4.110716345133920147e-01
-4.111981216215493395e-01
-4.113242644839733564e-01
-4.114500637446485420e-01
-4.115755200501646782e-01
-4.117006340496851546e-01
-4.118254063948924015e-01
-4.119498377399480882e-01
-4.120739287414433849e-01
-4.121976800583653788e-01
-4.123210923520382876e-01
-4.124441662860950375e-01
-4.125669025264235845e-01
-4.126893017411243370e-01
-4.128113646004769599e-01
-4.129330917768831988e-01
-4.130544839448407335e-01
-4.131755417808858355e-01
-4.132962659635626701e-01
-4.134166571733797757e-01
-4.135367160927650998e-01
-4.136564434060288065e-01
-4.137758397993217541e-01
-4.138949059605953606e-01
-4.140136425795623021e-01
-4.141320503476557668e-01
-4.142501299579916529e-01
-4.143678821053290440e-01
-4.144853074860279651e-01
-4.146024067980200178e-01
-4.147191807407600850e-01
-4.148356300151946341e-01
-4.149517553237222489e-01
-4.150675573701564369e-01
-4.151830368596900467e-01
-4.152981944988538565e-01
-4.154130309954888745e-01
-4.155275470587018183e-01
-4.156417433988344734e-01
-4.157556207274228366e-01
-4.158691797571710258e-01
-4.159824212019067602e-01
-4.160953457765521057e-01
-4.162079541970877816e-01
-4.163202471805200755e-01
-4.164322254448422078e-01
-4.165438897090107950e-01
-4.166552406929037167e-01
-4.167662791172873082e-01
-4.168770057037931576e-01
-4.169874211748720305e-01
-4.170975262537754968e-01
-4.172073216645136862e-01
-4.173168081318289757e-01
-4.174259863811647375e-01
-4.175348571386294227e-01
-4.176434211309756339e-01
-4.177516790855598239e-01
-4.178596317303179819e-01
-4.179672797937338258e-01
-4.180746240048098250e-01
-4.181816650930389456e-01
-4.182884037883703998e-01
-4.183948408211910497e-01
-4.185009769222885478e-01
-4.186068128228234153e-01
-4.187123492543058378e-01
-4.188175869485681879e-01
-4.189225266377284984e-01
-4.190271690541781391e-01
-4.191315149305392396e-01
-4.192355649996526434e-01
-4.193393199945411598e-01
-4.194427806483883026e-01
-4.195459476945124777e-01
-4.196488218663370628e-01
-4.197514038973751416e-01
-4.198536945211919780e-01
-4.199556944713891404e-01
-4.200574044815802432e-01
-4.201588252853577510e-01
-4.202599576162816541e-01
-4.203608022078464956e-01
-4.204613597934587776e-01
-4.205616311064208634e-01
-4.206616168798997246e-01
-4.207613178469086224e-01
-4.208607347402840704e-01
-4.209598682926636859e-01
-4.210587192364607656e-01
-4.211572883038520732e-01
-4.212555762267428117e-01
-4.213535837367591852e-01
-4.214513115652181452e-01
-4.215487604431077395e-01
-4.216459311010712918e-01
-4.217428242693822549e-01
-4.218394406779290562e-01
-4.219357810561897848e-01
-4.220318461332161486e-01
-4.221276366376142675e-01
-4.222231532975210810e-01
-4.223183968405954114e-01
-4.224133679939867103e-01
-4.225080674843254003e-01
-4.226024960377050554e-01
-4.226966543796551457e-01
-4.227905432351376502e-01
-4.228841633285129742e-01
-4.229775153835391710e-01
-4.230706001233430769e-01
-4.231634182704049896e-01
-4.232559705465496203e-01
-4.233482576729211688e-01
-4.234402803699713891e-01
-4.235320393574391051e-01
-4.236235353543439941e-01
-4.237147690789573873e-01
-4.238057412488006048e-01
-4.238964525806191430e-01
-4.239869037903739590e-01
-4.240770955932205988e-01
-4.241670287035042008e-01
-4.242567038347353492e-01
-4.243461216995819685e-01
-4.244352830098488405e-01
-4.245241884764752727e-01
-4.246128388095063988e-01
-4.247012347180950664e-01
-4.247893769104734707e-01
-4.248772660939547641e-01
-4.249649029749087426e-01
-4.250522882587546292e-01
-4.251394226499474738e-01
-4.252263068519656075e-01
-4.253129415672987079e-01
-4.253993274974358085e-01
-4.254854653428529754e-01
-4.255713558030023158e-01
-4.256569995763015424e-01
-4.257423973601172640e-01
-4.258275498507636536e-01
-4.259124577434836301e-01
-4.259971217324378667e-01
-4.260815425106998511e-01
-4.261657207702400085e-01
-4.262496572019210395e-01
-4.263333524954823761e-01
-4.264168073395300240e-01
-4.265000224215315106e-01
-4.265829984278061149e-01
-4.266657360435069934e-01
-4.267482359526252877e-01
-4.268304988379657550e-01
-4.269125253811536513e-01
-4.269943162626110289e-01
-4.270758721615585118e-01
-4.271571937560015852e-01
-4.272382817227271534e-01
-4.273191367372861649e-01
-4.273997594739948891e-01
-4.274801506059217604e-01
-4.275603108048839918e-01
-4.276402407414313100e-01
-4.277199410848506189e-01
-4.277994125031447381e-01
-4.278786556630393423e-01
-4.279576712299647534e-01
-4.280364598680538313e-01
-4.281150222401358674e-01
-4.281933590077240392e-01
-4.282714708310190743e-01
-4.283493583688928741e-01
-4.284270222788871263e-01
-4.285044632172061996e-01
-4.285816818387107041e-01
-4.286586787969123291e-01
-4.287354547439670149e-01
-4.288120103306696795e-01
-4.288883462064488894e-01
-4.289644630193612529e-01
-4.290403614160866463e-01
-4.291160420419188881e-01
-4.291915055407694024e-01
-4.292667525551532304e-01
-4.293417837261889192e-01
-4.294165996935925267e-01
-4.294912010956731252e-01
-4.295655885693283049e-01
-4.296397627500393446e-01
-4.297137242718678807e-01
-4.297874737674513002e-01
-4.298610118679948577e-01
-4.299343392032768385e-01
-4.300074564016352907e-01
-4.300803640899689140e-01
-4.301530628937320078e-01
-4.302255534369327505e-01
-4.302978363421243735e-01
-4.303699122304107672e-01
-4.304417817214349906e-01
-4.305134454333797711e-01
-4.305849039829635627e-01
-4.306561579854391031e-01
-4.307272080545850867e-01
-4.307980548027131040e-01
-4.308686988406559282e-01
-4.309391407777685146e-01
-4.310093812219255582e-01
-4.310794207795180522e-01
-4.311492600554537313e-01
-4.312188996531469143e-01
-4.312883401745292722e-01
-4.313575822200355625e-01
-4.314266263886082364e-01
-4.314954732776928314e-01
-4.315641234832386375e-01
-4.316325775996920910e-01
-4.317008362200002169e-01
-4.317688999356091295e-01
-4.318367693364574267e-01
-4.319044450109785216e-01
-4.319719275460998653e-01
-4.320392175272361190e-01
-4.321063155382987020e-01
-4.321732221616804703e-01
-4.322399379782689843e-01
-4.323064635674344625e-01
-4.323727995070342223e-01
-4.324389463734106820e-01
-4.325049047413903613e-01
-4.325706751842845477e-01
-4.326362582738839113e-01
-4.327016545804640568e-01
-4.327668646727834689e-01
-4.328318891180796824e-01
-4.328967284820718353e-01
-4.329613833289592817e-01
-4.330258542214230899e-01
-4.330901417206201032e-01
-4.331542463861933201e-01
-4.332181687762613476e-01
-4.332819094474235633e-01
-4.333454689547595051e-01
-4.334088478518292042e-01
-4.334720466906690217e-01
-4.335350660218016405e-01
-4.335979063942261291e-01
-4.336605683554234925e-01
-4.337230524513558394e-01
-4.337853592264672153e-01
-4.338474892236838798e-01
-4.339094429844144174e-01
-4.339712210485506261e-01
-4.340328239544696820e-01
-4.340942522390294767e-01
-4.341555064375781647e-01
-4.342165870839483355e-01
-4.342774947104557359e-01
-4.343382298479102066e-01
-4.343987930256064112e-01
-4.344591847713306088e-01
-4.345194056113563796e-01
-4.345794560704551723e-01
-4.346393366718847573e-01
-4.346990479374027161e-01
-4.347585903872596136e-01
-4.348179645401998861e-01
-4.348771709134712782e-01
