-4.664028979551713783e-16
-3.809863638907051014e-02
-7.620288889173498781e-02
-1.143183980186130988e-01
-1.524508275758936493e-01
-1.906059153964088093e-01
-2.287894475970952690e-01
-2.670073365467054427e-01
-3.052655714547470867e-01
-3.435703246478182260e-01
-3.819278796941373844e-01
-4.203447673678857299e-01
-4.588276729130069120e-01
-4.973836035902517994e-01
-5.360197773482425765e-01
-5.747438247063819672e-01
-6.135636622161924070e-01
-6.524877328953804234e-01
-6.915248698000188154e-01
-7.306845818288703054e-01
-7.699769162829552815e-01
-8.094128018119469692e-01
-8.490039259016430861e-01
-8.887631571121891172e-01
-9.287044692833567039e-01
-9.688434908057220740e-01
-1.009197552103365148e+00
-1.049786494622815258e+00
-1.090633078869557071e+00
-1.131764437599133366e+00
-1.173213295825822788e+00
-1.215020197893711407e+00
-1.257234623932290463e+00
-1.299915394824255221e+00
-1.343127623487304190e+00
-1.386937256690081943e+00
-1.431402049089251838e+00
-1.476562278667522543e+00
-1.522431560591428923e+00
-1.568991515940562520e+00
-1.616189555653916310e+00
-1.663941826679689040e+00
-1.712138580979539748e+00
-1.760652721082488270e+00
-1.809348042595470885e+00
-1.858088102590390367e+00
-1.906742683331382304e+00
-1.955193642151739519e+00
-2.003337757741120662e+00
-2.051089060762423699e+00
-2.098378550088358274e+00
-2.145154088118992775e+00
-2.191378325137430583e+00
-2.237027499735153135e+00
-2.282088757543146329e+00
-2.326558813254974378e+00
-2.370441373159109411e+00
-2.413746140127616346e+00
-2.456486630656784076e+00
-2.498679666131192079e+00
-2.540343621618461611e+00
-2.581498370047928592e+00
-2.622163886879663952e+00
-2.662360549686083822e+00
-2.702107994101259791e+00
-2.741425666620747492e+00
-2.780331837666660810e+00
-2.818844324340987750e+00
-2.856979589219614368e+00
-2.894753573369809985e+00
-2.932180831977915236e+00
-2.969275438310583048e+00
-3.006050125060255596e+00
-3.042517235023953326e+00
-3.078687849584382796e+00
-3.114572772098473052e+00
-3.150181633131751369e+00
-3.185523899036477591e+00
-3.220607948622459471e+00
-3.255442103309850843e+00
-3.290033672891145233e+00
-3.324390005874669374e+00
-3.358517503641494262e+00
-3.392422690793524875e+00
-3.426111197859792235e+00
-3.459588852050339280e+00
-3.492860629055631438e+00
-3.525931764849568495e+00
-3.558806677260079265e+00
-3.591490099521986501e+00
-3.623985972299248015e+00
-3.656298599654038917e+00
-3.688431512141977731e+00
-3.720388645789646898e+00
-3.752173176801986809e+00
-3.783788724055253905e+00
-3.815238155870076753e+00
-3.846524816443976480e+00
-3.877651305064590659e+00
-3.908620726831784076e+00
-3.939435444616341098e+00
-3.970098354358125636e+00
-4.000611610017381636e+00
-4.030977923682842246e+00
-4.061199263714338592e+00
-4.091278179851489227e+00
-4.121216474707328103e+00
-4.151016554033080119e+00
-4.180680071690823674e+00
-4.210209305201527918e+00
-4.239605774299470831e+00
-4.268871641868230427e+00
-4.298008306158663139e+00
-4.327017827199654221e+00
-4.355901492745249293e+00
-4.384661270232220964e+00
-4.413298346508696568e+00
-4.441814605399008187e+00
-4.470211141255775011e+00
-4.498489762183052854e+00
-4.526651477444862515e+00
-4.554698026390548549e+00
-4.582630339745793258e+00
-4.610450094277832811e+00
-4.638158147989401847e+00
-4.665756120556492803e+00
-4.693244802441154384e+00
-4.720625761130498255e+00
-4.747899724180222769e+00
-4.775068211280525610e+00
-4.802131891239183936e+00
-4.829092239897186722e+00
-4.855949871057537948e+00
-4.882706220271410658e+00
-4.909361849716646020e+00
-4.935918157873390832e+00
-4.962375658354363672e+00
-4.988735715487583988e+00
-5.014998797098948025e+00
-5.041166236018354674e+00
-5.067238456813782932e+00
-5.093216763236256384e+00
-5.119101538903466420e+00
-5.144894060698033122e+00
-5.170594673397898688e+00
-5.196204629041749179e+00
-5.221724235502255951e+00
-5.247154721832242963e+00
-5.272496360776099955e+00
-5.297750360109530376e+00
-5.322916959084169619e+00
-5.347997345773308986e+00
-5.372991727443977794e+00
-5.397901273920905574e+00
-5.422726161879691809e+00
-5.447467544241201942e+00
-5.472125568378989335e+00
-5.496701371555806404e+00
-5.521195073038310142e+00
-5.545607795587369715e+00
-5.569939631472309749e+00
-5.594191690026686814e+00
-5.618364037554306911e+00
-5.642457770961731178e+00
-5.666472931547975378e+00
-5.690410604725231636e+00
-5.714270807683571540e+00
-5.738054615211386711e+00
-5.761762021226310537e+00
-5.785394090706796000e+00
-5.808950795080039420e+00
-5.832433190276295143e+00
-5.855841225964479868e+00
-5.879175949740402807e+00
-5.902437290200806430e+00
-5.925626287276908322e+00
-5.948742849136969824e+00
-5.971788008676783832e+00
-5.994761654240779336e+00
-6.017664812281019238e+00
-6.040497351886672917e+00
-6.063260293623010000e+00
-6.085953487859084632e+00
-6.108577949798393192e+00
-6.131133511593976237e+00
-6.153621183582735910e+00
-6.176040780177185496e+00
-6.198393307315228640e+00
-6.220678562117686994e+00
-6.242897546565353117e+00
-6.265050040911369855e+00
-6.287137043597534003e+00
-6.309158318410224453e+00
-6.331114860648106912e+00
-6.353006418010187062e+00
-6.374833983027178519e+00
-6.396597287670043208e+00
-6.418297322057320287e+00
-6.439933802772560334e+00
-6.461507717859912958e+00
-6.483018768838495482e+00
-6.504467941998970382e+00
-6.525854924102664434e+00
-6.547180699991800523e+00
-6.568444941961208094e+00
-6.589648633694903168e+00
-6.610791433298061293e+00
-6.631874323572810148e+00
-6.652896948698050927e+00
-6.673860290857352773e+00
-6.694763980553865679e+00
-6.715608999603686513e+00
-6.736394965072979524e+00
-6.757122858649777797e+00
-6.777792284190685024e+00
-6.798404223484458164e+00
-6.818958267394932271e+00
-6.839455398030056976e+00
-6.859895193467760777e+00
-6.880278636344018039e+00
-6.900605292148348724e+00
-6.920876144244492600e+00
-6.941090745722119593e+00
-6.961250080863971235e+00
-6.981353690540040624e+00
-7.001402560135187692e+00
-7.021396218471918971e+00
-7.041335652212697305e+00
-7.061220378297321965e+00
-7.081051384834037954e+00
-7.100828177037587174e+00
-7.120551744623409895e+00
-7.140221581232027326e+00
-7.159838678340983087e+00
-7.179402518161136726e+00
-7.198914094080877568e+00
-7.218372877019850975e+00
-7.237779862420230970e+00
-7.257134510043166564e+00
-7.276437817522005247e+00
-7.295689233586688083e+00
-7.314889758193910296e+00
-7.334038829164430062e+00
-7.353137448905481044e+00
-7.372185044445847879e+00
-7.391182620765639477e+00
-7.410129594214191151e+00
-7.429026972462450473e+00
-7.447874161288223327e+00
-7.466672171166999661e+00
-7.485420397408788062e+00
-7.504119853403170559e+00
-7.522769924092108873e+00
-7.541371625884880636e+00
-7.559924333451293776e+00
-7.578429066322318164e+00
-7.596885188987722692e+00
-7.615293724198650693e+00
-7.633654026353450917e+00
-7.651967121518511661e+00
-7.670232354086071958e+00
-7.688450753529652459e+00
-7.706621654317451053e+00
-7.724746089418895068e+00
-7.742823383457172248e+00
-7.760854572983538091e+00
-7.778838972852213374e+00
-7.796777623279357528e+00
-7.814669829423537273e+00
-7.832516635246201453e+00
-7.850317336280883573e+00
-7.868072980312148523e+00
-7.885782853316511520e+00
-7.903448006977147777e+00
-7.921067717779060935e+00
-7.938643041377061671e+00
-7.956173244827907887e+00
-7.973659387828873513e+00
-7.991100728069395309e+00
-8.008498329357930601e+00
-8.025851440075337351e+00
-8.043161128207909627e+00
-8.060426632884583498e+00
-8.077649026334169591e+00
-8.094827538488452490e+00
-8.111963245881440798e+00
-8.129055369300525413e+00
-8.146104989645971628e+00
-8.163111318611667500e+00
-8.180075441523339208e+00
-8.196996561030530870e+00
-8.213875766942042134e+00
-8.230712252910512561e+00
-8.247507113283743863e+00
-8.264259532763317040e+00
-8.280970610290458112e+00
-8.297639521659897710e+00
-8.314267370459333506e+00
-8.330853323619258788e+00
-8.347398489425410517e+00
-8.363902025985373356e+00
-8.380365046333006163e+00
-8.396786699792860631e+00
-8.413168104195822394e+00
-8.429508400121857647e+00
-8.445808710246526019e+00
-8.462068166442342942e+00
-8.478287896275974234e+00
-8.494467022948457569e+00
-8.510606678962707505e+00
-8.526705978883001080e+00
-8.542766060192697353e+00
-8.558786028852759742e+00
-8.574767027370052475e+00
-8.590708153134620773e+00
-8.606610553718860857e+00
-8.622473317973190277e+00
-8.638297598576503589e+00
-8.654082475869854463e+00
-8.669829107678687308e+00
-8.685536565863895220e+00
-8.701206013436596720e+00
-8.716836513805752418e+00
-8.732429235206364382e+00
-8.747983232622740246e+00
-8.763499679551141952e+00
-8.778977622577544437e+00
-8.794418240496012729e+00
-8.809820571519665577e+00
-8.825185799776090079e+00
-8.840512955130112260e+00
-8.855803227077833739e+00
-8.871055637159550145e+00
-8.886271380274022746e+00
-8.901449469660025926e+00
-8.916591105652473814e+00
-8.931695293210758280e+00
-8.946763238138755625e+00
-8.961793937137853661e+00
-8.976788601513037591e+00
-8.991746219728375067e+00
-9.006668008621421251e+00
-9.021552948438849029e+00
-9.036402261581683248e+00
-9.051214920098473726e+00
-9.065992151983916614e+00
-9.080732921107038891e+00
-9.095438461085922910e+00
-9.110107727627980267e+00
-9.124741960003774466e+00
-9.139340105776408762e+00
-9.153903409897500509e+00
-9.168430811802581459e+00
-9.182923562152314645e+00
-9.197380592270754107e+00
-9.211803158555126103e+00
-9.226190184233569624e+00
-9.240542931466919185e+00
-9.254860315402293480e+00
-9.269143603990769975e+00
-9.283391704312798254e+00
-9.297605890135843154e+00
-9.311785060487583365e+00
-9.325930494977471952e+00
-9.340041084593856624e+00
-9.354118114813369189e+00
-9.368160468597846346e+00
-9.382169437316003169e+00
-9.396143895915495037e+00
-9.410085141681555854e+00
-9.423992041559538180e+00
-9.437865898775241291e+00
-9.451705572283184864e+00
-9.465512371273296921e+00
-9.479285146720304311e+00
-9.493025213801594475e+00
-9.506731415522596151e+00
-9.520405073071131596e+00
-9.534045021493419370e+00
-9.547652588010347330e+00
-9.561226599718601449e+00
-9.574768389894400045e+00
-9.588276777694243691e+00
-9.601753102471629830e+00
-9.615196175451732330e+00
-9.628607342087001086e+00
-9.641985405679806220e+00
-9.655331717802887681e+00
-9.668645073843959992e+00
-9.681926831517143839e+00
-9.695175778303209313e+00
-9.708393278078462529e+00
-9.721578110424163199e+00
-9.734731645399333999e+00
-9.747852654692765739e+00
-9.760942514566433914e+00
-9.773999988823412366e+00
-9.787026459948606316e+00
-9.800020683865760418e+00
-9.812984049302524880e+00
-9.825915304309313925e+00
-9.838815843876041356e+00
-9.851684408185574782e+00
-9.864522398509397050e+00
-9.877328547168202633e+00
-9.890104261734148139e+00
-9.902848266670883248e+00
-9.915561975870074818e+00
-9.928244105943193176e+00
-9.940896077120077834e+00
-9.953516598164494411e+00
-9.966107095662943394e+00
-9.978666270535747174e+00
-9.991195555744312173e+00
-1.000369364436949127e+01
-1.001616197576566414e+01
-1.002859923517794094e+01
-1.004100686837156076e+01
-1.005338355275926610e+01
-1.006573074053489236e+01
-1.007804710128205450e+01
-1.009033409364069200e+01
-1.010259037936813442e+01
-1.011481742356790647e+01
-1.012701388017368842e+01
-1.013918122076977646e+01
-1.015131809146862985e+01
-1.016342597035239592e+01
-1.017550349571454760e+01
-1.018755215215193566e+01
-1.019957057014091539e+01
-1.021156024080995373e+01
-1.022351978681998830e+01
-1.023545070584767025e+01
-1.024735161273998330e+01
-1.025922401173832021e+01
-1.027106650987701641e+01
-1.028288061797848485e+01
-1.029466493526544824e+01
-1.030642097915768751e+01
-1.031814734106709430e+01
-1.032984554502690955e+01
-1.034151417463880485e+01
-1.035315476056555184e+01
-1.036476587859897514e+01
-1.037634906604725238e+01
-1.038790289089259034e+01
-1.039942889710439466e+01
-1.041092564485520988e+01
-1.042239468479135134e+01
-1.043383456927554853e+01
-1.044524685564658917e+01
-1.045663008845699515e+01
-1.046798583175350750e+01
-1.047931262227788807e+01
-1.049061203080024463e+01
-1.050188258625075122e+01
-1.051312586613823719e+01
-1.052434039158031887e+01
-1.053552774683977056e+01
-1.054668644522051579e+01
-1.055781807775441550e+01
-1.056892114993041432e+01
-1.057999725956447712e+01
-1.059104490432910772e+01
-1.060206568883935141e+01
-1.061305810294956586e+01
-1.062402375808885147e+01
-1.063496113629159368e+01
-1.064587185581574325e+01
-1.065675439087369014e+01
-1.066761036656706629e+01
-1.067843824928409369e+01
-1.068923967098474925e+01
-1.070001309023080083e+01
-1.071076014585519154e+01
-1.072147928859074106e+01
-1.073217216415795860e+01
-1.074283721545803871e+01
-1.075347609511360858e+01
-1.076408723819145941e+01
-1.077467230423077460e+01
-1.078522972046096662e+01
-1.079576115335218667e+01
-1.080626502229343444e+01
-1.081674300070015526e+01
-1.082719350011761605e+01
-1.083761820092097672e+01
-1.084801550680831994e+01
-1.085838710512875238e+01
-1.086873139172968372e+01
-1.087905006094838534e+01
-1.088934150077791685e+01
-1.089960741255788079e+01
-1.090984617642309651e+01
-1.092005950072968012e+01
-1.093024575775028850e+01
-1.094040666287164676e+01
-1.095054058050006951e+01
-1.096064923306703953e+01
-1.097073097710828371e+01
-1.098078754211398689e+01
-1.099081727674495923e+01
-1.100082191756414751e+01
-1.101079980535287994e+01
-1.102075268376085049e+01
-1.103067888568523891e+01
-1.104058016187647340e+01
-1.105045483734279266e+01
-1.106030466994924844e+01
-1.107012797681026584e+01
-1.107992652291945923e+01
-1.108969861749232599e+01
-1.109944603266496266e+01
-1.110916706974877322e+01
-1.111886350803618129e+01
-1.112853364092924302e+01
-1.113817925489052385e+01
-1.114779863540731242e+01
-1.115739357612615912e+01
-1.116696235461402331e+01
-1.117650677171530305e+01
-1.118602509707089787e+01
-1.119551913873687887e+01
-1.120498715842233928e+01
-1.121443097140879175e+01
-1.122384883146759194e+01
-1.123324256111947328e+01
-1.124261040619204088e+01
-1.125195419645903350e+01
-1.126127216979817725e+01
-1.127056616324995986e+01
-1.127983440673593485e+01
-1.128907874457711813e+01
-1.129829739873252237e+01
-1.130749222081749394e+01
-1.131666142482196769e+01
-1.132580686966933747e+01
-1.133492676137386468e+01
-1.134402296618077521e+01
-1.135309368212193881e+01
-1.136214078277816064e+01
-1.137116245819203897e+01
-1.138016058929376051e+01
-1.138913335812972427e+01
-1.139808265299319423e+01
-1.140700664792730556e+01
-1.141590723860220358e+01
-1.142478259105061333e+01
-1.143363460833328205e+01
-1.144246144846522739e+01
-1.145126502191161855e+01
-1.146004347866235307e+01
-1.146879873660082971e+01
-1.147752893768429416e+01
-1.148623600722815041e+01
-1.149491807914943919e+01
-1.150357708620935959e+01
-1.151221115427698471e+01
-1.152082222357313768e+01
-1.152940841191115595e+01
-1.153797166698529075e+01
-1.154651009854516630e+01
-1.155502566177232815e+01
-1.156351645834470787e+01
-1.157198445094492456e+01
-1.158042773317107610e+01
-1.158884827522080840e+01
-1.159724416260408830e+01
-1.160561737304745478e+01
-1.161396598396441782e+01
-1.162229198062433255e+01
-1.163059343233581622e+01
-1.163887233192489568e+01
-1.164712674058674935e+01
-1.165535865871808774e+01
-1.166356613939198361e+01
-1.167175119058975241e+01
-1.167991185725359315e+01
-1.168805015496345767e+01
-1.169616412052183740e+01
-1.170425577712125431e+01
-1.171232315341553054e+01
-1.172036828022385002e+01
-1.172838917804228842e+01
-1.173638788533076571e+01
-1.174436241441840956e+01
-1.175231481141992873e+01
-1.176024308048835465e+01
-1.176814927540721811e+01
-1.177603139214406447e+01
-1.178389149216545384e+01
-1.179172756324394733e+01
-1.179954167454329550e+01
-1.180733180563155749e+01
-1.181510003338383541e+01
-1.182284432915400352e+01
-1.183056677754278141e+01
-1.183826534168009736e+01
-1.184594211390651530e+01
-1.185359504911821915e+01
-1.186122624740989373e+01
-1.186883365543393154e+01
-1.187641938105352679e+01
-1.188398136266731342e+01
-1.189152171592126450e+01
-1.189903837095003603e+01
-1.190653345119686968e+01
-1.191400487852224011e+01
-1.192145478418096260e+01
-1.192888108174901696e+01
-1.193628591030730846e+01
-1.194366717513687348e+01
-1.195102702315915266e+01
-1.195836335134971939e+01
-1.196567831448512464e+01
-1.197296980122481180e+01
-1.198023997421501008e+01
-1.198748671378832142e+01
-1.199471219047525494e+01
-1.200191427627078689e+01
-1.200909514960430080e+01
-1.201625267412221731e+01
-1.202338903616753996e+01
-1.203050209102707413e+01
-1.203759403297220487e+01
-1.204466270891902901e+01
-1.205171032108205331e+01
-1.205873470799547498e+01
-1.206573807983167868e+01
-1.207271826673171233e+01
-1.207967748684076170e+01
-1.208661356189523417e+01
-1.209352871802802376e+01
-1.210042076855945936e+01
-1.210729194762508776e+01
-1.211414006011751177e+01
-1.212096734818994470e+01
-1.212777160829562106e+01
-1.213455509062045223e+01
-1.214131558316649695e+01
-1.214805534416746013e+01
-1.215477215316237292e+01
-1.216146827644782391e+01
-1.216814148508790083e+01
-1.217479405345726384e+01
-1.218142374413292472e+01
-1.218803283958290251e+01
-1.219461909388494369e+01
-1.220118479761572416e+01
-1.220772769634151800e+01
-1.221425008876294349e+01
-1.222074971192240511e+01
-1.222722887265991076e+01
-1.223368529948157146e+01
-1.224012130738216086e+01
-1.224653461631897855e+01
-1.225292754945708396e+01
-1.225929781819225894e+01
-1.226564775387546469e+01
-1.227197505932821819e+01
-1.227828207410292372e+01
-1.228456649243403298e+01
-1.229083066209109631e+01
-1.229707226870855763e+01
-1.230329366828875237e+01
-1.230949253785314568e+01
-1.231567124165264637e+01
-1.232182744808257624e+01
-1.232796352965828213e+01
-1.233407714613568551e+01
-1.234017067831047321e+01
-1.234624177728587924e+01
-1.235229283215382168e+01
-1.235832148535144270e+01
-1.236433013428291972e+01
-1.237031641270581694e+01
-1.237628272635258320e+01
-1.238222670028756944e+01
-1.238815074858770338e+01
-1.239405248761036837e+01
-1.239993433979316251e+01
-1.240579391277271704e+01
-1.241163363736350789e+01
-1.241745111246754441e+01
-1.242324877729247667e+01
-1.242902422199168022e+01
-1.243477989418238927e+01
-1.244051337525524836e+01
-1.244622712125346986e+01
-1.245191870479072804e+01
-1.245759059035283478e+01
-1.246324034176222106e+01
-1.246887043196369049e+01
-1.247447841597410800e+01
-1.248006677521399865e+01
-1.248563305588009342e+01
-1.249117974788530461e+01
-1.249670438859165067e+01
-1.250220947642127278e+01
-1.250769253988675445e+01
-1.251315608593620610e+01
-1.251859763421805027e+01
-1.252401970022333266e+01
-1.252941979472135081e+01
-1.253480044176303032e+01
-1.254015914322362768e+01
-1.254549843173095169e+01
-1.255081580025107790e+01
-1.255611379000589345e+01
-1.256138988503710330e+01
-1.256664663517774017e+01
-1.257188151552991506e+01
-1.257709708455512931e+01
-1.258229080840040659e+01
-1.258746525417305229e+01
-1.259261787904954311e+01
-1.259775125880036484e+01
-1.260286284161583836e+01
-1.260795521194709679e+01
-1.261302580898267145e+01
-1.261807722587186298e+01
-1.262310689278550235e+01
-1.262811741158875911e+01
-1.263310620341890100e+01
-1.263807587887460748e+01
-1.264302385004355322e+01
-1.264795273627573557e+01
-1.265285994059312635e+01
-1.265774809111489496e+01
-1.266261458178104959e+01
-1.266746204949784627e+01
-1.267228787910708121e+01
-1.267709471632006490e+01
-1.268187993686391835e+01
-1.268664619527312354e+01
-1.269139085814360079e+01
-1.269611658885114558e+01
-1.270082074484383661e+01
-1.270550599835703842e+01
-1.271016969767424776e+01
-1.271481452390871425e+01
-1.271943781616246483e+01
-1.272404226444507813e+01
-1.272862519866016662e+01
-1.273318931773209428e+01
-1.273773194234897588e+01
-1.274225578036856099e+01
-1.274675814324635148e+01
-1.275124174779203301e+01
-1.275570389621118039e+01
-1.276014731428426252e+01
-1.276456929494952419e+01
-1.276897257297700250e+01
-1.277335443202008669e+01
-1.277771761585733579e+01
-1.278205939883968334e+01
-1.278638253377312672e+01
-1.279068428568848326e+01
-1.279496741643830049e+01
-1.279922918171538448e+01
-1.280347235243802118e+01
-1.280769417494306772e+01
-1.281189742923380592e+01
-1.281607935227310158e+01
-1.282024273316852359e+01
-1.282438479949083465e+01
-1.282850834947134899e+01
-1.283261060127038000e+01
-1.283669436226252891e+01
-1.284075684117929939e+01
-1.284480085455815690e+01
-1.284882360168331950e+01
-1.285282790827484334e+01
-1.285681096415101443e+01
-1.286077560423423627e+01
-1.286471900885815778e+01
-1.286864402216748715e+01
-1.287254781499233935e+01
-1.287643324071968465e+01
-1.288029746065714853e+01
-1.288414333745408769e+01
-1.288796802287654941e+01
-1.289177438885639226e+01
-1.289555957759894866e+01
-1.289932647033883484e+01
-1.290307219970132735e+01
-1.290679965624420689e+01
-1.291050596299326791e+01
-1.291419401984988902e+01
-1.291786094022081599e+01
-1.292150963337160974e+01
-1.292513720307034042e+01
-1.292874656796735877e+01
-1.293233482217225294e+01
-1.293590489374099128e+01
-1.293945386710473500e+01
-1.294298467974590672e+01
-1.294649440639724958e+01
-1.294998599398858907e+01
-1.295345650753410105e+01
-1.295690890343204948e+01
-1.296034023695779958e+01
-1.296375347399921552e+01
-1.296714566007245040e+01
-1.297051977057622807e+01
-1.297387284124699214e+01
-1.297720785701569568e+01
-1.298052184381838181e+01
-1.298381779613973919e+01
-1.298709273009468212e+01
-1.299034964974319628e+01
-1.299358556135813103e+01
-1.299680347859645835e+01
-1.300000039786800166e+01
-1.300317934244847251e+01
-1.300633729886352441e+01
-1.300947730002953229e+01
-1.301259632256668120e+01
-1.301569740905400963e+01
-1.301877752618487527e+01
-1.302183972622305141e+01
-1.302488096591354960e+01
-1.302790430722714277e+01
-1.303090669693882120e+01
-1.303389120674867208e+01
-1.303685477343987564e+01
-1.303980047846429180e+01
-1.304272524859139715e+01
-1.304563217504734673e+01
-1.304851817456587959e+01
-1.305138634817009802e+01
-1.305423360253586296e+01
-1.305706304850603594e+01
-1.305987158267617154e+01
-1.306266232573183395e+01
-1.306543216416591235e+01
-1.306818422852959038e+01
-1.307091539519051793e+01
-1.307362880458867949e+01
-1.307632132294374827e+01
-1.307899610060772844e+01
-1.308164999362946190e+01
-1.308428616229637953e+01
-1.308690145246350589e+01
-1.308949903437710915e+01
-1.309207574367531812e+01
-1.309463476058684428e+01
-1.309717291050965926e+01
-1.309969338367862335e+01
-1.310219299522811021e+01
-1.310467494542304223e+01
-1.310713603911063352e+01
-1.310957948660976236e+01
-1.311200208245687548e+01
-1.311440704704889981e+01
-1.311679116458762806e+01
-1.311915766557225638e+01
-1.312150332384596574e+01
-1.312383138003455230e+01
-1.312613859759854584e+01
-1.312842822731468750e+01
-1.313069702223658020e+01
-1.313294824331662447e+01
-1.313517863317704659e+01
-1.313739146297053750e+01
-1.313958346486344908e+01
-1.314175792023364231e+01
-1.314391155076687667e+01
-1.314604764809109838e+01
-1.314816292338666415e+01
-1.315026067855671243e+01
-1.315233761425119496e+01
-1.315439704267368448e+01
-1.315643565391857805e+01
-1.315845677051518336e+01
-1.316045707197713099e+01
-1.316243989118492941e+01
-1.316440189704595554e+01
-1.316634643281757455e+01
-1.316827015677530532e+01
-1.317017642257915000e+01
-1.317206187784698557e+01
-1.317392988666735576e+01
-1.317577708597461772e+01
-1.317760685031175427e+01
-1.317941580590367856e+01
-1.318120733777398890e+01
-1.318297806141182171e+01
-1.318473137234776260e+01
-1.318646387530878528e+01
-1.318817897635888592e+01
-1.318987326943638294e+01
-1.319155017116517037e+01
-1.319320626466828728e+01
-1.319484497715628457e+01
-1.319646288090998354e+01
-1.319806341375341496e+01
-1.319964313709828829e+01
-1.320120549940909349e+01
-1.320274705120114866e+01
-1.320427125160662030e+01
-1.320577464021710057e+01
-1.320726068685964805e+01
-1.320872592017469849e+01
-1.321017382071164725e+01
-1.321160090613202520e+01
-1.321301066773514954e+01
-1.321439961217586045e+01
-1.321577124153107619e+01
-1.321712205142096863e+01
-1.321845555472789968e+01
-1.321976823600919637e+01
-1.322106361898070936e+01
-1.322233817710854353e+01
-1.322359544497023620e+01
-1.322483188491212935e+01
-1.322605104240175145e+01
-1.322724936863702716e+01
-1.322843042000392089e+01
-1.322959063652308487e+01
-1.323073358552752410e+01
-1.323185569583160870e+01
-1.323296054574415770e+01
-1.323404455284400427e+01
-1.323511130644471834e+01
-1.323615721286022939e+01
-1.323718587243794076e+01
-1.323819368019729481e+01
-1.323918424754877066e+01
-1.324015395818757312e+01
-1.324110643461662384e+01
-1.324203804917701177e+01
-1.324295243549365075e+01
-1.324384595452336022e+01
-1.324472225104279843e+01
-1.324557767459416269e+01
-1.324641588113577306e+01
-1.324723320876474908e+01
-1.324803332465105932e+01
-1.324881255541608382e+01
-1.324957457947166262e+01
-1.325031571193258095e+01
-1.325103964248286026e+01
-1.325174267469964384e+01
-1.325242850956979979e+01
-1.325309343910145898e+01
-1.325374117561499965e+01
-1.325436799951823019e+01
-1.325497763449581257e+01
-1.325556634932364020e+01
-1.325613787908174146e+01
-1.325668848088217544e+01
-1.325722190123154220e+01
-1.325773438554612760e+01
-1.325822969179048272e+01
-1.325870405365281179e+01
-1.325916124058718459e+01
-1.325959747452135140e+01
-1.326001653643060330e+01
-1.326041463644959073e+01
-1.326079556710675078e+01
-1.326115552671080877e+01
-1.326149831937537371e+01
-1.326182013155024819e+01
-1.326212477896647712e+01
-1.326240843618166920e+01
-1.326267493057677349e+01
-1.326292042478371513e+01
-1.326314875786595238e+01
-1.326335608049612347e+01
-1.326354624345292343e+01
-1.326371538541583561e+01
-1.326386736891180362e+01
-1.326399832059306227e+01
-1.326411211476791507e+01
-1.326420486602709303e+01
-1.326428046049360709e+01
-1.326433500066207216e+01
-1.326437238450379219e+01
-1.326438870238262524e+01
-1.326438786415175386e+01
-1.326436594800929925e+01
-1.326432687572429536e+01
-1.326426671329394047e+01
-1.326418939443719758e+01
-1.326409097291489481e+01
-1.326397539443023810e+01
-1.326383870047209079e+01
-1.326368484876227427e+01
-1.326350986848187752e+01
-1.326331772940601006e+01
-1.326310444837191405e+01
-1.326287400724278598e+01
-1.326262241047571067e+01
-1.326235365205704575e+01
-1.326206372402712397e+01
-1.326175663253072656e+01
-1.326142835715467783e+01
-1.326108291623757651e+01
-1.326071627687570142e+01
-1.326033246963710965e+01
-1.325992744909029497e+01
-1.325950525806860192e+01
-1.325906183857521015e+01
-1.325860124574478327e+01
-1.325811940897743213e+01
-1.325762039574536821e+01
-1.325710012280767813e+01
-1.325656267001050992e+01
-1.325600394143367389e+01
-1.325542802933394704e+01
-1.325483082507331645e+01
-1.325421643335599065e+01
-1.325358073278747462e+01
-1.325292784055642414e+01
-1.325225362247282135e+01
-1.325156220824706033e+01
-1.325084945085431620e+01
-1.325011949256416699e+01
-1.324936817347750484e+01
-1.324859964846070604e+01
-1.324780974470061778e+01
-1.324700262969832387e+01
-1.324617411768654129e+01
-1.324532838883913044e+01
-1.324446124439439920e+01
-1.324357687723726684e+01
-1.324267107557104062e+01
-1.324174804503022784e+01
-1.324080356074226827e+01
-1.323984184112996054e+01
-1.323885864820373826e+01
-1.323785821321369838e+01
-1.323683628501181708e+01
-1.323579710771458373e+01
-1.323473641697390590e+01
-1.323365846981203120e+01
-1.323255898863875757e+01
-1.323144224342172848e+01
-1.323030394328639403e+01
-1.322914837118556441e+01
-1.322797122291777150e+01
-1.322677679446105792e+01
-1.322556076824417914e+01
-1.322432745331063408e+01
-1.322307251867632161e+01
-1.322180028649062322e+01
-1.322050641231312085e+01
-1.321919523143984243e+01
-1.321786238593025686e+01
-1.321651222426796934e+01
-1.321514037496829452e+01
-1.321375119974352863e+01
-1.321234031352050664e+01
-1.321091209128160493e+01
-1.320946213432049277e+01
-1.320799483093118809e+01
-1.320650576872922777e+01
-1.320499934936213293e+01
-1.320347114672199140e+01
-1.320192557585183479e+01
-1.320035819687472589e+01
-1.319877343827151428e+01
-1.319716684635020165e+01
-1.319554286307204549e+01
-1.319389702088368388e+01
-1.319223377526949648e+01
-1.319054864476819589e+01
-1.318884609843026112e+01
-1.318712164083948579e+01
-1.318537975465564216e+01
-1.318361593046042479e+01
-1.318183466456629560e+01
-1.318003143350512651e+01
-1.317821074728585629e+01
-1.317636806834254237e+01
-1.317450792042446572e+01
-1.317262575181958617e+01
-1.317072610006168709e+01
-1.316880439924390878e+01
-1.316686520072893174e+01
-1.316490392436602619e+01
-1.316292513539142739e+01
-1.316092423936115807e+01
-1.315890581542982041e+01
-1.315686525481036995e+01
-1.315480715062096984e+01
-1.315272687968139564e+01
-1.315062904911867037e+01
-1.314850902130879895e+01
-1.314637141743334858e+01
-1.314421158537367695e+01
-1.314203416041167927e+01
-1.313983447588276299e+01
-1.313761718121525668e+01
-1.313537759514701619e+01
-1.313312038129909354e+01
-1.313084084375966754e+01
-1.312854366038914833e+01
-1.312622412057360499e+01
-1.312388691645958616e+01
-1.312152732267822408e+01
-1.311915004570928289e+01
-1.311675034537565843e+01
-1.311433294253775728e+01
-1.311189308215650584e+01
-1.310943549952050624e+01
-1.310695542467466801e+01
-1.310445760738367582e+01
-1.310193726272191839e+01
-1.309939915497816010e+01
-1.309683848420146113e+01
-1.309426002925302868e+01
-1.309165897510113297e+01
-1.308904011522817967e+01
-1.308639861946589988e+01
-1.308373929596662677e+01
-1.308105729936941053e+01
-1.307835745254578264e+01
-1.307563489488541286e+01
-1.307289446402832667e+01
-1.307013128405786517e+01
-1.306735020743225917e+01
-1.306454634287090677e+01
-1.306172455770027874e+01
-1.305887994521789963e+01
-1.305601738766861608e+01
-1.305313196286972577e+01
-1.305022856803499387e+01
-1.304730226544254990e+01
-1.304435796732594177e+01
-1.304139072036485913e+01
-1.303840545186361233e+01
-1.303539719284371934e+01
-1.303237088573161095e+01
-1.302932154583042212e+01
-1.302625413074040317e+01
-1.302316363998554039e+01
-1.302005504639187805e+01
-1.301692333364315779e+01
-1.301377348984334503e+01
-1.301060048277439130e+01
-1.300740931587080418e+01
-1.300419494095055306e+01
-1.300096237683157341e+01
-1.299770655930530694e+01
-1.299443252262631709e+01
-1.299113518649644838e+01
-1.298781960066037833e+01
-1.298448066866687789e+01
-1.298112345580452853e+01
-1.297774284940510192e+01
-1.297434393035518951e+01
-1.297092156970509258e+01
-1.296748086399393962e+01
-1.296401666792560192e+01
-1.296053409374655452e+01
-1.295702797974884213e+01
-1.295350345394152569e+01
-1.294995533813885302e+01
-1.294638877616799810e+01
-1.294279857329911287e+01
-1.293918988923336677e+01
-1.293555751262992182e+01
-1.293190661912022854e+01
-1.292823198068520618e+01
-1.292453878894316688e+01
-1.292082179912897466e+01
-1.291708621890492559e+01
-1.291332678669148493e+01
-1.290954872625240668e+01
-1.290574675912499991e+01
-1.290192612523231652e+01
-1.289808152915931316e+01
-1.289421822704657750e+01
-1.289033090645702728e+01
-1.288642483980751230e+01
-1.288249469756872756e+01
-1.287854576849294119e+01
-1.287457270588796909e+01
-1.287058081490109096e+01
-1.286656473160614844e+01
-1.286252977760553762e+01
-1.285847057166756358e+01
-1.285439245191018465e+01
-1.285029001972421980e+01
-1.284616862980421637e+01
-1.284202286609102828e+01
-1.283785809991735505e+01
-1.283366889770108621e+01
-1.282946064747511095e+01
-1.282522789806111341e+01
-1.282097605425465225e+01
-1.281669964720737731e+01
-1.281240409854067863e+01
-1.280808392166193954e+01
-1.280374455508199816e+01
-1.279938049438933056e+01
-1.279499719504848443e+01
-1.279058913475392067e+01
-1.278616178598871045e+01
-1.278170960847780613e+01
-1.277723809178821313e+01
-1.277274167759951240e+01
-1.276822587262862285e+01
-1.276368510043348259e+01
-1.275912488494759778e+01
-1.275453963153051973e+01
-1.274993488139968356e+01
-1.274530502163919721e+01
-1.274065561081842191e+01
-1.273598101766850554e+01
-1.273128681817934371e+01
-1.272656736265142463e+01
-1.272182824456455208e+01
-1.271706379571024037e+01
-1.271227962712834980e+01
-1.270747005202289515e+01
-1.270264069906459525e+01
-1.269778586279111288e+01
-1.269291118957556819e+01
-1.268801095521002864e+01
-1.268309082384243069e+01
-1.267814505243964973e+01
-1.267317932299765815e+01
-1.266818787357822274e+01
-1.266317640409928558e+01
-1.265813913363738763e+01
-1.265308178010726792e+01
-1.264799854351969621e+01
-1.264289515986187418e+01
-1.263776580999807386e+01
-1.263261624806456673e+01
-1.262744063569794584e+01
-1.262224474526099627e+01
-1.261702271908137618e+01
-1.261178034782681223e+01
-1.260651175443429395e+01
-1.260122274795581809e+01
-1.259590743185593276e+01
-1.259057163365113574e+01
-1.258520943725138963e+01
-1.257982668871905041e+01
-1.257441745232708286e+01
-1.256898759276593935e+01
-1.256353115458906622e+01
-1.255805402119833580e+01
-1.255255021734482135e+01
-1.254702564522617081e+01
-1.254147430970809474e+01
-1.253590213186940971e+01
-1.253030309660725017e+01
-1.252468314396814009e+01
-1.251903623879717031e+01
-1.251336834019623012e+01
-1.250767339287475721e+01
-1.250195737507875471e+01
-1.249621421129821108e+01
-1.249044989901315894e+01
-1.248465834241020467e+01
-1.247884555829442021e+01
-1.247300543046495314e+01
-1.246714399514419824e+01
-1.246125511565948507e+01
-1.245534484774410799e+01
-1.244940703416907724e+01
-1.244344775027327721e+01
-1.243746081818687976e+01
-1.243145233295026841e+01
-1.242541609596806751e+01
-1.241935822207941165e+01
-1.241327249187843940e+01
-1.240716504010156562e+01
-1.240102962644749418e+01
-1.239487240564977100e+01
-1.238868711642640541e+01
-1.238247993360923438e+01
-1.237624457485041241e+01
-1.236998723518247978e+01
-1.236370161110634136e+01
-1.235739391795909903e+01
-1.235105783100484445e+01
-1.234469958599051154e+01
-1.233831283685767666e+01
-1.233190383986972627e+01
-1.232546622755993226e+01
-1.231900627681616278e+01
-1.231251759867748952e+01
-1.230600649076561304e+01
-1.229946654253935634e+01
-1.229290407246523564e+01
-1.228631264833552450e+01
-1.227969860957387560e+01
-1.227305550221976915e+01
-1.226638968676761010e+01
-1.225969468741769397e+01
-1.225297688585047595e+01
-1.224622978434035403e+01
-1.223945978587053673e+01
-1.223266037070276546e+01
-1.222583796324122751e+01
-1.221898602164801773e+01
-1.221211099186804105e+01
-1.220520630987662969e+01
-1.219827844328052358e+01
-1.219132080578102517e+01
-1.218433988676948587e+01
-1.217732907758562888e+01
-1.217029488952960392e+01
-1.216323069149190239e+01
-1.215614301680725795e+01
-1.214902521182898631e+01
-1.214188383205362776e+01
-1.213471220120918304e+01
-1.212751689708285951e+01
-1.212029122068890707e+01
-1.211304177223559009e+01
-1.210576182993469452e+01
-1.209845801654742381e+01
-1.209112358739415605e+01
-1.208376518792252519e+01
-1.207637605047214713e+01
-1.206896284331208413e+01
-1.206151877571165620e+01
-1.205405053889786693e+01
-1.204655131897976617e+01
-1.203902783028032175e+01
-1.203147323565809934e+01
-1.202389427267167399e+01
-1.201628408083829846e+01
-1.200864942109332922e+01
-1.200098340952168918e+01
-1.199329283057813811e+01
-1.198557077682364991e+01
-1.197782405637667758e+01
-1.197004573818222539e+01
-1.196224265416812571e+01
-1.195440784957087033e+01
-1.194654818027498600e+01
-1.193865666771542422e+01
-1.193074019188207835e+01
-1.192279175031475980e+01
-1.191481824725906158e+01
-1.190681265626547258e+01
-1.189878190598699170e+01
-1.189071894588993850e+01
-1.188263072918803154e+01
-1.187451018116797030e+01
-1.186636427975886932e+01
-1.185818592597165555e+01
-1.184998212260706474e+01
-1.184174574630333332e+01
-1.183348382489049477e+01
-1.182518921053645933e+01
-1.181686895625960787e+01
-1.180851588965912846e+01
-1.180013708910228054e+01
-1.179172535752023343e+01
-1.178328779879104715e+01
-1.177481719107777280e+01
-1.176632066393260345e+01
-1.175779097064941858e+01
-1.174923526661928364e+01
-1.174064628016485834e+01
-1.173203119268222316e+01
-1.172338270741982491e+01
-1.171470803194620025e+01
-1.170599984433157736e+01
-1.169726537848577763e+01
-1.168849728719565206e+01
-1.167970283088246752e+01
-1.167087463694345573e+01
-1.166201999248285048e+01
-1.165313149940077153e+01
-1.164421647165717033e+01
-1.163526748554656010e+01
-1.162629188205859876e+01
-1.161728221177225251e+01
-1.160824584288227612e+01
-1.159917530014091724e+01
-1.159007797912457782e+01
-1.158094637864620502e+01
-1.157178792184175009e+01
-1.156259508147086379e+01
-1.155337530840811411e+01
-1.154412104924449167e+01
-1.153483978277342104e+01
-1.152552392930033065e+01
-1.151618099571893872e+01
-1.150680337593077240e+01
-1.149739860511241929e+01
-1.148795905064141465e+01
-1.147849227616113232e+01
-1.146899062240341571e+01
-1.145946168166336498e+01
-1.144989776790381875e+01
-1.144030650225759338e+01
-1.143068017179352758e+01
-1.142102642666939083e+01
-1.141133752693304615e+01
-1.140162115195556325e+01
-1.139186953463518392e+01
-1.138209038374563242e+01
-1.137227590490496532e+01
-1.136243383648006322e+01
-1.135255635667622975e+01
-1.134265123364508732e+01
-1.133271061804474300e+01
-1.132274230800414117e+01
-1.131273842649767403e+01
-1.130270680182524501e+01
-1.129263952913898983e+01
-1.128254446710448100e+01
-1.127241368291078594e+01
-1.126225506578495050e+01
-1.125206065481012274e+01
-1.124183836997152319e+01
-1.123158022210127882e+01
-1.122129416214060171e+01
-1.121097217252316014e+01
-1.120062223534494983e+01
-1.119023630449155426e+01
-1.117982239341349882e+01
-1.116937242729623136e+01
-1.115889445114560807e+01
-1.114838036129247101e+01
-1.113783823449981547e+01
-1.112725993808697389e+01
-1.111665358077687671e+01
-1.110601100071789382e+01
-1.109534033879671711e+01
-1.108463340382884077e+01
-1.107389836906943259e+01
-1.106312701383658137e+01
-1.105232754395977679e+01
-1.104149170909248312e+01
-1.103062774784534383e+01
-1.101972738003733276e+01
-1.100879887726798856e+01
-1.099783392934932458e+01
-1.098684084107863335e+01
-1.097581127208552232e+01
-1.096475356057488426e+01
-1.095365933581589246e+01
-1.094253696963193256e+01
-1.093137806075063345e+01
-1.092019101482585874e+01
-1.090896739985991282e+01
-1.089771565555004429e+01
-1.088642731898646687e+01
-1.087511086412384564e+01
-1.086375779695060473e+01
-1.085237662589396379e+01
-1.084095882564769830e+01
-1.082951293932794279e+01
-1.081803041013805711e+01
-1.080651981610031598e+01
-1.079497256872889466e+01
-1.078339728117071239e+01
-1.077178533304873653e+01
-1.076014537285417205e+01
-1.074846874811369801e+01
-1.073676414288363468e+01
-1.072502287238604701e+01
-1.071325365646440453e+01
-1.070144777782465439e+01
-1.068961399232067322e+01
-1.067774354992749153e+01
-1.066584524273395296e+01
-1.065391028776612714e+01
-1.064194751357358371e+01
-1.062994810401207069e+01
-1.061792092431900691e+01
-1.060585712495508659e+01
-1.059376560807412915e+01
-1.058163749051360014e+01
-1.056948171157354288e+01
-1.055728935423673143e+01
-1.054506939518068087e+01
-1.053281288329854881e+01
-1.052052883287806218e+01
-1.050820825848420448e+01
-1.049586021224925680e+01
-1.048347567416807991e+01
-1.047106373445324934e+01
-1.045861533828402301e+01
-1.044613961419058334e+01
-1.043362747228756326e+01
-1.042108807966178574e+01
-1.040851231111052755e+01
-1.039590937251789526e+01
-1.038327010310756826e+01
-1.037060374780333127e+01
-1.035790110999530178e+01
-1.034517147389102831e+01
-1.033240560678350661e+01
-1.031961283241002647e+01
-1.030678388169907578e+01
-1.029392811816554598e+01
-1.028103623610233086e+01
-1.026811763905161712e+01
-1.025516298439596063e+01
-1.024218171595653715e+01
-1.022916445392691820e+01
-1.021612068266107975e+01
-1.020304098488103506e+01
-1.018993488572948181e+01
-1.017679293017063458e+01
-1.016362468439379718e+01
-1.015042065531524607e+01
-1.013719045043114342e+01
-1.012392453831571260e+01
-1.011063256803442556e+01
-1.009730496952145806e+01
-1.008395143367638980e+01
-1.007056235149142154e+01
-1.005714745596745630e+01
-1.004369709884866424e+01
-1.003022105550703813e+01
-1.001670963812869353e+01
-1.000317266472895561e+01
-9.989600407621844980e+00
-9.976002727740826970e+00
-9.962369857209758095e+00
-9.948711700157693016e+00
-9.935018448196107244e+00
-9.921300048929968085e+00
-9.907546653131916514e+00
-9.893768252165960675e+00
-9.879954955635350089e+00
-9.866116798949127187e+00
-9.852243850206424014e+00
-9.838346189150231069e+00
-9.824413842036522126e+00
-9.810456933234357635e+00
-9.796465446813282796e+00
-9.782449552063567921e+00
-9.768399190520696607e+00
-9.754324576694573423e+00
-9.740215609234658345e+00
-9.726082548172190201e+00
-9.711915248914325005e+00
-9.697724017318648748e+00
-9.683498665189258503e+00
-9.669249544518686790e+00
-9.654966423142695930e+00
-9.640659699500940150e+00
-9.626319097091089461e+00
-9.611955061115626364e+00
-9.597557270359954984e+00
-9.583136217108755517e+00
-9.568681535056398957e+00
-9.554203763893093893e+00
-9.539692491838589916e+00
-9.525158306315931966e+00
-9.510590749682060974e+00
-9.496000457424001340e+00
-9.481376925643147047e+00
-9.466730838225762668e+00
-9.452051644620013349e+00
-9.437350077450977537e+00
-9.422615539111067307e+00
-9.407858811308010161e+00
-9.393069248971119833e+00
-9.378257683238958364e+00
-9.363413421165516226e+00
-9.348547343672834131e+00
-9.333648709522377018e+00
-9.318728449776862988e+00
-9.303775774482991423e+00
-9.288801665206191771e+00
-9.273795282850930022e+00
-9.258767659852114917e+00
-9.243707907539471691e+00
-9.228627109589069732e+00
-9.213514327318105046e+00
-9.198380696020503677e+00
-9.183215226557903677e+00
-9.168029106223825053e+00
-9.152811294976002543e+00
-9.137573032494566760e+00
-9.122303227379477519e+00
-9.107013172089896358e+00
-9.091691723408702686e+00
-9.076350226971840129e+00
-9.060977487280254650e+00
-9.045584903550064837e+00
-9.030161227529783119e+00
-9.014717912424702106e+00
-8.999243656754620346e+00
-8.983749968128972085e+00
-8.968225491356749401e+00
-8.952681788872249413e+00
-8.937107451285747572e+00
-8.921514096283257089e+00
-8.905890259782427876e+00
-8.890247615153894500e+00
-8.874574643122675965e+00
-8.858883073183420720e+00
-8.843161330362379502e+00
-8.827421200723780004e+00
-8.811651053082711016e+00
-8.795862730525330520e+00
-8.780044545136760803e+00
-8.764208397483976398e+00
-8.748342542396976285e+00
-8.732458938389244807e+00
-8.716545782503869688e+00
-8.700615091673538970e+00
-8.684655004616013585e+00
-8.668677597162966819e+00
-8.652670949161548108e+00
-8.636647195829402435e+00
-8.620594357591055967e+00
-8.604524629544393122e+00
-8.588425972132169406e+00
-8.572310640834464479e+00
-8.556166535545969509e+00
-8.540005972638454068e+00
-8.523816790885058836e+00
-8.507611368066577029e+00
-8.491377481253712389e+00
-8.475127570161534507e+00
-8.458849349569936393e+00
-8.442555321661659562e+00
-8.426233138329685346e+00
-8.409895364766185821e+00
-8.393529589373301292e+00
-8.377148440902743687e+00
-8.360739443654042091e+00
-8.344315290497158699e+00
-8.327863441009130341e+00
-8.311396652745649760e+00
-8.294902319933102675e+00
-8.278393265389350830e+00
-8.261856817353599780e+00
-8.245305864491443870e+00
-8.228727668409755225e+00
-8.212135184216711181e+00
-8.195515606233040984e+00
-8.178881956613832216e+00
-8.162221361730887637e+00
-8.145546911400220580e+00
-8.128845663372864294e+00
-8.112130775749603728e+00
-8.095389236979638525e+00
-8.078634274082315159e+00
-8.061852805514519105e+00
-8.045058127858370156e+00
-8.028237088878183769e+00
-8.011403055373397919e+00
-7.994542803705756207e+00
-7.977669771557278189e+00
-7.960770663167110683e+00
-7.943858987775859859e+00
-7.926921376769788807e+00
-7.909971411635291716e+00
-7.892995650164962740e+00
-7.876007746789514208e+00
-7.858994184956319629e+00
-7.841968692750450387e+00
-7.824917678511726926e+00
-7.807854944701317024e+00
-7.790766823777978800e+00
-7.773667193312705059e+00
-7.756542309098387378e+00
-7.739406124561810429e+00
-7.722244818033375147e+00
-7.705072419554260144e+00
-7.687875029184004561e+00
-7.670666754349297456e+00
-7.653433616018316954e+00
-7.636189799787589827e+00
-7.618921246700848471e+00
-7.601642221322053139e+00
-7.584338583924820298e+00
-7.567024678851635322e+00
-7.549686284747378906e+00
-7.532337826557917282e+00
-7.514965000427599406e+00
-7.497582312744706101e+00
-7.480175376267546028e+00
-7.462758779680303434e+00
-7.445318051455912745e+00
-7.427867863442704000e+00
-7.410393658914723680e+00
-7.392910193767672666e+00
-7.375402825148706931e+00
-7.357886393899479849e+00
-7.340346170097379996e+00
-7.322797080444355622e+00
-7.305224306989982708e+00
-7.287642863226800216e+00
-7.270037842202927258e+00
-7.252424345148299700e+00
-7.234787375120117936e+00
-7.217142122049038377e+00
-7.199473497995600546e+00
-7.181796782571799653e+00
-7.164096795818990948e+00
-7.146388908028614040e+00
-7.128657846183278579e+00
-7.110919072269870078e+00
-7.093157219155202142e+00
-7.075387841555828672e+00
-7.057595477147917684e+00
-7.039795774430525732e+00
-7.021973174796010575e+00
-7.004143421598016950e+00
-6.986290858832999717e+00
-6.968431325800804821e+00
-6.950549067970777983e+00
-6.932660021700592701e+00
-6.914748332781494256e+00
-6.896830035761091438e+00
-6.878889175581400117e+00
-6.860941886132954082e+00
-6.842972110316710932e+00
-6.824996082540658371e+00
-6.806997642451597663e+00
-6.788993126171403603e+00
-6.770966268857931958e+00
-6.752933509565861137e+00
-6.734878477706966571e+00
-6.716817716510637304e+00
-6.698734748362634051e+00
-6.680646221932559747e+00
-6.662535551276743462e+00
-6.644419491794625543e+00
-6.626281347885586648e+00
-6.608137982993313564e+00
-6.589972590508160089e+00
-6.571802143257706064e+00
-6.553609722245803404e+00
-6.535412411049630776e+00
-6.517193176883142591e+00
-6.498969215465450588e+00
-6.480723378790469447e+00
-6.462472976138854186e+00
-6.444200742827082884e+00
-6.425924103144902588e+00
-6.407625674245843506e+00
-6.389322996905010932e+00
-6.370998568598674083e+00
-6.352670048093054689e+00
-6.334319811643079667e+00
-6.315965637542033662e+00
-6.297589779249170405e+00
-6.279210136151776922e+00
-6.260808837307793695e+00
-6.242403904797170000e+00
-6.223977341638882166e+00
-6.205547294236922973e+00
-6.187095637900544176e+00
-6.168640645022744451e+00
-6.150164061498458068e+00
-6.131684287408953438e+00
-6.113182937495458269e+00
-6.094678541262191551e+00
-6.076152580521454460e+00
-6.057623715971376832e+00
-6.039073294683225512e+00
-6.020520110357442611e+00
-6.001945373474286249e+00
-5.983368012583179407e+00
-5.964769099684465559e+00
-5.946167700062632733e+00
-5.927544745309143437e+00
-5.908919439370236226e+00
-5.890272571458230466e+00
-5.871623486149358584e+00
-5.852952828264265328e+00
-5.834280085020331796e+00
-5.815585754790100204e+00
-5.796889469487541469e+00
-5.778171578935664243e+00
-5.759451861845684917e+00
-5.740710517343484476e+00
-5.721967473085006084e+00
-5.703202775303555683e+00
-5.684436502795263024e+00
-5.665648546656401940e+00
-5.646859139068366673e+00
-5.628048013695157614e+00
-5.609235558399503496e+00
-5.590401347065736992e+00
-5.571565925586589252e+00
-5.552708705665477140e+00
-5.533850393627854913e+00
-5.514970236539604720e+00
-5.496089103617499916e+00
-5.477186074775891811e+00
-5.458282184639028145e+00
-5.439356343396814175e+00
-5.420429753656376803e+00
-5.401481153249329203e+00
-5.382531915402372746e+00
-5.363560602892081697e+00
-5.344588762264504744e+00
-5.325594778479582736e+00
-5.306600374167714129e+00
-5.287583753643511741e+00
-5.268566818453964018e+00
-5.249527589370614145e+00
-5.230488149758648397e+00
-5.211426333877232864e+00
-5.192364409883125198e+00
-5.173280022479990414e+00
-5.154195627663670010e+00
-5.135088677462691820e+00
-5.115981818836107919e+00
-5.096852307938883442e+00
-5.077722985896388153e+00
-5.058570909709968255e+00
-5.039419117956336791e+00
-5.020244465118686605e+00
-5.001070190594720799e+00
-4.981872942897534351e+00
-4.962676165703065578e+00
-4.943456298011938976e+00
-4.924236991326070623e+00
-4.904994471497707842e+00
-4.885752601496303527e+00
-4.866487390292759230e+00
-4.847222916062736253e+00
-4.827934967062406102e+00
-4.808647840512961125e+00
-4.789337100018306259e+00
-4.770027265788641557e+00
-4.750693672730170292e+00
-4.731361068093704603e+00
-4.712004553930374762e+00
-4.692649108695098548e+00
-4.673269597310650170e+00
-4.653891233715673259e+00
-4.634488641310805512e+00
-4.615087273918584643e+00
-4.595661508898720271e+00
-4.576237044482914129e+00
-4.556788007341322277e+00
-4.537340344770009359e+00
-4.517867927966072727e+00
-4.498396958079974972e+00
-4.478901045912355272e+00
-4.459406651398072796e+00
-4.439887119872210519e+00
-4.420369175129878592e+00
-4.400825891820004721e+00
-4.381284262825235309e+00
-4.361717086730332760e+00
-4.342151630890159097e+00
-4.322560412283451114e+00
-4.302970978285840076e+00
-4.283355558557524034e+00
-4.263741986214254709e+00
-4.244102197707400492e+00
-4.224464317789816015e+00
-4.204799983628550564e+00
-4.185137617695751544e+00
-4.165448551605804184e+00
-4.145761511825116763e+00
-4.126047517945766963e+00
-4.106335606904773172e+00
-4.086596479592296660e+00
-4.066859490102198826e+00
-4.047095013723855494e+00
-4.027332728613351343e+00
-4.007542677331724867e+00
-3.987754869231296961e+00
-3.967939006778147704e+00
-3.948125437893918122e+00
-3.928283517333163388e+00
-3.908443939209774065e+00
-3.888575702688852775e+00
-3.868709855960685395e+00
-3.848815034449744488e+00
-3.828922648580032728e+00
-3.809000961597946766e+00
-3.789081754604699093e+00
-3.769132909931515840e+00
-3.749186588099854944e+00
-3.729210281474551802e+00
-3.709236539054287185e+00
-3.689232453856984506e+00
-3.669230972744837782e+00
-3.649198779662758518e+00
-3.629169229067989555e+00
-3.609108585743770359e+00
-3.589050621836430199e+00
-3.568961172497984613e+00
-3.548874438038575274e+00
-3.528755813109195838e+00
-3.508639937058682712e+00
-3.488491752746041286e+00
-3.468346349854549260e+00
-3.448168207717470679e+00
-3.427992878090927231e+00
-3.407784364582189696e+00
-3.387578693224868154e+00
-3.367339379208503125e+00
-3.347102935540214652e+00
-3.326832375781757722e+00
-3.306564713127718491e+00
-3.286262445755208983e+00
-3.265963100806938080e+00
-3.245628646741114842e+00
-3.225297138986203738e+00
-3.204930001337097156e+00
-3.184565832455691581e+00
-3.164165495883827894e+00
-3.143768149109462229e+00
-3.123334079148627040e+00
-3.102903018590730699e+00
-3.082434660929802561e+00
-3.061969330855205396e+00
-3.041466110575783421e+00
-3.020965934645964079e+00
-3.000427255412483341e+00
-2.979891635873460398e+00
-2.959316879072205975e+00
-2.938745195893073259e+00
-2.918133719716070384e+00
-2.897525329672482997e+00
-2.876876468141607024e+00
-2.856230703839730545e+00
-2.835543765766793900e+00
-2.814859934602659930e+00
-2.794134202479521267e+00
-2.773411585528949619e+00
-2.752646314342366729e+00
-2.731884165175187729e+00
-2.711078581139644950e+00
-2.690276124552124504e+00
-2.669429423753674868e+00
-2.648585854411817486e+00
-2.627697201355077894e+00
-2.606811682341204861e+00
-2.585880208390926693e+00
-2.564951869644516602e+00
-2.543976671351894314e+00
-2.523004607995396942e+00
-2.501984745298597712e+00
-2.480968015837293539e+00
-2.459902510124061248e+00
-2.438840134508077462e+00
-2.417727966527307704e+00
-2.396618924062465794e+00
-2.375459031669682641e+00
-2.354302258762278832e+00
-2.333093534482380438e+00
-2.311887922201131929e+00
-2.290629210589669285e+00
-2.269373602026102610e+00
-2.248063696807797385e+00
-2.226756884213982879e+00
-2.205394525174723785e+00
-2.184035246854409529e+00
-2.162619116459802537e+00
-2.141206053385903640e+00
-2.119734773095597546e+00
-2.098266545223481216e+00
-2.076738671466451081e+00
-2.055213833708164017e+00
-2.033627853479204717e+00
-2.012044891298796934e+00
-1.990399217330680370e+00
-1.968756541915028802e+00
-1.947049507374019273e+00
-1.925345450327134778e+00
-1.903575302971929561e+00
-1.881808110472212414e+00
-1.859973006206224966e+00
-1.838140832557529025e+00
-1.816238828294537422e+00
-1.794339728789820176e+00
-1.772368774538368275e+00
-1.750400697542610517e+00
-1.728358627599980046e+00
-1.706319405741976825e+00
-1.684203928868556854e+00
-1.662091269213213707e+00
-1.639899957635258421e+00
-1.617711430684147134e+00
-1.595441707745304694e+00
-1.573174735085682396e+00
-1.550823861332917497e+00
-1.528475701720895419e+00
-1.506040759168516097e+00
-1.483608492790132294e+00
-1.461086367053578083e+00
-1.438566877655292231e+00
-1.415954237581491304e+00
-1.393344192097025092e+00
-1.370637466436483765e+00
-1.347933291654855648e+00
-1.325128642218135422e+00
-1.302326497935797356e+00
-1.279419788545729908e+00
-1.256515536513715059e+00
-1.233502296895853334e+00
-1.210491464704916975e+00
-1.187366848240573036e+00
-1.164244587068000270e+00
-1.141003321046943464e+00
-1.117764355902201245e+00
-1.094400682531982527e+00
-1.071039253258130541e+00
-1.047546859177142409e+00
-1.024056649954929510e+00
-1.000428581303271391e+00
-9.768026357115742186e-01
-9.530311948588031656e-01
-9.292618125902821768e-01
-9.053384312816197266e-01
-8.814170412748664196e-01
-8.573321230534358683e-01
-8.332491258988719007e-01
-8.089918478971978022e-01
-7.847364176088692522e-01
-7.602944777045035352e-01
-7.358543088521508624e-01
-7.112135979584236489e-01
-6.865745779296118512e-01
-6.617187474846688566e-01
-6.368645239387960011e-01
-6.117744030391237819e-01
-5.866858009967730325e-01
-5.613385915932317394e-01
-5.359928085761224148e-01
-5.103609419466510477e-01
-4.847304043772909798e-01
-4.587798596600959899e-01
-4.328305412973405542e-01
-4.065182675089702435e-01
-3.802071113312595063e-01
-3.534768633214104283e-01
-3.267476172881325636e-01
-2.995227638903539269e-01
-2.722987888001901502e-01
-2.444687291970985277e-01
-2.166394145799719895e-01
-1.880304722688515007e-01
-1.594221295063380506e-01
-1.297218803160860301e-01
-1.000220689006643821e-01
-6.850188748023652852e-02
-3.698195667011396764e-02
-6.464014536889308965e-17
