1.483763709292689708e-16
-3.463512399006311252e-03
-6.927535353794617157e-03
-1.039258163805592550e-02
-1.385916614326422949e-02
-1.732781049058257014e-02
-2.079904069064775901e-02
-2.427339423151859271e-02
-2.775141558679108250e-02
-3.123366587707401484e-02
-3.472071633582946015e-02
-3.821316066980778858e-02
-4.171160662845477957e-02
-4.521669123547759905e-02
-4.872907066802122794e-02
-5.224943860967111442e-02
-5.577851474692657047e-02
-5.931706662685292536e-02
-6.286589725454680422e-02
-6.642587107535195823e-02
-6.999790148026836800e-02
-7.358298198290404157e-02
-7.718217508196809074e-02
-8.079665064656200990e-02
-8.442767902575930294e-02
-8.807668098234189280e-02
-9.174523200939706247e-02
-9.543513587480306759e-02
-9.914846171541381870e-02
-1.028876761453754313e-01
-1.066557541659823166e-01
-1.104563816266977833e-01
-1.142940567211163799e-01
-1.181741268022064167e-01
-1.221025112261223261e-01
-1.260852051536390517e-01
-1.301274590081130111e-01
-1.342329344243174127e-01
-1.384028691446728687e-01
-1.426355923582334206e-01
-1.469263232412677811e-01
-1.512674387890622085e-01
-1.556489619072279895e-01
-1.600593382802280584e-01
-1.644861856904998587e-01
-1.689171002354884488e-01
-1.733402439392157379e-01
-1.777448765592490876e-01
-1.821216143401043486e-01
-1.864626418874961722e-01
-1.907616863716691535e-01
-1.950140080108190288e-01
-1.992162113761309639e-01
-2.033661363395629362e-01
-2.074626143221093288e-01
-2.115053466595434306e-01
-2.154946702871965714e-01
-2.194314672843271363e-01
-2.233169664233464191e-01
-2.271526969210214963e-01
-2.309403292380393380e-01
-2.346816700043597714e-01
-2.383785351708785916e-01
-2.420327772441881187e-01
-2.456461812819269175e-01
-2.492205151473420033e-01
-2.527574397878729617e-01
-2.562585749400881352e-01
-2.597254172017819385e-01
-2.631594157608913020e-01
-2.665618938161731788e-01
-2.699341307555109259e-01
-2.732772840963875183e-01
-2.765924759112670661e-01
-2.798807135985816874e-01
-2.831429792816810842e-01
-2.863801484665229879e-01
-2.895930817305901184e-01
-2.927825407838599014e-01
-2.959492821190768397e-01
-2.990939702628312991e-01
-3.022172732613326862e-01
-3.053197730583150360e-01
-3.084020627994134567e-01
-3.114646543508906573e-01
-3.145080774591241246e-01
-3.175327844596060878e-01
-3.205392513499604190e-01
-3.235278797509172910e-01
-3.264990999565408059e-01
-3.294532702090238185e-01
-3.323907817867309822e-01
-3.353119556492689113e-01
-3.382171496172395875e-01
-3.411066524365433117e-01
-3.439807930959319360e-01
-3.468398323518227522e-01
-3.496840742221815068e-01
-3.525137550058740077e-01
-3.553291569847086273e-01
-3.581304949651189506e-01
-3.609180322143746289e-01
-3.636919645470358398e-01
-3.664525385166259586e-01
-3.691999330649385902e-01
-3.719343799865061917e-01
-3.746560431552136139e-01
-3.773651412757301760e-01
-3.800618246991694371e-01
-3.827463004728675622e-01
-3.854187067544975198e-01
-3.880792401698399119e-01
-3.907280278326071277e-01
-3.933652570181491726e-01
-3.959910447950217294e-01
-3.986055700211105224e-01
-4.012089405917018126e-01
-4.038013277635438825e-01
-4.063828310232552865e-01
-4.089536147439152836e-01
-4.115137706768050574e-01
-4.140634569445981739e-01
-4.166027581587081197e-01
-4.191318267525347974e-01
-4.216507407263098695e-01
-4.241596473233171238e-01
-4.266586184037408080e-01
-4.291477964664077716e-01
-4.316272476527520108e-01
-4.340971101164119994e-01
-4.365574446581095280e-01
-4.390083854451992673e-01
-4.414499882779576723e-01
-4.438823836610393259e-01
-4.463056227015118615e-01
-4.487198325339492033e-01
-4.511250598503978027e-01
-4.535214286806932837e-01
-4.559089815544567492e-01
-4.582878396380300479e-01
-4.606580415285258523e-01
-4.630197057487495660e-01
-4.653728671730381072e-01
-4.677176418816432757e-01
-4.700540612179897604e-01
-4.723822390037913932e-01
-4.747022032274760273e-01
-4.770140656211095953e-01
-4.793178509796443554e-01
-4.816136691008679471e-01
-4.839015417349238346e-01
-4.861815768884818478e-01
-4.884537934039973051e-01
-4.907182976291770693e-01
-4.929751056254234598e-01
-4.952243222037486792e-01
-4.974659607617232804e-01
-4.997001246868866819e-01
-5.019268248216629535e-01
-5.041461632352149946e-01
-5.063581483156625040e-01
-5.085628809115111393e-01
-5.107603670503917392e-01
-5.129507064510647751e-01
-5.151339028679999821e-01
-5.173100549750216937e-01
-5.194791643348679600e-01
-5.216413286555787732e-01
-5.237965473842070008e-01
-5.259449173369816766e-01
-5.280864359163686128e-01
-5.302211991160289406e-01
-5.323492023604028400e-01
-5.344705408854911743e-01
-5.365852082000740486e-01
-5.386932988433588143e-01
-5.407948044669979026e-01
-5.428898189706174993e-01
-5.449783322037067279e-01
-5.470604374800950298e-01
-5.491361228987902132e-01
-5.512054812384582503e-01
-5.532684988962788264e-01
-5.553252681634890386e-01
-5.573757737812728985e-01
-5.594201075984340799e-01
-5.614582527433803483e-01
-5.634903006650185953e-01
-5.655162329197932491e-01
-5.675361405968537554e-01
-5.695500037192167131e-01
-5.715579130543232411e-01
-5.735598471282000732e-01
-5.755558964225564456e-01
-5.775460380009276307e-01
-5.795303620933776045e-01
-5.815088443336426938e-01
-5.834815747324819668e-01
-5.854485275247803822e-01
-5.874097925327197434e-01
-5.893653426216836078e-01
-5.913152674544557286e-01
-5.932595385547955180e-01
-5.951982454538039535e-01
-5.971313583601079999e-01
-5.990589666995378426e-01
-6.009810393907348836e-01
-6.028976657793472249e-01
-6.048088135180000879e-01
-6.067145718961243217e-01
-6.086149073230766593e-01
-6.105099090548813390e-01
-6.123995422793597765e-01
-6.142838962408860848e-01
-6.161629349264261535e-01
-6.180367475894977813e-01
-6.199052970359056891e-01
-6.217686725481875731e-01
-6.236268357697986042e-01
-6.254798760312715311e-01
-6.273277538316668345e-01
-6.291705585676832246e-01
-6.310082496111054651e-01
-6.328409164421794353e-01
-6.346685173218167275e-01
-6.364911418304741719e-01
-6.383087471338102503e-01
-6.401214229284256652e-01
-6.419291252997557651e-01
-6.437319440758260125e-01
-6.455298342761461861e-01
-6.473228858748567571e-01
-6.491110528392757262e-01
-6.508944253037252103e-01
-6.526729561964677018e-01
-6.544467358255352529e-01
-6.562157160927104549e-01
-6.579799874927513281e-01
-6.597395009130181398e-01
-6.614943470474570208e-01
-6.632444757806091884e-01
-6.649899780176290465e-01
-6.667308026513107944e-01
-6.684670408095925165e-01
-6.701986404041661016e-01
-6.719256927968686455e-01
-6.736481449285649514e-01
-6.753660884056752467e-01
-6.770794692080243093e-01
-6.787883791970006353e-01
-6.804927634007998938e-01
-6.821927139457421019e-01
-6.838881749174663405e-01
-6.855792387168108126e-01
-6.872658484955768143e-01
-6.889480969383948716e-01
-6.906259262716081260e-01
-6.922994294726056985e-01
-6.939685478503190286e-01
-6.956333746835012821e-01
-6.972938503714566361e-01
-6.989500685026959204e-01
-7.006019685743106740e-01
-7.022496444926283887e-01
-7.038930348597434161e-01
-7.055322339075993376e-01
-7.071671793502043446e-01
-7.087979657526669586e-01
-7.104245299475971942e-01
-7.120469668405694508e-01
-7.136652123891721322e-01
-7.152793618465556058e-01
-7.168893503014940327e-01
-7.184952733615560527e-01
-7.200970652526381688e-01
-7.216948219433703127e-01
-7.232884768025357181e-01
-7.248781261662600173e-01
-7.264637025517655111e-01
-7.280453026689049922e-01
-7.296228581886644582e-01
-7.311964662007219840e-01
-7.327660575349610461e-01
-7.343317296667430938e-01
-7.358934125898585199e-01
-7.374512041710368226e-01
-7.390050335727780251e-01
-7.405549990587224629e-01
-7.421010289646975400e-01
-7.436432219566629920e-01
-7.451815055482362560e-01
-7.467159788129122955e-01
-7.482465684464064681e-01
-7.497733739348841908e-01
-7.512963211602979863e-01
-7.528155100264080080e-01
-7.543308656054436012e-01
-7.558424882235751374e-01
-7.573503021472043351e-01
-7.588544081295841570e-01
-7.603547296350330331e-01
-7.618513678484546414e-01
-7.633442454357135531e-01
-7.648334640178003907e-01
-7.663189454656220700e-01
-7.678007918405905796e-01
-7.692789242220309243e-01
-7.707534451159980815e-01
-7.722242748135002000e-01
-7.736915162693329684e-01
-7.751550889893649154e-01
-7.766150963811555563e-01
-7.780714571684327341e-01
-7.795242752154581956e-01
-7.809734684667878346e-01
-7.824191412471728224e-01
-7.838612107248317251e-01
-7.852997816887737903e-01
-7.867347705336221741e-01
-7.881662825162426556e-01
-7.895942332603522740e-01
-7.910187284942324926e-01
-7.924396830732484132e-01
-7.938572032005810630e-01
-7.952712029657018622e-01
-7.966817890501018962e-01
-7.980888747797720839e-01
-7.994925673178202574e-01
-8.008927792290604364e-01
-8.022896181614613820e-01
-8.036829959209164098e-01
-8.050730206434379976e-01
-8.064596033781393780e-01
-8.078428527521821501e-01
-8.092226790600053343e-01
-8.105991914229503381e-01
-8.119722993827934721e-01
-8.133421125580649891e-01
-8.147085397398042828e-01
-8.160716910466356833e-01
-8.174314745207607036e-01
-8.187880007837616825e-01
-8.201411771308018128e-01
-8.214911146892431848e-01
-8.228377200089505017e-01
-8.241811047258091882e-01
-8.255211746460966449e-01
-8.268580419169034856e-01
-8.281916116025431762e-01
-8.295219963639796079e-01
-8.308491005251268380e-01
-8.321730372634131845e-01
-8.334937101638683066e-01
-8.348112329229399053e-01
-8.361255083882495054e-01
-8.374366507777364355e-01
-8.387445622030510473e-01
-8.400493574060832191e-01
-8.413509377638439535e-01
-8.426494185446179452e-01
-8.439447003920752532e-01
-8.452368991032572776e-01
-8.465259145897791049e-01
-8.478118631797725291e-01
-8.490946440539870466e-01
-8.503743740739395651e-01
-8.516509516907104782e-01
-8.529244943014543390e-01
-8.541948996286827800e-01
-8.554622856074108883e-01
-8.567265492326862075e-01
-8.579878089795661689e-01
-8.592459611166542999e-01
-8.605011246612095377e-01
-8.617531951563947024e-01
-8.630022921637824362e-01
-8.642483105020540846e-01
-8.654913702791950936e-01
-8.667313655903150504e-01
-8.679684170918504638e-01
-8.692024181562365559e-01
-8.704334899903996003e-01
-8.716615252449309015e-01
-8.728866456792380157e-01
-8.741087432228844545e-01
-8.753279401897293699e-01
-8.765441277890730909e-01
-8.777574288911736966e-01
-8.789677339858197325e-01
-8.801751665015578041e-01
-8.813796162093818776e-01
-8.825812070980429969e-01
-8.837798282203790379e-01
-8.849756041272170970e-01
-8.861684231538855538e-01
-8.873584104151335250e-01
-8.885454535294020628e-01
-8.897296781771469876e-01
-8.909109712605250975e-01
-8.920894590275053604e-01
-8.932650276644836795e-01
-8.944378039887286302e-01
-8.956076734714196741e-01
-8.967747635008549434e-01
-8.979389588334750760e-01
-8.991003874303784560e-01
-9.002589333337166488e-01
-9.014147250790973676e-01
-9.025676459948351882e-01
-9.037178251927323602e-01
-9.048651452876772527e-01
-9.060097359693604080e-01
-9.071514791396126931e-01
-9.082905050676676195e-01
-9.094266949426822455e-01
-9.105601796150548655e-01
-9.116908395616344363e-01
-9.128188062155978555e-01
-9.139439593417512109e-01
-9.150664309577162259e-01
-9.161861001165552132e-01
-9.173030994218785983e-01
-9.184173072152808093e-01
-9.195288566879945558e-01
-9.206376254703356743e-01
-9.217437473427106953e-01
-9.228470992244238724e-01
-9.239478154865787829e-01
-9.250457723376908081e-01
-9.261411047410841313e-01
-9.272336881946240394e-01
-9.283236582554512673e-01
-9.294108897109102374e-01
-9.304955187134225092e-01
-9.315774193399960490e-01
-9.326567283398469188e-01
-9.337333190797284521e-01
-9.348073289071301417e-01
-9.358786304786823607e-01
-9.369473617416067546e-01
-9.380133946424592528e-01
-9.390768677297219869e-01
-9.401376522398924296e-01
-9.411958873241417223e-01
-9.422514435090004747e-01
-9.433044605497482582e-01
-9.443548082629572571e-01
-9.454026270094896267e-01
-9.464477858959270407e-01
-9.474904258901194476e-01
-9.485304153886877643e-01
-9.495678959678708342e-01
-9.506027353142703085e-01
-9.516350756139554390e-01
-9.526647838434451065e-01
-9.536920028000263061e-01
-9.547165987500728646e-01
-9.557387151034737460e-01
-9.567582174163956621e-01
-9.577752497127111075e-01
-9.587896768382286883e-01
-9.598016434322134138e-01
-9.608110136300387349e-01
-9.618179326876784563e-01
-9.628222640299159973e-01
-9.638241535308520458e-01
-9.648234639045065730e-01
-9.658203416444384182e-01
-9.668146487537800926e-01
-9.678065323468840742e-01
-9.687958537157951300e-01
-9.697827605970090747e-01
-9.707671135712829802e-01
-9.717490609986109140e-01
-9.727284627482526425e-01
-9.737054678050186540e-01
-9.746799353264323784e-01
-9.756520149234487738e-01
-9.766215650416406602e-01
-9.775887359194197490e-01
-9.785533852901326934e-01
-9.795156640209800036e-01
-9.804754291328200422e-01
-9.814328321229287555e-01
-9.823877292994087629e-01
-9.833402727909249519e-01
-9.842903181925088951e-01
-9.852380182655458007e-01
-9.861832278916683459e-01
-9.871261004662557070e-01
-9.880664901572442371e-01
-9.890045509953048208e-01
-9.899401364343531906e-01
-9.908734011416223675e-01
-9.918041978566451977e-01
-9.927326818845156886e-01
-9.936587052500269746e-01
-9.945824238974212417e-01
-9.955036891363694407e-01
-9.964226575515505724e-01
-9.973391797371162770e-01
-9.982534129194505779e-01
-9.991652069768172106e-01
-1.000074719778557331e+00
-1.000981800486624884e+00
-1.001886607614622671e+00
-1.002788989607752201e+00
-1.003689105625137801e+00
-1.004586803394804884e+00
-1.005482242722659736e+00
-1.006375270619114692e+00
-1.007266047538130538e+00
-1.008154419772022026e+00
-1.009040548424087413e+00
-1.009924279068071140e+00
-1.010805773457839951e+00
-1.011684876448111670e+00
-1.012561750444592512e+00
-1.013436239582478526e+00
-1.014308506920560848e+00
-1.015178395874000827e+00
-1.016046070155941283e+00
-1.016911372460995722e+00
-1.017774467157890772e+00
-1.018635196220207817e+00
-1.019493724673526724e+00
-1.020349893769779470e+00
-1.021203869192678360e+00
-1.022055491472003697e+00
-1.022904926950818583e+00
-1.023752015436200313e+00
-1.024596923931814896e+00
-1.025439491521447311e+00
-1.026279885870647224e+00
-1.027117945339320881e+00
-1.027953838256137953e+00
-1.028787402256543748e+00
-1.029618806333575165e+00
-1.030447887397629270e+00
-1.031274815107340093e+00
-1.032099425647452939e+00
-1.032921889343469291e+00
-1.033742041653818999e+00
-1.034560053572164406e+00
-1.035375759829972875e+00
-1.036189332090290183e+00
-1.037000604357031008e+00
-1.037809748963834267e+00
-1.038616599186424683e+00
-1.039421328030295522e+00
-1.040223768042297436e+00
-1.041024092901057463e+00
-1.041822134423851409e+00
-1.042618066963711732e+00
-1.043411721607656828e+00
-1.044203273384378239e+00
-1.044992552649953277e+00
-1.045779735109942488e+00
-1.046564650388809969e+00
-1.047347474870287343e+00
-1.048128037446465877e+00
-1.048906515180480392e+00
-1.049682736231379421e+00
-1.050456878342943545e+00
-1.051228768940429381e+00
-1.051998586449538031e+00
-1.052766157561005000e+00
-1.053531661383712015e+00
-1.054294923873097867e+00
-1.055056124822492780e+00
-1.055815089451315636e+00
-1.056571998238577059e+00
-1.057326675666895976e+00
-1.058079302902264596e+00
-1.058829703689700974e+00
-1.059578059883467427e+00
-1.060324194490182892e+00
-1.061068290053619689e+00
-1.061810168841230473e+00
-1.062550014087586980e+00
-1.063287647320164009e+00
-1.064023252465572167e+00
-1.064756650310503705e+00
-1.065488025474897738e+00
-1.066217198003843736e+00
-1.066944353211890961e+00
-1.067669310401674787e+00
-1.068392255583627826e+00
-1.069113007317126884e+00
-1.069831752309753137e+00
-1.070548308376729540e+00
-1.071262862924129422e+00
-1.071975233022175455e+00
-1.072685606776659473e+00
-1.073393800511956098e+00
-1.074100003034893946e+00
-1.074804029923088988e+00
-1.075506070685704252e+00
-1.076205940152735296e+00
-1.076903828536953212e+00
-1.077599549919837862e+00
-1.078293295219074688e+00
-1.078984877766717698e+00
-1.079674489186684294e+00
-1.080361942060662717e+00
-1.081047428720114167e+00
-1.081730760995460283e+00
-1.082412131926991039e+00
-1.083091352592927548e+00
-1.083768616743722157e+00
-1.084443734704455542e+00
-1.085116900937024731e+00
-1.085787925012446475e+00
-1.086457002105378544e+00
-1.087123941031791885e+00
-1.087788937680463031e+00
-1.088451800111351009e+00
-1.089112724928633869e+00
-1.089771519435303038e+00
-1.090428380952296772e+00
-1.091083116024617494e+00
-1.091735922691303262e+00
-1.092386606738384058e+00
-1.093035366924322238e+00
-1.093682008275190132e+00
-1.094326730270200665e+00
-1.094969337174458213e+00
-1.095610029189273638e+00
-1.096248609817771058e+00
-1.096885279984698869e+00
-1.097519842430153769e+00
-1.098152498803702803e+00
-1.098783051081384521e+00
-1.099411701638911776e+00
-1.100038251687222246e+00
-1.100662904329554603e+00
-1.101285460010683170e+00
-1.101906122562724466e+00
-1.102524691663235190e+00
-1.103141371874591048e+00
-1.103755962106045097e+00
-1.104368667651591140e+00
-1.104979286651127657e+00
-1.105588025131626129e+00
-1.106194680462538882e+00
-1.106799459405201524e+00
-1.107402158557539096e+00
-1.108002985416627784e+00
-1.108601735807718702e+00
-1.109198617965061473e+00
-1.109793426940136163e+00
-1.110386371705719410e+00
-1.110977246538399354e+00
-1.111566261150900958e+00
-1.112153209043777347e+00
-1.112738300671105574e+00
-1.113321328756273987e+00
-1.113902504496097956e+00
-1.114481619835661297e+00
-1.115058886715950770e+00
-1.115634096302564160e+00
-1.116207461282081148e+00
-1.116778772039459744e+00
-1.117348242008283865e+00
-1.117915660791684473e+00
-1.118481242571703005e+00
-1.119044776168468536e+00
-1.119606476513879345e+00
-1.120166131643869134e+00
-1.120723957241657409e+00
-1.121279740557790339e+00
-1.121833698028225301e+00
-1.122385616116894580e+00
-1.122935712013984455e+00
-1.123483771395584085e+00
-1.124030012207542173e+00
-1.124574219336893055e+00
-1.125116611486602247e+00
-1.125656972753416252e+00
-1.126195522598884446e+00
-1.126732044328216720e+00
-1.127266758163015803e+00
-1.127799446615706191e+00
-1.128330330669409465e+00
-1.128859192042507065e+00
-1.129386252481136221e+00
-1.129911292908337472e+00
-1.130434535834764054e+00
-1.130955761386844394e+00
-1.131475192841221888e+00
-1.131992609526425664e+00
-1.132508235486624937e+00
-1.133021849251116597e+00
-1.133533675633062510e+00
-1.134043492361275440e+00
-1.134551525019454665e+00
-1.135057550534554816e+00
-1.135561795262296947e+00
-1.136064035326512123e+00
-1.136564497856479727e+00
-1.137062958171520810e+00
-1.137559644176019402e+00
-1.138054330383462931e+00
-1.138547245474850644e+00
-1.139038163156486538e+00
-1.139527312887548272e+00
-1.140014467565780842e+00
-1.140499857430094188e+00
-1.140983254568282534e+00
-1.141464890000531307e+00
-1.141944535003373007e+00
-1.142422421379790221e+00
-1.142898319593625978e+00
-1.143372462232283837e+00
-1.143844618945495162e+00
-1.144315023106642570e+00
-1.144783443549957980e+00
-1.145250114436400235e+00
-1.145714803783260516e+00
-1.146177746540641085e+00
-1.146638709907516596e+00
-1.147097929624714130e+00
-1.147555172071410778e+00
-1.148010673780796909e+00
-1.148464200310807648e+00
-1.148915988988598702e+00
-1.149365804549419723e+00
-1.149813885115979373e+00
-1.150259994599372115e+00
-1.150704371919533564e+00
-1.151146780161910188e+00
-1.151587459045260164e+00
-1.152026170827913365e+00
-1.152463156029099656e+00
-1.152898176078537729e+00
-1.153331472297558502e+00
-1.153762805285781345e+00
-1.154192417168288021e+00
-1.154620067713078457e+00
-1.155045999850641714e+00
-1.155469972515840160e+00
-1.155892229446245478e+00
-1.156312528742041934e+00
-1.156731114949552941e+00
-1.157147745332745004e+00
-1.157562665248370815e+00
-1.157975631122629245e+00
-1.158386889124416896e+00
-1.158796194840574945e+00
-1.159203795253820779e+00
-1.159609445110107551e+00
-1.160013392207659422e+00
-1.160415390449956785e+00
-1.160815688452455197e+00
-1.161214039274558241e+00
-1.161610692350665941e+00
-1.162005399894514568e+00
-1.162398412161193439e+00
-1.162789480517137264e+00
-1.163178856039845943e+00
-1.163566289246855678e+00
-1.163952032039823337e+00
-1.164335834085738375e+00
-1.164717948112164336e+00
-1.165098122933919456e+00
-1.165476612106228327e+00
-1.165853163590079067e+00
-1.166228031770125684e+00
-1.166600963751853737e+00
-1.166972214751140546e+00
-1.167341531016305334e+00
-1.167709168596196223e+00
-1.168074872880299431e+00
-1.168438900752258425e+00
-1.168800996741000686e+00
-1.169161418566750266e+00
-1.169519909896196141e+00
-1.169876729287954165e+00
-1.170231619544760848e+00
-1.170584840065424403e+00
-1.170936132787008033e+00
-1.171285757950371487e+00
-1.171633456625136072e+00
-1.171979489896036952e+00
-1.172323597963538688e+00
-1.172666042758083282e+00
-1.173006563609216402e+00
-1.173345423294924972e+00
-1.173682360272114034e+00
-1.174017638168177058e+00
-1.174350994565528827e+00
-1.174682693942871836e+00
-1.175012473006396219e+00
-1.175340597087936922e+00
-1.175666802015653101e+00
-1.175991353976455711e+00
-1.176313987918610415e+00
-1.176634970885992004e+00
-1.176954036945201176e+00
-1.177271453998965267e+00
-1.177586955230374821e+00
-1.177900809402910642e+00
-1.178212748814343902e+00
-1.178523043090842659e+00
-1.178831423642944687e+00
-1.179138160961473281e+00
-1.179442985567906943e+00
-1.179746168819609586e+00
-1.180047440347124832e+00
-1.180347072376342954e+00
-1.180644793644971324e+00
-1.180940877249383458e+00
-1.181235051032554662e+00
-1.181527588963314113e+00
-1.181818217987999908e+00
-1.182107212949859987e+00
-1.182394299896684764e+00
-1.182679754548143780e+00
-1.182963302051518895e+00
-1.183245219004916748e+00
-1.183525229653172195e+00
-1.183803611474821160e+00
-1.184080087810323922e+00
-1.184354937020646981e+00
-1.184627881539896510e+00
-1.184899200613516612e+00
-1.185168615767266509e+00
-1.185436407133116932e+00
-1.185702295326490407e+00
-1.185966561367938432e+00
-1.186228924960536446e+00
-1.186489668015462184e+00
-1.186748509321434719e+00
-1.187005731682369225e+00
-1.187261052970559172e+00
-1.187514756884713751e+00
-1.187766560378718639e+00
-1.188016748048151161e+00
-1.188265035926412638e+00
-1.188511709508057290e+00
-1.188756483903975258e+00
-1.188999645509790870e+00
-1.189240908511771222e+00
-1.189480560208764803e+00
-1.189718313860322896e+00
-1.189954457670647114e+00
-1.190188703970489037e+00
-1.190421341871527705e+00
-1.190652082773610010e+00
-1.190881216698055800e+00
-1.191108454111647008e+00
-1.191334085947544308e+00
-1.191557821737330158e+00
-1.191779953328158559e+00
-1.192000189314263547e+00
-1.192218822458992022e+00
-1.192435560417057561e+00
-1.192650696870208860e+00
-1.192863938531453449e+00
-1.193075580003139180e+00
-1.193285327054414147e+00
-1.193493475210421817e+00
-1.193699729294231515e+00
-1.193904385756054731e+00
-1.194107148470645141e+00
-1.194308314815504035e+00
-1.194507587714851660e+00
-1.194705265475787481e+00
-1.194901050069713699e+00
-1.195095240735554620e+00
-1.195287538489697932e+00
-1.195478243505152971e+00
-1.195667055841019177e+00
-1.195854276606700184e+00
-1.196039604901689035e+00
-1.196223342774107801e+00
-1.196405188361558070e+00
-1.196585444653173846e+00
-1.196763808822365327e+00
-1.196940584801599483e+00
-1.197115468797756987e+00
-1.197288765689011658e+00
-1.197460170713361416e+00
-1.197629989697034159e+00
-1.197797916906779392e+00
-1.197964259119248975e+00
-1.198128709627607424e+00
-1.198291576161272909e+00
-1.198452551037438418e+00
-1.198611942940706721e+00
-1.198769443209889207e+00
-1.198925361487178654e+00
-1.199079388130580348e+00
-1.199231833742285591e+00
-1.199382387697117913e+00
-1.199531361559661224e+00
-1.199678443719093268e+00
-1.199823946704857702e+00
-1.199967557918024452e+00
-1.200109590855372943e+00
-1.200249731927378605e+00
-1.200388295600609556e+00
-1.200524967292467604e+00
-1.200660062441785580e+00
-1.200793265470423643e+00
-1.200924892791972454e+00
-1.201054627830181909e+00
-1.201182787975915156e+00
-1.201309055652350910e+00
-1.201433749230097270e+00
-1.201556550129179834e+00
-1.201677777702536698e+00
-1.201797112364473730e+00
-1.201914874452795434e+00
-1.202030743373498467e+00
-1.202145040451839231e+00
-1.202257444082916127e+00
-1.202368276581977868e+00
-1.202477215330637783e+00
-1.202584583636722382e+00
-1.202690057865732021e+00
-1.202793962320683807e+00
-1.202895972348324571e+00
-1.202996413249471042e+00
-1.203094959349453097e+00
-1.203191936949523200e+00
-1.203287019350929521e+00
-1.203380533857997259e+00
-1.203472152745208135e+00
-1.203562204322615958e+00
-1.203650359835232164e+00
-1.203736948601506818e+00
-1.203821640834276119e+00
-1.203904766863060471e+00
-1.203985995865758829e+00
-1.204065659185716619e+00
-1.204143424963106002e+00
-1.204219625557791717e+00
-1.204293928069525954e+00
-1.204366665877369291e+00
-1.204437505037830425e+00
-1.204506779951972861e+00
-1.204574155630238730e+00
-1.204639967498444486e+00
-1.204703879518144838e+00
-1.204766228142707618e+00
-1.204826676281952613e+00
-1.204885561419552831e+00
-1.204942545410745858e+00
-1.204997966772342943e+00
-1.205051486302145536e+00
-1.205103443552883347e+00
-1.205153498262014899e+00
-1.205201991021050967e+00
-1.205248580504195921e+00
-1.205293608344590428e+00
-1.205336732150254386e+00
-1.205378294598832500e+00
-1.205417952229216993e+00
-1.205456048766414767e+00
-1.205492239677237398e+00
-1.205526869736976758e+00
-1.205559593337352409e+00
-1.205590756306855305e+00
-1.205620011959109616e+00
-1.205647707178770123e+00
-1.205673494198338913e+00
-1.205697720961524499e+00
-1.205720038616703071e+00
-1.205740796169634921e+00
-1.205759643681466375e+00
-1.205776931222992010e+00
-1.205792307765078952e+00
-1.205806124446530125e+00
-1.205818029144819725e+00
-1.205828374069816356e+00
-1.205836806002464234e+00
-1.205843678226694582e+00
-1.205848636423822784e+00
-1.205852034954893570e+00
-1.205853518398422031e+00
-1.205853442195606862e+00
-1.205851449819032029e+00
-1.205847897793116186e+00
-1.205842428481261441e+00
-1.205835399494290083e+00
-1.205826452083174960e+00
-1.205815944948205765e+00
-1.205803518224734194e+00
-1.205789531705669493e+00
-1.205773624407440847e+00
-1.205756157218728086e+00
-1.205736768033810247e+00
-1.205715818840249476e+00
-1.205692946406881738e+00
-1.205668513823373145e+00
-1.205642156729742620e+00
-1.205614239320969006e+00
-1.205584396104972145e+00
-1.205552992385228617e+00
-1.205519661534161902e+00
-1.205484769967010816e+00
-1.205447949917299644e+00
-1.205409568915328355e+00
-1.205369258052288561e+00
-1.205327385976796339e+00
-1.205283582634308903e+00
-1.205238217795034705e+00
-1.205190920255244214e+00
-1.205142060910049828e+00
-1.205091267403068045e+00
-1.205038911757638553e+00
-1.204984620461210909e+00
-1.204928766668724949e+00
-1.204870975707944103e+00
-1.204811621868765892e+00
-1.204750329315709134e+00
-1.204687473477006110e+00
-1.204622677350394966e+00
-1.204556317505832697e+00
-1.204488015770681431e+00
-1.204418149860062792e+00
-1.204346340427325801e+00
-1.204272966336213724e+00
-1.204197647062411614e+00
-1.204120762621738949e+00
-1.204041931308581725e+00
-1.203961534294294644e+00
-1.203879188688274704e+00
-1.203795276820926574e+00
-1.203709414612932571e+00
-1.203621985557265406e+00
-1.203532604382161031e+00
-1.203441655746698036e+00
-1.203348753182899022e+00
-1.203254282519508056e+00
-1.203157856088535871e+00
-1.203059860892005117e+00
-1.202959908058066407e+00
-1.202858385765613214e+00
-1.202754903935125297e+00
-1.202649851925959190e+00
-1.202542838447072659e+00
-1.202434254041915507e+00
-1.202323706204016629e+00
-1.202211586664600373e+00
-1.202097501697851012e+00
-1.201981844226418517e+00
-1.201864219301190140e+00
-1.201745021039987371e+00
-1.201623853266388098e+00
-1.201501111297093027e+00
-1.201376397724387424e+00
-1.201250109067591554e+00
-1.201121846683685712e+00
-1.200992008298332081e+00
-1.200860194029134353e+00
-1.200726802811926897e+00
-1.200591433520842966e+00
-1.200454486305655211e+00
-1.200315558792910853e+00
-1.200175052350163973e+00
-1.200032563352241510e+00
-1.199888494388317683e+00
-1.199742440577288072e+00
-1.199594805733824598e+00
-1.199445183716699059e+00
-1.199293979569958868e+00
-1.199140785888018756e+00
-1.198986008948213167e+00
-1.198829240076317415e+00
-1.198670886786878498e+00
-1.198510539132767283e+00
-1.198348605869669070e+00
-1.198184675773195984e+00
-1.198019158844166432e+00
-1.197851642576599929e+00
-1.197682538220405490e+00
-1.197511431983601327e+00
-1.197338736369241596e+00
-1.197164036294903644e+00
-1.196987745520813329e+00
-1.196809447669643367e+00
-1.196629557762856511e+00
-1.196447658123742652e+00
-1.196264165039079952e+00
-1.196078659528216681e+00
-1.195891559147354899e+00
-1.195702443607403742e+00
-1.195511731738058137e+00
-1.195319001937158898e+00
-1.195124674312123991e+00
-1.194928325943062974e+00
-1.194730378219247324e+00
-1.194530406898436370e+00
-1.194328834655934202e+00
-1.194125235922455230e+00
-1.193920034663554119e+00
-1.193712803978155934e+00
-1.193503969126285646e+00
-1.193293101870334105e+00
-1.193080628769052520e+00
-1.192866120243473382e+00
-1.192650004155387133e+00
-1.192431849579605352e+00
-1.192212085685252942e+00
-1.191990280196049135e+00
-1.191766863592776948e+00
-1.191541402243149195e+00
-1.191314327943974849e+00
-1.191085205701990501e+00
-1.190854468634372276e+00
-1.190621680381958036e+00
-1.190387275386644017e+00
-1.190150815918282978e+00
-1.189912737748014981e+00
-1.189672601769632854e+00
-1.189430845087871891e+00
-1.189187027215399706e+00
-1.188941586595071653e+00
-1.188694081353217191e+00
-1.188444951275299477e+00
-1.188193753096171701e+00
-1.187940927948387237e+00
-1.187686031170084311e+00
-1.187429505245474637e+00
-1.187170904110719682e+00
-1.186910671606239642e+00
-1.186648360260884827e+00
-1.186384415275908433e+00
-1.186118387767507887e+00
-1.185850724302355719e+00
-1.185580974578625435e+00
-1.185309586533060067e+00
-1.185036108440341129e+00
-1.184760989611957749e+00
-1.184483776893674234e+00
-1.184204920976397624e+00
-1.183923967271415023e+00
-1.183641367853807136e+00
-1.183356666694836523e+00
-1.183070317258489323e+00
-1.182781862070396706e+00
-1.182491755988254400e+00
-1.182199540086410261e+00
-1.181905670621056226e+00
-1.181609687209576043e+00
-1.181312047511483998e+00
-1.181012289681491190e+00
-1.180710872787305021e+00
-1.180407333515167245e+00
-1.180102132345864252e+00
-1.179794804491373084e+00
-1.179485811850471855e+00
-1.179174688155006478e+00
-1.178861896726721703e+00
-1.178546969811420375e+00
-1.178230372158781680e+00
-1.177911634522619488e+00
-1.177591223085587169e+00
-1.177268667103528177e+00
-1.176944434197090050e+00
-1.176618052118097113e+00
-1.176289989930304758e+00
-1.175959773875448811e+00
-1.175627874465477340e+00
-1.175293816425926563e+00
-1.174958071722110198e+00
-1.174620163557181129e+00
-1.174280565355000361e+00
-1.173938798790140181e+00
-1.173595338750217820e+00
-1.173249705374998841e+00
-1.172902375021120491e+00
-1.172552866287214224e+00
-1.172201657004234843e+00
-1.171848264223361413e+00
-1.171493167255228673e+00
-1.171135881597162420e+00
-1.170776888044811281e+00
-1.170415700535263781e+00
-1.170052801354642957e+00
-1.169687702873289492e+00
-1.169320888873232489e+00
-1.168951870151599293e+00
-1.168581131991841326e+00
-1.168208183611285200e+00
-1.167833511800384860e+00
-1.167456624190094550e+00
-1.167078009083401868e+00
-1.166697172518275538e+00
-1.166314604315920045e+00
-1.165929808914647481e+00
-1.165543277659517596e+00
-1.165154513382491652e+00
-1.164764008958245167e+00
-1.164371265605633754e+00
-1.163976777734725854e+00
-1.163580044944478864e+00
-1.163181563186224787e+00
-1.162780830432173396e+00
-1.162378344180790224e+00
-1.161973600770713100e+00
-1.161567099253475011e+00
-1.161158334327230035e+00
-1.160747806602602905e+00
-1.160335009130323281e+00
-1.159920444086149027e+00
-1.159503602866411409e+00
-1.159084989218150508e+00
-1.158664092876289686e+00
-1.158241419165314534e+00
-1.157816456151686157e+00
-1.157389710743573996e+00
-1.156960669331943414e+00
-1.156529840414957544e+00
-1.156096708700928843e+00
-1.155661784284394145e+00
-1.155224550183906240e+00
-1.154785518096779651e+00
-1.154344169344646120e+00
-1.153901017234145066e+00
-1.153455541382728100e+00
-1.153008256712948931e+00
-1.152558641130874362e+00
-1.152107211181604862e+00
-1.151653443052565562e+00
-1.151197854918115215e+00
-1.150739921239760655e+00
-1.150280161827929915e+00
-1.149818049410878951e+00
-1.149354105441987572e+00
-1.148887800908912071e+00
-1.148419658914962671e+00
-1.147949148699816568e+00
-1.147476795023725460e+00
-1.147002065371027557e+00
-1.146525486166072749e+00
-1.146046523130387573e+00
-1.145565704359623682e+00
-1.145082493805084978e+00
-1.144597421241010604e+00
-1.144109948841030677e+00
-1.143620608065372357e+00
-1.143128859302460443e+00
-1.142635235705993679e+00
-1.142139195871731516e+00
-1.141641274654389360e+00
-1.141140928849530223e+00
-1.140638695020560700e+00
-1.140134028155283419e+00
-1.139627466533584821e+00
-1.139118463327932540e+00
-1.138607558542558351e+00
-1.138094203527018067e+00
-1.137578940017842211e+00
-1.137061217534075519e+00
-1.136541579552613479e+00
-1.136019473754381615e+00
-1.135495445364838929e+00
-1.134968940219115208e+00
-1.134440505299492363e+00
-1.133909584587725172e+00
-1.133376726831293313e+00
-1.132841374150860947e+00
-1.132304077067645576e+00
-1.131764275833549771e+00
-1.131222522752115989e+00
-1.130678256198806020e+00
-1.130132030268209409e+00
-1.129583281451640442e+00
-1.129032565643584674e+00
-1.128479317443497720e+00
-1.127924094554691337e+00
-1.127366329677044643e+00
-1.126806582331797868e+00
-1.126244283311487404e+00
-1.125679993964474601e+00
-1.125113143168218199e+00
-1.124544294107505227e+00
-1.123972873736943434e+00
-1.123399447087192193e+00
-1.122823439182258465e+00
-1.122245416908227877e+00
-1.121664803350703954e+00
-1.121082167260885498e+00
-1.120496929778172612e+00
-1.119909661528743383e+00
-1.119319781697957872e+00
-1.118727862796877304e+00
-1.118133322049033485e+00
-1.117536733860477360e+00
-1.116937513485046107e+00
-1.116336237233989559e+00
-1.115732318383610755e+00
-1.115126335160691484e+00
-1.114517698856155370e+00
-1.113906989622772459e+00
-1.113293616758221916e+00
-1.112678162351867783e+00
-1.112060033700251083e+00
-1.111439814840115670e+00
-1.110816911058903678e+00
-1.110191908351640278e+00
-1.109564209988785022e+00
-1.108934403934598967e+00
-1.108301891434640307e+00
-1.107667262433598143e+00
-1.107029916144146364e+00
-1.106390444502693082e+00
-1.105748244681083570e+00
-1.105103910618843610e+00
-1.104456837438999361e+00
-1.103807621095782787e+00
-1.103155654655381790e+00
-1.102501536098438928e+00
-1.101844656426267388e+00
-1.101185615657782391e+00
-1.100523802721332212e+00
-1.099859819686122897e+00
-1.099193053399467379e+00
-1.098524107992955079e+00
-1.097852368224740971e+00
-1.097178440301100677e+00
-1.096501706882876626e+00
-1.095822776263443155e+00
-1.095141028998160460e+00
-1.094457075480028907e+00
-1.093770294150732347e+00
-1.093081297515602568e+00
-1.092389461894388569e+00
-1.091695401917577746e+00
-1.090998491774699986e+00
-1.090299348234378352e+00
-1.089597343347603609e+00
-1.088893096034242891e+00
-1.088185976198382754e+00
-1.087476604924375145e+00
-1.086764349960987808e+00
-1.086049834570452122e+00
-1.085332424337771329e+00
-1.084612744716551669e+00
-1.083890159119518026e+00
-1.083165295205369416e+00
-1.082437514205956575e+00
-1.081707445998817629e+00
-1.080974449626353140e+00
-1.080239157198914501e+00
-1.079500925560728852e+00
-1.078760389068991410e+00
-1.078016902361055074e+00
-1.077271102055189500e+00
-1.076522340573031533e+00
-1.075771256808226717e+00
-1.075017200957859353e+00
-1.074260814205411751e+00
-1.073501444514459946e+00
-1.072739735372933989e+00
-1.071975032501834457e+00
-1.071207981708278023e+00
-1.070437926461611733e+00
-1.069665514902966574e+00
-1.068890088240848968e+00
-1.068112296965388897e+00
-1.067331480014985567e+00
-1.066548290243840791e+00
-1.065762064310888935e+00
-1.064973457449657213e+00
-1.064181804030139400e+00
-1.063387761680528287e+00
-1.062590662472332248e+00
-1.061791166443857293e+00
-1.060988603358496318e+00
-1.060183635680260972e+00
-1.059375590854618299e+00
-1.058565133787020551e+00
-1.057751589595147257e+00
-1.056935625641695298e+00
-1.056116564706565564e+00
-1.055295076625660577e+00
-1.054470481830994233e+00
-1.053643452647682333e+00
-1.052813307149650157e+00
-1.051980720167431160e+00
-1.051145007406443899e+00
-1.050306846218921342e+00
-1.049465549931311914e+00
-1.048621798433947871e+00
-1.047774902663665353e+00
-1.046925545065360730e+00
-1.046073034175520222e+00
-1.045218055010221914e+00
-1.044359913694673736e+00
-1.043499297832832573e+00
-1.042635511127586456e+00
-1.041769243787581622e+00
-1.040899797082168732e+00
-1.040027863841597178e+00
-1.039152742890315118e+00
-1.038275129697216137e+00
-1.037394320630273148e+00
-1.036511013814145565e+00
-1.035624503148649955e+00
-1.034735489431420463e+00
-1.033843264082269009e+00
-1.032948530589095304e+00
-1.032050577879651376e+00
-1.031150112149560094e+00
-1.030246419822248072e+00
-1.029340209818560670e+00
-1.028430766045246303e+00
-1.027518800165929891e+00
-1.026603593558087502e+00
-1.025685860645862091e+00
-1.024764880264614320e+00
-1.023841369616817154e+00
-1.022914604982741560e+00
-1.021985306361040013e+00
-1.021052747463751631e+00
-1.020117651103688905e+00
-1.019179288411194317e+00
-1.018238385031363435e+00
-1.017294209499229662e+00
-1.016347490310320678e+00
-1.015397493390568728e+00
-1.014444950104150589e+00
-1.013489123753863019e+00
-1.012530748590888985e+00
-1.011569085280631608e+00
-1.010604870979716186e+00
-1.009637363701628709e+00
-1.008667303526975534e+00
-1.007693945802618840e+00
-1.006718033551763813e+00
-1.005738819439690124e+00
-1.004757049450881956e+00
-1.003771973553867491e+00
-1.002784340713214428e+00
-1.001793398185215178e+00
-1.000799897933450699e+00
-9.998030844863070588e-01
-9.988037128253342001e-01
-9.978010247350462825e-01
-9.967957782340770567e-01
-9.957872123468942682e-01
-9.947760881483542761e-01
-9.937616418864153589e-01
-9.927446377114375053e-01
-9.917243090781748815e-01
-9.907014232318230862e-01
-9.896752108169502016e-01
-9.886464421930756252e-01
-9.876143451773333748e-01
-9.865796932630893634e-01
-9.855417114225171193e-01
-9.845011763025431906e-01
-9.834573100125516554e-01
-9.824108923727520315e-01
-9.813611426117135883e-01
-9.803088437427867063e-01
-9.792532120953423291e-01
-9.781950338958318447e-01
-9.771335225557843396e-01
-9.760694675348757787e-01
-9.750020793078224557e-01
-9.739321505876725737e-01
-9.728588888931457568e-01
-9.717830902109683144e-01
-9.707039590843197230e-01
-9.696222947939973080e-01
-9.685372988878303557e-01
-9.674497739612343272e-01
-9.663589185465553122e-01
-9.652655385744558503e-01
-9.641688295413672893e-01
-9.630696007340083797e-01
-9.619670445921461033e-01
-9.608619737794150684e-01
-9.597535776578828282e-01
-9.586426722891508989e-01
-9.575284439362291566e-01
-9.564117120798237837e-01
-9.552916598621957744e-01
-9.541691102044793649e-01
-9.530432431061872656e-01
-9.519148849502963028e-01
-9.507832125712731841e-01
-9.496490558355082934e-01
-9.485115883897817790e-01
-9.473716436056169865e-01
-9.462283919191439852e-01
-9.450826702289057968e-01
-9.439336457370472999e-01
-9.427821588912086437e-01
-9.416273736359321855e-01
-9.404701339900881640e-01
-9.393096006166802292e-01
-9.381466211281856982e-01
-9.369803528817345351e-01
-9.358116471059559904e-01
-9.346396578274885902e-01
-9.334652399137829404e-01
-9.322875440359991162e-01
-9.311074287233210844e-01
-9.299240412660815247e-01
-9.287382438782821881e-01
-9.275491804437235865e-01
-9.263577168845011922e-01
-9.251629936518742658e-01
-9.239658803994426073e-01
-9.227655141195620914e-01
-9.215627682210097982e-01
-9.203567762105161476e-01
-9.191484152758579995e-01
-9.179368154110412181e-01
-9.167228576069453849e-01
-9.155056683174043197e-01
-9.142861323606817914e-01
-9.130633726226063951e-01
-9.118382777733656797e-01
-9.106099671026048892e-01
-9.093793331571792260e-01
-9.081454916019848778e-01
-9.069093388855284932e-01
-9.056699870190642043e-01
-9.044283363779777041e-01
-9.031834952905510860e-01
-9.019363680845451370e-01
-9.006860593756257360e-01
-8.994334774696340906e-01
-8.981777232395778965e-01
-8.969197089953803159e-01
-8.956585318369448823e-01
-8.943951081045691254e-01
-8.931285310942288502e-01
-8.918597212031247334e-01
-8.905877678921184648e-01
-8.893135956421366339e-01
-8.880362900473349752e-01
-8.867567796995098339e-01
-8.854741462940609598e-01
-8.841893225611024976e-01
-8.829013862649380817e-01
-8.816112743016939479e-01
-8.803180604717555369e-01
-8.790226858653373831e-01
-8.777242202856936348e-01
-8.764236090455403971e-01
-8.751199179173722031e-01
-8.738140964650624731e-01
-8.725052063963629756e-01
-8.711942015553381102e-01
-8.698801395505845191e-01
-8.685639785357381903e-01
-8.672447719853216830e-01
-8.659234823923597224e-01
-8.645991590620031308e-01
-8.632727688567263247e-01
-8.619433568766500242e-01
-8.606118943841604141e-01
-8.592774222381822646e-01
-8.579409161319099253e-01
-8.566014126464556178e-01
-8.552598919370899555e-01
-8.539153862701015507e-01
-8.525688802944574318e-01
-8.512194019241395848e-01
-8.498679403338907923e-01
-8.485135190474869527e-01
-8.471571317978943139e-01
-8.457977976802737441e-01
-8.444365150187456148e-01
-8.430722984409924070e-01
-8.417061508956488192e-01
-8.403370825035895164e-01
-8.389661008717403945e-01
-8.375922115743746899e-01
-8.362164269109563230e-01
-8.348377478688973063e-01
-8.334571914748932775e-01
-8.320737540887310768e-01
-8.306884574995059278e-01
-8.293002933981343805e-01
-8.279102883718154615e-01
-8.265174294007907596e-01
-8.251227479065321724e-01
-8.237252261163876543e-01
-8.223259003227291197e-01
-8.209237479572499829e-01
-8.195198102204318547e-01
-8.181130597049661723e-01
-8.167045425571800576e-01
-8.152932264869757750e-01
-8.138801626247434973e-01
-8.124643137532501225e-01
-8.110467360257540559e-01
-8.096263872529488870e-01
-8.082043286503596269e-01
-8.067795130111528046e-01
-8.053530066530353304e-01
-8.039237573056735586e-01
-8.024928364294321437e-01
-8.010591866438810937e-01
-7.996238845932077677e-01
-7.981858677397025703e-01
-7.967462179530904187e-01
-7.953038674906364180e-01
-7.938599034899359586e-01
-7.924132529549000603e-01
-7.909650083339603288e-01
-7.895140913287258533e-01
-7.880615997420943319e-01
-7.866064499237739316e-01
-7.851497450754035823e-01
-7.836903961446398670e-01
-7.822295117767624761e-01
-7.807659974665648317e-01
-7.793009673485927769e-01
-7.778333214132752138e-01
-7.763641793307676231e-01
-7.748924355350057525e-01
-7.734192152787743302e-01
-7.719434073866973112e-01
-7.704661427419570163e-01
-7.689863045063554114e-01
-7.675050292419709486e-01
-7.660211943936046097e-01
-7.645359422514729220e-01
-7.630481444884794628e-01
-7.615589491729781724e-01
-7.600672221503731452e-01
-7.585741173179286756e-01
-7.570784946371866830e-01
-7.555815138859672819e-01
-7.540820290848302410e-01
-7.525812059444821900e-01
-7.510778924866852169e-01
-7.495732604083182871e-01
-7.480661516736125671e-01
-7.465577440196969894e-01
-7.450468732939143912e-01
-7.435347233285269919e-01
-7.420201237937162908e-01
-7.405042646727488798e-01
-7.389859693975328048e-01
-7.374664341590588812e-01
-7.359444760890582193e-01
-7.344212976438490026e-01
-7.328957095922314924e-01
-7.313689207144020710e-01
-7.298397353525600817e-01
-7.283093686703061564e-01
-7.267766185187060080e-01
-7.252427065051996191e-01
-7.237064239242859687e-01
-7.221689988887146638e-01
-7.206292160699827587e-01
-7.190883101486619244e-01
-7.175450591059050476e-01
-7.160007042535917465e-01
-7.144540168142112790e-01
-7.129062447954922499e-01
-7.113561525919674944e-01
-7.098049949728448826e-01
-7.082515294343615375e-01
-7.066970175738847004e-01
-7.051402099180372751e-01
-7.035823749601660682e-01
-7.020222561848517007e-01
-7.004611290503864884e-01
-6.988977299258171128e-01
-6.973333413044811024e-01
-6.957666923653036406e-01
-6.941990727079638823e-01
-6.926292042455323150e-01
-6.910583837565481558e-01
-6.894853258113459171e-01
-6.879113344410613395e-01
-6.863351167952158605e-01
-6.847579842325391963e-01
-6.831786364025080882e-01
-6.815983920676972341e-01
-6.800159432970473983e-01
-6.784326163345701932e-01
-6.768470955869050343e-01
-6.752607148584289787e-01
-6.736721508104259737e-01
-6.720827448879687083e-01
-6.704911659226053811e-01
-6.688987630817758712e-01
-6.673041972815785261e-01
-6.657088254949414807e-01
-6.641113006354507631e-01
-6.625129875660761281e-01
-6.609125311093574373e-01
-6.593113041043890954e-01
-6.577079431927439490e-01
-6.561038292771823599e-01
-6.544975907268687498e-01
-6.528906165974337483e-01
-6.512815268926371859e-01
-6.496717189116945068e-01
-6.480598041984730884e-01
-6.464471883881705017e-01
-6.448324744686542154e-01
-6.432170765050809758e-01
-6.415995888316264883e-01
-6.399814340391403178e-01
-6.383611977087272349e-01
-6.367403110543616851e-01
-6.351173508029986925e-01
-6.334937568909840833e-01
-6.318680970882558645e-01
-6.302418201545999521e-01
-6.286134847983169127e-01
-6.269845487055508704e-01
-6.253535614164902334e-01
-6.237219896484510473e-01
-6.220883736651525719e-01
-6.204541893218802340e-01
-6.188179674956024723e-01
-6.171811932883148888e-01
-6.155423880779947732e-01
-6.139030463241700319e-01
-6.122616797915391151e-01
-6.106197924100658092e-01
-6.089758862147871543e-01
-6.073314747211414621e-01
-6.056850501160675471e-01
-6.040381356176961480e-01
-6.023892134441427570e-01
-6.007398166357490465e-01
-5.990884173189224837e-01
-5.974365584779720573e-01
-5.957827020223434022e-01
-5.941284010045102537e-01
-5.924721069893729153e-01
-5.908153832241316294e-01
-5.891566707991332530e-01
-5.874975432853508650e-01
-5.858364311660969603e-01
-5.841749184677209605e-01
-5.825114249314414794e-01
-5.808475451731848205e-01
-5.791816880544264912e-01
-5.775154589175548470e-01
-5.758472556039155865e-01
-5.741786943220082984e-01
-5.725081617499242492e-01
-5.708372851047071039e-01
-5.691644397552556578e-01
-5.674912640724756319e-01
-5.658161219671701270e-01
-5.641406631124544768e-01
-5.624632398091394814e-01
-5.607855131838871410e-01
-5.591058237725878843e-01
-5.574258443099007199e-01
-5.557439034086776308e-01
-5.540616855692918064e-01
-5.523775073201279140e-01
-5.506930650883057332e-01
-5.490066631530189367e-01
-5.473200100324985273e-01
-5.456313975885737078e-01
-5.439425465984687458e-01
-5.422517363349501629e-01
-5.405607000056996680e-01
-5.388677041190155226e-01
-5.371744944882005379e-01
-5.354793246780229499e-01
-5.337839532863036807e-01
-5.320866207512995327e-01
-5.303890986382113759e-01
-5.286896140718264636e-01
-5.269899517715863624e-01
-5.252883253577919076e-01
-5.235865328950610742e-01
-5.218827743039589073e-01
-5.201788611895428183e-01
-5.184729795730572688e-01
-5.167669547995689117e-01
-5.150589587869462971e-01
-5.133508308243996954e-01
-5.116407285177395625e-01
-5.099305053090452677e-01
-5.082183042787091765e-01
-5.065059932351420047e-01
-5.047917005150422964e-01
-5.030773085116264642e-01
-5.013609305945030403e-01
-4.996444639652332653e-01
-4.979260067978028559e-01
-4.962074713308204932e-01
-4.944869403087996385e-01
-4.927663412414903799e-01
-4.910437412044862948e-01
-4.893210832183923498e-01
-4.875964184447305061e-01
-4.858717056604096030e-01
-4.841449798617791789e-01
-4.824182158334276993e-01
-4.806894321494098454e-01
-4.789606198594500985e-01
-4.772297808518780604e-01
-4.754989227053340595e-01
-4.737660303524781069e-01
-4.720331281711925286e-01
-4.702981838618090493e-01
-4.685632388785150315e-01
-4.668262434056985044e-01
-4.650892562578309852e-01
-4.633502098126214275e-01
-4.616111805360366693e-01
-4.598700827009058467e-01
-4.581290107233030318e-01
-4.563858604653385220e-01
-4.546427445995217531e-01
-4.528975402634115022e-01
-4.511523787002748587e-01
-4.494051180010894542e-01
-4.476579083023731753e-01
-4.459085883179743082e-01
-4.441593274087568544e-01
-4.424079445720670023e-01
-4.406566287329715670e-01
-4.389031788238601517e-01
-4.371498036829984946e-01
-4.353942818198454634e-01
-4.336388423444216267e-01
-4.318812429754678162e-01
-4.301237334630677589e-01
-4.283640503573059588e-01
-4.266044644268318642e-01
-4.248426906646058376e-01
-4.230810212468757991e-01
-4.213171492100772353e-01
-4.195533885380528516e-01
-4.177874098998897723e-01
-4.160215494984452200e-01
-4.142534552128523950e-01
-4.124854858881840114e-01
-4.107152661787367709e-01
-4.089451780072779208e-01
-4.071728223556735915e-01
-4.054006046725517343e-01
-4.036261018065637751e-01
-4.018517431936249884e-01
-4.000750810745485886e-01
-3.982985693477492650e-01
-3.965197351573001017e-01
-3.947410573536574985e-01
-3.929600374803111085e-01
-3.911791798441705548e-01
-3.893959598688635504e-01
-3.876129078376620574e-01
-3.858274725188609588e-01
-3.840422107081610803e-01
-3.822545439662318745e-01
-3.804670561541631524e-01
-3.786771410550641703e-01
-3.768874101659240305e-01
-3.750952289041588061e-01
-3.733032369913417692e-01
-3.715087708720260506e-01
-3.697144991001977132e-01
-3.679177285203478753e-01
-3.661211571466758685e-01
-3.643220615756086467e-01
-3.625231699301189603e-01
-3.607217278889219281e-01
-3.589204943539909265e-01
-3.571166833939273255e-01
-3.553130853827120572e-01
-3.535068820626234287e-01
-3.517008959964234016e-01
-3.498922758590624627e-01
-3.480838771436401413e-01
-3.462728146907198545e-01
-3.444619776913387388e-01
-3.426484463574097639e-01
-3.408351443727130059e-01
-3.390191164976916749e-01
-3.372033217322021881e-01
-3.353847685324561345e-01
-3.335664520677088518e-01
-3.317453436057010707e-01
-3.299244753698188926e-01
-3.281007805221521911e-01
-3.262773292578637907e-01
-3.244510156816345914e-01
-3.226249489125957992e-01
-3.207959830099230136e-01
-3.189672670053416148e-01
-3.171356138859997009e-01
-3.153042136231411496e-01
-3.134698370652209132e-01
-3.116357161900777939e-01
-3.097985785983818352e-01
-3.079616993840841865e-01
-3.061217617462287377e-01
-3.042820850491103069e-01
-3.024393068892499148e-01
-3.005967921025252121e-01
-2.987511314322925937e-01
-2.969057364369907526e-01
-2.950571497037370872e-01
-2.932088308169269464e-01
-2.913572728488235120e-01
-2.895059847686968224e-01
-2.876514087167105216e-01
-2.857971044644943004e-01
-2.839394617407861032e-01
-2.820820925991544548e-01
-2.802213328117992286e-01
-2.783608482595655853e-01
-2.764969191432546380e-01
-2.746332667859986421e-01
-2.727661141284151713e-01
-2.708992396248596224e-01
-2.690288071883791265e-01
-2.671586541721077124e-01
-2.652848836105553554e-01
-2.634113936065914374e-01
-2.615342243765084174e-01
-2.596573367127005261e-01
-2.577767059788024229e-01
-2.558963576911568172e-01
-2.540122002254067701e-01
-2.521283259571768243e-01
-2.502405740311215432e-01
-2.483531059250144168e-01
-2.464616891945108912e-01
-2.445705567774669464e-01
-2.426754021594270394e-01
-2.407805322192523301e-01
-2.388815637595503028e-01
-2.369828802128332301e-01
-2.350800189446346777e-01
-2.331774426949528300e-01
-2.312706064865321653e-01
-2.293640552723080206e-01
-2.274531586635055724e-01
-2.255425468942962031e-01
-2.236275009203631814e-01
-2.217127395007278678e-01
-2.197934515024811963e-01
-2.178744476420398368e-01
-2.159508210608820922e-01
-2.140274780692933143e-01
-2.120994122256675274e-01
-2.101716292910116024e-01
-2.082390191445129268e-01
-2.063066910932785658e-01
-2.043694269825232224e-01
-2.024324440194471830e-01
-2.004904113795213383e-01
-1.985486588049460710e-01
-1.966017378599840271e-01
-1.946550957623555123e-01
-1.927031611905130337e-01
-1.907515041112267939e-01
-1.887944246787657820e-01
-1.868376212461959340e-01
-1.848752594071991773e-01
-1.829131719362503128e-01
-1.809453833937007816e-01
-1.789778674468215092e-01
-1.770045006703676871e-01
-1.750314045751897030e-01
-1.730523002701787327e-01
-1.710734645883812410e-01
-1.690884551096515365e-01
-1.671037120506825013e-01
-1.651126207540492830e-01
-1.631217935263478691e-01
-1.611244340489425275e-01
-1.591273361402389674e-01
-1.571235115999925769e-01
-1.551199459765437993e-01
-1.531094480789614576e-01
-1.510992062921108492e-01
-1.490818143304835086e-01
-1.470646755167419883e-01
-1.450401552495698410e-01
-1.430158850077941357e-01
-1.409839873939027488e-01
-1.389523365200820704e-01
-1.369127962880430927e-01
-1.348734993445628028e-01
-1.328260333685086225e-01
-1.307788070595716223e-01
-1.287231125074061178e-01
-1.266676538270057883e-01
-1.246034060396844084e-01
-1.225393901504434058e-01
-1.204662402016511702e-01
-1.183933179941622921e-01
-1.163108898677916170e-01
-1.142286851376112938e-01
-1.121365724450767293e-01
-1.100446786095430202e-01
-1.079424407491410137e-01
-1.058404170061818111e-01
-1.037275746406265547e-01
-1.016149414456518352e-01
-9.949097113927186931e-02
-9.736720484164526623e-02
-9.523153265246792065e-02
-9.309605908681038711e-02
-9.094805284575498139e-02
-8.880023961014929523e-02
-8.663919953261396689e-02
-8.447834659911594712e-02
-8.230349375287297764e-02
-8.012882193408017717e-02
-7.793928391394630562e-02
-7.574992053626559974e-02
-7.354471344519965259e-02
-7.133967432807455933e-02
-6.911767979132191209e-02
-6.689584625928512995e-02
-6.465578163258266231e-02
-6.241587072087723814e-02
-6.015624977133651047e-02
-5.789677490352310857e-02
-5.561585482174126460e-02
-5.333507281788382737e-02
-5.103078105392924724e-02
-4.872661896146557314e-02
-4.639644926788139695e-02
-4.406640039793451730e-02
-4.170725996909967898e-02
-3.934823102703622483e-02
-3.695620613718058473e-02
-3.456428284829360376e-02
-3.213426030195116329e-02
-2.970432884437329904e-02
-2.722934217185259131e-02
-2.475443534547263139e-02
-2.222442992701195719e-02
-1.969449223454147746e-02
-1.709367929716398490e-02
-1.449292086421489524e-02
-1.179289821055074308e-02
-9.092915354609994172e-03
-6.227444316380980824e-03
-3.361996060917733006e-03
-2.255502513384067945e-16
