9.727221247881634037e-16
-6.151135052318067453e-01
-1.202633335251591884e+00
-1.739140834170172178e+00
-2.208303407859361300e+00
-2.601875537506276537e+00
-2.918948822646116437e+00
-3.164135888471379054e+00
-3.345455788044995327e+00
-3.472467990661398218e+00
-3.554903105042032774e+00
-3.601811165285396577e+00
-3.621129856410859826e+00
-3.619543595401393699e+00
-3.602517791979145123e+00
-3.574423619144893483e+00
-3.538697508584254692e+00
-3.498003706980168825e+00
-3.454382919237668048e+00
-3.409380884412038792e+00
-3.364154991669840111e+00
-3.319561068264311743e+00
-3.276222280085207217e+00
-3.234583785102641773e+00
-3.194955127547439933e+00
-3.157543591860662691e+00
-3.122479705892077018e+00
-3.089837445371947933e+00
-3.059649597488570905e+00
-3.031920362229835408e+00
-3.006635064136714330e+00
-2.983768499747172953e+00
-2.963290862949116367e+00
-2.945171910916086766e+00
-2.929381663413370696e+00
-2.915888616114834075e+00
-2.904654795928496736e+00
-2.895630196288067282e+00
-2.888746953241506876e+00
-2.883916072306281553e+00
-2.881026228326924343e+00
-2.879946173465474324e+00
-2.880528796880827080e+00
-2.882617411860707968e+00
-2.886051761087316869e+00
-2.890674432011341555e+00
-2.896335490917082645e+00
-2.902896647755203396e+00
-2.910233221145089644e+00
-2.918235718569706094e+00
-2.926809509689071831e+00
-2.935874627575646212e+00
-2.945364136581544834e+00
-2.955223139144733224e+00
-2.965406708046507855e+00
-2.975878799526540330e+00
-2.986610269450983512e+00
-2.997578045218956433e+00
-3.008763438762256381e+00
-3.020151682284900829e+00
-3.031730565486967066e+00
-3.043490310798589338e+00
-3.055422479287990267e+00
-3.067520113918467572e+00
-3.079776837380099330e+00
-3.092187188270699494e+00
-3.104745841528704364e+00
-3.117448076114706534e+00
-3.130289065253686331e+00
-3.143264431339066078e+00
-3.156369569574892342e+00
-3.169600260683187898e+00
-3.182952004525474887e+00
-3.196420672238563299e+00
-3.210001835602050324e+00
-3.223691447734954973e+00
-3.237485160016143837e+00
-3.251379025267584488e+00
-3.265368797793768874e+00
-3.279450655890236099e+00
-3.293620482798061744e+00
-3.307874607065726558e+00
-3.322209063477442381e+00
-3.336620350727343975e+00
-3.351104672055650990e+00
-3.365658710174572299e+00
-3.380278847679226040e+00
-3.394961959387341022e+00
-3.409704612733257090e+00
-3.424503877765738835e+00
-3.439356507773529970e+00
-3.454259767195716702e+00
-3.469210592716903463e+00
-3.484206439321900550e+00
-3.499244422066763782e+00
-3.514322180474045432e+00
-3.529437001148556075e+00
-3.544586700671585877e+00
-3.559768729194018100e+00
-3.574981071953941658e+00
-3.590221333947354321e+00
-3.605487660164236274e+00
-3.620777801411142693e+00
-3.636090053336689998e+00
-3.651422303458515817e+00
-3.666772989030662178e+00
-3.682140125310502388e+00
-3.697522282306144881e+00
-3.712917594305934710e+00
-3.728324755532453683e+00
-3.743742010947666010e+00
-3.759168170832218436e+00
-3.774601582871717209e+00
-3.790041165673613044e+00
-3.805485362135020200e+00
-3.820933191905117265e+00
-3.836383186030866810e+00
-3.851834458369777003e+00
-3.867285621507166038e+00
-3.882735877122056589e+00
-3.898183913167457604e+00
-3.913629013190573769e+00
-3.929069934766922678e+00
-3.944506037775037832e+00
-3.959936144073646247e+00
-3.975359684731289089e+00
-3.990775540935140864e+00
-4.006183210175514375e+00
-4.021581628375280992e+00
-4.036970355028356217e+00
-4.052348376539015362e+00
-4.067715310314242494e+00
-4.083070189301062136e+00
-4.098412685033482994e+00
-4.113741873356516976e+00
-4.129057476428044104e+00
-4.144358609618713274e+00
-4.159645042469459320e+00
-4.174915926756408879e+00
-4.190171076405341921e+00
-4.205409676710954336e+00
-4.220631583209988769e+00
-4.235836012044308596e+00
-4.251022857794765741e+00
-4.266191364977833800e+00
-4.281341464842587818e+00
-4.296472427991155030e+00
-4.311584220141293500e+00
-4.326676135860778594e+00
-4.341748173299003533e+00
-4.356799649025441923e+00
-4.371830591733946392e+00
-4.386840338175552745e+00
-4.401828945839242557e+00
-4.416795769970116581e+00
-4.431740895230535493e+00
-4.446663693794259409e+00
-4.461564275992588868e+00
-4.476442029475217410e+00
-4.491297088846310182e+00
-4.506128855882925777e+00
-4.520937488165721163e+00
-4.535722400346352323e+00
-4.550483771777996900e+00
-4.565221028822592508e+00
-4.579934371487045297e+00
-4.594623236761109730e+00
-4.609287844264973621e+00
-4.623927640609275080e+00
-4.638542864059873594e+00
-4.653132969911146333e+00
-4.667698214174081706e+00
-4.682238059953992781e+00
-4.696752780168687025e+00
-4.711241844921471689e+00
-4.725705543255834584e+00
-4.740143351515401449e+00
-4.754555574141555496e+00
-4.768941693011560901e+00
-4.783302027286091551e+00
-4.797636063716791632e+00
-4.811944135550818125e+00
-4.826225733798704454e+00
-4.840481205203457371e+00
-4.854710044459886298e+00
-4.868912611255418632e+00
-4.883088403432230606e+00
-4.897237793107201753e+00
-4.911360280767963715e+00
-4.925456250479778753e+00
-4.939525204906334288e+00
-4.953567539611541726e+00
-4.967582758996052839e+00
-4.981571269701909443e+00
-4.995532577455658263e+00
-5.009467099584147043e+00
-5.023374342754900468e+00
-5.037254734611432916e+00
-5.051107782401840218e+00
-5.064933923741546273e+00
-5.078732666121239525e+00
-5.092504456805733604e+00
-5.106248803211431486e+00
-5.119966161950127770e+00
-5.133656040066791881e+00
-5.147318903236959287e+00
-5.160954257855255634e+00
-5.174562578395478063e+00
-5.188143370340100979e+00
-5.201697116712082014e+00
-5.215223321836038650e+00
-5.228722477050471440e+00
-5.242194085291214556e+00
-5.255638645993257363e+00
-5.269055660486381854e+00
-5.282445636096617214e+00
-5.295808072343737294e+00
-5.309143484251490186e+00
-5.322451369337799498e+00
-5.335732250143066402e+00
-5.348985622002668805e+00
-5.362212014803414917e+00
-5.375410921528184893e+00
-5.388582879250336966e+00
-5.401727378440334348e+00
-5.414844963207756656e+00
-5.427935121359907633e+00
-5.440998403901506464e+00
-5.454034295834660817e+00
-5.467043354926624410e+00
-5.480025063240465677e+00
-5.492979985181184688e+00
-5.505907599746733716e+00
-5.518808477862563677e+00
-5.531682095342543626e+00
-5.544529029522348829e+00
-5.557348752919474499e+00
-5.570141849176164506e+00
-5.582907787407648037e+00
-5.595647157465228894e+00
-5.608359424961833817e+00
-5.621045185866183402e+00
-5.633703902194504565e+00
-5.646336175946625069e+00
-5.658941465452875796e+00
-5.671520378663121420e+00
-5.684072370137587704e+00
-5.696598053699799102e+00
-5.709096880060158696e+00
-5.721569468844180051e+00
-5.734015266837167779e+00
-5.746434899399104346e+00
-5.758827809318970203e+00
-5.771194627627679985e+00
-5.783534793050645106e+00
-5.795848942229960166e+00
-5.808136509763641264e+00
-5.820398137848933118e+00
-5.832633256896140317e+00
-5.844842514604808414e+00
-5.857025337140385091e+00
-5.869182377655134175e+00
-5.881313058015604334e+00
-5.893418036780070146e+00
-5.905496731464929816e+00
-5.917549805990729439e+00
-5.929576673475052573e+00
-5.941578003159601273e+00
-5.953553203717128817e+00
-5.965502949671711796e+00
-5.977426645207724043e+00
-5.989324970095405654e+00
-6.001197323989195809e+00
-6.013044391871482652e+00
-6.024865568827546980e+00
-6.036661545019864406e+00
-6.048431710927370197e+00
-6.060176761862665629e+00
-6.071896083662895904e+00
-6.083590376762779250e+00
-6.095259022323994635e+00
-6.106902725877144888e+00
-6.118520863876475424e+00
-6.130114146923904883e+00
-6.141681946735903175e+00
-6.153224978962604119e+00
-6.164742610553927804e+00
-6.176235562186797701e+00
-6.187703196017086960e+00
-6.199146237728378139e+00
-6.210564044656452509e+00
-6.221957347472889310e+00
-6.233325498668457421e+00
-6.244669233885305815e+00
-6.255987900745632935e+00
-6.267282239845899383e+00
-6.278551593917107709e+00
-6.289796708495044797e+00
-6.301016921398114867e+00
-6.312212983087392537e+00
-6.323384226448260925e+00
-6.334531406854068791e+00
-6.345653852237642667e+00
-6.356752322872800676e+00
-6.367826141721120159e+00
-6.378876073945758840e+00
-6.389901437519454497e+00
-6.400903002484467308e+00
-6.411880081807669107e+00
-6.422833450401142841e+00
-6.433762416209785506e+00
-6.444667759006923902e+00
-6.455548781699905092e+00
-6.466406268915616984e+00
-6.477239518509033900e+00
-6.488049319953513638e+00
-6.498834966037552618e+00
-6.509597251074509039e+00
-6.520335462772884227e+00
-6.531050400280324908e+00
-6.541741346212308628e+00
-6.552409104545604102e+00
-6.563052952790297212e+00
-6.573673699747725863e+00
-6.584270617810579651e+00
-6.594844520600779525e+00
-6.605394675382211922e+00
-6.615921900593914273e+00
-6.626425458359901377e+00
-6.636906171933397935e+00
-6.647363298288049727e+00
-6.657797665488601524e+00
-6.668208525348276794e+00
-6.678596710741353526e+00
-6.688961468310766989e+00
-6.699303635738710128e+00
-6.709622454488427756e+00
-6.719918767048836727e+00
-6.730191809694425764e+00
-6.740442429720000739e+00
-6.750669858202559936e+00
-6.760874947242370148e+00
-6.771056922710469550e+00
-6.781216641512429533e+00
-6.791353324305249295e+00
-6.801467832800068614e+00
-6.811559382431926046e+00
-6.821628839718060000e+00
-6.831675414864007756e+00
-6.841699979193906600e+00
-6.851701737676358483e+00
-6.861681566443687430e+00
-6.871638665220334730e+00
-6.881573914948165616e+00
-6.891486510100633289e+00
-6.901377336430805087e+00
-6.911245583154395078e+00
-6.921092140837643569e+00
-6.930916193431960082e+00
-6.940718636318911727e+00
-6.950498648179209482e+00
-6.960257129212258143e+00
-6.969993252821859109e+00
-6.979707924027814592e+00
-6.989400310950975914e+00
-6.999071323434392866e+00
-7.008720124310113597e+00
-7.018347628247479264e+00
-7.027952992783879971e+00
-7.037537137418280686e+00
-7.047099214387749555e+00
-7.056640148024207804e+00
-7.066159085258993500e+00
-7.075656955260556380e+00
-7.085132899649009275e+00
-7.094587852433215325e+00
-7.104020949916772132e+00
-7.113433130952729222e+00
-7.122823526523048621e+00
-7.132193080329083834e+00
-7.141540918025937046e+00
-7.150867988167527223e+00
-7.160173411077163763e+00
-7.169458140165648530e+00
-7.178721290419382228e+00
-7.187963820110682356e+00
-7.197184838884235880e+00
-7.206385309878392320e+00
-7.215564337391265681e+00
-7.224722889432029227e+00
-7.233860064947526425e+00
-7.242976836822572650e+00
-7.252072298648021054e+00
-7.261147428189373976e+00
-7.270201313676759369e+00
-7.279234937761438928e+00
-7.288247383308323002e+00
-7.297239637859569861e+00
-7.306210778910241288e+00
-7.315161798898815348e+00
-7.324091769945900054e+00
-7.333001689391641875e+00
-7.341890623977765706e+00
-7.350759575951548719e+00
-7.359607606671396240e+00
-7.368435723297307227e+00
-7.377242981799837729e+00
-7.386030394257371512e+00
-7.394797011248274821e+00
-7.403543849775098273e+00
-7.412269955019488599e+00
-7.420976348914019027e+00
-7.429662071239313548e+00
-7.438328148863793565e+00
-7.446973616162671838e+00
-7.455599504946260225e+00
-7.464204844179965548e+00
-7.472790670622078579e+00
-7.481356007823802834e+00
-7.489901897497509786e+00
-7.498427357775850233e+00
-7.506933435331457183e+00
-7.515419142874138814e+00
-7.523885532043020241e+00
-7.532331610120669652e+00
-7.540758433719100928e+00
-7.549165004689205816e+00
-7.557552384622224118e+00
-7.565919569933110544e+00
-7.574267627198796760e+00
-7.582595547393820468e+00
-7.590904402087337743e+00
-7.599193176809131423e+00
-7.607462948127089675e+00
-7.615712696121875958e+00
-7.623943502366693714e+00
-7.632154341488677218e+00
-7.640346300073069585e+00
-7.648518347288964847e+00
-7.656671574740393282e+00
-7.664804946134037067e+00
-7.672919558099398962e+00
-7.681014368876277310e+00
-7.689090480126511196e+00
-7.697146844618557360e+00
-7.705184569053411536e+00
-7.713202600723700009e+00
-7.721202051376491404e+00
-7.729181862824002991e+00
-7.737143151866422208e+00
-7.745084854831012500e+00
-7.753008093578004356e+00
-7.760911798945143047e+00
-7.768797097859784451e+00
-7.776662915665619735e+00
-7.784510384364176971e+00
-7.792338423800334368e+00
-7.800148171056980217e+00
-7.807938540475698908e+00
-7.815710674227804411e+00
-7.823463481146817777e+00
-7.831198108499751065e+00
-7.838913459607391943e+00
-7.846610686839668780e+00
-7.854288687999869900e+00
-7.861948620568152357e+00
-7.869589376825507188e+00
-7.877212119369726651e+00
-7.884815734954630173e+00
-7.892401391302927394e+00
-7.899967969636570331e+00
-7.907516642810572094e+00
-7.915046286510080797e+00
-7.922558078729795561e+00
-7.930050889613234233e+00
-7.937525902302316361e+00
-7.944981981393902437e+00
-7.952420315184618893e+00
-7.959839762719683520e+00
-7.967241517458014677e+00
-7.974624432888184344e+00
-7.981989707638967424e+00
-7.989336189637179508e+00
-7.996665082689109028e+00
-8.003975229154750792e+00
-8.011267838025437626e+00
-8.018541746089301370e+00
-8.025798167530455274e+00
-8.033035933559833808e+00
-8.040256263562136851e+00
-8.047457983165939410e+00
-8.054642316964139681e+00
-8.061808084997778678e+00
-8.068956517075761781e+00
-8.076086427646220756e+00
-8.083199051741937424e+00
-8.090293198212746617e+00
-8.097370107323177635e+00
-8.104428582319435748e+00
-8.111469868705619035e+00
-8.118492764118816041e+00
-8.125498519310671242e+00
-8.132485926303802515e+00
-8.139456241105193612e+00
-8.146408250117396221e+00
-8.153343214610876188e+00
-8.160259915362617633e+00
-8.167159618914395125e+00
-8.174041100412058114e+00
-8.180905631676818501e+00
-8.187751982217646329e+00
-8.194581429143360296e+00
-8.201392736320331167e+00
-8.208187186152995807e+00
-8.214963536859489324e+00
-8.221723076147990028e+00
-8.228464556582556710e+00
-8.235189271183307014e+00
-8.241895966854393407e+00
-8.248585941936095622e+00
-8.255257937666796053e+00
-8.261913257715102432e+00
-8.268550637647699375e+00
-8.275171386469869717e+00
-8.281774234070601537e+00
-8.288360494800070200e+00
-8.294928892863611125e+00
-8.301480747964633977e+00
-8.308014778618755258e+00
-8.314532309890942940e+00
-8.321032054600944861e+00
-8.327515343183756968e+00
-8.333980882757087372e+00
-8.340430009134358613e+00
-8.346861423725016493e+00
-8.353276467729351396e+00
-8.359673836842354433e+00
-8.366054877659630407e+00
-8.372418280155381254e+00
-8.378765396329098891e+00
-8.385094910427758563e+00
-8.391408179863395489e+00
-8.397703883149304716e+00
-8.403983383118585948e+00
-8.410245352544519548e+00
-8.416491159689776680e+00
-8.422719471581141093e+00
-8.428931661919593310e+00
-8.435126391978760907e+00
-8.441305040906629031e+00
-8.447466264217073473e+00
-8.453611446513830785e+00
-8.459739237544363633e+00
-8.465851027376880111e+00
-8.471945459985720461e+00
-8.478023930912328865e+00
-8.484085078351208509e+00
-8.490130303325882366e+00
-8.496158238244124306e+00
-8.502170289620419652e+00
-8.508165084068959771e+00
-8.514144033604049255e+00
-8.520105759039424242e+00
-8.526051677898120573e+00
-8.531980405186406102e+00
-8.537893363945046943e+00
-8.543789163365831385e+00
-8.549669232016222864e+00
-8.555532173266403362e+00
-8.561379421219584174e+00
-8.567209573417331470e+00
-8.573024069507566125e+00
-8.578821501196040700e+00
-8.584603313684510795e+00
-8.590368092835635849e+00
-8.596117289414239693e+00
-8.601849483432550514e+00
-8.607566131227601502e+00
-8.613265806953862125e+00
-8.618949972529787118e+00
-8.624617196244694028e+00
-8.630268945607715736e+00
-8.635903783035562498e+00
-8.641523181637271733e+00
-8.647125697949494594e+00
-8.652712810690482925e+00
-8.658283070509275703e+00
-8.663837961742714810e+00
-8.669376029144542528e+00
-8.674898762679619679e+00
-8.680404701198742856e+00
-8.685895340304186973e+00
-8.691369212936074007e+00
-8.696827820343598248e+00
-8.702269689548476350e+00
-8.707696327456170948e+00
-8.713106255162260894e+00
-8.718500985238090806e+00
-8.723879032845053061e+00
-8.729241916230042975e+00
-8.734588144612335014e+00
-8.739919241923963966e+00
-8.745233711434115875e+00
-8.750533082769543114e+00
-8.755815853241392333e+00
-8.761083558180795094e+00
-8.766334688932712282e+00
-8.771570786542460141e+00
-8.776790336380539514e+00
-8.781994885216340307e+00
-8.787182912437643267e+00
-8.792355970547653499e+00
-8.797512532943244423e+00
-8.802654157871284468e+00
-8.807779312729380194e+00
-8.812889561517923909e+00
-8.817983365626917092e+00
-8.823062294820235962e+00
-8.828124804471734421e+00
-8.833172470118777042e+00
-8.838203741110623568e+00
-8.843220198768149132e+00
-8.848220286407389779e+00
-8.853205591142790709e+00
-8.858174550248548940e+00
-8.863128756642820960e+00
-8.868066641549315676e+00
-8.872989803699912414e+00
-8.877896668259195323e+00
-8.882788839783014367e+00
-8.887664737367851231e+00
-8.892525971403902219e+00
-8.897370954910671870e+00
-8.902201304122826286e+00
-8.907015425974192269e+00
-8.911814942554171282e+00
-8.916598254701847637e+00
-8.921366990371778272e+00
-8.926119544299199404e+00
-8.930857550314367899e+00
-8.935579397039514760e+00
-8.940286724190970702e+00
-8.944977914268918084e+00
-8.949654612886213556e+00
-8.954315196411760880e+00
-8.958961316365472882e+00
-8.963591342975728793e+00
-8.968206933680102466e+00
-8.972806452557081869e+00
-8.977391562972545813e+00
-8.981960622845697628e+00
-8.986515301481395213e+00
-8.991053950630051972e+00
-8.995578245546298035e+00
-9.000086531802278245e+00
-9.004580490613063759e+00
-9.009058461362974057e+00
-9.013522131238344670e+00
-9.017969833426043635e+00
-9.022403261094629201e+00
-9.026820741223666289e+00
-9.031223972974840919e+00
-9.035611277110771056e+00
-9.039984358797164887e+00
-9.044341532569912800e+00
-9.048684509609660864e+00
-9.053011598215741529e+00
-9.057324515594887160e+00
-9.061621563799727497e+00
-9.065904466074286461e+00
-9.070171518214523942e+00
-9.074424449512875412e+00
-9.078661549498503902e+00
-9.082884553523483007e+00
-9.087091744840121166e+00
-9.091284864871267857e+00
-9.095462190582216166e+00
-9.099625469477967243e+00
-9.103772972226430227e+00
-9.107906452426128396e+00
-9.112024174437284074e+00
-9.116127897963345106e+00
-9.120215881046449979e+00
-9.124289889506425055e+00
-9.128348175056848035e+00
-9.132392509645470113e+00
-9.136421138646754869e+00
-9.140435840147903335e+00
-9.144434853173695643e+00
-9.148419961962442670e+00
-9.152389399178638030e+00
-9.156344955223234550e+00
-9.160284856389679931e+00
-9.164210899253374620e+00
-9.168121303726010751e+00
-9.172017872569119490e+00
-9.175898819301730569e+00
-9.179765952883485625e+00
-9.183617480429651536e+00
-9.187455217109906869e+00
-9.191277363624877239e+00
-9.195085741366078480e+00
-9.198878544608524166e+00
-9.202657600977595109e+00
-9.206421098311432516e+00
-9.210170870481361405e+00
-9.213905098877532396e+00
-9.217625623629288611e+00
-9.221330619667481798e+00
-9.225021933391657214e+00
-9.228697733262096747e+00
-9.232359871960699849e+00
-9.236006511465737034e+00
-9.239639510753786311e+00
-9.243257025309656427e+00
-9.246860920416965612e+00
-9.250449345055436368e+00
-9.254024170828088813e+00
-9.257583540198037753e+00
-9.261129331100123707e+00
-9.264659679469149367e+00
-9.268176469584291866e+00
-9.271677830840374668e+00
-9.275165653873377991e+00
-9.278638061526237379e+00
-9.282096950804534785e+00
-9.285540437987364726e+00
-9.288970426462583418e+00
-9.292385025933471709e+00
-9.295786146182839715e+00
-9.299171890326261902e+00
-9.302544174554231660e+00
-9.305901095382479227e+00
-9.309244575422072288e+00
-9.312572704576684401e+00
-9.315887411890953373e+00
-9.319186780644225010e+00
-9.322472746327596482e+00
-9.325743385583807665e+00
-9.329000640363545926e+00
-9.332242580660489395e+00
-9.335471154897987844e+00
-9.338684426408207173e+00
-9.341884350100336576e+00
-9.345068982632465548e+00
-9.348240285412869000e+00
-9.351396308412983416e+00
-9.354539019553403278e+00
-9.357666462106234206e+00
-9.360780610517746680e+00
-9.363879501347909695e+00
-9.366965115582182477e+00
-9.370035483055504599e+00
-9.373092591305995924e+00
-9.376134463430652488e+00
-9.379163093533794182e+00
-9.382176497961513206e+00
-9.385176677397918610e+00
-9.388161641425154968e+00
-9.391133397320798437e+00
-9.394089947889817438e+00
-9.397033307017087722e+00
-9.399961470717171252e+00
-9.402876459496004813e+00
-9.405776262564486956e+00
-9.408662907063522596e+00
-9.411534375386853668e+00
-9.414392701324432622e+00
-9.417235860439346240e+00
-9.420065893184487393e+00
-9.422880768278909969e+00
-9.425682532852478701e+00
-9.428469148766529528e+00
-9.431242669842168524e+00
-9.434001051069264676e+00
-9.436746352974369145e+00
-9.439476523662078122e+00
-9.442193630378714175e+00
-9.444895614329784195e+00
-9.447584549495712025e+00
-9.450258370168919342e+00
-9.452919157078412127e+00
-9.455564837589516713e+00
-9.458197499194312741e+00
-9.460815062316967783e+00
-9.463419621227133760e+00
-9.466009089393633502e+00
-9.468585567878420761e+00
-9.471146963180633094e+00
-9.473695383169232542e+00
-9.476228727359382376e+00
-9.478749110441897940e+00
-9.481254424933377223e+00
-9.483746792361371192e+00
-9.486224098229500967e+00
-9.488688470916972761e+00
-9.491137788899729699e+00
-9.493574187423789112e+00
-9.495995537922649277e+00
-9.498403982524099121e+00
-9.500797385604608181e+00
-9.503177896188919505e+00
-9.505543371581470780e+00
-9.507895967719216301e+00
-9.510233534819615642e+00
-9.512558235747285096e+00
-9.514867913617555573e+00
-9.517164738238061972e+00
-9.519446545606990995e+00
-9.521715512490395383e+00
-9.523969467754087148e+00
-9.526210595138135062e+00
-9.528436716360671355e+00
-9.530650022151414547e+00
-9.532848327065369887e+00
-9.535033828837674363e+00
-9.537204334844668452e+00
-9.539362049842736724e+00
-9.541504774014024193e+00
-9.543634719151935286e+00
-9.545749678228768076e+00
-9.547851870090983795e+00
-9.549939080485190246e+00
-9.552013535326954852e+00
-9.554073013121378466e+00
-9.556119746869244480e+00
-9.558151507818198667e+00
-9.560170536070398128e+00
-9.562174595599945093e+00
-9.564165933626789240e+00
-9.566142306835390130e+00
-9.568105969579704606e+00
-9.570054671238308330e+00
-9.571990673315745823e+00
-9.573911717868329063e+00
-9.575820073567721025e+00
-9.577713475131536924e+00
-9.579594198415223971e+00
-9.581459970781164515e+00
-9.583313075285220251e+00
-9.585151231918043635e+00
-9.586976730952665449e+00
-9.588787284991301618e+00
-9.590585191541000754e+00
-9.592368155798695284e+00
-9.594138482522566846e+00
-9.595893869487234440e+00
-9.597636628719083518e+00
-9.599364450553443007e+00
-9.601079654302020927e+00
-9.602779922843790672e+00
-9.604467582792990399e+00
-9.606140309554971779e+00
-9.607800437063914956e+00
-9.609445633234257045e+00
-9.611078239337464524e+00
-9.612695915779655209e+00
-9.614301011187089685e+00
-9.615891178440055143e+00
-9.617468773537250826e+00
-9.619031441815497629e+00
-9.620581546663588668e+00
-9.622116725857178920e+00
-9.623639350192920716e+00
-9.625147049867482707e+00
-9.626642203103314088e+00
-9.628122432500081374e+00
-9.629590123724023343e+00
-9.631042891759793889e+00
-9.632483129735476268e+00
-9.633908445002564491e+00
-9.635321238169142433e+00
-9.636719108935283273e+00
-9.638104465407328902e+00
-9.639474899615629866e+00
-9.640832827183070108e+00
-9.642175832451840733e+00
-9.643506338579824089e+00
-9.644821922202430287e+00
-9.646125014031188272e+00
-9.647413182975929757e+00
-9.648688867320455387e+00
-9.649949628230370280e+00
-9.651197911580419841e+00
-9.652431270772989791e+00
-9.653652159292750667e+00
-9.654858122759828021e+00
-9.656051622287616709e+00
-9.657230195694939567e+00
-9.658396311743052465e+00
-9.659547500430162970e+00
-9.660686238184450048e+00
-9.661810047164200554e+00
-9.662921411483889500e+00
-9.664017845442266719e+00
-9.665101840859435356e+00
-9.666170904155091392e+00
-9.667227534874371031e+00
-9.668269231538287656e+00
-9.669298501436527360e+00
-9.670312835171502641e+00
-9.671314747797215006e+00
-9.672301721977589750e+00
-9.673276280550656026e+00
-9.674235898221654750e+00
-9.675183105632607194e+00
-9.676115369510030817e+00
-9.677035228319802229e+00
-9.677940140789358381e+00
-9.678832653228614191e+00
-9.679710216345402074e+00
-9.680575384313929277e+00
-9.681425599801972481e+00
-9.682263424868231994e+00
-9.683086294119714665e+00
-9.683896777520054400e+00
-9.684692301594809649e+00
-9.685475444233031084e+00
-9.686243623857768270e+00
-9.686999426304248928e+00
-9.687740261872001213e+00
-9.688468724363103135e+00
-9.689182215932428122e+00
-9.689883338369758903e+00
-9.690569485663944604e+00
-9.691243267613558032e+00
-9.691902070019985160e+00
-9.692548510711564091e+00
-9.693179967280771692e+00
-9.693799065606960141e+00
-9.694403175051869326e+00
-9.694994929567224418e+00
-9.695571690262259068e+00
-9.696136099182455226e+00
-9.696685509162644934e+00
-9.697222570363624783e+00
-9.697744627323642064e+00
-9.698254338340564829e+00
-9.698749039633797864e+00
-9.699231397660105003e+00
-9.699698740297712618e+00
-9.700153742184083328e+00
-9.700593722833836807e+00
-9.701021365087203918e+00
-9.701433980072549090e+00
-9.701834258854976412e+00
-9.702219504153854146e+00
-9.702592415281456439e+00
-9.702950286525181767e+00
-9.703295825466936364e+00
-9.703626317939093582e+00
-9.703944479815676871e+00
-9.704247588450863660e+00
-9.704538368033460927e+00
-9.704814087416060886e+00
-9.705077479125014506e+00
-9.705325803487967917e+00
-9.705561801391617394e+00
-9.705782724615005463e+00
-9.705991322428294765e+00
-9.706184838038046436e+00
-9.706366029121143768e+00
-9.706532130287728322e+00
-9.706685907644583722e+00
-9.706824587181461794e+00
-9.706950943458428682e+00
-9.707062193820661378e+00
-9.707161121305015072e+00
-9.707244934587640373e+00
-9.707316425205998911e+00
-9.707372793142679868e+00
-9.707416838459424824e+00
-9.707445752420689189e+00
-9.707462343636422020e+00
-9.707463794628022669e+00
-9.707452922577866516e+00
-9.707426901239248451e+00
-9.707388556391093104e+00
-9.707335052993578017e+00
-9.707269225446401251e+00
-9.707188229891357878e+00
-9.707094909373445546e+00
-9.706986411190534625e+00
-9.706865587057604827e+00
-9.706729575402956556e+00
-9.706581236636267818e+00
-9.706417700290490558e+00
-9.706241835494875403e+00
-9.706050762861144321e+00
-9.705847360263096135e+00
-9.705628739365060653e+00
-9.705397786810692651e+00
-9.705151605290565087e+00
-9.704893090243368547e+00
-9.704619335359630838e+00
-9.704333244898522892e+00
-9.704031903523839375e+00
-9.703718224340885712e+00
-9.703389282959879125e+00
-9.703048001357952757e+00
-9.702691446064900305e+00
-9.702322547955484211e+00
-9.701938364451992314e+00
-9.701541835352793797e+00
-9.701130008945293426e+00
-9.700705833977766090e+00
-9.700266349575148439e+00
-9.699814513461987531e+00
-9.699347355573145535e+00
-9.698867842635747749e+00
-9.698372995366762339e+00
-9.697865789522621682e+00
-9.697343236574315739e+00
-9.696808321334259517e+00
-9.696258045999364583e+00
-9.695695404464897749e+00
-9.695117389625233173e+00
-9.694527004485653521e+00
-9.693921232609358896e+00
-9.693303086138792324e+00
-9.692669539277288138e+00
-9.692023613331837595e+00
-9.691362273116892467e+00
-9.690688549131451168e+00
-9.689999396771977302e+00
-9.689297855757207145e+00
-9.688580872036233416e+00
-9.687851494575326683e+00
-9.687106659846607570e+00
-9.686349426091863890e+00
-9.685576720276610985e+00
-9.684791609946312718e+00
-9.683991012529764575e+00
-9.683178004904387848e+00
-9.682349494932338985e+00
-9.681508568851334928e+00
-9.680652124926368174e+00
-9.679783258784215860e+00
-9.678898859062213589e+00
-9.678002030804872646e+00
-9.677089652991112345e+00
-9.676164840112072341e+00
-9.675224461457275993e+00
-9.674271640993707067e+00
-9.673303238290182904e+00
-9.672322386818729356e+00
-9.671325936396184986e+00
-9.670317030028961369e+00
-9.669292507750354204e+00
-9.668255522130619894e+00
-9.667202903387673629e+00
-9.666137813685512725e+00
-9.665057073394519804e+00
-9.663963854302236811e+00
-9.662854966899271147e+00
-9.661733592626919886e+00
-9.660596532063324915e+00
-9.659446976333789792e+00
-9.658281716071382306e+00
-9.657103952115660306e+00
-9.655910465121706920e+00
-9.654704465673876967e+00
-9.653482724416019067e+00
-9.652248461708149208e+00
-9.650998438149363423e+00
-9.649735883906103595e+00
-9.648457549499205754e+00
-9.647166674932591945e+00
-9.645860000614776553e+00
-9.644540776418583761e+00
-9.643205732605899527e+00
-9.641858128949815310e+00
-9.640494685531376007e+00
-9.639118672055319692e+00
-9.637726798387214799e+00
-9.636322344195269451e+00
-9.634902009094618691e+00
-9.633469082748902679e+00
-9.632020254487548172e+00
-9.630558824001763440e+00
-9.629081470299837520e+00
-9.627591503132832074e+00
-9.626085591152271803e+00
-9.624567054201344618e+00
-9.623032550538869856e+00
-9.621485410132940785e+00
-9.619922280813369753e+00
-9.618346502705847456e+00
-9.616754713174769265e+00
-9.615150262536396042e+00
-9.613529777652962238e+00
-9.611896619064365765e+00
-9.610247403093602259e+00
-9.608585500537717650e+00
-9.606907517142996511e+00
-9.605216833997127779e+00
-9.603510046232136332e+00
-9.601790545259957455e+00
-9.600054915560644275e+00
-9.598306558904099006e+00
-9.596542049080134973e+00
-9.594764798250851712e+00
-9.592971369477318433e+00
-9.591165185348012656e+00
-9.589342798156470948e+00
-9.587507640951987042e+00
-9.585656255221591593e+00
-9.583792084509889619e+00
-9.581911659458018704e+00
-9.580018434140734840e+00
-9.578108928313691095e+00
-9.576186606616705177e+00
-9.574247977879924321e+00
-9.572296517343412248e+00
-9.570328722871602523e+00
-9.568348080340102868e+00
-9.566351076607030990e+00
-9.564341208219147461e+00
-9.562314950987325091e+00
-9.560275812165162534e+00
-9.558220256475140175e+00
-9.556151801913578936e+00
-9.554066902073026668e+00
-9.551969085728739373e+00
-9.549854795301413901e+00
-9.547727570381553619e+00
-9.545583842175840772e+00
-9.543427161126521341e+00
-9.541253947183879092e+00
-9.539067761678515112e+00
-9.536865013261481394e+00
-9.534649274188728540e+00
-9.532416941768911300e+00
-9.530171599220393475e+00
-9.527909632465981105e+00
-9.525634635723880805e+00
-9.523342983487131264e+00
-9.521038281011326987e+00
-9.518716891315651907e+00
-9.516382430730770281e+00
-9.514031250757589930e+00
-9.511666978839858899e+00
-9.509285954915284833e+00
-9.506891817578919657e+00
-9.504480895160154930e+00
-9.502056837443753068e+00
-9.499615961105247308e+00
-9.497161927157845795e+00
-9.494691040577249552e+00
-9.492206973644009338e+00
-9.489706019587950792e+00
-9.487191861996006281e+00
-9.484660782305535776e+00
-9.482116475449187121e+00
-9.479555211025008532e+00
-9.476980695351054251e+00
-9.474389186138747476e+00
-9.471784401131371212e+00
-9.469162586106181223e+00
-9.466527470271806521e+00
-9.463875287423377358e+00
-9.461209778275275539e+00
-9.458527164592229752e+00
-9.455831198635006984e+00
-9.453118090089231984e+00
-9.450391602802982405e+00
-9.447647934333925690e+00
-9.444890860158610124e+00
-9.442116565657329375e+00
-9.439328837976550091e+00
-9.436523850269574964e+00
-9.433705401394687939e+00
-9.430869652228036415e+00
-9.428020413381711151e+00
-9.425153833404497306e+00
-9.422273734704623038e+00
-9.419376253452796277e+00
-9.416465223896077319e+00
-9.413536769776012392e+00
-9.410594737221483541e+00
-9.407635237493513714e+00
-9.404662128646195995e+00
-9.401671509408270566e+00
-9.398667249802697299e+00
-9.395645435973857929e+00
-9.392609949957547499e+00
-9.389556865261551977e+00
-9.386490075978802139e+00
-9.383405642927650447e+00
-9.380307472303078598e+00
-9.377191612180881819e+00
-9.374061980903126923e+00
-9.370914613749818045e+00
-9.367753441255505464e+00
-9.364574485850763352e+00
-9.361381690308515857e+00
-9.358171064155810015e+00
-9.354946562450310310e+00
-9.351704181761320456e+00
-9.348447889477819572e+00
-9.345173669156668694e+00
-9.341885500565439315e+00
-9.338579354193662141e+00
-9.335259222234940424e+00
-9.331921062056325766e+00
-9.328568878325462777e+00
-9.325198615231361288e+00
-9.321814289964271083e+00
-9.318411833479368411e+00
-9.314995275538333175e+00
-9.311560533806504836e+00
-9.308111650666479164e+00
-9.304644530437384375e+00
-9.301163228172592667e+00
-9.297663634788463582e+00
-9.294149818059656454e+00
-9.290617655442726885e+00
-9.287071227484622327e+00
-9.283506398125068060e+00
-9.279927260734693206e+00
-9.276329665679039493e+00
-9.272717719204516484e+00
-9.269087258044761413e+00
-9.265442401374638592e+00
-9.261778972237975083e+00
-9.258101102791323811e+00
-9.254404602330636109e+00
-9.250693616047874102e+00
-9.246963939432786717e+00
-9.243219730767194164e+00
-9.239456771676044511e+00
-9.235679233586017389e+00
-9.231882884198606476e+00
-9.228071908141068036e+00
-9.224242059132302884e+00
-9.220397535056422456e+00
-9.216534075590724129e+00
-9.212655891933184904e+00
-9.208758709660047614e+00
-9.204846753340873988e+00
-9.200915734391271528e+00
-9.196969890810741788e+00
-9.193004919794603325e+00
-9.189025072831361385e+00
-9.185026032836113075e+00
-9.181012064846248322e+00
-9.176978837436575276e+00
-9.172930629253952972e+00
-9.168863094472527564e+00
-9.164780525410042955e+00
-9.160678561779752371e+00
-9.156561509632263451e+00
-9.152424994159314764e+00
-9.148273335207408152e+00
-9.144102143386128034e+00
-9.139915752401485349e+00
-9.135709758220102117e+00
-9.131488508472116905e+00
-9.127247584420205229e+00
-9.122991347683957031e+00
-9.118715364761076358e+00
-9.114424011326875075e+00
-9.110112839052849409e+00
-9.105786237737081734e+00
-9.101439744163625889e+00
-9.097077762321331917e+00
-9.092695814045308467e+00
-9.088298317584053265e+00
-9.083880779762255386e+00
-9.079447633157885278e+00
-9.074994369523485815e+00
-9.070525435837145878e+00
-9.066036308717636771e+00
-9.061531449614891542e+00
-9.057006319951936391e+00
-9.052465395723119812e+00
-9.047904123093859496e+00
-9.043326992676465892e+00
-9.038729435316742666e+00
-9.034115956319480389e+00
-9.029481971148713981e+00
-9.024831999877232391e+00
-9.020161442525168383e+00
-9.015474834009738814e+00
-9.010767558844834824e+00
-9.006044166869749290e+00
-9.001300027029682127e+00
-8.996539704164552731e+00
-8.991758551588331372e+00
-8.986961149221150080e+00
-8.982142834683207511e+00
-8.977308203055399005e+00
-8.972452576201535024e+00
-8.967580564444944002e+00
-8.962687473830186491e+00
-8.957777930005782707e+00
-8.952847223134163812e+00
-8.947899994272823676e+00
-8.942931517639038930e+00
-8.937946449784234915e+00
-8.932940048917330955e+00
-8.927916987169590257e+00
-8.922872506678453774e+00
-8.917811295242042746e+00
-8.912728578862880724e+00
-8.907629061094079148e+00
-8.902507951739833558e+00
-8.897369970197479105e+00
-8.892210310009174279e+00
-8.887033706506825226e+00
-8.881835336906737766e+00
-8.876619952566940697e+00
-8.871382714313936546e+00
-8.866128389624286399e+00
-8.860852122870612746e+00
-8.855558697741827245e+00
-8.850243242092295404e+00
-8.844910555918024997e+00
-8.839555750490633912e+00
-8.834183642209161746e+00
-8.828789325697799839e+00
-8.823377633855637114e+00
-8.817943644594510744e+00
-8.812492207411709799e+00
-8.807018383441551634e+00
-8.801527038878870002e+00
-8.796013218014952173e+00
-8.790481803842640218e+00
-8.784927823744562048e+00
-8.779356177612910983e+00
-8.773761875855820236e+00
-8.768149835367577083e+00
-8.762515049515339882e+00
-8.756862452299357003e+00
-8.751187019979251858e+00
-8.745493703766024751e+00
-8.739777462744852343e+00
-8.734043265443474979e+00
-8.728286053705408776e+00
-8.722510813482127645e+00
-8.716712469307715594e+00
-8.710896024665773396e+00
-8.705056386712829664e+00
-8.699198576573754949e+00
-8.693317483959107861e+00
-8.687418147745354702e+00
-8.681495440128102814e+00
-8.675554417846980115e+00
-8.669589935513137391e+00
-8.663607067841876841e+00
-8.657600651789973512e+00
-8.651575780161893547e+00
-8.645527272189697854e+00
-8.639460238881650156e+00
-8.633369481673986101e+00
-8.627260129894560592e+00
-8.621126967112218153e+00
-8.614975141091075983e+00
-8.608799417460311076e+00
-8.602604962538148214e+00
-8.596386523941347946e+00
-8.590149286660938799e+00
-8.583887980227741465e+00
-8.577607808425439018e+00
-8.571303482624701431e+00
-8.564980225522671020e+00
-8.558632730254956300e+00
-8.552266238553942301e+00
-8.545875425244499723e+00
-8.539465551217055861e+00
-8.533031272909299858e+00
-8.526577870493390776e+00
-8.520099981942557577e+00
-8.513602906835410877e+00
-8.507081264602637916e+00
-8.500540374354915940e+00
-8.493974836901351466e+00
-8.487389991011349721e+00
-8.480780418792438269e+00
-8.474151478800301618e+00
-8.467497734359975325e+00
-8.460824563941873322e+00
-8.454126512006730820e+00
-8.447408977068855407e+00
-8.440666484641951683e+00
-8.433904453414463376e+00
-8.427117389869025033e+00
-8.420310732999434222e+00
-8.413478970172157290e+00
-8.406627560818177969e+00
-8.399750973101848928e+00
-8.392854687024227545e+00
-8.385933151460092105e+00
-8.378991867114283565e+00
-8.372025263483537927e+00
-8.365038862110925066e+00
-8.358027073025549925e+00
-8.350995438743973764e+00
-8.343938349736646387e+00
-8.336861369629813723e+00
-8.329758869242992247e+00
-8.322636433449115856e+00
-8.315488413323091521e+00
-8.308320415122270930e+00
-8.301126770082026596e+00
-8.293913105982639422e+00
-8.286673734123612078e+00
-8.279414303947408627e+00
-8.272129106719852132e+00
-8.264823813685742593e+00
-8.257492695977845187e+00
-8.250141446784089894e+00
-8.242764317003526742e+00
-8.235367021908794882e+00
-8.227943792062811568e+00
-8.220500364965280582e+00
-8.213030950739041103e+00
-8.205541309254069660e+00
-8.198025630087530047e+00
-8.190489695623428545e+00
-8.182927674786173000e+00
-8.175345372618341599e+00
-8.167736937282636944e+00
-8.160108196625584398e+00
-8.152453277937606657e+00
-8.144778032015134173e+00
-8.137076565164058195e+00
-8.129354751277453772e+00
-8.121606675562446753e+00
-8.113838235156352496e+00
-8.106043494051611731e+00
-8.098228372777898088e+00
-8.090386913995232021e+00
-8.082525061774578745e+00
-8.074636837323824423e+00
-8.066728208404926548e+00
-8.058793174652116420e+00
-8.050837727668611166e+00
-8.042855845391482461e+00
-8.034853543416467403e+00
-8.026824777857793691e+00
-8.018775588455655523e+00
-8.010699909374016769e+00
-8.002603804650000541e+00
-7.994481186367797143e+00
-7.986338143014881652e+00
-7.978168564463948620e+00
-7.969978563807031513e+00
-7.961762008571595217e+00
-7.953525036609097931e+00
-7.945261492965990158e+00
-7.936977540408721943e+00
-7.928667001364821054e+00
-7.920336063672139382e+00
-7.911978526999032368e+00
-7.903600604412204689e+00
-7.895196072678363208e+00
-7.886771170250987950e+00
-7.878319650850658995e+00
-7.869847778476592559e+00
-7.861349283656230646e+00
-7.852830456094194389e+00
-7.844285002975736276e+00
-7.835719239871502317e+00
-7.827126850472954089e+00
-7.818514176378325686e+00
-7.809874877631449941e+00
-7.801215322020416565e+00
-7.792529145785275446e+00
-7.783822743067290162e+00
-7.775089726144166491e+00
-7.766336515674547414e+00
-7.757556699812703904e+00
-7.748756725899856868e+00
-7.739930157803479815e+00
-7.731083469713498246e+00
-7.722210201044696021e+00
-7.713316853002867290e+00
-7.704396940381638359e+00
-7.695456991570997829e+00
-7.686490496572481845e+00
-7.677504011129528294e+00
-7.668491000278129910e+00
-7.659458047285499838e+00
-7.650398592046266266e+00
-7.641319245522804060e+00
-7.632213422289763294e+00
-7.623087761177353983e+00
-7.613935651259130744e+00
-7.604763759406945489e+00
-7.595565449009482606e+00
-7.586347415155236362e+00
-7.577102995361656212e+00
-7.567838913110149335e+00
-7.558548479857848612e+00
-7.549238447656594353e+00
-7.539902101711588145e+00
-7.530546222824006541e+00
-7.521164069752469317e+00
-7.511762452227868536e+00
-7.502334602365157146e+00
-7.492887359006433101e+00
-7.483413927423205436e+00
-7.473921175751803148e+00
-7.464402282217633910e+00
-7.454864144435865647e+00
-7.445299913380339696e+00
-7.435716516331057235e+00
-7.426107076802149543e+00
-7.416478551926162233e+00
-7.406824037546346773e+00
-7.397150520837033838e+00
-7.387451069756760802e+00
-7.377732701712536034e+00
-7.367988456561476163e+00
-7.358225382135750614e+00
-7.348436489971500230e+00
-7.338628858520421794e+00
-7.328795470775043341e+00
-7.318943436002812497e+00
-7.309065708427199048e+00
-7.299169428329378206e+00
-7.289247520935301594e+00
-7.279307157739782319e+00
-7.269341234739964186e+00
-7.259356954846030163e+00
-7.249347184591947268e+00
-7.239319158507115937e+00
-7.229265713425014894e+00
-7.219194115700195979e+00
-7.209097172225068739e+00
-7.198982181387315826e+00
-7.188841919894993993e+00
-7.178683718379074818e+00
-7.168500323116597350e+00
-7.158299097194205984e+00
-7.148072756208234679e+00
-7.137828695915805710e+00
-7.127559600979693322e+00
-7.117272900044379291e+00
-7.106961246583268554e+00
-7.096632102347623317e+00
-7.086278089362192389e+00
-7.075906702706938667e+00
-7.065510532695700618e+00
-7.055097107961441516e+00
-7.044658986841397130e+00
-7.034203731748625898e+00
-7.023723868774933266e+00
-7.013226994342973697e+00
-7.002705602026912501e+00
-6.992167322491411596e+00
-6.981604616517482320e+00
-6.971025149246919739e+00
-6.960421348388659446e+00
-6.949800913799600188e+00
-6.939156239834288975e+00
-6.928495061305629754e+00
-6.917809738928032637e+00
-6.907108042714273033e+00
-6.896382299449538955e+00
-6.885640314593278966e+00
-6.874874380708675403e+00
-6.864092338952029415e+00
-6.853286447368268419e+00
-6.842464583063704531e+00
-6.831618969265180752e+00
-6.820757519285542969e+00
-6.809872421230127593e+00
-6.798971624878060283e+00
-6.788047282906139124e+00
-6.777107381823061161e+00
-6.766144038566065610e+00
-6.755165276640260785e+00
-6.744163176928883452e+00
-6.733145800203584663e+00
-6.722105190975246281e+00
-6.711049447556088232e+00
-6.699970577762376145e+00
-6.688876717724582477e+00
-6.677759838238198853e+00
-6.666628113533401567e+00
-6.655473477054926867e+00
-6.644304141418051479e+00
-6.633112002382650196e+00
-6.621905311238265313e+00
-6.610675925721960056e+00
-6.599432136091015977e+00
-6.588165761717335478e+00
-6.576885132123388544e+00
-6.565582027969655066e+00
-6.554264818345465926e+00
-6.542925244849282507e+00
-6.531571716443390407e+00
-6.520195935309246238e+00
-6.508806350592567291e+00
-6.497394624698618060e+00
-6.485969247271372140e+00
-6.474521840576278109e+00
-6.463060935075064073e+00
-6.451578112525340636e+00
-6.440081944530604119e+00
-6.428563971967911961e+00
-6.417032807911606795e+00
-6.405479951980850295e+00
-6.393914059054504051e+00
-6.382326587111943894e+00
-6.370726233175282083e+00
-6.359104413197298911e+00
-6.347469866687110773e+00
-6.335813967179364070e+00
-6.324145497019107331e+00
-6.312455786926260970e+00
-6.300753662435956137e+00
-6.289030411051985681e+00
-6.277294901859012732e+00
-6.265538378738014558e+00
-6.253769754688262239e+00
-6.241980229556026494e+00
-6.230178760625772583e+00
-6.218356503292015169e+00
-6.206522459500543043e+00
-6.194667739771719361e+00
-6.182801391094727705e+00
-6.170914478687744342e+00
-6.159016094971291544e+00
-6.147097259427931171e+00
-6.135167110303413551e+00
-6.123216620905406415e+00
-6.111254975705148418e+00
-6.099273101390490837e+00
-6.087280229064319315e+00
-6.075267238343862175e+00
-6.063243407376477379e+00
-6.051199568251924177e+00
-6.039145046581229082e+00
-6.027070626463664205e+00
-6.014985681399821260e+00
-6.002880947029374248e+00
-5.990765845175027415e+00
-5.978631062541376551e+00
-5.966486069712749973e+00
-5.954321503976591323e+00
-5.942146885125443312e+00
-5.929952800540996272e+00
-5.917748819677688843e+00
-5.905525479516153808e+00
-5.893292399633661915e+00
-5.881040066107590114e+00
-5.868778149106576691e+00
-5.856497083295455930e+00
-5.844206589910294625e+00
-5.831897051687021438e+00
-5.819578241412887820e+00
-5.807240489371263692e+00
-5.794893620392320699e+00
-5.782527911775720675e+00
-5.770153240894223323e+00
-5.757759831525180338e+00
-5.745357614091920695e+00
-5.732936758302763280e+00
-5.720507248148138046e+00
-5.708059198712955862e+00
-5.695602648079533203e+00
-5.683127656146808704e+00
-5.670644315622677567e+00
-5.658142630649264149e+00
-5.645632749102605707e+00
-5.633104618788690843e+00
-5.620568443303371353e+00
-5.608014113528568600e+00
-5.595451889340750995e+00
-5.582871604101070417e+00
-5.570283574536990301e+00
-5.557677575883116283e+00
-5.545063982297947724e+00
-5.532432510274357895e+00
-5.519793591991857262e+00
-5.507136884577226610e+00
-5.494472878830811702e+00
-5.481791171879223157e+00
-5.469102313753887223e+00
-5.456395840937237729e+00
-5.443682363312472461e+00
-5.430951356063866697e+00
-5.418213489557745177e+00
-5.405458177015821875e+00
-5.392696149930028326e+00
-5.379916758884477623e+00
-5.367130797150313271e+00
-5.354327551988305345e+00
-5.341517879113639289e+00
-5.328691001767146496e+00
-5.315857838784591394e+00
-5.303007548678749572e+00
-5.290151114094580720e+00
-5.277277628097052364e+00
-5.264398137841068248e+00
-5.251501670212392447e+00
-5.238599337588887295e+00
-5.225680099933446954e+00
-5.212755135572885834e+00
-5.199813336791239138e+00
-5.186865948603058385e+00
-5.173901794844763202e+00
-5.160932187970844964e+00
-5.147945882588358835e+00
-5.134954259357494166e+00
-5.121946002860877201e+00
-5.108932562744098682e+00
-5.095902552756562010e+00
-5.082867492323074110e+00
-5.069815923537245972e+00
-5.056759436411499387e+00
-5.043686500546548324e+00
-5.030608777365874751e+00
-5.017514663125390406e+00
-5.004415891498246616e+00
-4.991300784528879042e+00
-4.978181148994202943e+00
-4.965045231844938733e+00
-4.951904913831902455e+00
-4.938748365914030103e+00
-4.925587543702592441e+00
-4.912410541250439522e+00
-4.899229389932440171e+00
-4.886032105964578598e+00
-4.872830797405629966e+00
-4.859613401686784684e+00
-4.846392104488681518e+00
-4.833154763492164108e+00
-4.819913642955730992e+00
-4.806656519826506546e+00
-4.793395737915131072e+00
-4.780118992433281200e+00
-4.766838707736913427e+00
-4.753542496281595753e+00
-4.740242863981273480e+00
-4.726927339495243352e+00
-4.713608511327802120e+00
-4.700273823282213215e+00
-4.686935947505872058e+00
-4.673582241865477549e+00
-4.660225463225381226e+00
-4.646852882414250985e+00
-4.633477342108366592e+00
-4.620086024975705641e+00
-4.606691860621366708e+00
-4.593281942407658747e+00
-4.579869288008157291e+00
-4.566440900311623530e+00
-4.553009886222885605e+00
-4.539563156966147872e+00
-4.526113909863876295e+00
-4.512648963260666335e+00
-4.499181606107485187e+00
-4.485698562629602648e+00
-4.472213214642376755e+00
-4.458712190986650725e+00
-4.445208967603793582e+00
-4.431690076659224431e+00
-4.418169089508152680e+00
-4.404632440322730602e+00
-4.391093797187331838e+00
-4.377539494935264841e+00
-4.363983299723042109e+00
-4.350411445671536370e+00
-4.336837798381026232e+00
-4.323248489857028254e+00
-4.309657486544890226e+00
-4.296050816901792579e+00
-4.282442549649648988e+00
-4.268818608233592826e+00
-4.255193165114707909e+00
-4.241552037230650996e+00
-4.227909502276429698e+00
-4.214251269153828972e+00
-4.200591722319756194e+00
-4.186916461078176610e+00
-4.173239978209510426e+00
-4.159547761823364276e+00
-4.145854414620426809e+00
-4.132145311883435923e+00
-4.118435167866202562e+00
-4.104709243355446624e+00
-4.090982365827873224e+00
-4.077239679866949906e+00
-4.063496127880410036e+00
-4.049736736502126178e+00
-4.035976564818343881e+00
-4.022200519726619738e+00
-4.008423778779821589e+00
-3.994631127310883212e+00
-3.980837863169107926e+00
-3.967028648251638590e+00
-3.953218902577285476e+00
-3.939393162691847028e+00
-3.925566972701247437e+00
-3.911724741838626507e+00
-3.897882140260459760e+00
-3.884023447878828694e+00
-3.870164462911784842e+00
-3.856289333893053506e+00
-3.842413989161923560e+00
-3.828522443766473771e+00
-3.814630758277513412e+00
-3.800722812097847125e+00
-3.786814800192278341e+00
-3.772890464105285613e+00
-3.758966135411967890e+00
-3.745025415529527724e+00
-3.731084774915622404e+00
-3.717127672533975247e+00
-3.703170720054282494e+00
-3.689197231601458071e+00
-3.675223962446236392e+00
-3.661234079427695409e+00
-3.647244483868350429e+00
-3.633238192810994249e+00
-3.619232256144216731e+00
-3.605209538538239222e+00
-3.591187241027926191e+00
-3.577148073266660955e+00
-3.563109390083945449e+00
-3.549053743401405114e+00
-3.534998644562303394e+00
-3.520926484968491366e+00
-3.506854935269285267e+00
-3.492766223483169341e+00
-3.478678182433340371e+00
-3.464572873812864273e+00
-3.450468295565421784e+00
-3.436346340035112412e+00
-3.422225173314155100e+00
-3.408086515289789009e+00
-3.393948703315190052e+00
-3.379793281625235846e+00
-3.365638762034327769e+00
-3.351466509838490815e+00
-3.337295214604390381e+00
-3.323106059308536864e+00
-3.308917914655360004e+00
-3.294711777822873611e+00
-3.280506704137044593e+00
-3.266283501396716638e+00
-3.252061413134815560e+00
-3.237821054084472738e+00
-3.223581859676961869e+00
-3.209324247782964434e+00
-3.195067849533876014e+00
-3.180792882026484580e+00
-3.166519176008480319e+00
-3.152226743772383433e+00
-3.137935619717467706e+00
-3.123625607177346719e+00
-3.109316948362439437e+00
-3.094989233363687919e+00
-3.080662916491291536e+00
-3.066317370174961088e+00
-3.051973265248155265e+00
-3.037609751920502532e+00
-3.023247722112324620e+00
-3.008866099108100656e+00
-2.994486000624986044e+00
-2.980086118164270381e+00
-2.965687800102783989e+00
-2.951269501141434937e+00
-2.936852805338653116e+00
-2.922415925411196547e+00
-2.907980686287671368e+00
-2.893525053343044995e+00
-2.879071097738253204e+00
-2.864596531967289472e+00
-2.850123678967329433e+00
-2.835629992621952589e+00
-2.821138053378514421e+00
-2.806625050582050029e+00
-2.792113828122738450e+00
-2.777581304670712736e+00
-2.763050593699629687e+00
-2.748498336850533352e+00
-2.733947923539180813e+00
-2.719375711794703054e+00
-2.704805373561935511e+00
-2.690212976435906622e+00
-2.675622481716818157e+00
-2.661009659492177715e+00
-2.646398767494943627e+00
-2.631765270967938442e+00
-2.617133731418067821e+00
-2.602479301629155639e+00
-2.587826854500041573e+00
-2.573151222450210884e+00
-2.558477597679517324e+00
-2.543780484031520572e+00
-2.529085401222095797e+00
-2.514366515985259731e+00
-2.499649684089941371e+00
-2.484908726287647251e+00
-2.470169843276493804e+00
-2.455406500595188835e+00
-2.440645253104475110e+00
-2.425859201522896136e+00
-2.411075264483961256e+00
-2.396266167881207387e+00
-2.381459204128540286e+00
-2.366626713869433019e+00
-2.351796373725799416e+00
-2.336940128222364965e+00
-2.322086049059937984e+00
-2.307205673306591986e+00
-2.292327479082151509e+00
-2.277422584163241392e+00
-2.262519884925346059e+00
-2.247590067492818200e+00
-2.232662458859356658e+00
-2.217707300578321661e+00
-2.202754363181707031e+00
-2.187773430141435327e+00
-2.172794729039469797e+00
-2.157787571127182336e+00
-2.142782655176593387e+00
-2.127748805411183497e+00
-2.112717206600887465e+00
-2.097656180423282279e+00
-2.082597413164713807e+00
-2.067508707681443347e+00
-2.052422268051569798e+00
-2.037305361227656597e+00
-2.022190726161755325e+00
-2.007045075958697744e+00
-1.991901702387954609e+00
-1.976726745842247501e+00
-1.961554069771789699e+00
-1.946349222008505242e+00
-1.931146657530847355e+00
-1.915911310707084647e+00
-1.900678248944926096e+00
-1.885411771116167978e+00
-1.870147579088577316e+00
-1.854849312991634580e+00
-1.839553332396493213e+00
-1.824222594140706422e+00
-1.808894140045314902e+00
-1.793530217703570573e+00
-1.778168577135408546e+00
-1.762770729225315192e+00
-1.747375159652562404e+00
-1.731942613496670003e+00
-1.716512341188029644e+00
-1.701044291141463827e+00
-1.685578509393030888e+00
-1.670074114924226638e+00
-1.654571982139803277e+00
-1.639030365749520213e+00
-1.623491003359031071e+00
-1.607911248319978670e+00
-1.592333738518260100e+00
-1.576714886415899963e+00
-1.561098269702864361e+00
-1.545439317754819353e+00
-1.529782590254167740e+00
-1.514082488383182934e+00
-1.498384598914556332e+00
-1.482642246546009623e+00
-1.466902093421547981e+00
-1.451116335972228111e+00
-1.435332763484536311e+00
-1.419502388504803481e+00
-1.403674183068165826e+00
-1.387797915993940645e+00
-1.371923801895106099e+00
-1.356000301358690763e+00
-1.340078936066629645e+00
-1.324106788707963389e+00
-1.308136757683930451e+00
-1.292114472393825153e+00
-1.276094283333432999e+00
-1.260020284849268313e+00
-1.243948361276426384e+00
-1.227820983036080893e+00
-1.211695657155714034e+00
-1.195513133299701103e+00
-1.179332637998045552e+00
-1.163093094388719217e+00
-1.146855554250828080e+00
-1.130556998353103637e+00
-1.114260419541487135e+00
-1.097900728978424389e+00
-1.081542987786610510e+00
-1.065119897345930378e+00
-1.048698727202350689e+00
-1.032209814021971095e+00
-1.015722790673280640e+00
-9.991654572756598629e-01
-9.826099818178448686e-01
-9.659814365875248887e-01
-9.493547159402565550e-01
-9.326519505433628066e-01
-9.159509748661829320e-01
-8.991707379892055485e-01
-8.823922544160067716e-01
-8.655310210406510496e-01
-8.486715029502074348e-01
-8.317254381734479063e-01
-8.147810490044337106e-01
-7.977459651362507342e-01
-7.807125154791080268e-01
-7.635838207792828847e-01
-7.464567171064535600e-01
-7.292293540180331268e-01
-7.120035369097735822e-01
-6.946719069516642531e-01
-6.773417759801452220e-01
-6.598996474900621356e-01
-6.424589689519327740e-01
-6.248993624843408590e-01
-6.073411547865654736e-01
-5.896561989610226151e-01
-5.719725884552299133e-01
-5.541533360695151122e-01
-5.363353731478079922e-01
-5.183715628439735656e-01
-5.004089835843026357e-01
-4.822887252951900128e-01
-4.641696368822206820e-01
-4.458789879286974567e-01
-4.275894447189866887e-01
-4.091118244977615115e-01
-3.906352426669199573e-01
-3.719506009945287572e-01
-3.532669268278108010e-01
-3.343505210555444140e-01
-3.154350079920608674e-01
-2.962555281100006654e-01
-2.770768617484162810e-01
-2.575934019889806192e-01
-2.381106715506920435e-01
-2.182674999527727810e-01
-1.984249676330916978e-01
-1.781416470349122538e-01
-1.578588686520100148e-01
-1.370090886661432528e-01
-1.161597450210731103e-01
-9.451628786489689460e-02
-7.287314929401821073e-02
-4.990610541769736203e-02
-2.693924390520266443e-02
-8.030468261968138961e-16
