1.999999999999957589e+00
1.983891283085954083e+00
1.937110373427967769e+00
1.863931388125244171e+00
1.770424185554347885e+00
1.663307945278724276e+00
1.548950615460553903e+00
1.432719259118051536e+00
1.318706189727441469e+00
1.209741475557486901e+00
1.107569848003215007e+00
1.013089677402987165e+00
9.265886865188246446e-01
8.479443426852563137e-01
7.767792321183837334e-01
7.125738040010208829e-01
6.547438678223549413e-01
6.026912144650612424e-01
5.558348542681378346e-01
5.136288642841169150e-01
4.755713238533215148e-01
4.412075366380405206e-01
4.101297454433203704e-01
3.819748190077465466e-01
3.564208762622019799e-01
3.331834605068204058e-01
3.120116386609430026e-01
2.926842444041059532e-01
2.750063830890676075e-01
2.588062526157810517e-01
2.439322954287931888e-01
2.302506738660655139e-01
2.176430484832655998e-01
2.060046328804644444e-01
1.952424964557144538e-01
1.852740867704130434e-01
1.760259447923434861e-01
1.674325885233797495e-01
1.594355430180491306e-01
1.519824973123051204e-01
1.450265711751980713e-01
1.385256767972698755e-01
1.324419625104071019e-01
1.267413273889561043e-01
1.213929971203019376e-01
1.163691528711407464e-01
1.116446060335820889e-01
1.071965127321064665e-01
1.030041228300841161e-01
9.904855890918171091e-02
9.531262132530210485e-02
9.178061598358364104e-02
8.843820193717838452e-02
8.527225630939246070e-02
8.227075437795197677e-02
7.942266295020516953e-02
7.671784540726371560e-02
7.414697700916722534e-02
7.170146923697173769e-02
6.937340210595682732e-02
6.715546352091142368e-02
6.504089486194278291e-02
6.302344209116143847e-02
6.109731175880316750e-02
5.925713136340222259e-02
5.749791358731035085e-02
5.581502398594483105e-02
5.420415175973843785e-02
5.266128328111474577e-02
5.118267808713000688e-02
4.976484708164079229e-02
4.840453272019819286e-02
4.709869097623733264e-02
4.584447490973301426e-02
4.463921967925960077e-02
4.348042885560781529e-02
4.236576191054931828e-02
4.129302276792329307e-02
4.026014931597886315e-02
3.926520379054140863e-02
3.830636394818843354e-02
3.738191495648545554e-02
3.649024193605966693e-02
3.562982309579215690e-02
3.479922340813168535e-02
3.399708877687961095e-02
3.322214065439726277e-02
3.247317106929380887e-02
3.174903802952921961e-02
3.104866126898946782e-02
3.037101830873535288e-02
2.971514080676770225e-02
2.908011117249206107e-02
2.846505942436135597e-02
2.786916027096875831e-02
2.729163039778957633e-02
2.673172594320610135e-02
2.618874014895712643e-02
2.566200117149390267e-02
2.515087004172811280e-02
2.465473876195349578e-02
2.417302852947413386e-02
2.370518807743842576e-02
2.325069212420927470e-02
2.280903992321239512e-02
2.237975390593860414e-02
2.196237841139275088e-02
2.155647849570784674e-02
2.116163881624709420e-02
2.077746258499712714e-02
2.040357058626778020e-02
2.003960025435590903e-02
1.968520480700834685e-02
1.934005243081431819e-02
1.900382551511390836e-02
1.867621993105750625e-02
1.835694435292755181e-02
1.804571961877582398e-02
1.774227812795277012e-02
1.744636327301351750e-02
1.715772890385149768e-02
1.687613882195394821e-02
1.660136630289235637e-02
1.633319364522976477e-02
1.607141174425188654e-02
1.581581968890777984e-02
1.556622438059054175e-02
1.532244017238296348e-02
1.508428852753227606e-02
1.485159769602258095e-02
1.462420240810670749e-02
1.440194358384287374e-02
1.418466805766518089e-02
1.397222831710273269e-02
1.376448225485947356e-02
1.356129293341031515e-02
1.336252836149750753e-02
1.316806128174696604e-02
1.297776896886048380e-02
1.279153303771601510e-02
1.260923926090223336e-02
1.243077739507636448e-02
1.225604101572842428e-02
1.208492735988644408e-02
1.191733717627190513e-02
1.175317458257604981e-02
1.159234692942728677e-02
1.143476467073718111e-02
1.128034124003512301e-02
1.112899293248835117e-02
1.098063879237878328e-02
1.083520050566163379e-02
1.069260229736921849e-02
1.055277083366177107e-02
1.041563512822289359e-02
1.028112645282810121e-02
1.014917825183005683e-02
1.001972606042340203e-02
9.892707426426748663e-03
9.768061835511907681e-03
9.645730639581214308e-03
9.525656988267058867e-03
9.407785763289008493e-03
9.292063515640595905e-03
9.178438405365982669e-03
9.066860143888853460e-03
8.957279938690207444e-03
8.849650440333901857e-03
8.743925691599877675e-03
8.640061078746963039e-03
8.538013284703613662e-03
8.437740244181410332e-03
8.339201100592462390e-03
8.242356164638281468e-03
8.147166874616907500e-03
8.053595758217518483e-03
7.961606395839603695e-03
7.871163385400489765e-03
7.782232308396573942e-03
7.694779697391992794e-03
7.608773004651893553e-03
7.524180572041975525e-03
7.440971602052036914e-03
7.359116129887946500e-03
7.278584996655406911e-03
7.199349823497062061e-03
7.121382986750601253e-03
7.044657593950813187e-03
6.969147460779879719e-03
6.894827088835046164e-03
6.821671644190754197e-03
6.749656936759263620e-03
6.678759400386341527e-03
6.608956073664817334e-03
6.540224581419947641e-03
6.472543116870529620e-03
6.405890424394646183e-03
6.340245782927108123e-03
6.275588989934792472e-03
6.211900345902498718e-03
6.149160639445101773e-03
6.087351132839846288e-03
6.026453548113847036e-03
5.966450053584666097e-03
5.907323250859910883e-03
5.849056162278523999e-03
5.791632218770766810e-03
5.735035248127293324e-03
5.679249463660072939e-03
5.624259453232067704e-03
5.570050168661532658e-03
5.516606915460516708e-03
5.463915342917247293e-03
5.411961434503193696e-03
5.360731498574022001e-03
5.310212159401081662e-03
5.260390348452566485e-03
5.211253295993732021e-03
5.162788522917585721e-03
5.114983832863887261e-03
5.067827304555198344e-03
5.021307284407826310e-03
4.975412379359884889e-03
4.930131449895293685e-03
4.885453603333129655e-03
4.841368187287938170e-03
4.797864783347254893e-03
4.754933200931702082e-03
4.712563471341517374e-03
4.670745842006901287e-03
4.629470770878586772e-03
4.588728921004916680e-03
4.548511155274254265e-03
4.508808531309237491e-03
4.469612296491713536e-03
4.430913883187741556e-03
4.392704904053183756e-03
4.354977147512434886e-03
4.317722573360154026e-03
4.280933308497626537e-03
4.244601642763241693e-03
4.208720024934246504e-03
4.173281058789882723e-03
4.138277499334247662e-03
4.103702249084424832e-03
4.069548354487519289e-03
4.035809002441530929e-03
4.002477516910463162e-03
3.969547355608588068e-03
3.937012106832940214e-03
3.904865486320653438e-03
3.873101334237182523e-03
3.841713612235665015e-03
3.810696400589345251e-03
3.780043895408642489e-03
3.749750405933234120e-03
3.719810351908789045e-03
3.690218261002107397e-03
3.660968766318270246e-03
3.632056603994762017e-03
3.603476610797378375e-03
3.575223721852867614e-03
3.547292968400726863e-03
3.519679475614269706e-03
3.492378460473624484e-03
3.465385229717659037e-03
3.438695177807359407e-03
3.412303784983564472e-03
3.386206615353516518e-03
3.360399315037072843e-03
3.334877610328243654e-03
3.309637305978097715e-03
3.284674283435159037e-03
3.259984499174402393e-03
3.235563983085932432e-03
3.211408836861651388e-03
3.187515232451253264e-03
3.163879410539356934e-03
3.140497679091963125e-03
3.117366411900922545e-03
3.094482047174599692e-03
3.071841086195957991e-03
3.049440091957436941e-03
3.027275687886395259e-03
3.005344556553131777e-03
2.983643438454049775e-03
2.962169130788977478e-03
2.940918486277001136e-03
2.919888412022370039e-03
2.899075868380352958e-03
2.878477867863540526e-03
2.858091474075087016e-03
2.837913800663121808e-03
2.817942010294393739e-03
2.798173313666439330e-03
2.778604968537057469e-03
2.759234278769177179e-03
2.740058593410384276e-03
2.721075305780134602e-03
2.702281852599334837e-03
2.683675713104484266e-03
2.665254408229246995e-03
2.647015499755156487e-03
2.628956589537478732e-03
2.611075318682846199e-03
2.593369366815550907e-03
2.575836451293687934e-03
2.558474326500455830e-03
2.541280783108449542e-03
2.524253647394049567e-03
2.507390780546008870e-03
2.490690077979798665e-03
2.474149468702057340e-03
2.457766914673098664e-03
2.441540410153964901e-03
2.425467981124806559e-03
2.409547684660816921e-03
2.393777608352499597e-03
2.378155869758692004e-03
2.362680615795945301e-03
2.347350022230072601e-03
2.332162293134909178e-03
2.317115660345264380e-03
2.302208382963851201e-03
2.287438746850844334e-03
2.272805064138486760e-03
2.258305672737975084e-03
2.243938935877176979e-03
2.229703241632548585e-03
2.215597002497681021e-03
2.201618654911333302e-03
2.187766658849090145e-03
2.174039497382222654e-03
2.160435676278961263e-03
2.146953723594187229e-03
2.133592189259110681e-03
2.120349644711432783e-03
2.107224682508141572e-03
2.094215915930585682e-03
2.081321978653170347e-03
2.068541524371547615e-03
2.055873226444298804e-03
2.043315777550029546e-03
2.030867889357959675e-03
2.018528292202352928e-03
2.006295734743447027e-03
1.994168983666938424e-03
1.982146823358390316e-03
1.970228055616201398e-03
1.958411499339495713e-03
1.946695990235292658e-03
1.935080380544946729e-03
1.923563538764801748e-03
1.912144349345622045e-03
1.900821712451798533e-03
1.889594543674264545e-03
1.878461773799331141e-03
1.867422348517734729e-03
1.856475228210814187e-03
1.845619387682687984e-03
1.834853815927135539e-03
1.824177515904114961e-03
1.813589504287351460e-03
1.803088811260127652e-03
1.792674480268645993e-03
1.782345567837092734e-03
1.772101143328705126e-03
1.761940288737685921e-03
1.751862098504253229e-03
1.741865679287264452e-03
1.731950149788900146e-03
1.722114640544631725e-03
1.712358293736329293e-03
1.702680263020788561e-03
1.693079713315832728e-03
1.683555820653902680e-03
1.674107771983575138e-03
1.664734765003864254e-03
1.655436007992730539e-03
1.646210719643302796e-03
1.637058128892380539e-03
1.627977474768220684e-03
1.618968006230601898e-03
1.610028982010893719e-03
1.601159670461757729e-03
1.592359349416491189e-03
1.583627306027154567e-03
1.574962836631623852e-03
1.566365246607138691e-03
1.557833850233491906e-03
1.549367970560073127e-03
1.540966939257482722e-03
1.532630096501924610e-03
1.524356790846100127e-03
1.516146379070815436e-03
1.507998226090578962e-03
1.499911704805205991e-03
1.491886195995770822e-03
1.483921088193560552e-03
1.476015777579881786e-03
1.468169667855010732e-03
1.460382170132208971e-03
1.452652702837525615e-03
1.444980691586453692e-03
1.437365569079871678e-03
1.429806775011551291e-03
1.422303755942883139e-03
1.414855965233520734e-03
1.407462862910319537e-03
1.400123915588336347e-03
1.392838596368687698e-03
1.385606384742194865e-03
1.378426766504593174e-03
1.371299233654388241e-03
1.364223284319633503e-03
1.357198422646142908e-03
1.350224158726193559e-03
1.343300008517588724e-03
1.336425493749219054e-03
1.329600141832409542e-03
1.322823485810830681e-03
1.316095064240987728e-03
1.309414421140204371e-03
1.302781105901819250e-03
1.296194673212311714e-03
1.289654682995423343e-03
1.283160700315784516e-03
1.276712295330745045e-03
1.270309043186286426e-03
1.263950523986206217e-03
1.257636322699597639e-03
1.251366029095323656e-03
1.245139237672632151e-03
1.238955547616842632e-03
1.232814562706819770e-03
1.226715891270656637e-03
1.220659146112430989e-03
1.214643944458246045e-03
1.208669907894554347e-03
1.202736662302627277e-03
1.196843837812305161e-03
1.190991068722965437e-03
1.185177993476555945e-03
1.179404254578562223e-03
1.173669498547897641e-03
1.167973375872581208e-03
1.162315540944199293e-03
1.156695652013582133e-03
1.151113371134905843e-03
1.145568364123297506e-03
1.140060300481578670e-03
1.134588853388724230e-03
1.129153699613108042e-03
1.123754519502885400e-03
1.118390996895383873e-03
1.113062819109412408e-03
1.107769676875862419e-03
1.102511264310733268e-03
1.097287278851516923e-03
1.092097421234079725e-03
1.086941395432902474e-03
1.081818908624462578e-03
1.076729671156399781e-03
1.071673396485827226e-03
1.066649801160067784e-03
1.061658604766534640e-03
1.056699529884540028e-03
1.051772302069886545e-03
1.046876649795105063e-03
1.042012304426331946e-03
1.037179000178972341e-03
1.032376474086863947e-03
1.027604465959868017e-03
1.022862718347246087e-03
1.018150976526107157e-03
1.013468988424285136e-03
1.008816504631925926e-03
1.004193278341722079e-03
9.995990653180733196e-04
9.950336238758875681e-04
9.904967148343145691e-04
9.859881015032607998e-04
9.815075496313362732e-04
9.770548274020103910e-04
9.726297053757747453e-04
9.682319564766551012e-04
9.638613559632995195e-04
9.595176813942785750e-04
9.552007126030287931e-04
9.509102316708668585e-04
9.466460228980749184e-04
9.424078727749858869e-04
9.381955699549976522e-04
9.340089052410848434e-04
9.298476715356708512e-04
9.257116638367822708e-04
9.216006792052757477e-04
9.175145167397791377e-04
9.134529775477758353e-04
9.094158647244012482e-04
9.054029833408828174e-04
9.014141403963387734e-04
8.974491448177877861e-04
8.935078074235180013e-04
8.895899409095970722e-04
8.856953598151699920e-04
8.818238805147532357e-04
8.779753211912467992e-04
8.741495018050864790e-04
8.703462440923244014e-04
8.665653715260687208e-04
8.628067093087778703e-04
8.590700843394845874e-04
8.553553252099477559e-04
8.516622621680187315e-04
8.479907271157214373e-04
8.443405535668334957e-04
8.407115766603926767e-04
8.371036331086361120e-04
8.335165612008643915e-04
8.299502007783787121e-04
8.264043932152026787e-04
8.228789813968769365e-04
8.193738097185365547e-04
8.158887240579198140e-04
8.124235717445187511e-04
8.089782015615140263e-04
8.055524637380680891e-04
8.021462098991899350e-04
7.987592930830984947e-04
7.953915677026582136e-04
7.920428895492430399e-04
7.887131157638140305e-04
7.854021048137838860e-04
7.821097165065213396e-04
7.788358119488598920e-04
7.755802535393876160e-04
7.723429049607398889e-04
7.691236311564621925e-04
7.659222983194447117e-04
7.627387738861414771e-04
7.595729265095774174e-04
7.564246260516383803e-04
7.532937435792198301e-04
7.501801513333750072e-04
7.470837227273920958e-04
7.440043323332980749e-04
7.409418558702938595e-04
7.378961701816154741e-04
7.348671532403251022e-04
7.318546841126727506e-04
7.288586429812437487e-04
7.258789110948213373e-04
7.229153707780329235e-04
7.199679054197842456e-04
7.170363994539772712e-04
7.141207383595148594e-04
7.112208086255912207e-04
7.083364977748377901e-04
7.054676943209003482e-04
7.026142877819413490e-04
6.997761686536457804e-04
6.969532283995806543e-04
6.941453594589140933e-04
6.913524552059188612e-04
6.885744099769758276e-04
6.858111190185071102e-04
6.830624785139784551e-04
6.803283855588323744e-04
6.776087381431339721e-04
6.749034351573606925e-04
6.722123763731190256e-04
6.695354624373628903e-04
6.668725948608255228e-04
6.642236760199508741e-04
6.615886091241114566e-04
6.589672982329679383e-04
6.563596482294732680e-04
6.537655648256604718e-04
6.511849545356464524e-04
6.486177246891337757e-04
6.460637834063435916e-04
6.435230395960887893e-04
6.409954029480626099e-04
6.384807839251279088e-04
6.359790937536762131e-04
6.334902444139876463e-04
6.310141486363769151e-04
6.285507198973377778e-04
6.260998723964038932e-04
6.236615210677218116e-04
6.212355815607684389e-04
6.188219702364956137e-04
6.164206041615472986e-04
6.140314010986187452e-04
6.116542794987449988e-04
6.092891584993738365e-04
6.069359579147258011e-04
6.045945982203678468e-04
6.022650005647862221e-04
5.999470867481752467e-04
5.976407792205101419e-04
5.953460010776921501e-04
5.930626760480507600e-04
5.907907284942743448e-04
5.885300833979830500e-04
5.862806663674456024e-04
5.840424036125093027e-04
5.818152219581025717e-04
5.795990488249500288e-04
5.773938122276471661e-04
5.751994407669464666e-04
5.730158636336173811e-04
5.708430105910903109e-04
5.686808119696727150e-04
5.665291986704083273e-04
5.643881021554353469e-04
5.622574544364172420e-04
5.601371880764726297e-04
5.580272361921052643e-04
5.559275324184918951e-04
5.538380109441975530e-04
5.517586064706774549e-04
5.496892542354210338e-04
5.476298899888104024e-04
5.455804499941227384e-04
5.435408710198165114e-04
5.415110903453187368e-04
5.394910457436697185e-04
5.374806754853808568e-04
5.354799183268653439e-04
5.334887135085104523e-04
5.315070007585357770e-04
5.295347202698521324e-04
5.275718127135629052e-04
5.256182192235360744e-04
5.236738814002632122e-04
5.217387412973604078e-04
5.198127414254269428e-04
5.178958247481885678e-04
5.159879346593568327e-04
5.140890150096295158e-04
5.121990100854773411e-04
5.103178645898605748e-04
5.084455236711568410e-04
5.065819329000209939e-04
5.047270382635994906e-04
5.028807861713175363e-04
5.010431234298089696e-04
4.992139972795591515e-04
4.973933553447644094e-04
4.955811456699747101e-04
4.937773166776669850e-04
4.919818172048884535e-04
4.901945964646860221e-04
4.884156040653935904e-04
4.866447899932750589e-04
4.848821046202400533e-04
4.831274986903444694e-04
4.813809233275059265e-04
4.796423300162188470e-04
4.779116706131266335e-04
4.761888973393083296e-04
4.744739627744936966e-04
4.727668198493496028e-04
4.710674218609099554e-04
4.693757224455756506e-04
4.676916755906876735e-04
4.660152356210272087e-04
4.643463572181022415e-04
4.626849953835060242e-04
4.610311054639883838e-04
4.593846431418140749e-04
4.577455644174065457e-04
4.561138256228481529e-04
4.544893834122385140e-04
4.528721947616946158e-04
4.512622169635663793e-04
4.496594076264372013e-04
4.480637246674097477e-04
4.464751263140361048e-04
4.448935711043176702e-04
4.433190178693491908e-04
4.417514257583903415e-04
4.401907542022238658e-04
4.386369629343703225e-04
4.370900119833743668e-04
4.355498616689480263e-04
4.340164725942577948e-04
4.324898056439955662e-04
4.309698220036656149e-04
4.294564831229419778e-04
4.279497507349550554e-04
4.264495868447205191e-04
4.249559537407110541e-04
4.234688139755716564e-04
4.219881303719055310e-04
4.205138660145604822e-04
4.190459842622006569e-04
4.175844487280217865e-04
4.161292232836082366e-04
4.146802720627910314e-04
4.132375594520053394e-04
4.118010500980053305e-04
4.103707088789360362e-04
4.089465009486908248e-04
4.075283916867692736e-04
4.061163467272059600e-04
4.047103319412137935e-04
4.033103134448989282e-04
4.019162575915466635e-04
4.005281309716221495e-04
3.991459004011989678e-04
3.977695329489599942e-04
3.963989958937690441e-04
3.950342567516712468e-04
3.936752832604649031e-04
3.923220433989877071e-04
3.909745053466167535e-04
3.896326375179839322e-04
3.882964085417611819e-04
3.869657872625901530e-04
3.856407427526534638e-04
3.843212442769610403e-04
3.830072613319221268e-04
3.816987636144879162e-04
3.803957210298666782e-04
3.790981037011668161e-04
3.778058819346828820e-04
3.765190262642532145e-04
3.752375074088313677e-04
3.739612962956296530e-04
3.726903640485477748e-04
3.714246819843162691e-04
3.701642216221394518e-04
3.689089546682672218e-04
3.676588530275668593e-04
3.664138887900232448e-04
3.651740342288107687e-04
3.639392618272932175e-04
3.627095442230960720e-04
3.614848542678920180e-04
3.602651649772585464e-04
3.590504495499641214e-04
3.578406813756824958e-04
3.566358340099216200e-04
3.554358811990954376e-04
3.542407968477384247e-04
3.530505550532198468e-04
3.518651300691017902e-04
3.506844963340672488e-04
3.495086284468493579e-04
3.483375011816605129e-04
3.471710894746917755e-04
3.460093684318283269e-04
3.448523133286489264e-04
3.436998995911410442e-04
3.425521028227007485e-04
3.414088987694187199e-04
3.402702633567234120e-04
3.391361726565955909e-04
3.380066028991396453e-04
3.368815304725843998e-04
3.357609319213542649e-04
3.346447839364267767e-04
3.335330633707613902e-04
3.324257472257996981e-04
3.313228126398942296e-04
3.302242369210940730e-04
3.291299975085742210e-04
3.280400719957781916e-04
3.269544381227039833e-04
3.258730737662615066e-04
3.247959569518442738e-04
3.237230658456151920e-04
3.226543787525779842e-04
3.215898741242922639e-04
3.205295305415157832e-04
3.194733267277054061e-04
3.184212415413022516e-04
3.173732539815182427e-04
3.163293431729072053e-04
3.152894883827224567e-04
3.142536689997027640e-04
3.132218645533578613e-04
3.121940547023974643e-04
3.111702192328030174e-04
3.101503380578273677e-04
3.091343912179954703e-04
3.081223588811038460e-04
3.071142213460789313e-04
3.061099590275475268e-04
3.051095524693377701e-04
3.041129823367645494e-04
3.031202294147013047e-04
3.021312746114371848e-04
3.011460989548201610e-04
3.001646835845427660e-04
2.991870097752852026e-04
2.982130589039297744e-04
2.972428124669179868e-04
2.962762520802508727e-04
2.953133594698462605e-04
2.943541164792531440e-04
2.933985050619373667e-04
2.924465072870678466e-04
2.914981053298734649e-04
2.905532814812862856e-04
2.896120181363700825e-04
2.886742978039636125e-04
2.877401030989660841e-04
2.868094167461946939e-04
2.858822215668844666e-04
2.849585005037602137e-04
2.840382365901791633e-04
2.831214129674882243e-04
2.822080128869529445e-04
2.812980196981860375e-04
2.803914168472187497e-04
2.794881878861440257e-04
2.785883164692595673e-04
2.776917863453533556e-04
2.767985813692755035e-04
2.759086854826523589e-04
2.750220827370297217e-04
2.741387572784442133e-04
2.732586933358518576e-04
2.723818752461999856e-04
2.715082874447841241e-04
2.706379144459623702e-04
2.697707408682271327e-04
2.689067514226338765e-04
2.680459309070150060e-04
2.671882642136947771e-04
2.663337363217747650e-04
2.654823323087057165e-04
2.646340373310013825e-04
2.637888366396678530e-04
2.629467155763459663e-04
2.621076595675260056e-04
2.612716541149045883e-04
2.604386848281708858e-04
2.596087373864349921e-04
2.587817975594424000e-04
2.579578512017883184e-04
2.571368842490605691e-04
2.563188827197683821e-04
2.555038327211280784e-04
2.546917204394203924e-04
2.538825321322760479e-04
2.530762541498902344e-04
2.522728729215229881e-04
2.514723749554987047e-04
2.506747468314923116e-04
2.498799752256007927e-04
2.490880468659856586e-04
2.482989485849452257e-04
2.475126672726280733e-04
2.467291899059624854e-04
2.459485035312989156e-04
2.451705952740529360e-04
2.443954523367769830e-04
2.436230619914459071e-04
2.428534115833141569e-04
2.420864885367018146e-04
2.413222803434229597e-04
2.405607745705002287e-04
2.398019588563075487e-04
2.390458209028559309e-04
2.382923484989367413e-04
2.375415294911926122e-04
2.367933517976179272e-04
2.360478034075586863e-04
2.353048723797841702e-04
2.345645468444154929e-04
2.338268149874967263e-04
2.330916650760670762e-04
2.323590854388747412e-04
2.316290644721627305e-04
2.309015906338833177e-04
2.301766524494837493e-04
2.294542385138349328e-04
2.287343374854457537e-04
2.280169380845344703e-04
2.273020290911001342e-04
2.265895993564943890e-04
2.258796377937784402e-04
2.251721333777231100e-04
2.244670751409516790e-04
2.237644521835829977e-04
2.230642536635883753e-04
2.223664687987206192e-04
2.216710868703707592e-04
2.209780972235685895e-04
2.202874892554107619e-04
2.195992524247040870e-04
2.189133762519654251e-04
2.182298503097787113e-04
2.175486642401527069e-04
2.168698077275201907e-04
2.161932705257387953e-04
2.155190424465192349e-04
2.148471133478538873e-04
2.141774731494454787e-04
2.135101118288501424e-04
2.128450194176200719e-04
2.121821860013036560e-04
2.115216017194455878e-04
2.108632567675153345e-04
2.102071413969073274e-04
2.095532459052979867e-04
2.089015606578603862e-04
2.082520760583351106e-04
2.076047825663878982e-04
2.069596706976097500e-04
2.063167310196594459e-04
2.056759541522639248e-04
2.050373307556465133e-04
2.044008515575274900e-04
2.037665073261236569e-04
2.031342888778627897e-04
2.025041870889552741e-04
2.018761928761082086e-04
2.012502972100255107e-04
2.006264911096222888e-04
2.000047656362389701e-04
1.993851119129274414e-04
1.987675210974506473e-04
1.981519843996399624e-04
1.975384930852525653e-04
1.969270384489708479e-04
1.963176118491175384e-04
1.957102046864409278e-04
1.951048084002577395e-04
1.945014144858106097e-04
1.939000144749821364e-04
1.933005999536522516e-04
1.927031625481980611e-04
1.921076939235653468e-04
1.915141858025545178e-04
1.909226299407488418e-04
1.903330181458006126e-04
1.897453422620021669e-04
1.891595941780004173e-04
1.885757658345114918e-04
1.879938491992485053e-04
1.874138362958510272e-04
1.868357191865274659e-04
1.862594899759123621e-04
1.856851408014234127e-04
1.851126638564048240e-04
1.845420513650552173e-04
1.839732955978569103e-04
1.834063888619324805e-04
1.828413235068309631e-04
1.822780919245276334e-04
1.817166865397811947e-04
1.811570998294197285e-04
1.805993242914830815e-04
1.800433524837950381e-04
1.794891769853911750e-04
1.789367904273765826e-04
1.783861854697826486e-04
1.778373548131388020e-04
1.772902912023295347e-04
1.767449874111657443e-04
1.762014362558850841e-04
1.756596305893658194e-04
1.751195633030559762e-04
1.745812273115438971e-04
1.740446155949882767e-04
1.735097211412594143e-04
1.729765369845116850e-04
1.724450562013262736e-04
1.719152718972110413e-04
1.713871772104574398e-04
1.708607653256412405e-04
1.703360294446930930e-04
1.698129628254709694e-04
1.692915587431876928e-04
1.687718105193404604e-04
1.682537114966386408e-04
1.677372550621472895e-04
1.672224346415013307e-04
1.667092436776907837e-04
1.661976756542040616e-04
1.656877240988855078e-04
1.651793825550059011e-04
1.646726446063346031e-04
1.641675038732823202e-04
1.636639540032581270e-04
1.631619886725979107e-04
1.626616016019935974e-04
1.621627865314208684e-04
1.616655372355683062e-04
1.611698475238373940e-04
1.606757112364852230e-04
1.601831222446245735e-04
1.596920744425094367e-04
1.592025617648926313e-04
1.587145781715967928e-04
1.582281176571576206e-04
1.577431742431092911e-04
1.572597419818417511e-04
1.567778149508150087e-04
1.562973872679878176e-04
1.558184530706032561e-04
1.553410065248314858e-04
1.548650418373417122e-04
1.543905532283014579e-04
1.539175349564485750e-04
1.534459813094484057e-04
1.529758865981075300e-04
1.525072451660173113e-04
1.520400513799104864e-04
1.515742996354472549e-04
1.511099843630010157e-04
1.506471000141581520e-04
1.501856410636465567e-04
1.497256020209075385e-04
1.492669774223811001e-04
1.488097618295776306e-04
1.483539498271490285e-04
1.478995360306034233e-04
1.474465150824477743e-04
1.469948816444735279e-04
1.465446304170427854e-04
1.460957561140162635e-04
1.456482534820394343e-04
1.452021172870423659e-04
1.447573423354544142e-04
1.443139234414177598e-04
1.438718554518594471e-04
1.434311332387769886e-04
1.429917516934524108e-04
1.425537057515244299e-04
1.421169903447728968e-04
1.416816004512629578e-04
1.412475310644871701e-04
1.408147772030085858e-04
1.403833339085321455e-04
1.399531962459046517e-04
1.395243593146866480e-04
1.390968182221515839e-04
1.386705681045007240e-04
1.382456041307204408e-04
1.378219214794386188e-04
1.373995153639969921e-04
1.369783810073788336e-04
1.365585136672812659e-04
1.361399086226146944e-04
1.357225611657885192e-04
1.353064666239259088e-04
1.348916203415062381e-04
1.344780176822936674e-04
1.340656540312658296e-04
1.336545247984710692e-04
1.332446254248143957e-04
1.328359513550566207e-04
1.324284980648151938e-04
1.320222610547783573e-04
1.316172358429906688e-04
1.312134179648528378e-04
1.308108029827651354e-04
1.304093864764841208e-04
1.300091640489084855e-04
1.296101313222219507e-04
1.292122839417503700e-04
1.288156175740333409e-04
1.284201278991094555e-04
1.280258106259454733e-04
1.276326614731500178e-04
1.272406761901885130e-04
1.268498505458114122e-04
1.264601803126251609e-04
1.260716613095220963e-04
1.256842893515360427e-04
1.252980602884148909e-04
1.249129699795485855e-04
1.245290143055406522e-04
1.241461891739942865e-04
1.237644905002260507e-04
1.233839142265521225e-04
1.230044563107165242e-04
1.226261127297484431e-04
1.222488794818908371e-04
1.218727525788859434e-04
1.214977280575470090e-04
1.211238019681866278e-04
1.207509703765452926e-04
1.203792293753631930e-04
1.200085750689512193e-04
1.196390035809054807e-04
1.192705110521786723e-04
1.189030936449373278e-04
1.185367475329187085e-04
1.181714689168598541e-04
1.178072539994253528e-04
1.174440990218514238e-04
1.170820002215159359e-04
1.167209538647251963e-04
1.163609562409281058e-04
1.160020036376438343e-04
1.156440923771060114e-04
1.152872187854044620e-04
1.149313792156288704e-04
1.145765700343683361e-04
1.142227876159255688e-04
1.138700283673889829e-04
1.135182887016319704e-04
1.131675650508132098e-04
1.128178538548050446e-04
1.124691515824083245e-04
1.121214547178519741e-04
1.117747597472926700e-04
1.114290631896729155e-04
1.110843615697201369e-04
1.107406514237327323e-04
1.103979293207948313e-04
1.100561918280611715e-04
1.097154355358290976e-04
1.093756570498241240e-04
1.090368529892713834e-04
1.086990199907527705e-04
1.083621546985638856e-04
1.080262537859289298e-04
1.076913139299285168e-04
1.073573318250001848e-04
1.070243041810096013e-04
1.066922277251793180e-04
1.063610991924456462e-04
1.060309153408876262e-04
1.057016729343693978e-04
1.053733687618265173e-04
1.050459996141223470e-04
1.047195623033344539e-04
1.043940536608259356e-04
1.040694705179591310e-04
1.037458097350250474e-04
1.034230681742425665e-04
1.031012427190448151e-04
1.027803302721504234e-04
1.024603277285627851e-04
1.021412320218571817e-04
1.018230400836795302e-04
1.015057488668899652e-04
1.011893553301338296e-04
1.008738564532706298e-04
1.005592492277310201e-04
1.002455306545880608e-04
9.993269775034321271e-05
9.962074754306900269e-05
9.930967707626631733e-05
9.899948340886440272e-05
9.869016360557778065e-05
9.838171475040658495e-05
9.807413393506476333e-05
9.776741826476609840e-05
9.746156486786723737e-05
9.715657086308106597e-05
9.685243340383514624e-05
9.654914964741368290e-05
9.624671675688614280e-05
9.594513191846495222e-05
9.564439232993364448e-05
9.534449518907521081e-05
9.504543772067280017e-05
9.474721714950899232e-05
9.444983072736657900e-05
9.415327569831319636e-05
9.385754932955954846e-05
9.356264890374468531e-05
9.326857170929305461e-05
9.297531505005751781e-05
9.268287623760489927e-05
9.239125259314460580e-05
9.210044145524315872e-05
9.181044017210967536e-05
9.152124610738171387e-05
9.123285662276772506e-05
9.094526910504773865e-05
9.065848094678716847e-05
9.037248955212268445e-05
9.008729233869080502e-05
8.980288672991339205e-05
8.951927016656951682e-05
8.923644009136628735e-05
8.895439397015390663e-05
8.867312927071065501e-05
8.839264347045749015e-05
8.811293406802979096e-05
8.783399855627650873e-05
8.755583446083284131e-05
8.727843929769031996e-05
8.700181059826903875e-05
8.672594591520355371e-05
8.645084279727062622e-05
8.617649881639016687e-05
8.590291153869564504e-05
8.563007856117819787e-05
8.535799747311394246e-05
8.508666588113620536e-05
8.481608140730693014e-05
8.454624167175889878e-05
8.427714431391080351e-05
8.400878698282401380e-05
8.374116733334531037e-05
8.347428303189286555e-05
8.320813175259888237e-05
8.294271118309557496e-05
8.267801901680056870e-05
8.241405296834605927e-05
8.215081074272056224e-05
8.188829006805583720e-05
8.162648868019766087e-05
8.136540432077730251e-05
8.110503474685468910e-05
8.084537771741793339e-05
8.058643099916923305e-05
8.032819238581128231e-05
8.007065965947451642e-05
7.981383062157530793e-05
7.955770307931548128e-05
7.930227485339693978e-05
7.904754377030702504e-05
7.879350766810453810e-05
7.854016438677645221e-05
7.828751178366707205e-05
7.803554772576346086e-05
7.778427007619502281e-05
7.753367672123439257e-05
7.728376554908244480e-05
7.703453446144010596e-05
7.678598135807922220e-05
7.653810415998635916e-05
7.629090079200487415e-05
7.604436918476367127e-05
7.579850727660583437e-05
7.555331302130311854e-05
7.530878437455560022e-05
7.506491930749201354e-05
7.482171578931210722e-05
7.457917181043026813e-05
7.433728535354594438e-05
7.409605442643054252e-05
7.385547703106912275e-05
7.361555118873283165e-05
7.337627492069239571e-05
7.313764626171867446e-05
7.289966325236808776e-05
7.266232393512530902e-05
7.242562637561833700e-05
7.218956862983163939e-05
7.195414877496433554e-05
7.171936489207247206e-05
7.148521506799768296e-05
7.125169739536714897e-05
7.101880998223684407e-05
7.078655093666240340e-05
7.055491838405686129e-05
7.032391044018972094e-05
7.009352524783110411e-05
6.986376094782217427e-05
6.963461568293238910e-05
6.940608761714591216e-05
6.917817491444658176e-05
6.895087574267521767e-05
6.872418828703002525e-05
6.849811072306573301e-05
6.827264125719499470e-05
6.804777808425827284e-05
6.782351941452483674e-05
6.759986346019233123e-05
6.737680844502987412e-05
6.715435260052088492e-05
6.693249416393435701e-05
6.671123138218221856e-05
6.649056250024741230e-05
6.627048578239902162e-05
6.605099949097717157e-05
6.583210189410761528e-05
6.561379128113087951e-05
6.539606592788668033e-05
6.517892413335812690e-05
6.496236419267080486e-05
6.474638442023635909e-05
6.453098311889436526e-05
6.431615861848504465e-05
6.410190923920514169e-05
6.388823332053752784e-05
6.367512919617889086e-05
6.346259521525473885e-05
6.325062973267626216e-05
6.303923110335436656e-05
6.282839770341471788e-05
6.261812789741088561e-05
6.240842006725394681e-05
6.219927259871198711e-05
6.199068388333874729e-05
6.178265232040226990e-05
6.157517631688489920e-05
6.136825427591146946e-05
6.116188462760748770e-05
6.095606578666911204e-05
6.075079618514998787e-05
6.054607426088946316e-05
6.034189845558390799e-05
6.013826721864398743e-05
5.993517900333742256e-05
5.973263227257490988e-05
5.953062548926686128e-05
5.932915712982397084e-05
5.912822567258532171e-05
5.892782959974703950e-05
5.872796740314821171e-05
5.852863758812820797e-05
5.832983864652563469e-05
5.813156908753666001e-05
5.793382743578636053e-05
5.773661220047044361e-05
5.753992191199941740e-05
5.734375510078360704e-05
5.714811031073358601e-05
5.695298607804513810e-05
5.675838095434294201e-05
5.656429349125145957e-05
5.637072225582410849e-05
5.617766580932809564e-05
5.598512272460231772e-05
5.579309158027134688e-05
5.560157095688819857e-05
5.541055944272023066e-05
5.522005563182053750e-05
5.503005812209926264e-05
5.484056552303819877e-05
5.465157644026166246e-05
5.446308949096559230e-05
5.427510329813166334e-05
5.408761648281270077e-05
5.390062768149047207e-05
5.371413552678923472e-05
5.352813866483356901e-05
5.334263574367648498e-05
5.315762541329944953e-05
5.297310632946963213e-05
5.278907715566860567e-05
5.260553656887823195e-05
5.242248323257969083e-05
5.223991582954038408e-05
5.205783304638482369e-05
5.187623356395137182e-05
5.169511608043603375e-05
5.151447929982052410e-05
5.133432191644315517e-05
5.115464264199985525e-05
5.097544019590094245e-05
5.079671329369924522e-05
5.061846065673335557e-05
5.044068101598488840e-05
5.026337310436393576e-05
5.008653566056632620e-05
4.991016742714501881e-05
4.973426715243870237e-05
4.955883358864317587e-05
4.938386549566866880e-05
4.920936163535384041e-05
4.903532077146584067e-05
4.886174167741487629e-05
4.868862313432553029e-05
4.851596391560765702e-05
4.834376281588602679e-05
4.817201862014202789e-05
4.800073012492872483e-05
4.782989613065631270e-05
4.765951543966347729e-05
4.748958686007464765e-05
4.732010920965733670e-05
4.715108130425023456e-05
4.698250196547781529e-05
4.681437002267896310e-05
4.664668430519238601e-05
4.647944364621393615e-05
4.631264689629713586e-05
4.614629289056614502e-05
4.598038047764550735e-05
4.581490851773149022e-05
4.564987586330557814e-05
4.548528138227833347e-05
4.532112393291687553e-05
4.515740239277466080e-05
4.499411563554768317e-05
4.483126253878910093e-05
4.466884198969511561e-05
4.450685287353317371e-05
4.434529407749916502e-05
4.418416450807535035e-05
4.402346306017193480e-05
4.386318863641354719e-05
4.370334014906794085e-05
4.354391651040269293e-05
4.338491663654253145e-05
4.322633945132663526e-05
4.306818387280811469e-05
4.291044883639771640e-05
4.275313327557743882e-05
4.259623612382912452e-05
4.243975632427770671e-05
4.228369282583390929e-05
4.212804456969375459e-05
4.197281051826824190e-05
4.181798961661038858e-05
4.166358083870280238e-05
4.150958314309876251e-05
4.135599549992329216e-05
4.120281687930131965e-05
4.105004626100084363e-05
4.089768262671837379e-05
4.074572495429300468e-05
4.059417223699288157e-05
4.044302346615736763e-05
4.029227763891163702e-05
4.014193375045208858e-05
3.999199080561823211e-05
3.984244781310674184e-05
3.969330377968553021e-05
3.954455772562290024e-05
3.939620866154380682e-05
3.924825561735954197e-05
3.910069761333803603e-05
3.895353367746171757e-05
3.880676284735607871e-05
3.866038415486061761e-05
3.851439663952922223e-05
3.836879934863029914e-05
3.822359132943213973e-05
3.807877162341696684e-05
3.793433929713928022e-05
3.779029339786701887e-05
3.764663299215446570e-05
3.750335714655580197e-05
3.736046492569642004e-05
3.721795539805892414e-05
3.707582764755496245e-05
3.693408074459555540e-05
3.679271377502078090e-05
3.665172582467060846e-05
3.651111597938489915e-05
3.637088333464664537e-05
3.623102698786735730e-05
3.609154602874388429e-05
3.595243956818805936e-05
3.581370670939702756e-05
3.567534655942512545e-05
3.553735823304117431e-05
3.539974084501388700e-05
3.526249351396916790e-05
3.512561536239011293e-05
3.498910551275970958e-05
3.485296309527545039e-05
3.471718724592064566e-05
3.458177709682123122e-05
3.444673178203167430e-05
3.431205044717824032e-05
3.417773223981571254e-05
3.404377630364152684e-05
3.391018179199622328e-05
3.377694785243431409e-05
3.364407364986804266e-05
3.351155834342360422e-05
3.337940109222711945e-05
3.324760106697647336e-05
3.311615743836946965e-05
3.298506937710383069e-05
3.285433605580579671e-05
3.272395665674478665e-05
3.259393036219011781e-05
3.246425635441100584e-05
3.233493382531982480e-05
3.220596196490020728e-05
3.207733996699298418e-05
3.194906702351025174e-05
3.182114233986456451e-05
3.169356511568241535e-05
3.156633456023348258e-05
3.143944987893003618e-05
3.131291028297021134e-05
3.118671499319528809e-05
3.106086322080323900e-05
3.093535418663517469e-05
3.081018711731805745e-05
3.068536123755014202e-05
3.056087576817227475e-05
3.043672995509766018e-05
3.031292302495293197e-05
3.018945421207923558e-05
3.006632276431817481e-05
2.994352792179665870e-05
2.982106892849883863e-05
2.969894503612336087e-05
2.957715549251149041e-05
2.945569954936172780e-05
2.933457647380165485e-05
2.921378551945826284e-05
2.909332594767302779e-05
2.897319702364466127e-05
2.885339801450045031e-05
2.873392819508218695e-05
2.861478683444564216e-05
2.849597321128975210e-05
2.837748660431337836e-05
2.825932629028665805e-05
2.814149155755154002e-05
2.802398168866395542e-05
2.790679597582300739e-05
2.778993370929906773e-05
2.767339418514838366e-05
2.755717669942713124e-05
2.744128055204870517e-05
2.732570503906913580e-05
2.721044947775951177e-05
2.709551316417571775e-05
2.698089541173140011e-05
2.686659553769744078e-05
2.675261284970139729e-05
2.663894666887129569e-05
2.652559631247781123e-05
2.641256110164883782e-05
2.629984036908408112e-05
2.618743343398265291e-05
2.607533963097278008e-05
2.596355829275397517e-05
2.585208874816838300e-05
2.574093034148727027e-05
2.563008240733859959e-05
2.551954429192215210e-05
2.540931533758034464e-05
2.529939489244148297e-05
2.518978230270515849e-05
2.508047692421413118e-05
2.497147810895380347e-05
2.486278521083817354e-05
2.475439759728170132e-05
2.464631462219824608e-05
2.453853565107350258e-05
2.443106004553580803e-05
2.432388718457125453e-05
2.421701642980806748e-05
2.411044715637492047e-05
2.400417874132909299e-05
2.389821055979915020e-05
2.379254199269953944e-05
2.368717242480194697e-05
2.358210123702071171e-05
2.347732781605604117e-05
2.337285155246540214e-05
2.326867183873483009e-05
2.316478806542166986e-05
2.306119962886914843e-05
2.295790592927772500e-05
2.285490636491916810e-05
2.275220033599382173e-05
2.264978725427388228e-05
2.254766651803093874e-05
2.244583754482301207e-05
2.234429973485022264e-05
2.224305251145643631e-05
2.214209528834220470e-05
2.204142747920803197e-05
2.194104850354031464e-05
2.184095778853998812e-05
2.174115475947928025e-05
2.164163883391578171e-05
2.154240944869350839e-05
2.144346603101318904e-05
2.134480800807547445e-05
2.124643482636748811e-05
2.114834590923248599e-05
2.105054071087207628e-05
2.095301865848670311e-05
2.085577920242057305e-05
2.075882178723188176e-05
2.066214585940742745e-05
2.056575086350530073e-05
2.046963625758410141e-05
2.037380149198776162e-05
2.027824602477478291e-05
2.018296931207494907e-05
2.008797080808935327e-05
1.999324998051958430e-05
1.989880629320988696e-05
1.980463920614714847e-05
1.971074818896146531e-05
1.961713271514017967e-05
1.952379225238463979e-05
1.943072627225343285e-05
1.933793425594837221e-05
1.924541567309929682e-05
1.915317000683656838e-05
1.906119674221914094e-05
1.896949535466267126e-05
1.887806533501197861e-05
1.878690617025452811e-05
1.869601734352043751e-05
1.860539835144033372e-05
1.851504868485884966e-05
1.842496783654921065e-05
1.833515530699921141e-05
1.824561058898199593e-05
1.815633318684255725e-05
1.806732260299721130e-05
1.797857833986220966e-05
1.789009990371106997e-05
1.780188680274592258e-05
1.771393854324018687e-05
1.762625464303915835e-05
1.753883461034483186e-05
1.745167796107374790e-05
1.736478421499972660e-05
1.727815288611057718e-05
1.719178349418002492e-05
1.710567556862500768e-05
1.701982862729051267e-05
1.693424220152203963e-05
1.684891581302180456e-05
1.676384899699251570e-05
1.667904127899360429e-05
1.659449219808500735e-05
1.651020128368337476e-05
1.642616807484856224e-05
1.634239211064038484e-05
1.625887292818997036e-05
1.617561007234301265e-05
1.609260308601650810e-05
1.600985151598471583e-05
1.592735490709321108e-05
1.584511280611617501e-05
1.576312476754235484e-05
1.568139034007450376e-05
1.559990908205859778e-05
1.551868054412596556e-05
1.543770428655115174e-05
1.535697986960866710e-05
1.527650685164432838e-05
1.519628479486122010e-05
1.511631325953373784e-05
1.503659182329409984e-05
1.495712004063067042e-05
1.487789748917559500e-05
1.479892373113177174e-05
1.472019834798857315e-05
1.464172090580612619e-05
1.456349098607373052e-05
1.448550816256604694e-05
1.440777201677230226e-05
1.433028212246708445e-05
1.425303807656876421e-05
1.417603944513724828e-05
1.409928582316218455e-05
1.402277679598992869e-05
1.394651195089544908e-05
1.387049087901098693e-05
1.379471317532604953e-05
1.371917842711550191e-05
1.364388623322608523e-05
1.356883618286125015e-05
1.349402788451093009e-05
1.341946093509311462e-05
1.334513492959710264e-05
1.327104947458407599e-05
1.319720417661518261e-05
1.312359863839422983e-05
1.305023246841094782e-05
1.297710527129773799e-05
1.290421666711617104e-05
1.283156625664128069e-05
1.275915365993456987e-05
1.268697848934291963e-05
1.261504036299912535e-05
1.254333889903594682e-05
1.247187371558612014e-05
1.240064443078234582e-05
1.232965067432920559e-05
1.225889206243068223e-05
1.218836822479129817e-05
1.211807878918688691e-05
1.204802338146460318e-05
1.197820163325752452e-05
1.190861317041274298e-05
1.183925763613518682e-05
1.177013465820053877e-05
1.170124386824175441e-05
1.163258490946367559e-05
1.156415741928515531e-05
1.149596103898231940e-05
1.142799540790261320e-05
1.136026016732210834e-05
1.129275496623144923e-05
1.122547944590664989e-05
1.115843325340964376e-05
1.109161604544560233e-05
1.102502746136179815e-05
1.095866715786334170e-05
1.089253479165531805e-05
1.082663000208491337e-05
1.076095246321502186e-05
1.069550182210738892e-05
1.063027773739562931e-05
1.056527987157065099e-05
1.050050788519467295e-05
1.043596143690123203e-05
1.037164019882441321e-05
1.030754382766904745e-05
1.024367199556915873e-05
1.018002436694414064e-05
1.011660061585661295e-05
1.005340041058321836e-05
9.990423419400569109e-06
9.927669324085817084e-06
9.865137789058220353e-06
9.802828498023533345e-06
9.740741130830176661e-06
9.678875357683282060e-06
9.617230860359877765e-06
9.555807328351569876e-06
9.494604433792065590e-06
9.433621868101573548e-06
9.372859316914321974e-06
9.312316463935858623e-06
9.251992996729007483e-06
9.191888606713880634e-06
9.132002981453254630e-06
9.072335816224492375e-06
9.012886800518972964e-06
8.953655633471316899e-06
8.894642010358815932e-06
8.835845624530077957e-06
8.777266178976957358e-06
8.718903368976669655e-06
8.660756897521016713e-06
8.602826467601780073e-06
8.545111778353405745e-06
8.487612542410892958e-06
8.430328458908643678e-06
8.373259240481602922e-06
8.316404588192778587e-06
8.259764218534381759e-06
8.203337838355327907e-06
8.147125164147778990e-06
8.091125906617914853e-06
8.035339782257851715e-06
7.979766501773718598e-06
7.924405789372196047e-06
7.869257359616682541e-06
7.814320930927851102e-06
7.759596229440969567e-06
7.705082969719360183e-06
7.650780881755555164e-06
7.596689689756098682e-06
7.542809115998862063e-06
7.489138886619001336e-06
7.435678731608954695e-06
7.382428382889794213e-06
7.329387568525261522e-06
7.276556020436385497e-06
7.223933470544170450e-06
7.171519654626907937e-06
7.119314304605561613e-06
7.067317160115685714e-06
7.015527960792812456e-06
6.963946444343802901e-06
6.912572346546841035e-06
6.861405412823355632e-06
6.810445382808796746e-06
6.759692003853207554e-06
6.709145013663340699e-06
6.658804167303812154e-06
6.608669206338640631e-06
6.558739878117786297e-06
6.509015935777148235e-06
6.459497126666646801e-06
6.410183201993486210e-06
6.361073914893505403e-06
6.312169020431178900e-06
6.263468277528264227e-06
6.214971435463234308e-06
6.166678253157810248e-06
6.118588497248303737e-06
6.070701917013129252e-06
6.023018271373947760e-06
5.975537328895668408e-06
5.928258854285874135e-06
5.881182606466167463e-06
5.834308350144094062e-06
5.787635853884484305e-06
5.741164886252153319e-06
5.694895213883241693e-06
5.648826609199831470e-06
5.602958838838025122e-06
5.557291679077176690e-06
5.511824894624696318e-06
5.466558269474515927e-06
5.421491572191315118e-06
5.376624580983027604e-06
5.331957077914874343e-06
5.287488831551480728e-06
5.243219625886685503e-06
5.199149244914309627e-06
5.155277464913540276e-06
5.111604073735466172e-06
5.068128851516549029e-06
5.024851582250536114e-06
4.981772055717116996e-06
4.938890055910006754e-06
4.896205372608861074e-06
4.853717789807357767e-06
4.811427104999732091e-06
4.769333106036935549e-06
4.727435586555860251e-06
4.685734338264729696e-06
4.644229152871750445e-06
4.602919829799724722e-06
4.561806170400094564e-06
4.520887958666398019e-06
4.480165003664657543e-06
4.439637104817608444e-06
4.399304055762007309e-06
4.359165667492481673e-06
4.319221735574407605e-06
4.279472063287761071e-06
4.239916459698466271e-06
4.200554731943772017e-06
4.161386681374951786e-06
4.122412117057878956e-06
4.083630849987061630e-06
4.045042689228341848e-06
4.006647445776194679e-06
3.968444932553737548e-06
3.930434960555414185e-06
3.892617348490270763e-06
3.854991901566757043e-06
3.817558444279848794e-06
3.780316789552582124e-06
3.743266759951245558e-06
3.706408166470188808e-06
3.669740841318940532e-06
3.633264591634510682e-06
3.596979245769088579e-06
3.560884632074848299e-06
3.524980563474714567e-06
3.489266874106793172e-06
3.453743384608594339e-06
3.418409925260884522e-06
3.383266324415761139e-06
3.348312402710688252e-06
3.313547998141004687e-06
3.278972944844722636e-06
3.244587067316570960e-06
3.210390197765878843e-06
3.176382176116578333e-06
3.142562834577968121e-06
3.108932005359334194e-06
3.075489528384562859e-06
3.042235243577526451e-06
3.009168987004773213e-06
2.976290594732839104e-06
2.943599914400167984e-06
2.911096782073265744e-06
2.878781043461893232e-06
2.846652542347144806e-06
2.814711116724135674e-06
2.782956620017202023e-06
2.751388897936047949e-06
2.720007790404401368e-06
2.688813148917900209e-06
2.657804832686786114e-06
2.626982677777435802e-06
2.596346535685445275e-06
2.565896273335632359e-06
2.535631728722983936e-06
2.505552762986325980e-06
2.475659227621199858e-06
2.445950977980440113e-06
2.416427877131486269e-06
2.387089768855219655e-06
2.357936531648286797e-06
2.328968007362887284e-06
2.300184064852368215e-06
2.271584563326791238e-06
2.243169369710822984e-06
2.214938337428533671e-06
2.186891341119180934e-06
2.159028236135462946e-06
2.131348900973918659e-06
2.103853187129910716e-06
2.076540976957260658e-06
2.049412129665921712e-06
2.022466516037762627e-06
1.995704008783291538e-06
1.969124480613005571e-06
1.942727800380076488e-06
1.916513844652284000e-06
1.890482489997393631e-06
1.864633601411230394e-06
1.838967065104806725e-06
1.813482753788539913e-06
1.788180545958798237e-06
1.763060320111937266e-06
1.738121954744299018e-06
1.713365336066831129e-06
1.688790338718541998e-06
1.664396843124389737e-06
1.640184739352593345e-06
1.616153913614050059e-06
1.592304244405025665e-06
1.568635617936391779e-06
1.545147922347662577e-06
1.521841047706993745e-06
1.498714882153874049e-06
1.475769311899125342e-06
1.453004228939520037e-06
1.430419527200474380e-06
1.408015094821426740e-06
1.385790825727767742e-06
1.363746617702185419e-06
1.341882358884081083e-06
1.320197948984773048e-06
1.298693289644221136e-06
1.277368267073136235e-06
1.256222786768763294e-06
1.235256748442371288e-06
1.214470049876562700e-06
1.193862592711236788e-06
1.173434276657626315e-06
1.153185007212915878e-06
1.133114687945624428e-06
1.113223222424257151e-06
1.093510518074618549e-06
1.073976478465190516e-06
1.054621007164443509e-06
1.035444017384109721e-06
1.016445418478600219e-06
9.976251198023139979e-07
9.789830307096384082e-07
9.605190586262945185e-07
9.422331225499196601e-07
9.241251318348659248e-07
9.061950016214382944e-07
8.884426431926202012e-07
8.708679774746574469e-07
8.534709234651293411e-07
8.362513866610204744e-07
8.192092937745061394e-07
8.023445695890952424e-07
7.856571215303925971e-07
7.691468782391936134e-07
7.528137625703182590e-07
7.366576877353012620e-07
7.206785862322133128e-07
7.048763809158400742e-07
6.892509984982653593e-07
6.738023541196331081e-07
6.585303841352781742e-07
6.434350171859054409e-07
6.285161780548985597e-07
6.137737973115947071e-07
5.992078035966643560e-07
5.848181313367319278e-07
5.706047091724458724e-07
5.565674715304078474e-07
5.427063509085535474e-07
5.290212817334625014e-07
5.155121984317029091e-07
5.021790412157963899e-07
4.890217406549796412e-07
4.760402466050260641e-07
4.632344780632212067e-07
4.506043925999359354e-07
4.381499207843624786e-07
4.258710047576111267e-07
4.137675924467457487e-07
4.018396202068900225e-07
3.900870321077764205e-07
3.785097780050905700e-07
3.671077942539235911e-07
3.558810364959038899e-07
3.448294488007203695e-07
3.339529733093956525e-07
3.232515656635259049e-07
3.127251737900767926e-07
3.023737456160032349e-07
2.921972309969043031e-07
2.821955894316423908e-07
2.723687630611754814e-07
2.627167133129993738e-07
2.532393958286345303e-07
2.439367585349712838e-07
2.348087667167829373e-07
2.258553644436285067e-07
2.170765266435344000e-07
2.084721954573832942e-07
2.000423400272156464e-07
1.917869140658219520e-07
1.837058867152213600e-07
1.757992155454929871e-07
1.680668619840150269e-07
1.605087951727746528e-07
1.531249707531642135e-07
1.459153578671495741e-07
1.388799237280312723e-07
1.320186374777540770e-07
1.253314644009423985e-07
1.188183678535551342e-07
1.124793266207798614e-07
1.063143021298995354e-07
1.003232693087708269e-07
9.450620115658497288e-08
8.886307260117764019e-08
8.339384699844446340e-08
7.809850699081972630e-08
7.297702943476241583e-08
6.802938347210140292e-08
6.325554981658457376e-08
5.865550532463944934e-08
5.422922685268308845e-08
4.997669125712209435e-08
4.589788696628211198e-08
4.199279083654880037e-08
3.826138165295228803e-08
3.470364205782209133e-08
3.131955662213218954e-08
2.810911184550108429e-08
2.507229037022696168e-08
2.220907483859758202e-08
1.951945946481983337e-08
1.700342110519583941e-08
1.466096168853136324e-08
1.249205614245275197e-08
1.049670060978015192e-08
8.674889304668376800e-09
7.026608726642103652e-09
5.551851161180396878e-09
4.250612751061778252e-09
3.122879995779705773e-09
2.168658681366558360e-09
1.387935307294991454e-09
7.807118022667225575e-10
3.469823803533400513e-10
8.674704158083432458e-11
0.000000000000000000e+00
