1.999999999999957589e+00
1.983891283085954083e+00
1.937110373427967769e+00
1.863931388125244171e+00
1.770424185554347885e+00
1.663307945278724276e+00
1.548950615460553903e+00
1.432719259118051536e+00
1.318706189727441469e+00
1.209741475557486901e+00
1.107569848003215007e+00
1.013089677402987165e+00
9.265886865188246446e-01
8.479443426852563137e-01
7.767792321183837334e-01
7.125738040010208829e-01
6.547438678223549413e-01
6.026912144650612424e-01
5.558348542681378346e-01
5.136288642841169150e-01
4.755713238533215148e-01
4.412075366380405206e-01
4.101297454433199818e-01
3.819748190077187355e-01
3.564208762611577042e-01
3.331834604839274405e-01
3.120116383398546245e-01
2.926842413015666722e-01
2.750063611585596424e-01
2.588061335143304054e-01
2.439317780147374215e-01
2.302488147548792941e-01
2.176373680898799345e-01
2.059895270313535642e-01
1.952068444056146157e-01
1.851981669729747815e-01
1.758780253403067761e-01
1.671657434734711289e-01
1.589852804654873220e-01
1.512656578742673508e-01
1.439417174750488859e-01
1.369549269667261482e-01
1.302539977930279036e-01
1.237951691589285613e-01
1.175421105111289638e-01
1.114654752019963169e-01
1.055421885162095424e-01
9.975457333910013602e-02
9.408941325152817003e-02
8.853703494506730276e-02
8.309046798623648256e-02
7.774471623638494477e-02
7.249615521733171475e-02
6.734205484668265296e-02
6.228021726815296394e-02
5.730871419798987121e-02
5.242570622685018000e-02
4.762932678870525349e-02
4.291761512892977581e-02
3.828848488605871014e-02
3.373971737204185112e-02
2.926897099768267091e-02
2.487380038365102908e-02
2.055168045553784628e-02
1.630003223605192009e-02
1.211624814646630743e-02
7.997715454303340465e-03
3.941837105044872225e-03
-5.395040292272695881e-05
-3.992162156228988568e-03
-7.875252851490877060e-03
-1.170560747369818466e-02
-1.548553433929981266e-02
-1.921726019548673087e-02
-2.290292707072436040e-02
-2.654459058958146683e-02
-3.014421949053580629e-02
-3.370369611471261961e-02
-3.722481766377043477e-02
-4.070929805408755875e-02
-4.415877022103422561e-02
-4.757478875178697969e-02
-5.095883274617273029e-02
-5.431230882364650181e-02
-5.763655421051457062e-02
-6.093283985483229082e-02
-6.420237352772917294e-02
-6.744630287933411905e-02
-7.066571842503932555e-02
-7.386165644436304412e-02
-7.703510177963966699e-02
-8.018699052592886956e-02
-8.331821260689667441e-02
-8.642961423389461384e-02
-8.952200024765458175e-02
-9.259613634342069022e-02
-9.565275118168056756e-02
-9.869253838747088503e-02
-1.017161584418264791e-01
-1.047242404695523377e-01
-1.077173839275507444e-01
-1.106961601983078441e-01
-1.136611140931198249e-01
-1.166127652695910510e-01
-1.195516095679829416e-01
-1.224781202708090655e-01
-1.253927492899126472e-01
-1.282959282852260408e-01
-1.311880697191293299e-01
-1.340695678501160060e-01
-1.369407996694922969e-01
-1.398021257843833354e-01
-1.426538912503073631e-01
-1.454964263564172411e-01
-1.483300473661683105e-01
-1.511550572162223549e-01
-1.539717461759993744e-01
-1.567803924704209984e-01
-1.595812628679213752e-01
-1.623746132359453753e-01
-1.651606890658303406e-01
-1.679397259689582311e-01
-1.707119501458795319e-01
-1.734775788300670363e-01
-1.762368207077529003e-01
-1.789898763153463801e-01
-1.817369384156973244e-01
-1.844781923544940028e-01
-1.872138163979522596e-01
-1.899439820528636691e-01
-1.926688543700817713e-01
-1.953885922323516933e-01
-1.981033486274117739e-01
-2.008132709072136812e-01
-2.035185010340167799e-01
-2.062191758141727893e-01
-2.089154271201918711e-01
-2.116073821018489565e-01
-2.142951633868544759e-01
-2.169788892717421092e-01
-2.196586739034324387e-01
-2.223346274520696664e-01
-2.250068562755387913e-01
-2.276754630761174958e-01
-2.303405470497459639e-01
-2.330022040282354046e-01
-2.356605266148390498e-01
-2.383156043134918578e-01
-2.409675236521040542e-01
-2.436163683002065816e-01
-2.462622191811736638e-01
-2.489051545793935227e-01
-2.515452502426198111e-01
-2.541825794797016314e-01
-2.568172132539890407e-01
-2.594492202725846020e-01
-2.620786670716966360e-01
-2.647056180982268470e-01
-2.673301357878559159e-01
-2.699522806396933428e-01
-2.725721112877914631e-01
-2.751896845695456784e-01
-2.778050555912482955e-01
-2.804182777908190705e-01
-2.830294029979544823e-01
-2.856384814917305448e-01
-2.882455620558639353e-01
-2.908506920316294986e-01
-2.934539173686754321e-01
-2.960552826737144483e-01
-2.986548312572894215e-01
-3.012526051786208470e-01
-3.038486452886537958e-01
-3.064429912714358162e-01
-3.090356816837802612e-01
-3.116267539934440278e-01
-3.142162446157825695e-01
-3.168041889489198737e-01
-3.193906214076657202e-01
-3.219755754560067462e-01
-3.245590836384565914e-01
-3.271411776101383895e-01
-3.297218881657469902e-01
-3.323012452674423689e-01
-3.348792780716530748e-01
-3.374560149549273302e-01
-3.400314835387641121e-01
-3.426057107135996316e-01
-3.451787226618499571e-01
-3.477505448801324617e-01
-3.503212022006971238e-01
-3.528907188120576910e-01
-3.554591182788892079e-01
-3.580264235612089507e-01
-3.605926570328834013e-01
-3.631578404994638132e-01
-3.657219952154137643e-01
-3.682851419007072691e-01
-3.708473007568502955e-01
-3.734084914823891932e-01
-3.759687332877955646e-01
-3.785280449099305833e-01
-3.810864446259539795e-01
-3.836439502667805534e-01
-3.862005792300773344e-01
-3.887563484928206470e-01
-3.913112746234320150e-01
-3.938653737935088328e-01
-3.964186617891596875e-01
-3.989711540219734731e-01
-4.015228655396130275e-01
-4.040738110360743707e-01
-4.066240048616042158e-01
-4.091734610322894095e-01
-4.117221932393558825e-01
-4.142702148581358101e-01
-4.168175389567843059e-01
-4.193641783046788141e-01
-4.219101453805873536e-01
-4.244554523805477708e-01
-4.270001112255318310e-01
-4.295441335688320317e-01
-4.320875308032336992e-01
-4.346303140679904087e-01
-4.371724942555326732e-01
-4.397140820180078791e-01
-4.422550877736019515e-01
-4.447955217126787764e-01
-4.473353938037324395e-01
-4.498747137991371270e-01
-4.524134912407553055e-01
-4.549517354653609957e-01
-4.574894556098958454e-01
-4.600266606165758776e-01
-4.625633592378645687e-01
-4.650995600412486386e-01
-4.676352714139314637e-01
-4.701705015673544041e-01
-4.727052585415943420e-01
-4.752395502096273816e-01
-4.777733842814978482e-01
-4.803067683083169781e-01
-4.828397096861974935e-01
-4.853722156600335791e-01
-4.879042933272096372e-01
-4.904359496411846431e-01
-4.929671914149710843e-01
-4.954980253245187538e-01
-4.980284579120312083e-01
-5.005584955891319021e-01
-5.030881446400086165e-01
-5.056174112244229413e-01
-5.081463013806526430e-01
-5.106748210283573730e-01
-5.132029759713632178e-01
-5.157307719003688673e-01
-5.182582143955698495e-01
-5.207853089292430182e-01
-5.233120608682287900e-01
-5.258384754763377744e-01
-5.283645579167537409e-01
-5.308903132543024705e-01
-5.334157464576977370e-01
-5.359408624017223399e-01
-5.384656658693529607e-01
-5.409901615538100783e-01
-5.435143540605927859e-01
-5.460382479094227914e-01
-5.485618475361559998e-01
-5.510851572946373622e-01
-5.536081814585391836e-01
-5.561309242230776384e-01
-5.586533897067729182e-01
-5.611755819531198952e-01
-5.636975049321992781e-01
-5.662191625422909880e-01
-5.687405586114183675e-01
-5.712616968988710742e-01
-5.737825810966571405e-01
-5.763032148309614744e-01
-5.788236016635517345e-01
-5.813437450931225881e-01
-5.838636485566599532e-01
-5.863833154307150908e-01
-5.889027490326979031e-01
-5.914219526220924061e-01
-5.939409294016794183e-01
-5.964596825187220563e-01
-5.989782150660983850e-01
-6.014965300834361761e-01
-6.040146305582060338e-01
-6.065325194267895403e-01
-6.090501995755228659e-01
-6.115676738417241687e-01
-6.140849450146820265e-01
-6.166020158366244397e-01
-6.191188890036753989e-01
-6.216355671667741500e-01
-6.241520529325884636e-01
-6.266683488643853828e-01
-6.291844574829170700e-01
-6.317003812672379315e-01
-6.342161226555556031e-01
-6.367316840460044425e-01
-6.392470677974668725e-01
-6.417622762303093475e-01
-6.442773116271635070e-01
-6.467921762336368285e-01
-6.493068722590480402e-01
-6.518214018771113505e-01
-6.543357672266297831e-01
-6.568499704121796290e-01
-6.593640135047459383e-01
-6.618778985423608985e-01
-6.643916275307560904e-01
-6.669052024439435788e-01
-6.694186252248411906e-01
-6.719318977858513842e-01
-6.744450220094092563e-01
-6.769579997485911660e-01
-6.794708328276249931e-01
-6.819835230424310391e-01
-6.844960721611683674e-01
-6.870084819247287422e-01
-6.895207540472462204e-01
-6.920328902165829854e-01
-6.945448920948228411e-01
-6.970567613187328426e-01
-6.995684995002313666e-01
-7.020801082268197657e-01
-7.045915890620543243e-01
-7.071029435459559309e-01
-7.096141731954479503e-01
-7.121252795047583461e-01
-7.146362639458276877e-01
-7.171471279687209321e-01
-7.196578730019962400e-01
-7.221685004530925545e-01
-7.246790117087250627e-01
-7.271894081352157091e-01
-7.296996910788651203e-01
-7.322098618663113179e-01
-7.347199218048724445e-01
-7.372298721828756118e-01
-7.397397142699835282e-01
-7.422494493175331165e-01
-7.447590785588352746e-01
-7.472686032095016140e-01
-7.497780244677310080e-01
-7.522873435146216758e-01
-7.547965615144630602e-01
-7.573056796150122727e-01
-7.598146989477694291e-01
-7.623236206282815175e-01
-7.648324457563818735e-01
-7.673411754164771725e-01
-7.698498106777788008e-01
-7.723583525945931783e-01
-7.748668022065373640e-01
-7.773751605388048436e-01
-7.798834286024000084e-01
-7.823916073943604221e-01
-7.848996978980103956e-01
-7.874077010831650458e-01
-7.899156179063758776e-01
-7.924234493111170785e-01
-7.949311962280233290e-01
-7.974388595750988573e-01
-7.999464402579019584e-01
-8.024539391697712576e-01
-8.049613571920037902e-01
-8.074686951940623914e-01
-8.099759540337628794e-01
-8.124831345574476948e-01
-8.149902376001969539e-01
-8.174972639859773293e-01
-8.200042145278383376e-01
-8.225110900280798720e-01
-8.250178912784221774e-01
-8.275246190601713847e-01
-8.300312741443892639e-01
-8.325378572920457687e-01
-8.350443692541803520e-01
-8.375508107720601725e-01
-8.400571825773316403e-01
-8.425634853921601941e-01
-8.450697199293923934e-01
-8.475758868926895895e-01
-8.500819869766733650e-01
-8.525880208670628679e-01
-8.550939892408074838e-01
-8.575998927662357163e-01
-8.601057321031706504e-01
-8.626115079030582944e-01
-8.651172208091169047e-01
-8.676228714564310218e-01
-8.701284604721001292e-01
-8.726339884753422371e-01
-8.751394560776247777e-01
-8.776448638827659687e-01
-8.801502124870650423e-01
-8.826555024794072724e-01
-8.851607344413662259e-01
-8.876659089473251107e-01
-8.901710265645828013e-01
-8.926760878534445443e-01
-8.951810933673486348e-01
-8.976860436529338072e-01
-9.001909392501735718e-01
-9.026957806924512662e-01
-9.052005685066656371e-01
-9.077053032133249877e-01
-9.102099853266332197e-01
-9.127146153545909746e-01
-9.152191937990694637e-01
-9.177237211559221564e-01
-9.202281979150567226e-01
-9.227326245605146360e-01
-9.252370015705660977e-01
-9.277413294177992986e-01
-9.302456085691703791e-01
-9.327498394861216680e-01
-9.352540226246358612e-01
-9.377581584353189559e-01
-9.402622473634836275e-01
-9.427662898492065180e-01
-9.452702863274216050e-01
-9.477742372279714944e-01
-9.502781429757094500e-01
-9.527820039905312566e-01
-9.552858206874679237e-01
-9.577895934767494124e-01
-9.602933227638763558e-01
-9.627970089496635797e-01
-9.653006524303305858e-01
-9.678042535975498462e-01
-9.703078128385165257e-01
-9.728113305360042151e-01
-9.753148070684256599e-01
-9.778182428099000401e-01
-9.803216381302969351e-01
-9.828249933953159267e-01
-9.853283089665151318e-01
-9.878315852013884735e-01
-9.903348224534171962e-01
-9.928380210721126087e-01
-9.953411814030831417e-01
-9.978443037880770916e-01
-1.000347388565040241e+00
-1.002850436068157158e+00
-1.005353446627924585e+00
-1.007856420571163536e+00
-1.010359358221105230e+00
-1.012862259897400863e+00
-1.015365125916213529e+00
-1.017867956590223333e+00
-1.020370752228699329e+00
-1.022873513137525947e+00
-1.025376239619264496e+00
-1.027878931973179588e+00
-1.030381590495295541e+00
-1.032884215478436785e+00
-1.035386807212254512e+00
-1.037889365983291734e+00
-1.040391892075001046e+00
-1.042894385767794585e+00
-1.045396847339092883e+00
-1.047899277063339740e+00
-1.050401675212062402e+00
-1.052904042053894651e+00
-1.055406377854620770e+00
-1.057908682877207074e+00
-1.060410957381843211e+00
-1.062913201625979687e+00
-1.065415415864339188e+00
-1.067917600348993856e+00
-1.070419755329353073e+00
-1.072921881052223858e+00
-1.075423977761841954e+00
-1.077926045699892255e+00
-1.080428085105555658e+00
-1.082930096215521276e+00
-1.085432079264040617e+00
-1.087934034482930912e+00
-1.090435962101630185e+00
-1.092937862347215017e+00
-1.095439735444426743e+00
-1.097941581615705875e+00
-1.100443401081219852e+00
-1.102945194058885692e+00
-1.105446960764404851e+00
-1.107948701411285652e+00
-1.110450416210873925e+00
-1.112952105372368328e+00
-1.115453769102864978e+00
-1.117955407607366114e+00
-1.120457021088810734e+00
-1.122958609748100134e+00
-1.125460173784126328e+00
-1.127961713393794696e+00
-1.130463228772033091e+00
-1.132964720111843349e+00
-1.135466187604296628e+00
-1.137967631438576488e+00
-1.140469051801985323e+00
-1.142970448879984557e+00
-1.145471822856198640e+00
-1.147973173912446132e+00
-1.150474502228764795e+00
-1.152975807983419809e+00
-1.155477091352937524e+00
-1.157978352512114784e+00
-1.160479591634053342e+00
-1.162980808890160311e+00
-1.165482004450188791e+00
-1.167983178482235873e+00
-1.170484331152788160e+00
-1.172985462626706221e+00
-1.175486573067278107e+00
-1.177987662636214017e+00
-1.180488731493672283e+00
-1.182989779798279795e+00
-1.185490807707149763e+00
-1.187991815375887938e+00
-1.190492802958615703e+00
-1.192993770608003823e+00
-1.195494718475268892e+00
-1.197995646710182216e+00
-1.200496555461118442e+00
-1.202997444875038680e+00
-1.205498315097530471e+00
-1.207999166272802460e+00
-1.210499998543713041e+00
-1.213000812051795441e+00
-1.215501606937241519e+00
-1.218002383338945283e+00
-1.220503141394507107e+00
-1.223003881240244617e+00
-1.225504603011214444e+00
-1.228005306841223998e+00
-1.230505992862835463e+00
-1.233006661207396659e+00
-1.235507312005045488e+00
-1.238007945384714592e+00
-1.240508561474163995e+00
-1.243009160399978663e+00
-1.245509742287588040e+00
-1.248010307261271601e+00
-1.250510855444187053e+00
-1.253011386958361228e+00
-1.255511901924726947e+00
-1.258012400463101699e+00
-1.260512882692237824e+00
-1.263013348729809415e+00
-1.265513798692427638e+00
-1.268014232695659160e+00
-1.270514650854024818e+00
-1.273015053281034481e+00
-1.275515440089166619e+00
-1.278015811389907386e+00
-1.280516167293737739e+00
-1.283016507910162973e+00
-1.285516833347718713e+00
-1.288017143713965806e+00
-1.290517439115530518e+00
-1.293017719658075437e+00
-1.295517985446354992e+00
-1.298018236584185470e+00
-1.300518473174471001e+00
-1.303018695319221987e+00
-1.305518903119547103e+00
-1.308019096675675952e+00
-1.310519276086959950e+00
-1.313019441451889646e+00
-1.315519592868088061e+00
-1.318019730432345993e+00
-1.320519854240603363e+00
-1.323019964387976977e+00
-1.325520060968755409e+00
-1.328020144076424547e+00
-1.330520213803653595e+00
-1.333020270242323724e+00
-1.335520313483524957e+00
-1.338020343617567942e+00
-1.340520360733989946e+00
-1.343020364921564402e+00
-1.345520356268310458e+00
-1.348020334861498970e+00
-1.350520300787652284e+00
-1.353020254132571543e+00
-1.355520194981322035e+00
-1.358020123418254732e+00
-1.360520039527008063e+00
-1.363019943390516575e+00
-1.365519835091015599e+00
-1.368019714710055457e+00
-1.370519582328498354e+00
-1.373019438026529926e+00
-1.375519281883675005e+00
-1.378019113978784516e+00
-1.380518934390058572e+00
-1.383018743195046474e+00
-1.385518540470653148e+00
-1.388018326293150251e+00
-1.390518100738174390e+00
-1.393017863880744667e+00
-1.395517615795251798e+00
-1.398017356555486757e+00
-1.400517086234624342e+00
-1.403016804905243609e+00
-1.405516512639330529e+00
-1.408016209508282879e+00
-1.410515895582912016e+00
-1.413015570933452869e+00
-1.415515235629575264e+00
-1.418014889740378592e+00
-1.420514533334400697e+00
-1.423014166479630083e+00
-1.425513789243502583e+00
-1.428013401692902473e+00
-1.430513003894194890e+00
-1.433012595913190523e+00
-1.435512177815187362e+00
-1.438011749664949601e+00
-1.440511311526725402e+00
-1.443010863464252447e+00
-1.445510405540761045e+00
-1.448009937818972803e+00
-1.450509460361114389e+00
-1.453008973228914869e+00
-1.455508476483618585e+00
-1.458007970185984492e+00
-1.460507454396284599e+00
-1.463006929174325288e+00
-1.465506394579436655e+00
-1.468005850670484502e+00
-1.470505297505866782e+00
-1.473004735143531585e+00
-1.475504163640968480e+00
-1.478003583055212511e+00
-1.480502993442870174e+00
-1.483002394860091666e+00
-1.485501787362589754e+00
-1.488001171005661316e+00
-1.490500545844158253e+00
-1.492999911932510138e+00
-1.495499269324729097e+00
-1.497998618074406263e+00
-1.500497958234734863e+00
-1.502997289858474250e+00
-1.505496612998000305e+00
-1.507995927705268802e+00
-1.510495234031856482e+00
-1.512994532028926864e+00
-1.515493821747267100e+00
-1.517993103237267549e+00
-1.520492376548943314e+00
-1.522991641731922696e+00
-1.525490898835460074e+00
-1.527990147908432794e+00
-1.530489388999355826e+00
-1.532988622156372438e+00
-1.535487847427261521e+00
-1.537987064859443587e+00
-1.540486274499988095e+00
-1.542985476395598132e+00
-1.545484670592636389e+00
-1.547983857137116281e+00
-1.550483036074712828e+00
-1.552982207450744001e+00
-1.555481371310208694e+00
-1.557980527697760520e+00
-1.560479676657716919e+00
-1.562978818234076916e+00
-1.565477952470508693e+00
-1.567977079410358243e+00
-1.570476199096650038e+00
-1.572975311572090140e+00
-1.575474416879071748e+00
-1.577973515059676313e+00
-1.580472606155677529e+00
-1.582971690208536453e+00
-1.585470767259422153e+00
-1.587969837349185287e+00
-1.590468900518395623e+00
-1.592967956807319174e+00
-1.595467006255927078e+00
-1.597966048903900260e+00
-1.600465084790635206e+00
-1.602964113955247294e+00
-1.605463136436551030e+00
-1.607962152273096690e+00
-1.610461161503150995e+00
-1.612960164164708887e+00
-1.615459160295482421e+00
-1.617958149932917866e+00
-1.620457133114193926e+00
-1.622956109876224851e+00
-1.625455080255652884e+00
-1.627954044288863589e+00
-1.630453002011985619e+00
-1.632951953460885841e+00
-1.635450898671176878e+00
-1.637949837678213783e+00
-1.640448770517116017e+00
-1.642947697222731263e+00
-1.645446617829679381e+00
-1.647945532372326216e+00
-1.650444440884801356e+00
-1.652943343400987697e+00
-1.655442239954532546e+00
-1.657941130578845401e+00
-1.660440015307109940e+00
-1.662938894172257154e+00
-1.665437767207009090e+00
-1.667936634443849098e+00
-1.670435495915039370e+00
-1.672934351652600959e+00
-1.675433201688355744e+00
-1.677932046053886683e+00
-1.680430884780566902e+00
-1.682929717899551036e+00
-1.685428545441767234e+00
-1.687927367437951132e+00
-1.690426183918603886e+00
-1.692924994914031478e+00
-1.695423800454327612e+00
-1.697922600569368168e+00
-1.700421395288848281e+00
-1.702920184642233048e+00
-1.705418968658803935e+00
-1.707917747367633909e+00
-1.710416520797598761e+00
-1.712915288977381989e+00
-1.715414051935464146e+00
-1.717912809700139265e+00
-1.720411562299501540e+00
-1.722910309761463088e+00
-1.725409052113748176e+00
-1.727907789383875681e+00
-1.730406521599205050e+00
-1.732905248786888341e+00
-1.735403970973907750e+00
-1.737902688187064504e+00
-1.740401400452969094e+00
-1.742900107798066145e+00
-1.745398810248609989e+00
-1.747897507830694197e+00
-1.750396200570223382e+00
-1.752894888492942949e+00
-1.755393571624414228e+00
-1.757892249990039346e+00
-1.760390923615042347e+00
-1.762889592524488735e+00
-1.765388256743271711e+00
-1.767886916296116162e+00
-1.770385571207595987e+00
-1.772884221502107671e+00
-1.775382867203904702e+00
-1.777881508337061822e+00
-1.780380144925508556e+00
-1.782878776993012560e+00
-1.785377404563186055e+00
-1.787876027659485834e+00
-1.790374646305220363e+00
-1.792873260523536461e+00
-1.795371870337432396e+00
-1.797870475769770326e+00
-1.800369076843241434e+00
-1.802867673580407670e+00
-1.805366266003675335e+00
-1.807864854135303068e+00
-1.810363437997416058e+00
-1.812862017611987175e+00
-1.815360593000851397e+00
-1.817859164185703369e+00
-1.820357731188090966e+00
-1.822856294029433943e+00
-1.825354852731008837e+00
-1.827853407313956957e+00
-1.830351957799279505e+00
-1.832850504207851561e+00
-1.835349046560405650e+00
-1.837847584877553953e+00
-1.840346119179765871e+00
-1.842844649487383801e+00
-1.845343175820620241e+00
-1.847841698199563565e+00
-1.850340216644171809e+00
-1.852838731174278442e+00
-1.855337241809583704e+00
-1.857835748569673040e+00
-1.860334251474003109e+00
-1.862832750541908000e+00
-1.865331245792603232e+00
-1.867829737245180866e+00
-1.870328224918611504e+00
-1.872826708831757170e+00
-1.875325189003343107e+00
-1.877823665451990198e+00
-1.880322138196204973e+00
-1.882820607254370060e+00
-1.885319072644758620e+00
-1.887817534385529017e+00
-1.890315992494726371e+00
-1.892814446990281896e+00
-1.895312897890020665e+00
-1.897811345211651179e+00
-1.900309788972778913e+00
-1.902808229190895206e+00
-1.905306665883383932e+00
-1.907805099067521049e+00
-1.910303528760485925e+00
-1.912801954979334473e+00
-1.915300377741035343e+00
-1.917798797062445271e+00
-1.920297212960313749e+00
-1.922795625451290791e+00
-1.925294034551930489e+00
-1.927792440278681907e+00
-1.930290842647888638e+00
-1.932789241675803682e+00
-1.935287637378571013e+00
-1.937786029772250229e+00
-1.940284418872788574e+00
-1.942782804696040255e+00
-1.945281187257777100e+00
-1.947779566573661025e+00
-1.950277942659257580e+00
-1.952776315530051710e+00
-1.955274685201426221e+00
-1.957773051688668220e+00
-1.960271415006981321e+00
-1.962769775171472109e+00
-1.965268132197162787e+00
-1.967766486098974754e+00
-1.970264836891752358e+00
-1.972763184590243579e+00
-1.975261529209108025e+00
-1.977759870762917593e+00
-1.980258209266172686e+00
-1.982756544733261572e+00
-1.985254877178505906e+00
-1.987753206616136303e+00
-1.990251533060297895e+00
-1.992749856525054986e+00
-1.995248177024388614e+00
-1.997746494572192999e+00
-2.000244809182280648e+00
-2.002743120868394566e+00
-2.005241429644183615e+00
-2.007739735523219160e+00
-2.010238038518993520e+00
-2.012736338644926182e+00
-2.015234635914340267e+00
-2.017732930340510045e+00
-2.020231221936600541e+00
-2.022729510715723933e+00
-2.025227796690901361e+00
-2.027726079875087351e+00
-2.030224360281156493e+00
-2.032722637921906550e+00
-2.035220912810064675e+00
-2.037719184958286078e+00
-2.040217454379145590e+00
-2.042715721085154090e+00
-2.045213985088741637e+00
-2.047712246402270786e+00
-2.050210505038039255e+00
-2.052708761008259497e+00
-2.055207014325084014e+00
-2.057705265000594252e+00
-2.060203513046801937e+00
-2.062701758475647296e+00
-2.065200001299001276e+00
-2.067698241528676650e+00
-2.070196479176407589e+00
-2.072694714253864756e+00
-2.075192946772650426e+00
-2.077691176744309143e+00
-2.080189404180315282e+00
-2.082687629092071724e+00
-2.085185851490921838e+00
-2.087684071388145046e+00
-2.090182288794961263e+00
-2.092680503722518903e+00
-2.095178716181905099e+00
-2.097676926184144808e+00
-2.100175133740205258e+00
-2.102673338860987950e+00
-2.105171541557331771e+00
-2.107669741840022759e+00
-2.110167939719777230e+00
-2.112666135207249329e+00
-2.115164328313043907e+00
-2.117662519047702308e+00
-2.120160707421701929e+00
-2.122658893445471762e+00
-2.125157077129369299e+00
-2.127655258483710732e+00
-2.130153437518741200e+00
-2.132651614244648997e+00
-2.135149788671577120e+00
-2.137647960809605951e+00
-2.140146130668756363e+00
-2.142644298258998159e+00
-2.145142463590245185e+00
-2.147640626672357556e+00
-2.150138787515141203e+00
-2.152636946128343443e+00
-2.155135102521667179e+00
-2.157633256704746927e+00
-2.160131408687178567e+00
-2.162629558478503355e+00
-2.165127706088205706e+00
-2.167625851525716740e+00
-2.170123994800417400e+00
-2.172622135921647768e+00
-2.175120274898679540e+00
-2.177618411740745330e+00
-2.180116546457027571e+00
-2.182614679056650520e+00
-2.185112809548697577e+00
-2.187610937942197964e+00
-2.190109064246132498e+00
-2.192607188469439805e+00
-2.195105310620997674e+00
-2.197603430709647476e+00
-2.200101548744179070e+00
-2.202599664733326357e+00
-2.205097778685795706e+00
-2.207595890610228651e+00
-2.210094000515223644e+00
-2.212592108409340952e+00
-2.215090214301086213e+00
-2.217588318198927322e+00
-2.220086420111277992e+00
-2.222584520046511525e+00
-2.225082618012963032e+00
-2.227580714018909891e+00
-2.230078808072596619e+00
-2.232576900182213553e+00
-2.235074990355917723e+00
-2.237573078601819976e+00
-2.240071164927979197e+00
-2.242569249342427185e+00
-2.245067331853140669e+00
-2.247565412468056412e+00
-2.250063491195068988e+00
-2.252561568042043216e+00
-2.255059643016781301e+00
-2.257557716127061909e+00
-2.260055787380612191e+00
-2.262553856785124662e+00
-2.265051924348249202e+00
-2.267549990077593058e+00
-2.270048053980731062e+00
-2.272546116065185196e+00
-2.275044176338457458e+00
-2.277542234807986787e+00
-2.280040291481194803e+00
-2.282538346365448501e+00
-2.285036399468086454e+00
-2.287534450796406382e+00
-2.290032500357663370e+00
-2.292530548159080528e+00
-2.295028594207838779e+00
-2.297526638511085295e+00
-2.300024681075924615e+00
-2.302522721909440406e+00
-2.305020761018649278e+00
-2.307518798410562066e+00
-2.310016834092138982e+00
-2.312514868070301599e+00
-2.315012900351939962e+00
-2.317510930943912140e+00
-2.320008959853028685e+00
-2.322506987086083274e+00
-2.325005012649811853e+00
-2.327503036550934379e+00
-2.330001058796121960e+00
-2.332499079392026609e+00
-2.334997098345253708e+00
-2.337495115662368228e+00
-2.339993131349920485e+00
-2.342491145414417719e+00
-2.344989157862320095e+00
-2.347487168700075788e+00
-2.349985177934087233e+00
-2.352483185570724000e+00
-2.354981191616321468e+00
-2.357479196077191030e+00
-2.359977198959595679e+00
-2.362475200269777531e+00
-2.364973200013943178e+00
-2.367471198198264126e+00
-2.369969194828877690e+00
-2.372467189911889651e+00
-2.374965183453379591e+00
-2.377463175459387124e+00
-2.379961165935922995e+00
-2.382459154888960207e+00
-2.384957142324444224e+00
-2.387455128248285430e+00
-2.389953112666368451e+00
-2.392451095584531728e+00
-2.394949077008594607e+00
-2.397447056944339572e+00
-2.399945035397510473e+00
-2.402443012373828957e+00
-2.404940987878976699e+00
-2.407438961918602516e+00
-2.409936934498325023e+00
-2.412434905623726422e+00
-2.414932875300359605e+00
-2.417430843533744156e+00
-2.419928810329358360e+00
-2.422426775692652967e+00
-2.424924739629046755e+00
-2.427422702143918087e+00
-2.429920663242611134e+00
-2.432418622930435426e+00
-2.434916581212668518e+00
-2.437414538094546224e+00
-2.439912493581271935e+00
-2.442410447678012630e+00
-2.444908400389889547e+00
-2.447406351721997275e+00
-2.449904301679385554e+00
-2.452402250267067707e+00
-2.454900197490005098e+00
-2.457398143353135556e+00
-2.459896087861346725e+00
-2.462394031019484508e+00
-2.464891972832354838e+00
-2.467389913304701476e+00
-2.469887852441253084e+00
-2.472385790246665938e+00
-2.474883726725559452e+00
-2.477381661882502861e+00
-2.479879595722016106e+00
-2.482377528248568499e+00
-2.484875459466563630e+00
-2.487373389380367339e+00
-2.489871317994283295e+00
-2.492369245312548109e+00
-2.494867171339350431e+00
-2.497365096078804303e+00
-2.499863019534978026e+00
-2.502360941711855080e+00
-2.504858862613354553e+00
-2.507356782243333360e+00
-2.509854700605563149e+00
-2.512352617703742297e+00
-2.514850533541493238e+00
-2.517348448122358029e+00
-2.519846361449788130e+00
-2.522344273527137748e+00
-2.524842184357687813e+00
-2.527340093944611787e+00
-2.529838002290981880e+00
-2.532335909399766383e+00
-2.534833815273835000e+00
-2.537331719915933537e+00
-2.539829623328695885e+00
-2.542327525514632480e+00
-2.544825426476126751e+00
-2.547323326215425787e+00
-2.549821224734638569e+00
-2.552319122035738186e+00
-2.554817018120534300e+00
-2.557314912990692690e+00
-2.559812806647705496e+00
-2.562310699092892552e+00
-2.564808590327412485e+00
-2.567306480352212095e+00
-2.569804369168064540e+00
-2.572302256775528040e+00
-2.574800143174957423e+00
-2.577298028366487248e+00
-2.579795912350012266e+00
-2.582293795125198077e+00
-2.584791676691454043e+00
-2.587289557047928845e+00
-2.589787436193498493e+00
-2.592285314126753004e+00
-2.594783190845988408e+00
-2.597281066349186762e+00
-2.599778940634008606e+00
-2.602276813697783631e+00
-2.604774685537477819e+00
-2.607272556149699216e+00
-2.609770425530671289e+00
-2.612268293676219599e+00
-2.614766160581749155e+00
-2.617264026242240860e+00
-2.619761890652210656e+00
-2.622259753805721516e+00
-2.624757615696327484e+00
-2.627255476317086114e+00
-2.629753335660517166e+00
-2.632251193718576854e+00
-2.634749050482664057e+00
-2.637246905943557262e+00
-2.639744760091423448e+00
-2.642242612915767896e+00
-2.644740464405418656e+00
-2.647238314548510552e+00
-2.649736163332423899e+00
-2.652234010743789394e+00
-2.654731856768437037e+00
-2.657229701391381926e+00
-2.659727544596765636e+00
-2.662225386367838897e+00
-2.664723226686937174e+00
-2.667221065535413160e+00
-2.669718902893629231e+00
-2.672216738740911257e+00
-2.674714573055483768e+00
-2.677212405814468621e+00
-2.679710236993811279e+00
-2.682208066568250171e+00
-2.684705894511264290e+00
-2.687203720795029671e+00
-2.689701545390377202e+00
-2.692199368266720239e+00
-2.694697189392024850e+00
-2.697195008732747645e+00
-2.699692826253780709e+00
-2.702190641918390757e+00
-2.704688455688165849e+00
-2.707186267522950551e+00
-2.709684077380785538e+00
-2.712181885217835653e+00
-2.714679690988341054e+00
-2.717177494644527513e+00
-2.719675296136542908e+00
-2.722173095412397270e+00
-2.724670892417863755e+00
-2.727168687096424460e+00
-2.729666479389178502e+00
-2.732164269234749199e+00
-2.734662056569241440e+00
-2.737159841326099130e+00
-2.739657623436059897e+00
-2.742155402827041399e+00
-2.744653179424061840e+00
-2.747150953149123165e+00
-2.749648723921133353e+00
-2.752146491655790506e+00
-2.754644256265487368e+00
-2.757142017659195865e+00
-2.759639775742360523e+00
-2.762137530416780784e+00
-2.764635281580506199e+00
-2.767133029127704535e+00
-2.769630772948547204e+00
-2.772128512929079580e+00
-2.774626248951088225e+00
-2.777123980891990751e+00
-2.779621708624667065e+00
-2.782119432017342575e+00
-2.784617150933451857e+00
-2.787114865231469896e+00
-2.789612574764778863e+00
-2.792110279381524673e+00
-2.794607978924432246e+00
-2.797105673230678935e+00
-2.799603362131696027e+00
-2.802101045453041728e+00
-2.804598723014196437e+00
-2.807096394628396663e+00
-2.809594060102463597e+00
-2.812091719236612608e+00
-2.814589371824271158e+00
-2.817087017651889180e+00
-2.819584656498732578e+00
-2.822082288136690487e+00
-2.824579912330072329e+00
-2.827077528835406639e+00
-2.829575137401210583e+00
-2.832072737767784787e+00
-2.834570329666992627e+00
-2.837067912822026194e+00
-2.839565486947188244e+00
-2.842063051747641733e+00
-2.844560606919184220e+00
-2.847058152147989407e+00
-2.849555687110366886e+00
-2.852053211472513450e+00
-2.854550724890230651e+00
-2.857048227008694319e+00
-2.859545717462146808e+00
-2.862043195873661627e+00
-2.864540661854840575e+00
-2.867038115005528631e+00
-2.869535554913543063e+00
-2.872032981154355458e+00
-2.874530393290821717e+00
-2.877027790872838331e+00
-2.879525173437072372e+00
-2.882022540506622654e+00
-2.884519891590695995e+00
-2.887017226184306562e+00
-2.889514543767915278e+00
-2.892011843807110072e+00
-2.894509125752260825e+00
-2.897006389038173868e+00
-2.899503633083734044e+00
-2.902000857291547220e+00
-2.904498061047583679e+00
-2.906995243720790434e+00
-2.909492404662747944e+00
-2.911989543207260223e+00
-2.914486658669976915e+00
-2.916983750348017157e+00
-2.919480817519547244e+00
-2.921977859443400938e+00
-2.924474875358665571e+00
-2.926971864484246844e+00
-2.929468826018487793e+00
-2.931965759138716265e+00
-2.934462663000823479e+00
-2.936959536738828813e+00
-2.939456379464435720e+00
-2.941953190266586748e+00
-2.944449968211021673e+00
-2.946946712339799657e+00
-2.949443421670845833e+00
-2.951940095197500558e+00
-2.954436731888011369e+00
-2.956933330685080907e+00
-2.959429890505370864e+00
-2.961926410239024143e+00
-2.964422888749151053e+00
-2.966919324871342134e+00
-2.969415717413165012e+00
-2.971912065153654137e+00
-2.974408366842780538e+00
-2.976904621200951340e+00
-2.979400826918470635e+00
-2.981896982655021233e+00
-2.984393087039116210e+00
-2.986889138667580657e+00
-2.989385136104976137e+00
-2.991881077883086437e+00
-2.994376962500334471e+00
-2.996872788421246270e+00
-2.999368554075875437e+00
-3.001864257859245821e+00
-3.004359898130779083e+00
-3.006855473213704499e+00
-3.009350981394512736e+00
-3.011846420922338563e+00
-3.014341790008392419e+00
-3.016837086825375103e+00
-3.019332309506871592e+00
-3.021827456146755519e+00
-3.024322524798597644e+00
-3.026817513475045018e+00
-3.029312420147242779e+00
-3.031807242744186226e+00
-3.034301979152134621e+00
-3.036796627213992572e+00
-3.039291184728675876e+00
-3.041785649450502671e+00
-3.044280019088573486e+00
-3.046774291306129534e+00
-3.049268463719949640e+00
-3.051762533899680552e+00
-3.054256499367248523e+00
-3.056750357596197176e+00
-3.059244106011067554e+00
-3.061737741986746641e+00
-3.064231262847838977e+00
-3.066724665868027166e+00
-3.069217948269428842e+00
-3.071711107221962056e+00
-3.074204139842692918e+00
-3.076697043195204095e+00
-3.079189814288952665e+00
-3.081682450078607971e+00
-3.084174947463445449e+00
-3.086667303286667163e+00
-3.089159514334793410e+00
-3.091651577336987256e+00
-3.094143488964454125e+00
-3.096635245829760130e+00
-3.099126844486235655e+00
-3.101618281427302115e+00
-3.104109553085868445e+00
-3.106600655833672064e+00
-3.109091585980662042e+00
-3.111582339774371153e+00
-3.114072913399269726e+00
-3.116563302976175898e+00
-3.119053504561599244e+00
-3.121543514147141263e+00
-3.124033327658878090e+00
-3.126522940956743213e+00
-3.129012349833918183e+00
-3.131501550016244195e+00
-3.133990537161584822e+00
-3.136479306859277560e+00
-3.138967854629504561e+00
-3.141456175922717975e+00
-3.143944266119056863e+00
-3.146432120527771215e+00
-3.148919734386645963e+00
-3.151407102861434772e+00
-3.153894221045306256e+00
-3.156381083958268885e+00
-3.158867686546646070e+00
-3.161354023682516612e+00
-3.163840090163185792e+00
-3.166325880710643137e+00
-3.168811389971066816e+00
-3.171296612514281410e+00
-3.173781542833252534e+00
-3.176266175343611664e+00
-3.178750504383128561e+00
-3.181234524211252968e+00
-3.183718229008615896e+00
-3.186201612876592204e+00
-3.188684669836812091e+00
-3.191167393830725896e+00
-3.193649778719152899e+00
-3.196131818281864767e+00
-3.198613506217149904e+00
-3.201094836141400890e+00
-3.203575801588725014e+00
-3.206056396010535714e+00
-3.208536612775177765e+00
-3.211016445167557798e+00
-3.213495886388769485e+00
-3.215974929555769801e+00
-3.218453567701013984e+00
-3.220931793772134899e+00
-3.223409600631641059e+00
-3.225886981056590219e+00
-3.228363927738312711e+00
-3.230840433282118784e+00
-3.233316490207040150e+00
-3.235792090945570632e+00
-3.238267227843425022e+00
-3.240741893159297060e+00
-3.243216079064645374e+00
-3.245689777643508300e+00
-3.248162980892285390e+00
-3.250635680719565546e+00
-3.253107868945984027e+00
-3.255579537304038595e+00
-3.258050677437963838e+00
-3.260521280903634356e+00
-3.262991339168411997e+00
-3.265460843611075248e+00
-3.267929785521740182e+00
-3.270398156101792075e+00
-3.272865946463825448e+00
-3.275333147631616537e+00
-3.277799750540096202e+00
-3.280265746035351260e+00
-3.282731124874620932e+00
-3.285195877726333258e+00
-3.287659995170132632e+00
-3.290123467696941528e+00
-3.292586285709032889e+00
-3.295048439520105621e+00
-3.297509919355387176e+00
-3.299970715351767669e+00
-3.302430817557905129e+00
-3.304890215934400910e+00
-3.307348900353945353e+00
-3.309806860601508749e+00
-3.312264086374535399e+00
-3.314720567283151897e+00
-3.317176292850402941e+00
-3.319631252512496911e+00
-3.322085435619062554e+00
-3.324538831433427433e+00
-3.326991429132921674e+00
-3.329443217809177735e+00
-3.331894186468451924e+00
-3.334344324031995654e+00
-3.336793619336386740e+00
-3.339242061133911754e+00
-3.341689638092972814e+00
-3.344136338798478381e+00
-3.346582151752287349e+00
-3.349027065373626932e+00
-3.351471067999577169e+00
-3.353914147885529218e+00
-3.356356293205675634e+00
-3.358797492053528622e+00
-3.361237732442438730e+00
-3.363677002306117103e+00
-3.366115289499221230e+00
-3.368552581797908729e+00
-3.370988866900421765e+00
-3.373424132427700339e+00
-3.375858365923998683e+00
-3.378291554857514090e+00
-3.380723686621056157e+00
-3.383154748532683609e+00
-3.385584727836408181e+00
-3.388013611702894057e+00
-3.390441387230155534e+00
-3.392868041444289329e+00
-3.395293561300232188e+00
-3.397717933682494085e+00
-3.400141145405959797e+00
-3.402563183216637199e+00
-3.404984033792502363e+00
-3.407403683744291811e+00
-3.409822119616339631e+00
-3.412239327887412355e+00
-3.414655294971586041e+00
-3.417070007219110028e+00
-3.419483450917288447e+00
-3.421895612291388833e+00
-3.424306477505552060e+00
-3.426716032663723599e+00
-3.429124263810588324e+00
-3.431531156932520865e+00
-3.433936697958566597e+00
-3.436340872761395548e+00
-3.438743667158321138e+00
-3.441145066912270067e+00
-3.443545057732832593e+00
-3.445943625277263500e+00
-3.448340755151526160e+00
-3.450736432911347240e+00
-3.453130644063274524e+00
-3.455523374065739617e+00
-3.457914608330153516e+00
-3.460304332221999957e+00
-3.462692531061913215e+00
-3.465079190126829634e+00
-3.467464294651074308e+00
-3.469847829827515273e+00
-3.472229780808700372e+00
-3.474610132708008781e+00
-3.476988870600798087e+00
-3.479365979525594010e+00
-3.481741444485250803e+00
-3.484115250448141410e+00
-3.486487382349354736e+00
-3.488857825091887133e+00
-3.491226563547853434e+00
-3.493593582559715749e+00
-3.495958866941477616e+00
-3.498322401479937671e+00
-3.500684170935913997e+00
-3.503044160045484912e+00
-3.505402353521240855e+00
-3.507758736053530502e+00
-3.510113292311728195e+00
-3.512466006945489383e+00
-3.514816864586018941e+00
-3.517165849847343040e+00
-3.519512947327597008e+00
-3.521858141610298087e+00
-3.524201417265623526e+00
-3.526542758851706427e+00
-3.528882150915932492e+00
-3.531219577996224768e+00
-3.533555024622353713e+00
-3.535888475317210844e+00
-3.538219914598140114e+00
-3.540549326978230660e+00
-3.542876696967614425e+00
-3.545202009074781557e+00
-3.547525247807890025e+00
-3.549846397676073018e+00
-3.552165443190734795e+00
-3.554482368866881181e+00
-3.556797159224417637e+00
-3.559109798789458878e+00
-3.561420272095640271e+00
-3.563728563685427897e+00
-3.566034658111426836e+00
-3.568338539937676579e+00
-3.570640193740967305e+00
-3.572939604112135292e+00
-3.575236755657371646e+00
-3.577531632999515043e+00
-3.579824220779337818e+00
-3.582114503656865789e+00
-3.584402466312642144e+00
-3.586688093449025949e+00
-3.588971369791475574e+00
-3.591252280089832105e+00
-3.593530809119567238e+00
-3.595806941683100888e+00
-3.598080662611037095e+00
-3.600351956763419903e+00
-3.602620809031016336e+00
-3.604887204336550521e+00
-3.607151127635952026e+00
-3.609412563919605077e+00
-3.611671498213577358e+00
-3.613927915580831041e+00
-3.616181801122486661e+00
-3.618433139979008395e+00
-3.620681917331415089e+00
-3.622928118402497066e+00
-3.625171728457989850e+00
-3.627412732807789641e+00
-3.629651116807107503e+00
-3.631886865857658186e+00
-3.634119965408820985e+00
-3.636350400958792584e+00
-3.638578158055738143e+00
-3.640803222298928610e+00
-3.643025579339877584e+00
-3.645245214883454210e+00
-3.647462114689004054e+00
-3.649676264571451334e+00
-3.651887650402394936e+00
-3.654096258111175111e+00
-3.656302073685984144e+00
-3.658505083174901529e+00
-3.660705272686951783e+00
-3.662902628393172044e+00
-3.665097136527621036e+00
-3.667288783388419127e+00
-3.669477555338752417e+00
-3.671663438807875934e+00
-3.673846420292119053e+00
-3.676026486355847833e+00
-3.678203623632446462e+00
-3.680377818825273817e+00
-3.682549058708605827e+00
-3.684717330128577828e+00
-3.686882620004102051e+00
-3.689044915327782892e+00
-3.691204203166816189e+00
-3.693360470663884954e+00
-3.695513705038016017e+00
-3.697663893585467765e+00
-3.699811023680571243e+00
-3.701955082776557493e+00
-3.704096058406412428e+00
-3.706233938183665533e+00
-3.708368709803212759e+00
-3.710500361042078588e+00
-3.712628879760223377e+00
-3.714754253901292547e+00
-3.716876471493363976e+00
-3.718995520649694075e+00
-3.721111389569437655e+00
-3.723224066538363353e+00
-3.725333539929552185e+00
-3.727439798204087218e+00
-3.729542829911712598e+00
-3.731642623691512117e+00
-3.733739168272543818e+00
-3.735832452474476373e+00
-3.737922465208208145e+00
-3.740009195476475590e+00
-3.742092632374448335e+00
-3.744172765090295396e+00
-3.746249582905781583e+00
-3.748323075196779985e+00
-3.750393231433859498e+00
-3.752460041182757777e+00
-3.754523494104941683e+00
-3.756583579958086005e+00
-3.758640288596557966e+00
-3.760693609971884843e+00
-3.762743534133231815e+00
-3.764790051227846046e+00
-3.766833151501467025e+00
-3.768872825298768436e+00
-3.770909063063764055e+00
-3.772941855340172346e+00
-3.774971192771849005e+00
-3.776997066103088496e+00
-3.779019466179041498e+00
-3.781038383946004888e+00
-3.783053810451774801e+00
-3.785065736845956152e+00
-3.787074154380264623e+00
-3.789079054408801994e+00
-3.791080428388349244e+00
-3.793078267878616128e+00
-3.795072564542496529e+00
-3.797063310146312709e+00
-3.799050496560012924e+00
-3.801034115757408127e+00
-3.803014159816365591e+00
-3.804990620918987432e+00
-3.806963491351784246e+00
-3.808932763505846975e+00
-3.810898429876984572e+00
-3.812860483065864781e+00
-3.814818915778146025e+00
-3.816773720824572447e+00
-3.818724891121084486e+00
-3.820672419688916133e+00
-3.822616299654651772e+00
-3.824556524250307454e+00
-3.826493086813377964e+00
-3.828425980786871019e+00
-3.830355199719350789e+00
-3.832280737264948556e+00
-3.834202587183364042e+00
-3.836120743339878292e+00
-3.838035199705322142e+00
-3.839945950356051352e+00
-3.841852989473921287e+00
-3.843756311346228749e+00
-3.845655910365653352e+00
-3.847551781030193574e+00
-3.849443917943074833e+00
-3.851332315812677543e+00
-3.853216969452417651e+00
-3.855097873780644946e+00
-3.856975023820525372e+00
-3.858848414699900253e+00
-3.860718041651144627e+00
-3.862583900011026028e+00
-3.864445985220535729e+00
-3.866304292824726208e+00
-3.868158818472515303e+00
-3.870009557916522347e+00
-3.871856507012836346e+00
-3.873699661720845011e+00
-3.875539018102987843e+00
-3.877374572324546076e+00
-3.879206320653408202e+00
-3.881034259459815505e+00
-3.882858385216123587e+00
-3.884678694496535467e+00
-3.886495183976838241e+00
-3.888307850434121971e+00
-3.890116690746488359e+00
-3.891921701892777641e+00
-3.893722880952242615e+00
-3.895520225104263989e+00
-3.897313731628021305e+00
-3.899103397902166535e+00
-3.900889221404507889e+00
-3.902671199711658989e+00
-3.904449330498697357e+00
-3.906223611538803375e+00
-3.907994040702928995e+00
-3.909760615959392283e+00
-3.911523335373543020e+00
-3.913282197107347926e+00
-3.915037199419037162e+00
-3.916788340662688217e+00
-3.918535619287841776e+00
-3.920279033839088711e+00
-3.922018582955674848e+00
-3.923754265371048877e+00
-3.925486079912500870e+00
-3.927214025500672001e+00
-3.928938101149158868e+00
-3.930658305964067178e+00
-3.932374639143562334e+00
-3.934087099977420454e+00
-3.935795687846594060e+00
-3.937500402222725793e+00
-3.939201242667704772e+00
-3.940898208833176319e+00
-3.942591300460097870e+00
-3.944280517378250472e+00
-3.945965859505742745e+00
-3.947647326848536586e+00
-3.949324919499966668e+00
-3.950998637640231514e+00
-3.952668481535901446e+00
-3.954334451539408768e+00
-3.955996548088567710e+00
-3.957654771706027308e+00
-3.959309122998789121e+00
-3.960959602657679657e+00
-3.962606211456830785e+00
-3.964248950253162818e+00
-3.965887819985851603e+00
-3.967522821675796507e+00
-3.969153956425117258e+00
-3.970781225416573523e+00
-3.972404629913069751e+00
-3.974024171257092952e+00
-3.975639850870179792e+00
-3.977251670252373028e+00
-3.978859630981659734e+00
-3.980463734713448165e+00
-3.982063983180004207e+00
-3.983660378189887386e+00
-3.985252921627412626e+00
-3.986841615452091148e+00
-3.988426461698066028e+00
-3.990007462473561084e+00
-3.991584619960307112e+00
-3.993157936412991216e+00
-3.994727414158693701e+00
-3.996293055596301436e+00
-3.997854863195977604e+00
-3.999412839498558636e+00
-4.000966987115003093e+00
-4.002517308725832557e+00
-4.004063807080526338e+00
-4.005606484996991234e+00
-4.007145345360965116e+00
-4.008680391125446718e+00
-4.010211625310128092e+00
-4.011739051000825285e+00
-4.013262671348888588e+00
-4.014782489570650093e+00
-4.016298508946825052e+00
-4.017810732821962993e+00
-4.019319164603847305e+00
-4.020823807762943680e+00
-4.022324665831819246e+00
-4.023821742404546598e+00
-4.025315041136172667e+00
-4.026804565742096997e+00
-4.028290319997533508e+00
-4.029772307736925185e+00
-4.031250532853372093e+00
-4.032724999298046065e+00
-4.034195711079649804e+00
-4.035662672263815587e+00
-4.037125886972547484e+00
-4.038585359383658258e+00
-4.040041093730191157e+00
-4.041493094299855038e+00
-4.042941365434459478e+00
-4.044385911529344568e+00
-4.045826737032823139e+00
-4.047263846445608770e+00
-4.048697244320259792e+00
-4.050126935260623284e+00
-4.051552923921254212e+00
-4.052975215006886067e+00
-4.054393813271847335e+00
-4.055808723519522374e+00
-4.057219950601792746e+00
-4.058627499418475004e+00
-4.060031374916787783e+00
-4.061431582090786030e+00
-4.062828125980824545e+00
-4.064221011673000206e+00
-4.065610244298616394e+00
-4.066995829033634990e+00
-4.068377771098140805e+00
-4.069756075755799785e+00
-4.071130748313320780e+00
-4.072501794119913754e+00
-4.073869218566773753e+00
-4.075233027086536453e+00
-4.076593225152742583e+00
-4.077949818279337002e+00
-4.079302812020107361e+00
-4.080652211968191168e+00
-4.081998023755543770e+00
-4.083340253052418767e+00
-4.084678905566851981e+00
-4.086013987044141871e+00
-4.087345503266355706e+00
-4.088673460051800213e+00
-4.089997863254525967e+00
-4.091318718763817586e+00
-4.092636032503694565e+00
-4.093949810432405911e+00
-4.095260058541935422e+00
-4.096566782857514077e+00
-4.097869989437122662e+00
-4.099169684370984612e+00
-4.100465873781112158e+00
-4.101758563820791181e+00
-4.103047760674117583e+00
-4.104333470555503460e+00
-4.105615699709217026e+00
-4.106894454408892337e+00
-4.108169740957060334e+00
-4.109441565684693209e+00
-4.110709934950717681e+00
-4.111974855141568241e+00
-4.113236332670712869e+00
-4.114494373978198283e+00
-4.115748985530211179e+00
-4.117000173818598618e+00
-4.118247945360427487e+00
-4.119492306697553730e+00
-4.120733264396162276e+00
-4.121970825046315845e+00
-4.123204995261528616e+00
-4.124435781678343460e+00
-4.125663190955876303e+00
-4.126887229775388910e+00
-4.128107904839873221e+00
-4.129325222873618806e+00
-4.130539190621789203e+00
-4.131749814850009805e+00
-4.132957102343947753e+00
-4.134161059908903368e+00
-4.135361694369382057e+00
-4.136559012568715943e+00
-4.137753021368636652e+00
-4.138943727648875637e+00
-4.140131138306791136e+00
-4.141315260256932085e+00
-4.142496100430670403e+00
-4.143673665775817305e+00
-4.144847963256206747e+00
-4.146018999851348141e+00
-4.147186782556018692e+00
-4.148351318379891239e+00
-4.149512614347166561e+00
-4.150670677496191452e+00
-4.151825514879102563e+00
-4.152977133561433831e+00
-4.154125540621782520e+00
-4.155270743151431745e+00
-4.156412748253996980e+00
-4.157551563045075227e+00
-4.158687194651879970e+00
-4.159819650212897457e+00
-4.160948936877561621e+00
-4.162075061805873943e+00
-4.163198032168085483e+00
-4.164317855144365588e+00
-4.165434537924440406e+00
-4.166548087707292680e+00
-4.167658511700809143e+00
-4.168765817121462547e+00
-4.169870011193989257e+00
-4.170971101151073945e+00
-4.172069094233019193e+00
-4.173163997687439064e+00
-4.174255818768949133e+00
-4.175344564738849407e+00
-4.176430242864823228e+00
-4.177512860420637963e+00
-4.178592424685832363e+00
-4.179668942945437671e+00
-4.180742422489654331e+00
-4.181812870613589972e+00
-4.182880294616944994e+00
-4.183944701803745225e+00
-4.185006099482034614e+00
-4.186064494963633642e+00
-4.187119895563813365e+00
-4.188172308601039617e+00
-4.189221741396721654e+00
-4.190268201274896853e+00
-4.191311695562007777e+00
-4.192352231586601086e+00
-4.193389816679088611e+00
-4.194424458171480019e+00
-4.195456163397118132e+00
-4.196484939690425797e+00
-4.197510794386674959e+00
-4.198533734821712216e+00
-4.199553768331716341e+00
-4.200570902252958483e+00
-4.201585143921572119e+00
-4.202596500673288382e+00
-4.203604979843213130e+00
-4.204610588765601342e+00
-4.205613334773613765e+00
-4.206613225199082429e+00
-4.207610267372304591e+00
-4.208604468621795824e+00
-4.209595836274084846e+00
-4.210584377653491472e+00
-4.211570100081891255e+00
-4.212553010878529847e+00
-4.213533117359800961e+00
-4.214510426839021662e+00
-4.215484946626235185e+00
-4.216456684028025315e+00
-4.217425646347286339e+00
-4.218391840883017885e+00
-4.219355274930168598e+00
-4.220315955779398998e+00
-4.221273890716906507e+00
-4.222229087024231831e+00
-4.223181551978067105e+00
-4.224131292850089814e+00
-4.225078316906722087e+00
-4.226022631409033004e+00
-4.226964243612487238e+00
-4.227903160766803836e+00
-4.228839390115760821e+00
-4.229772938897053969e+00
-4.230703814342080094e+00
-4.231632023675813592e+00
-4.232557574116595944e+00
-4.233480472876024692e+00
-4.234400727158726951e+00
-4.235318344162260829e+00
-4.236233331076914688e+00
-4.237145695085565933e+00
-4.238055443363526464e+00
-4.238962583078390800e+00
-4.239867121389885973e+00
-4.240769065449716990e+00
-4.241668422401440708e+00
-4.242565199380289087e+00
-4.243459403513056394e+00
-4.244351041917941103e+00
-4.245240121704423331e+00
-4.246126649973110290e+00
-4.247010633815604841e+00
-4.247892080314396246e+00
-4.248770996542704736e+00
-4.249647389564347399e+00
-4.250521266433632483e+00
-4.251392634195230613e+00
-4.252261499884038898e+00
-4.253127870525064580e+00
-4.253991753133309572e+00
-4.254853154713647889e+00
-4.255712082260711071e+00
-4.256568542758776275e+00
-4.257422543181645480e+00
-4.258274090492542463e+00
-4.259123191644000883e+00
-4.259969853577752374e+00
-4.260814083224629734e+00
-4.261655887504450568e+00
-4.262495273325921374e+00
-4.263332247586546941e+00
-4.264166817172504231e+00
-4.264998988958565995e+00
-4.265828769808002185e+00
-4.266656166572477815e+00
-4.267481186091966805e+00
-4.268303835194650731e+00
-4.269124120696837998e+00
-4.269942049402878581e+00
-4.270757628105058323e+00
-4.271570863583537658e+00
-4.272381762606253908e+00
-4.273190331928834240e+00
-4.273996578294521953e+00
-4.274800508434097424e+00
-4.275602129065799950e+00
-4.276401446895254033e+00
-4.277198468615373450e+00
-4.277993200906315074e+00
-4.278785650435391830e+00
-4.279575823857004302e+00
-4.280363727812560803e+00
-4.281149368930425858e+00
-4.281932753825854476e+00
-4.282713889100896232e+00
-4.283492781344359734e+00
-4.284269437131749569e+00
-4.285043863025183697e+00
-4.285816065573344602e+00
-4.286586051311435774e+00
-4.287353826761084008e+00
-4.288119398430314533e+00
-4.288882772813490618e+00
-4.289643956391258506e+00
-4.290402955630473691e+00
-4.291159776984171614e+00
-4.291914426891516143e+00
-4.292666911777734740e+00
-4.293417238054085594e+00
-4.294165412117792791e+00
-4.294911440352021437e+00
-4.295655329125811051e+00
-4.296397084794042698e+00
-4.297136713697397248e+00
-4.297874222162305635e+00
-4.298609616500906228e+00
-4.299342903011027950e+00
-4.300074087976105908e+00
-4.300803177665211585e+00
-4.301530178332926724e+00
-4.302255096219397501e+00
-4.302977937550238607e+00
-4.303698708536515483e+00
-4.304417415374730993e+00
-4.305134064246765035e+00
-4.305848661319857662e+00
-4.306561212746586875e+00
-4.307271724664813561e+00
-4.307980203197682378e+00
-4.308686654453585341e+00
-4.309391084526119187e+00
-4.310093499494081826e+00
-4.310793905421435035e+00
-4.311492308357296466e+00
-4.312188714335880135e+00
-4.312883129376530178e+00
-4.313575559483643573e+00
-4.314266010646687022e+00
-4.314954488840169411e+00
-4.315641000023608953e+00
-4.316325550141545619e+00
-4.317008145123477192e+00
-4.317688790883896566e+00
-4.318367493322233130e+00
-4.319044258322871421e+00
-4.319719091755101381e+00
-4.320391999473145006e+00
-4.321062987316115489e+00
-4.321732061108009226e+00
-4.322399226657719140e+00
-4.323064489758985829e+00
-4.323727856190419772e+00
-4.324389331715468465e+00
-4.325048922082439518e+00
-4.325706633024469561e+00
-4.326362470259504711e+00
-4.327016439490337874e+00
-4.327668546404565220e+00
-4.328318796674595070e+00
-4.328967195957646119e+00
-4.329613749895745656e+00
-4.330258464115714467e+00
-4.330901344229172167e+00
-4.331542395832548742e+00
-4.332181624507063233e+00
-4.332819035818729958e+00
-4.333454635318369164e+00
-4.334088428541591043e+00
-4.334720421008803726e+00
-4.335350618225224828e+00
-4.335979025680878784e+00
-4.336605648850592409e+00
-4.337230493194001113e+00
-4.337853564155561337e+00
-4.338474867164548776e+00
-4.339094407635069039e+00
-4.339712190966046990e+00
-4.340328222541267600e+00
-4.340942507729333322e+00
-4.341555051883725369e+00
-4.342165860342773520e+00
-4.342774938429667664e+00
-4.343382291452493327e+00
-4.343987924704212134e+00
-4.344591843462683123e+00
-4.345194052990684952e+00
-4.345794558535883922e+00
-4.346393365330913028e+00
-4.346990478593315999e+00
-4.347585903525605033e+00
-4.348179645315252806e+00
-4.348771709134712893e+00
