1.999999999999957589e+00
1.983891283085954083e+00
1.937110373427967769e+00
1.863931388125244171e+00
1.770424185554347885e+00
1.663307945278724276e+00
1.548950615460553903e+00
1.432719259118051536e+00
1.318706189727441469e+00
1.209741475557486901e+00
1.107569848003215007e+00
1.013089677402987165e+00
9.265886865188246446e-01
8.479443426852563137e-01
7.767792321183837334e-01
7.125738040010208829e-01
6.547438678223549413e-01
6.026912144650612424e-01
5.558348542681378346e-01
5.136288642841169150e-01
4.755713238533215148e-01
4.412075366380405206e-01
4.101297454433202039e-01
3.819748190077326688e-01
3.564208762616798420e-01
3.331834604953738954e-01
3.120116385003988135e-01
2.926842428528363405e-01
2.750063721238136250e-01
2.588061930650557563e-01
2.439320367217653052e-01
2.302497443104724040e-01
2.176402082865727672e-01
2.059970799559090182e-01
1.952246704306645486e-01
1.852361268716939124e-01
1.759519850663251450e-01
1.672991659984254254e-01
1.592104117417682263e-01
1.516240775932862217e-01
1.444841443251234925e-01
1.377403018819980118e-01
1.313479801517175027e-01
1.252682482739423397e-01
1.194675538157154437e-01
1.139173140365685316e-01
1.085933972748958226e-01
1.034755430356033012e-01
9.854676804080614305e-02
9.379279692712451377e-02
8.920154465576929370e-02
8.476266610998428597e-02
8.046717857725504963e-02
7.630715557803756377e-02
7.227548582305247382e-02
6.836568857409752731e-02
6.457177581705694780e-02
6.088815189893623941e-02
5.730954218295075675e-02
5.383094349600776873e-02
5.044759044647663393e-02
4.715493292981272344e-02
4.394862123740623377e-02
4.082449610717051036e-02
3.777858179972706787e-02
3.480708086688832914e-02
3.190636972012408923e-02
2.907299443239165504e-02
2.630366643909600941e-02
2.359525796545050916e-02
2.094479711507495762e-02
1.834946262325000410e-02
1.580657831846875999e-02
1.331360735712314169e-02
1.086814630426762018e-02
8.467919133013174227e-03
6.110771210006755993e-03
3.794663326605336728e-03
1.517665826104214188e-03
-7.220471317730750571e-04
-2.926203136422896034e-03
-5.096436897650762077e-03
-7.234295405056531680e-03
-9.341242863927172457e-03
-1.141866540119144263e-02
-1.346787553897633993e-02
-1.549011643666595855e-02
-1.748656590502015856e-02
-1.945834019775505297e-02
-2.140649758768679162e-02
-2.333204173545215879e-02
-2.523592485958058018e-02
-2.711905071720231014e-02
-2.898227740476662720e-02
-3.082641998834290825e-02
-3.265225297281555694e-02
-3.446051261923723658e-02
-3.625189911925687930e-02
-3.802707863516628650e-02
-3.978668521391211244e-02
-4.153132258279862432e-02
-4.326156583441685688e-02
-4.497796300784070306e-02
-4.668103657269088991e-02
-4.837128482238527150e-02
-5.004918318243523068e-02
-5.171518543925995165e-02
-5.336972489475910048e-02
-5.501321545144111091e-02
-5.664605263255943768e-02
-5.826861454161225140e-02
-5.988126276501371664e-02
-6.148434322164951504e-02
-6.307818696280145798e-02
-6.466311092552719242e-02
-6.623941864258242607e-02
-6.780740091153591997e-02
-6.936733642582258719e-02
-7.091949236998429384e-02
-7.246412498146592718e-02
-7.400148008098941799e-02
-7.553179357350213452e-02
-7.705529192149358775e-02
-7.857219259241862708e-02
-8.008270448175050515e-02
-8.158702831321928972e-02
-8.308535701755340175e-02
-8.457787609105552051e-02
-8.606476393520998136e-02
-8.754619217842055101e-02
-8.902232598098754057e-02
-9.049332432425440109e-02
-9.195934028487330603e-02
-9.342052129505547253e-02
-9.487700938957864538e-02
-9.632894144038124662e-02
-9.777644937934718006e-02
-9.921966041005099435e-02
-1.006586972089970056e-01
-1.020936781170130453e-01
-1.035247173212651001e-01
-1.049519250284966509e-01
-1.063754076299051748e-01
-1.077952678581155233e-01
-1.092116049367370390e-01
-1.106245147228296782e-01
-1.120340898427058807e-01
-1.134404198213773418e-01
-1.148435912060344621e-01
-1.162436876838591066e-01
-1.176407901943974377e-01
-1.190349770368659410e-01
-1.204263239726253015e-01
-1.218149043230199458e-01
-1.232007890628830787e-01
-1.245840469098782460e-01
-1.259647444099332714e-01
-1.273429460189017259e-01
-1.287187141807145663e-01
-1.300921094020907332e-01
-1.314631903241051392e-01
-1.328320137906393028e-01
-1.341986349139796253e-01
-1.355631071375892338e-01
-1.369254822962942542e-01
-1.382858106739208448e-01
-1.396441410585868570e-01
-1.410005207956478157e-01
-1.423549958385377789e-01
-1.437076107974837591e-01
-1.450584089862929082e-01
-1.464074324672197114e-01
-1.477547220940306494e-01
-1.491003175533987535e-01
-1.504442574045816716e-01
-1.517865791176132573e-01
-1.531273191099714881e-01
-1.544665127817597128e-01
-1.558041945496345670e-01
-1.571403978793073919e-01
-1.584751553169023441e-01
-1.598084985190481866e-01
-1.611404582818474762e-01
-1.624710645687771904e-01
-1.638003465374988366e-01
-1.651283325657151302e-01
-1.664550502760067385e-01
-1.677805265598243945e-01
-1.691047876005350448e-01
-1.704278588956487095e-01
-1.717497652782531692e-01
-1.730705309376492085e-01
-1.743901794392514470e-01
-1.757087337437720498e-01
-1.770262162257317251e-01
-1.783426486912966236e-01
-1.796580523955095543e-01
-1.809724480588900952e-01
-1.822858558834577480e-01
-1.835982955682433637e-01
-1.849097863241752349e-01
-1.862203468885453850e-01
-1.875299955389200801e-01
-1.888387501065979246e-01
-1.901466279896087130e-01
-1.914536461652710797e-01
-1.927598212023306223e-01
-1.940651692726907684e-01
-1.953697061627497900e-01
-1.966734472843707227e-01
-1.979764076854757526e-01
-1.992786020603069252e-01
-2.005800447593434899e-01
-2.018807497988930888e-01
-2.031807308703909298e-01
-2.044800013493673629e-01
-2.057785743041658510e-01
-2.070764625043425566e-01
-2.083736784288348631e-01
-2.096702342738419600e-01
-2.109661419604882959e-01
-2.122614131422120853e-01
-2.135560592119369050e-01
-2.148500913090475584e-01
-2.161435203260997917e-01
-2.174363569153599518e-01
-2.187286114951273452e-01
-2.200202942558735220e-01
-2.213114151661954576e-01
-2.226019839785650933e-01
-2.238920102349383767e-01
-2.251815032721780352e-01
-2.264704722273108151e-01
-2.277589260426333140e-01
-2.290468734706864462e-01
-2.303343230790304286e-01
-2.316212832549391365e-01
-2.329077622099209877e-01
-2.341937679841170905e-01
-2.354793084505648615e-01
-2.367643913193673011e-01
-2.380490241416913511e-01
-2.393332143137038015e-01
-2.406169690803496852e-01
-2.419002955390625875e-01
-2.431832006433485571e-01
-2.444656912062647958e-01
-2.457477739038041453e-01
-2.470294552782113240e-01
-2.483107417411494766e-01
-2.495916395768439655e-01
-2.508721549450928512e-01
-2.521522938842084560e-01
-2.534320623138840434e-01
-2.547114660379772855e-01
-2.559905107472178476e-01
-2.572692020218305675e-01
-2.585475453341204433e-01
-2.598255460509552583e-01
-2.611032094361715461e-01
-2.623805406529782225e-01
-2.636575447662247718e-01
-2.649342267446485044e-01
-2.662105914630540360e-01
-2.674866437044396972e-01
-2.687623881620461730e-01
-2.700378294413927072e-01
-2.713129720622196039e-01
-2.725878204604012534e-01
-2.738623789898001482e-01
-2.751366519241054687e-01
-2.764106434585497651e-01
-2.776843577116688833e-01
-2.789577987269727388e-01
-2.802309704745566399e-01
-2.815038768527146629e-01
-2.827765216894835287e-01
-2.840489087441658289e-01
-2.853210417087825856e-01
-2.865929242095303087e-01
-2.878645598081885359e-01
-2.891359520034633146e-01
-2.904071042323512208e-01
-2.916780198714143402e-01
-2.929487022380723449e-01
-2.942191545918191875e-01
-2.954893801354452343e-01
-2.967593820162225393e-01
-2.980291633270379936e-01
-2.992987271075279176e-01
-3.005680763451712423e-01
-3.018372139763572659e-01
-3.031061428874298747e-01
-3.043748659157148873e-01
-3.056433858505077650e-01
-3.069117054340437245e-01
-3.081798273624531403e-01
-3.094477542866819197e-01
-3.107154888134041615e-01
-3.119830335058930149e-01
-3.132503908849063046e-01
-3.145175634295043765e-01
-3.157845535779001955e-01
-3.170513637282334485e-01
-3.183179962393920537e-01
-3.195844534317469066e-01
-3.208507375879349199e-01
-3.221168509535681790e-01
-3.233827957379697970e-01
-3.246485741148586457e-01
-3.259141882230418563e-01
-3.271796401670998833e-01
-3.284449320180219400e-01
-3.297100658138439333e-01
-3.309750435603010521e-01
-3.322398672314093582e-01
-3.335045387700901753e-01
-3.347690600887494039e-01
-3.360334330698252492e-01
-3.372976595663976229e-01
-3.385617414026974581e-01
-3.398256803746480537e-01
-3.410894782504115819e-01
-3.423531367708824158e-01
-3.436166576501977210e-01
-3.448800425762222899e-01
-3.461432932110424243e-01
-3.474064111914278441e-01
-3.486693981292993683e-01
-3.499322556121610139e-01
-3.511949852035715081e-01
-3.524575884435534601e-01
-3.537200668490328992e-01
-3.549824219142397319e-01
-3.562446551111167481e-01
-3.575067678897309031e-01
-3.587687616786424116e-01
-3.600306378852922151e-01
-3.612923978963972771e-01
-3.625540430782812629e-01
-3.638155747772467974e-01
-3.650769943199335121e-01
-3.663383030136612151e-01
-3.675995021467587942e-01
-3.688605929888906232e-01
-3.701215767913948462e-01
-3.713824547875841375e-01
-3.726432281930716073e-01
-3.739038982060574057e-01
-3.751644660076410842e-01
-3.764249327621139174e-01
-3.776852996172336274e-01
-3.789455677045022730e-01
-3.802057381394679525e-01
-3.814658120219650006e-01
-3.827257904364014252e-01
-3.839856744519897225e-01
-3.852454651230377558e-01
-3.865051634891633059e-01
-3.877647705755610796e-01
-3.890242873932364676e-01
-3.902837149392281435e-01
-3.915430541968615286e-01
-3.928023061359524615e-01
-3.940614717130536127e-01
-3.953205518716400024e-01
-3.965795475423473104e-01
-3.978384596431805975e-01
-3.990972890796988248e-01
-4.003560367452420055e-01
-4.016147035211074523e-01
-4.028732902767588886e-01
-4.041317978700132429e-01
-4.053902271472134555e-01
-4.066485789434405307e-01
-4.079068540826617517e-01
-4.091650533779274124e-01
-4.104231776315380165e-01
-4.116812276352147526e-01
-4.129392041702640292e-01
-4.141971080077484491e-01
-4.154549399086387429e-01
-4.167127006239748632e-01
-4.179703908950246349e-01
-4.192280114534349122e-01
-4.204855630213718554e-01
-4.217430463116825790e-01
-4.230004620280289895e-01
-4.242578108650331137e-01
-4.255150935084146546e-01
-4.267723106351236639e-01
-4.280294629134891449e-01
-4.292865510033343490e-01
-4.305435755561060618e-01
-4.318005372150230392e-01
-4.330574366151702104e-01
-4.343142743836475028e-01
-4.355710511396732043e-01
-4.368277674947155798e-01
-4.380844240525930133e-01
-4.393410214096050148e-01
-4.405975601546375242e-01
-4.418540408692643862e-01
-4.431104641278693634e-01
-4.443668304977514971e-01
-4.456231405392165335e-01
-4.468793948057028786e-01
-4.481355938438501552e-01
-4.493917381936315958e-01
-4.506478283884314262e-01
-4.519038649551485043e-01
-4.531598484142913552e-01
-4.544157792800643247e-01
-4.556716580604683320e-01
-4.569274852573749213e-01
-4.581832613666380061e-01
-4.594389868781652564e-01
-4.606946622759985344e-01
-4.619502880384084298e-01
-4.632058646379834110e-01
-4.644613925416797851e-01
-4.657168722109403802e-01
-4.669723041017478371e-01
-4.682276886647085967e-01
-4.694830263451356678e-01
-4.707383175831055810e-01
-4.719935628135528694e-01
-4.732487624663204162e-01
-4.745039169662615408e-01
-4.757590267332725276e-01
-4.770140921823841640e-01
-4.782691137238270773e-01
-4.795240917631019006e-01
-4.807790267010234042e-01
-4.820339189338119223e-01
-4.832887688531395942e-01
-4.845435768462020842e-01
-4.857983432957729830e-01
-4.870530685802655912e-01
-4.883077530737987004e-01
-4.895623971462422785e-01
-4.908170011632965180e-01
-4.920715654865192579e-01
-4.933260904734049213e-01
-4.945805764774346414e-01
-4.958350238481200045e-01
-4.970894329310694415e-01
-4.983438040680317482e-01
-4.995981375969526517e-01
-5.008524338520169428e-01
-5.021066931637215847e-01
-5.033609158588874255e-01
-5.046151022607461289e-01
-5.058692526889490004e-01
-5.071233674596591356e-01
-5.083774468855569717e-01
-5.096314912759116744e-01
-5.108855009366076727e-01
-5.121394761702064979e-01
-5.133934172759727632e-01
-5.146473245499313398e-01
-5.159011982849061040e-01
-5.171550387705491358e-01
-5.184088462934028918e-01
-5.196626211369204107e-01
-5.209163635815140525e-01
-5.221700739046042372e-01
-5.234237523806349879e-01
-5.246773992811336607e-01
-5.259310148747341485e-01
-5.271845994272209568e-01
-5.284381532015601790e-01
-5.296916764579416848e-01
-5.309451694538162014e-01
-5.321986324439065275e-01
-5.334520656802848038e-01
-5.347054694123606344e-01
-5.359588438869411497e-01
-5.372121893482618704e-01
-5.384655060380082459e-01
-5.397187941953607293e-01
-5.409720540570089886e-01
-5.422252858572046419e-01
-5.434784898277644771e-01
-5.447316661981271846e-01
-5.459848151953691220e-01
-5.472379370442317370e-01
-5.484910319671558732e-01
-5.497441001843084152e-01
-5.509971419136074910e-01
-5.522501573707534472e-01
-5.535031467692552720e-01
-5.547561103204594612e-01
-5.560090482335635631e-01
-5.572619607156645838e-01
-5.585148479717646497e-01
-5.597677102048026487e-01
-5.610205476156800986e-01
-5.622733604032893462e-01
-5.635261487645352174e-01
-5.647789128943461190e-01
-5.660316529857234435e-01
-5.672843692297393492e-01
-5.685370618155765055e-01
-5.697897309305378633e-01
-5.710423767600846245e-01
-5.722949994878420155e-01
-5.735475992956273750e-01
-5.748001763634797978e-01
-5.760527308696637983e-01
-5.773052629907057254e-01
-5.785577729014029780e-01
-5.798102607748568671e-01
-5.810627267824751696e-01
-5.823151710940103198e-01
-5.835675938775600757e-01
-5.848199952996105955e-01
-5.860723755250228928e-01
-5.873247347170847954e-01
-5.885770730375065041e-01
-5.898293906464470160e-01
-5.910816877025322214e-01
-5.923339643628764417e-01
-5.935862207830847614e-01
-5.948384571172788959e-01
-5.960906735181297211e-01
-5.973428701368536098e-01
-5.985950471232220904e-01
-5.998472046256096979e-01
-6.010993427909777642e-01
-6.023514617649138314e-01
-6.036035616916265445e-01
-6.048556427139746283e-01
-6.061077049734907574e-01
-6.073597486103675669e-01
-6.086117737634982872e-01
-6.098637805704838488e-01
-6.111157691676418757e-01
-6.123677396900290004e-01
-6.136196922714522994e-01
-6.148716270444747334e-01
-6.161235441404435687e-01
-6.173754436894969277e-01
-6.186273258205676751e-01
-6.198791906614153913e-01
-6.211310383386257072e-01
-6.223828689776272904e-01
-6.236346827027007267e-01
-6.248864796370027230e-01
-6.261382599025604456e-01
-6.273900236203071579e-01
-6.286417709100602380e-01
-6.298935018905715832e-01
-6.311452166795156193e-01
-6.323969153935038445e-01
-6.336485981481025931e-01
-6.349002650578325913e-01
-6.361519162362043733e-01
-6.374035517956959662e-01
-6.386551718477933015e-01
-6.399067765029778920e-01
-6.411583658707545874e-01
-6.424099400596595677e-01
-6.436614991772534600e-01
-6.449130433301623055e-01
-6.461645726240492493e-01
-6.474160871636681636e-01
-6.486675870528356702e-01
-6.499190723944560100e-01
-6.511705432905393609e-01
-6.524219998421948441e-01
-6.536734421496513958e-01
-6.549248703122613202e-01
-6.561762844285143892e-01
-6.574276845960340676e-01
-6.586790709116109310e-01
-6.599304434711851242e-01
-6.611818023698736724e-01
-6.624331477019649306e-01
-6.636844795609444514e-01
-6.649357980394822176e-01
-6.661871032294586215e-01
-6.674383952219643534e-01
-6.686896741073099504e-01
-6.699409399750323457e-01
-6.711921929139053056e-01
-6.724434330119483105e-01
-6.736946603564312186e-01
-6.749458750338774848e-01
-6.761970771300875871e-01
-6.774482667301271466e-01
-6.786994439183469119e-01
-6.799506087783857566e-01
-6.812017613931774518e-01
-6.824529018449585482e-01
-6.837040302152783688e-01
-6.849551465849995635e-01
-6.862062510343076571e-01
-6.874573436427272588e-01
-6.887084244891098495e-01
-6.899594936516552091e-01
-6.912105512079129710e-01
-6.924615972347877291e-01
-6.937126318085510279e-01
-6.949636550048400307e-01
-6.962146668986732845e-01
-6.974656675644421711e-01
-6.987166570759371087e-01
-6.999676355063331190e-01
-7.012186029282092559e-01
-7.024695594135513810e-01
-7.037205050337580481e-01
-7.049714398596392817e-01
-7.062223639614308990e-01
-7.074732774088027254e-01
-7.087241802708541538e-01
-7.099750726161226932e-01
-7.112259545125968474e-01
-7.124768260277131171e-01
-7.137276872283551121e-01
-7.149785381808881901e-01
-7.162293789511231523e-01
-7.174802096043583211e-01
-7.187310302053571132e-01
-7.199818408183683571e-01
-7.212326415071291796e-01
-7.224834323348705567e-01
-7.237342133643137609e-01
-7.249849846576853496e-01
-7.262357462767147220e-01
-7.274864982826457771e-01
-7.287372407362379123e-01
-7.299879736977630262e-01
-7.312386972270277230e-01
-7.324894113833615439e-01
-7.337401162256304010e-01
-7.349908118122332468e-01
-7.362414982011171727e-01
-7.374921754497715254e-01
-7.387428436152322364e-01
-7.399935027541054700e-01
-7.412441529225410886e-01
-7.424947941762520820e-01
-7.437454265705356615e-01
-7.449960501602436169e-01
-7.462466649998050761e-01
-7.474972711432327221e-01
-7.487478686441174647e-01
-7.499984575556525312e-01
-7.512490379305972743e-01
-7.524996098213277973e-01
-7.537501732797994292e-01
-7.550007283575894679e-01
-7.562512751058609872e-01
-7.575018135754011395e-01
-7.587523438166010603e-01
-7.600028658794750758e-01
-7.612533798136511543e-01
-7.625038856683847843e-01
-7.637543834925526465e-01
-7.650048733346698215e-01
-7.662553552428795767e-01
-7.675058292649610259e-01
-7.687562954483345701e-01
-7.700067538400694467e-01
-7.712572044868686305e-01
-7.725076474350954792e-01
-7.737580827307628528e-01
-7.750085104195458818e-01
-7.762589305467628709e-01
-7.775093431574126024e-01
-7.787597482961482465e-01
-7.800101460072875748e-01
-7.812605363348298360e-01
-7.825109193224429882e-01
-7.837612950134730250e-01
-7.850116634509441971e-01
-7.862620246775633426e-01
-7.875123787357226623e-01
-7.887627256675043830e-01
-7.900130655146817560e-01
-7.912633983187160602e-01
-7.925137241207764749e-01
-7.937640429617134341e-01
-7.950143548820967077e-01
-7.962646599221924193e-01
-7.975149581219719286e-01
-7.987652495211157166e-01
-8.000155341590204916e-01
-8.012658120748016310e-01
-8.025160833072737532e-01
-8.037663478949867990e-01
-8.050166058762080468e-01
-8.062668572889321039e-01
-8.075171021708709151e-01
-8.087673405594710818e-01
-8.100175724919110865e-01
-8.112677980051050675e-01
-8.125180171356952696e-01
-8.137682299200678093e-01
-8.150184363943510091e-01
-8.162686365944115119e-01
-8.175188305558624968e-01
-8.187690183140579059e-01
-8.200191999041185342e-01
-8.212693753608912850e-01
-8.225195447189962428e-01
-8.237697080127995841e-01
-8.250198652764300089e-01
-8.262700165437714128e-01
-8.275201618484704369e-01
-8.287703012239369116e-01
-8.300204347033542929e-01
-8.312705623196540161e-01
-8.325206841055576845e-01
-8.337708000935486474e-01
-8.350209103158894308e-01
-8.362710148046009762e-01
-8.375211135915044958e-01
-8.387712067081842804e-01
-8.400212941860125682e-01
-8.412713760561442156e-01
-8.425214523495073715e-01
-8.437715230968370062e-01
-8.450215883286360530e-01
-8.462716480752084935e-01
-8.475217023666488103e-01
-8.487717512328334379e-01
-8.500217947034567345e-01
-8.512718328079844632e-01
-8.525218655756975350e-01
-8.537718930356691382e-01
-8.550219152167751746e-01
-8.562719321476988110e-01
-8.575219438569209318e-01
-8.587719503727355708e-01
-8.600219517232369215e-01
-8.612719479363365460e-01
-8.625219390397595998e-01
-8.637719250610241817e-01
-8.650219060274909610e-01
-8.662718819663102199e-01
-8.675218529044652627e-01
-8.687718188687572063e-01
-8.700217798857967644e-01
-8.712717359820281171e-01
-8.725216871837053745e-01
-8.737716335169232185e-01
-8.750215750075851506e-01
-8.762715116814369098e-01
-8.775214435640401600e-01
-8.787713706807962488e-01
-8.800212930569303316e-01
-8.812712107175070253e-01
-8.825211236874198617e-01
-8.837710319913937296e-01
-8.850209356540024164e-01
-8.862708346996424069e-01
-8.875207291525676334e-01
-8.887706190368526160e-01
-8.900205043764259916e-01
-8.912703851950566358e-01
-8.925202615163566611e-01
-8.937701333637823042e-01
-8.950200007606420316e-01
-8.962698637300827720e-01
-8.975197222951032394e-01
-8.987695764785651464e-01
-9.000194263031602304e-01
-9.012692717914495555e-01
-9.025191129658397537e-01
-9.037689498485902417e-01
-9.050187824618248777e-01
-9.062686108275176400e-01
-9.075184349675029516e-01
-9.087682549034754587e-01
-9.100180706569832578e-01
-9.112678822494462150e-01
-9.125176897021406441e-01
-9.137674930362077452e-01
-9.150172922726490521e-01
-9.162670874323393111e-01
-9.175168785360113821e-01
-9.187666656042771107e-01
-9.200164486576062339e-01
-9.212662277163407021e-01
-9.225160028006937907e-01
-9.237657739307528759e-01
-9.250155411264768812e-01
-9.262653044076986086e-01
-9.275150637941187437e-01
-9.287648193053227308e-01
-9.300145709607668953e-01
-9.312643187797855493e-01
-9.325140627815943217e-01
-9.337638029852847188e-01
-9.350135394098283426e-01
-9.362632720740863279e-01
-9.375130009967839184e-01
-9.387627261965431069e-01
-9.400124476918690908e-01
-9.412621655011448318e-01
-9.425118796426443790e-01
-9.437615901345248748e-01
-9.450112969948322172e-01
-9.462610002414973964e-01
-9.475106998923453760e-01
-9.487603959650848795e-01
-9.500100884773212684e-01
-9.512597774465455513e-01
-9.525094628901424887e-01
-9.537591448253874837e-01
-9.550088232694594614e-01
-9.562584982394153332e-01
-9.575081697522226376e-01
-9.587578378247388899e-01
-9.600075024737134699e-01
-9.612571637157962812e-01
-9.625068215675416372e-01
-9.637564760453978252e-01
-9.650061271657097706e-01
-9.662557749447291400e-01
-9.675054193986007967e-01
-9.687550605433837836e-01
-9.700046983950257884e-01
-9.712543329693809069e-01
-9.725039642822206343e-01
-9.737535923492073309e-01
-9.750032171859063235e-01
-9.762528388078028918e-01
-9.775024572302790649e-01
-9.787520724686227247e-01
-9.800016845380371544e-01
-9.812512934536292697e-01
-9.825008992304204991e-01
-9.837505018833330173e-01
-9.850001014272106170e-01
-9.862496978768019451e-01
-9.874992912467658313e-01
-9.887488815516749519e-01
-9.899984688060288196e-01
-9.912480530242167021e-01
-9.924976342205598101e-01
-9.937472124092884274e-01
-9.949967876045481274e-01
-9.962463598204028825e-01
-9.974959290708343973e-01
-9.987454953697360027e-01
-9.999950587309206496e-01
-1.001244619168131011e+00
-1.002494176695016836e+00
-1.003743731325148936e+00
-1.004993283072018961e+00
-1.006242831949047289e+00
-1.007492377969557484e+00
-1.008741921146822040e+00
-1.009991461494007758e+00
-1.011240999024225706e+00
-1.012490533750497690e+00
-1.013740065685778013e+00
-1.014989594842941267e+00
-1.016239121234784770e+00
-1.017488644874036563e+00
-1.018738165773351412e+00
-1.019987683945304591e+00
-1.021237199402405205e+00
-1.022486712157085531e+00
-1.023736222221707237e+00
-1.024985729608568041e+00
-1.026235234329880397e+00
-1.027484736397796361e+00
-1.028734235824398269e+00
-1.029983732621697179e+00
-1.031233226801633762e+00
-1.032482718376078301e+00
-1.033732207356844457e+00
-1.034981693755665733e+00
-1.036231177584212793e+00
-1.037480658854089244e+00
-1.038730137576837631e+00
-1.039979613763932775e+00
-1.041229087426779110e+00
-1.042478558576718228e+00
-1.043728027225030219e+00
-1.044977493382935219e+00
-1.046226957061581198e+00
-1.047476418272055509e+00
-1.048725877025383557e+00
-1.049975333332532124e+00
-1.051224787204402045e+00
-1.052474238651834204e+00
-1.053723687685611976e+00
-1.054973134316453454e+00
-1.056222578555013003e+00
-1.057472020411894364e+00
-1.058721459897638661e+00
-1.059970897022724845e+00
-1.061220331797581018e+00
-1.062469764232564451e+00
-1.063719194337991558e+00
-1.064968622124107700e+00
-1.066218047601101393e+00
-1.067467470779114747e+00
-1.068716891668228142e+00
-1.069966310278463784e+00
-1.071215726619790143e+00
-1.072465140702121955e+00
-1.073714552535318889e+00
-1.074963962129186879e+00
-1.076213369493473238e+00
-1.077462774637881093e+00
-1.078712177572044517e+00
-1.079961578305560277e+00
-1.081210976847968519e+00
-1.082460373208754101e+00
-1.083709767397348589e+00
-1.084959159423132702e+00
-1.086208549295446080e+00
-1.087457937023560861e+00
-1.088707322616709439e+00
-1.089956706084074689e+00
-1.091206087434780647e+00
-1.092455466677910714e+00
-1.093704843822494110e+00
-1.094954218877511432e+00
-1.096203591851901749e+00
-1.097452962754542405e+00
-1.098702331594274995e+00
-1.099951698379889597e+00
-1.101201063120120560e+00
-1.102450425823673363e+00
-1.103699786499189761e+00
-1.104949145155268653e+00
-1.106198501800470302e+00
-1.107447856443300349e+00
-1.108697209092226021e+00
-1.109946559755662143e+00
-1.111195908441981794e+00
-1.112445255159519863e+00
-1.113694599916553507e+00
-1.114943942721327907e+00
-1.116193283582033846e+00
-1.117442622506827909e+00
-1.118691959503820943e+00
-1.119941294581072500e+00
-1.121190627746613933e+00
-1.122439959008422417e+00
-1.123689288374434936e+00
-1.124938615852546508e+00
-1.126187941450620844e+00
-1.127437265176462589e+00
-1.128686587037848410e+00
-1.129935907042507015e+00
-1.131185225198131361e+00
-1.132434541512371329e+00
-1.133683855992834388e+00
-1.134933168647095592e+00
-1.136182479482678032e+00
-1.137431788507083041e+00
-1.138681095727751336e+00
-1.139930401152104755e+00
-1.141179704787510518e+00
-1.142429006641308309e+00
-1.143678306720796733e+00
-1.144927605033230655e+00
-1.146176901585834518e+00
-1.147426196385791464e+00
-1.148675489440247999e+00
-1.149924780756310660e+00
-1.151174070341064448e+00
-1.152423358201527304e+00
-1.153672644344710285e+00
-1.154921928777577378e+00
-1.156171211507050156e+00
-1.157420492540021328e+00
-1.158669771883350963e+00
-1.159919049543851388e+00
-1.161168325528319167e+00
-1.162417599843493354e+00
-1.163666872496095461e+00
-1.164916143492801259e+00
-1.166165412840264981e+00
-1.167414680545095784e+00
-1.168663946613863525e+00
-1.169913211053121405e+00
-1.171162473869381770e+00
-1.172411735069110561e+00
-1.173660994658760393e+00
-1.174910252644740583e+00
-1.176159509033425365e+00
-1.177408763831159222e+00
-1.178658017044259099e+00
-1.179907268678996868e+00
-1.181156518741623085e+00
-1.182405767238353667e+00
-1.183655014175370113e+00
-1.184904259558820616e+00
-1.186153503394822506e+00
-1.187402745689468686e+00
-1.188651986448810982e+00
-1.189901225678875685e+00
-1.191150463385651559e+00
-1.192399699575100502e+00
-1.193648934253151772e+00
-1.194898167425708868e+00
-1.196147399098631992e+00
-1.197396629277762026e+00
-1.198645857968907213e+00
-1.199895085177836718e+00
-1.201144310910300161e+00
-1.202393535172010086e+00
-1.203642757968646393e+00
-1.204891979305863448e+00
-1.206141199189280089e+00
-1.207390417624489842e+00
-1.208639634617054481e+00
-1.209888850172497810e+00
-1.211138064296319428e+00
-1.212387276993991403e+00
-1.213636488270948721e+00
-1.214885698132594394e+00
-1.216134906584302788e+00
-1.217384113631420739e+00
-1.218633319279257776e+00
-1.219882523533094787e+00
-1.221131726398184236e+00
-1.222380927879736401e+00
-1.223630127982941795e+00
-1.224879326712951633e+00
-1.226128524074890480e+00
-1.227377720073834944e+00
-1.228626914714847196e+00
-1.229876108002947444e+00
-1.231125299943123030e+00
-1.232374490540330658e+00
-1.233623679799474848e+00
-1.234872867725454126e+00
-1.236122054323107289e+00
-1.237371239597247596e+00
-1.238620423552649896e+00
-1.239869606194053953e+00
-1.241118787526161338e+00
-1.242367967553624331e+00
-1.243617146281072561e+00
-1.244866323713089251e+00
-1.246115499854208553e+00
-1.247364674708935528e+00
-1.248613848281720173e+00
-1.249863020576985173e+00
-1.251112191599093926e+00
-1.252361361352366087e+00
-1.253610529841083787e+00
-1.254859697069469648e+00
-1.256108863041700552e+00
-1.257358027761905417e+00
-1.258607191234163425e+00
-1.259856353462494694e+00
-1.261105514450856502e+00
-1.262354674203166383e+00
-1.263603832723273479e+00
-1.264852990014963430e+00
-1.266102146081961699e+00
-1.267351300927934910e+00
-1.268600454556475521e+00
-1.269849606971109823e+00
-1.271098758175291943e+00
-1.272347908172402287e+00
-1.273597056965741992e+00
-1.274846204558532259e+00
-1.276095350953919683e+00
-1.277344496154954046e+00
-1.278593640164609635e+00
-1.279842782985757488e+00
-1.281091924621173384e+00
-1.282341065073550057e+00
-1.283590204345451236e+00
-1.284839342439356491e+00
-1.286088479357619940e+00
-1.287337615102488897e+00
-1.288586749676090992e+00
-1.289835883080419299e+00
-1.291085015317348761e+00
-1.292334146388613769e+00
-1.293583276295809048e+00
-1.294832405040384327e+00
-1.296081532623635679e+00
-1.297330659046704637e+00
-1.298579784310564644e+00
-1.299828908416020168e+00
-1.301078031363703591e+00
-1.302327153154051231e+00
-1.303576273787315110e+00
-1.304825393263545186e+00
-1.306074511582583586e+00
-1.307323628744051947e+00
-1.308572744747353855e+00
-1.309821859591646875e+00
-1.311070973275861196e+00
-1.312320085798652780e+00
-1.313569197158432456e+00
-1.314818307353326166e+00
-1.316067416381168087e+00
-1.317316524239513065e+00
-1.318565630925590204e+00
-1.319814736436318858e+00
-1.321063840768275988e+00
-1.322312943917692163e+00
-1.323562045880447346e+00
-1.324811146652028260e+00
-1.326060246227543926e+00
-1.327309344601693253e+00
-1.328558441768763698e+00
-1.329807537722591748e+00
-1.331056632456560473e+00
-1.332305725963595089e+00
-1.333554818236111883e+00
-1.334803909266029764e+00
-1.336052999044743617e+00
-1.337302087563081443e+00
-1.338551174811320132e+00
-1.339800260779137719e+00
-1.341049345455600061e+00
-1.342298428829137524e+00
-1.343547510887519447e+00
-1.344796591617839265e+00
-1.346045671006466993e+00
-1.347294749039047446e+00
-1.348543825700461163e+00
-1.349792900974799981e+00
-1.351041974845332838e+00
-1.352291047294486681e+00
-1.353540118303804718e+00
-1.354789187853925547e+00
-1.356038255924536751e+00
-1.357287322494363346e+00
-1.358536387541112056e+00
-1.359785451041440885e+00
-1.361034512970939803e+00
-1.362283573304064355e+00
-1.363532632014125223e+00
-1.364781689073229609e+00
-1.366030744452238377e+00
-1.367279798120756285e+00
-1.368528850047038503e+00
-1.369777900197987952e+00
-1.371026948539087131e+00
-1.372275995034365703e+00
-1.373525039646334989e+00
-1.374774082335952663e+00
-1.376023123062567910e+00
-1.377272161783868354e+00
-1.378521198455826546e+00
-1.379770233032642013e+00
-1.381019265466685964e+00
-1.382268295708450445e+00
-1.383517323706477065e+00
-1.384766349407305919e+00
-1.386015372755407427e+00
-1.387264393693110165e+00
-1.388513412160563787e+00
-1.389762428095631774e+00
-1.391011441433847695e+00
-1.392260452108347479e+00
-1.393509460049775717e+00
-1.394758465186224594e+00
-1.396007467443167949e+00
-1.397256466743355796e+00
-1.398505463006764593e+00
-1.399754456150484216e+00
-1.401003446088671556e+00
-1.402252432732433274e+00
-1.403501415989746315e+00
-1.404750395765377302e+00
-1.405999371960781286e+00
-1.407248344474016921e+00
-1.408497313199647882e+00
-1.409746278028638722e+00
-1.410995238848259170e+00
-1.412244195541982439e+00
-1.413493147989391963e+00
-1.414742096066052612e+00
-1.415991039643418992e+00
-1.417239978588720417e+00
-1.418488912764843901e+00
-1.419737842030229125e+00
-1.420986766238737431e+00
-1.422235685239546576e+00
-1.423484598877009510e+00
-1.424733506990548237e+00
-1.425982409414521479e+00
-1.427231305978081455e+00
-1.428480196505068855e+00
-1.429729080813842979e+00
-1.430977958717181808e+00
-1.432226830022121034e+00
-1.433475694529806832e+00
-1.434724552035372858e+00
-1.435973402327769488e+00
-1.437222245189641479e+00
-1.438471080397138557e+00
-1.439719907719799741e+00
-1.440968726920370813e+00
-1.442217537754644230e+00
-1.443466339971317236e+00
-1.444715133311800681e+00
-1.445963917510063590e+00
-1.447212692292463743e+00
-1.448461457377571149e+00
-1.449710212475990856e+00
-1.450958957290182205e+00
-1.452207691514283416e+00
-1.453456414833911081e+00
-1.454705126926002734e+00
-1.455953827458595917e+00
-1.457202516090648325e+00
-1.458451192471848179e+00
-1.459699856242400173e+00
-1.460948507032841626e+00
-1.462197144463833087e+00
-1.463445768145930526e+00
-1.464694377679414128e+00
-1.465942972654047383e+00
-1.467191552648872133e+00
-1.468440117231987863e+00
-1.469688665960332541e+00
-1.470937198379459465e+00
-1.472185714023317438e+00
-1.473434212414007849e+00
-1.474682693061560190e+00
-1.475931155463712230e+00
-1.477179599105645114e+00
-1.478428023459765761e+00
-1.479676427985454845e+00
-1.480924812128832979e+00
-1.482173175322495373e+00
-1.483421516985274913e+00
-1.484669836521990138e+00
-1.485918133323188783e+00
-1.487166406764879767e+00
-1.488414656208288278e+00
-1.489662880999581551e+00
-1.490911080469615957e+00
-1.492159253933653007e+00
-1.493407400691113551e+00
-1.494655520025274908e+00
-1.495903611203027728e+00
-1.497151673474572897e+00
-1.498399706073162641e+00
-1.499647708214806974e+00
-1.500895679097996593e+00
-1.502143617903421990e+00
-1.503391523793664586e+00
-1.504639395912941602e+00
-1.505887233386781654e+00
-1.507135035321750305e+00
-1.508382800805153412e+00
-1.509630528904738256e+00
-1.510878218668386674e+00
-1.512125869123830624e+00
-1.513373479278330436e+00
-1.514621048118401259e+00
-1.515868574609469333e+00
-1.517116057695593545e+00
-1.518363496299154791e+00
-1.519610889320529346e+00
-1.520858235637793987e+00
-1.522105534106415359e+00
-1.523352783558921120e+00
-1.524599982804613285e+00
-1.525847130629211623e+00
-1.527094225794582094e+00
-1.528341267038391349e+00
-1.529588253073803639e+00
-1.530835182589150856e+00
-1.532082054247619229e+00
-1.533328866686931580e+00
-1.534575618519023354e+00
-1.535822308329730879e+00
-1.537068934678455401e+00
-1.538315496097856672e+00
-1.539561991093529425e+00
-1.540808418143663427e+00
-1.542054775698758817e+00
-1.543301062181267058e+00
-1.544547275985300505e+00
-1.545793415476283350e+00
-1.547039478990667627e+00
-1.548285464835570835e+00
-1.549531371288498383e+00
-1.550777196596990759e+00
-1.552022938978335986e+00
-1.553268596619228559e+00
-1.554514167675464797e+00
-1.555759650271633765e+00
-1.557005042500783309e+00
-1.558250342424139401e+00
-1.559495548070765958e+00
-1.560740657437271306e+00
-1.561985668487497536e+00
-1.563230579152211419e+00
-1.564475387328800648e+00
-1.565720090880984294e+00
-1.566964687638478626e+00
-1.568209175396745314e+00
-1.569453551916659695e+00
-1.570697814924228553e+00
-1.571941962110300794e+00
-1.573185991130276129e+00
-1.574429899603821292e+00
-1.575673685114580946e+00
-1.576917345209908339e+00
-1.578160877400569539e+00
-1.579404279160486757e+00
-1.580647547926458563e+00
-1.581890681097891438e+00
-1.583133676036527548e+00
-1.584376530066210265e+00
-1.585619240472597058e+00
-1.586861804502908369e+00
-1.588104219365705561e+00
-1.589346482230608260e+00
-1.590588590228076082e+00
-1.591830540449152620e+00
-1.593072329945256937e+00
-1.594313955727928889e+00
-1.595555414768617286e+00
-1.596796703998448530e+00
-1.598037820308027879e+00
-1.599278760547212519e+00
-1.600519521524910171e+00
-1.601760100008883914e+00
-1.603000492725546344e+00
-1.604240696359772844e+00
-1.605480707554717723e+00
-1.606720522911623261e+00
-1.607960138989664722e+00
-1.609199552305761394e+00
-1.610438759334418268e+00
-1.611677756507579273e+00
-1.612916540214454519e+00
-1.614155106801392847e+00
-1.615393452571726840e+00
-1.616631573785648257e+00
-1.617869466660078803e+00
-1.619107127368547783e+00
-1.620344552041070640e+00
-1.621581736764038384e+00
-1.622818677580137869e+00
-1.624055370488227901e+00
-1.625291811443259737e+00
-1.626527996356210037e+00
-1.627763921093978938e+00
-1.628999581479331882e+00
-1.630234973290858980e+00
-1.631470092262884863e+00
-1.632704934085439819e+00
-1.633939494404223369e+00
-1.635173768820567641e+00
-1.636407752891404721e+00
-1.637641442129256220e+00
-1.638874832002217952e+00
-1.640107917933961934e+00
-1.641340695303734387e+00
-1.642573159446372166e+00
-1.643805305652318527e+00
-1.645037129167653100e+00
-1.646268625194130752e+00
-1.647499788889214223e+00
-1.648730615366126306e+00
-1.649961099693926014e+00
-1.651191236897544767e+00
-1.652421021957890535e+00
-1.653650449811910228e+00
-1.654879515352689179e+00
-1.656108213429547726e+00
-1.657336538848146024e+00
-1.658564486370596613e+00
-1.659792050715596323e+00
-1.661019226558548390e+00
-1.662246008531702346e+00
-1.663472391224308122e+00
-1.664698369182765925e+00
-1.665923936910777670e+00
-1.667149088869552598e+00
-1.668373819477954711e+00
-1.669598123112697063e+00
-1.670821994108554920e+00
-1.672045426758548059e+00
-1.673268415314177249e+00
-1.674490953985617203e+00
-1.675713036941970824e+00
-1.676934658311495241e+00
-1.678155812181842954e+00
-1.679376492600327397e+00
-1.680596693574180733e+00
-1.681816409070804541e+00
-1.683035633018080679e+00
-1.684254359304636184e+00
-1.685472581780136370e+00
-1.686690294255594802e+00
-1.687907490503681052e+00
-1.689124164259031335e+00
-1.690340309218591797e+00
-1.691555919041923595e+00
-1.692770987351566170e+00
-1.693985507733384965e+00
-1.695199473736915596e+00
-1.696412878875731778e+00
-1.697625716627831238e+00
-1.698837980435987882e+00
-1.700049663708171455e+00
-1.701260759817899260e+00
-1.702471262104679584e+00
-1.703681163874395832e+00
-1.704890458399730191e+00
-1.706099138920575520e+00
-1.707307198644479662e+00
-1.708514630747077989e+00
-1.709721428372525720e+00
-1.710927584633961329e+00
-1.712133092613956409e+00
-1.713337945364986625e+00
-1.714542135909891352e+00
-1.715745657242353728e+00
-1.716948502327393600e+00
-1.718150664101834924e+00
-1.719352135474829790e+00
-1.720552909328326496e+00
-1.721752978517609778e+00
-1.722952335871792862e+00
-1.724150974194339270e+00
-1.725348886263596171e+00
-1.726546064833317518e+00
-1.727742502633195620e+00
-1.728938192369412041e+00
-1.730133126725188264e+00
-1.731327298361308165e+00
-1.732520699916715756e+00
-1.733713324009041212e+00
-1.734905163235184400e+00
-1.736096210171887311e+00
-1.737286457376305382e+00
-1.738475897386575264e+00
-1.739664522722424556e+00
-1.740852325885738017e+00
-1.742039299361158422e+00
-1.743225435616687635e+00
-1.744410727104276360e+00
-1.745595166260432762e+00
-1.746778745506843533e+00
-1.747961457250954753e+00
-1.749143293886614270e+00
-1.750324247794677435e+00
-1.751504311343625941e+00
-1.752683476890197767e+00
-1.753861736780008229e+00
-1.755039083348183038e+00
-1.756215508919988455e+00
-1.757391005811461682e+00
-1.758565566330048568e+00
-1.759739182775250210e+00
-1.760911847439257993e+00
-1.762083552607588199e+00
-1.763254290559733262e+00
-1.764424053569814577e+00
-1.765592833907216441e+00
-1.766760623837250632e+00
-1.767927415621780352e+00
-1.769093201519898351e+00
-1.770257973788569084e+00
-1.771421724683273746e+00
-1.772584446458671747e+00
-1.773746131369256407e+00
-1.774906771670008654e+00
-1.776066359617039181e+00
-1.777224887468259462e+00
-1.778382347484031456e+00
-1.779538731927816642e+00
-1.780694033066837711e+00
-1.781848243172730495e+00
-1.783001354522201654e+00
-1.784153359397668392e+00
-1.785304250087925926e+00
-1.786454018888787409e+00
-1.787602658103746522e+00
-1.788750160044616067e+00
-1.789896517032172341e+00
-1.791041721396822606e+00
-1.792185765479227699e+00
-1.793328641630954179e+00
-1.794470342215119141e+00
-1.795610859607031928e+00
-1.796750186194806087e+00
-1.797888314380037933e+00
-1.799025236578412512e+00
-1.800160945220327768e+00
-1.801295432751547132e+00
-1.802428691633811031e+00
-1.803560714345457949e+00
-1.804691493382056144e+00
-1.805821021257014047e+00
-1.806949290502178673e+00
-1.808076293668483547e+00
-1.809202023326530240e+00
-1.810326472067195880e+00
-1.811449632502241336e+00
-1.812571497264897413e+00
-1.813692059010477475e+00
-1.814811310416948098e+00
-1.815929244185526814e+00
-1.817045853041265202e+00
-1.818161129733617543e+00
-1.819275067037024574e+00
-1.820387657751476373e+00
-1.821498894703084126e+00
-1.822608770744634565e+00
-1.823717278756152194e+00
-1.824824411645449507e+00
-1.825930162348677888e+00
-1.827034523830848523e+00
-1.828137489086409939e+00
-1.829239051139744943e+00
-1.830339203045707075e+00
-1.831437937890161294e+00
-1.832535248790476246e+00
-1.833631128896053175e+00
-1.834725571388825527e+00
-1.835818569483753437e+00
-1.836910116429342654e+00
-1.838000205508108387e+00
-1.839088830037076905e+00
-1.840175983368262935e+00
-1.841261658889132180e+00
-1.842345850023085374e+00
-1.843428550229905039e+00
-1.844509753006222663e+00
-1.845589451885961907e+00
-1.846667640440791125e+00
-1.847744312280545920e+00
-1.848819461053679447e+00
-1.849893080447680083e+00
-1.850965164189479983e+00
-1.852035706045894958e+00
-1.853104699824007273e+00
-1.854172139371583761e+00
-1.855238018577446857e+00
-1.856302331371896930e+00
-1.857365071727068218e+00
-1.858426233657311188e+00
-1.859485811219567131e+00
-1.860543798513722313e+00
-1.861600189682969253e+00
-1.862654978914157544e+00
-1.863708160438135586e+00
-1.864759728530080096e+00
-1.865809677509836728e+00
-1.866858001742239148e+00
-1.867904695637423895e+00
-1.868949753651139467e+00
-1.869993170285055184e+00
-1.871034940087056286e+00
-1.872075057651520602e+00
-1.873113517619631629e+00
-1.874150314679617457e+00
-1.875185443567062293e+00
-1.876218899065123180e+00
-1.877250676004826646e+00
-1.878280769265303407e+00
-1.879309173774027064e+00
-1.880335884507048139e+00
-1.881360896489236323e+00
-1.882384204794506077e+00
-1.883405804546009144e+00
-1.884425690916368579e+00
-1.885443859127878152e+00
-1.886460304452672876e+00
-1.887475022212969922e+00
-1.888488007781188971e+00
-1.889499256580191355e+00
-1.890508764083401072e+00
-1.891516525814993743e+00
-1.892522537350048495e+00
-1.893526794314700723e+00
-1.894529292386272212e+00
-1.895530027293428788e+00
-1.896528994816295555e+00
-1.897526190786592348e+00
-1.898521611087752303e+00
-1.899515251655016224e+00
-1.900507108475557594e+00
-1.901497177588579834e+00
-1.902485455085399346e+00
-1.903471937109534551e+00
-1.904456619856797150e+00
-1.905439499575356299e+00
-1.906420572565804550e+00
-1.907399835181236458e+00
-1.908377283827282778e+00
-1.909352914962171299e+00
-1.910326725096780587e+00
-1.911298710794658406e+00
-1.912268868672068578e+00
-1.913237195398017176e+00
-1.914203687694259637e+00
-1.915168342335332952e+00
-1.916131156148555892e+00
-1.917092126014028564e+00
-1.918051248864644620e+00
-1.919008521686067503e+00
-1.919963941516724226e+00
-1.920917505447790719e+00
-1.921869210623162516e+00
-1.922819054239425451e+00
-1.923767033545825011e+00
-1.924713145844215934e+00
-1.925657388489033561e+00
-1.926599758887228342e+00
-1.927540254498214978e+00
-1.928478872833819580e+00
-1.929415611458203061e+00
-1.930350467987787866e+00
-1.931283440091199344e+00
-1.932214525489166945e+00
-1.933143721954456717e+00
-1.934071027311759172e+00
-1.934996439437621563e+00
-1.935919956260319097e+00
-1.936841575759780776e+00
-1.937761295967456610e+00
-1.938679114966217698e+00
-1.939595030890239880e+00
-1.940509041924871614e+00
-1.941421146306518741e+00
-1.942331342322509702e+00
-1.943239628310965417e+00
-1.944146002660658068e+00
-1.945050463810860553e+00
-1.945953010251218807e+00
-1.946853640521580164e+00
-1.947752353211859910e+00
-1.948649146961867418e+00
-1.949544020461148497e+00
-1.950436972448827966e+00
-1.951328001713432014e+00
-1.952217107092718784e+00
-1.953104287473490075e+00
-1.953989541791444129e+00
-1.954872869030951588e+00
-1.955754268224906056e+00
-1.956633738454499838e+00
-1.957511278849065839e+00
-1.958386888585851082e+00
-1.959260566889839739e+00
-1.960132313033535967e+00
-1.961002126336776064e+00
-1.961870006166485991e+00
-1.962735951936527723e+00
-1.963599963107424573e+00
-1.964462039186181563e+00
-1.965322179726058271e+00
-1.966180384326341679e+00
-1.967036652632122573e+00
-1.967890984334083493e+00
-1.968743379168246266e+00
-1.969593836915760843e+00
-1.970442357402645950e+00
-1.971288940499581255e+00
-1.972133586121660453e+00
-1.972976294228133920e+00
-1.973817064822180001e+00
-1.974655897950664096e+00
-1.975492793703881533e+00
-1.976327752215315092e+00
-1.977160773661370774e+00
-1.977991858261155533e+00
-1.978821006276183736e+00
-1.979648218010150007e+00
-1.980473493808658336e+00
-1.981296834058965839e+00
-1.982118239189723630e+00
-1.982937709670710369e+00
-1.983755246012560924e+00
-1.984570848766527451e+00
-1.985384518524174524e+00
-1.986196255917140441e+00
-1.987006061616855890e+00
-1.987813936334273279e+00
-1.988619880819601171e+00
-1.989423895862011848e+00
-1.990225982289394846e+00
-1.991026140968067848e+00
-1.991824372802488918e+00
-1.992620678734996709e+00
-1.993415059745526241e+00
-1.994207516851328910e+00
-1.994998051106696924e+00
-1.995786663602670430e+00
-1.996573355466772615e+00
-1.997358127862720156e+00
-1.998140981990128129e+00
-1.998921919084257981e+00
-1.999700940415700234e+00
-2.000478047290105810e+00
-2.001253241047915132e+00
-2.002026523064031505e+00
-2.002797894747584628e+00
-2.003567357541613969e+00
-2.004334912922787648e+00
-2.005100562401121778e+00
-2.005864307519694467e+00
-2.006626149854345176e+00
-2.007386091013410923e+00
-2.008144132637414980e+00
-2.008900276398797757e+00
-2.009654524001615705e+00
-2.010406877181266871e+00
-2.011157337704200021e+00
-2.011905907367611324e+00
-2.012652587999192111e+00
-2.013397381456799806e+00
-2.014140289628201241e+00
-2.014881314430783998e+00
-2.015620457811255761e+00
-2.016357721745358766e+00
-2.017093108237608234e+00
-2.017826619320973514e+00
-2.018558257056615179e+00
-2.019288023533597265e+00
-2.020015920868597270e+00
-2.020741951205624165e+00
-2.021466116715739059e+00
-2.022188419596763875e+00
-2.022908862073011349e+00
-2.023627446394987928e+00
-2.024344174839124655e+00
-2.025059049707499614e+00
-2.025772073327537726e+00
-2.026483248051758501e+00
-2.027192576257474954e+00
-2.027900060346527145e+00
-2.028605702745007289e+00
-2.029309505902966215e+00
-2.030011472294164676e+00
-2.030711604415772698e+00
-2.031409904788118226e+00
-2.032106375954390920e+00
-2.032801020480389020e+00
-2.033493840954235132e+00
-2.034184839986117321e+00
-2.034874020208008449e+00
-2.035561384273409491e+00
-2.036246934857062207e+00
-2.036930674654707119e+00
-2.037612606382802838e+00
-2.038292732778256511e+00
-2.038971056598183562e+00
-2.039647580619612821e+00
-2.040322307639250710e+00
-2.040995240473213901e+00
-2.041666381956765974e+00
-2.042335734944060288e+00
-2.043003302307879743e+00
-2.043669086939393864e+00
-2.044333091747890130e+00
-2.044995319660527944e+00
-2.045655773622081508e+00
-2.046314456594694686e+00
-2.046971371557622987e+00
-2.047626521506987540e+00
-2.048279909455534842e+00
-2.048931538432388066e+00
-2.049581411482785942e+00
-2.050229531667864702e+00
-2.050875902064393408e+00
-2.051520525764551905e+00
-2.052163405875668367e+00
-2.052804545520005242e+00
-2.053443947834507011e+00
-2.054081615970562602e+00
-2.054717553093783344e+00
-2.055351762383757830e+00
-2.055984247033826762e+00
-2.056615010250846254e+00
-2.057244055254960458e+00
-2.057871385279387955e+00
-2.058497003570172623e+00
-2.059120913385965146e+00
-2.059743117997818285e+00
-2.060363620688945741e+00
-2.060982424754493447e+00
-2.061599533501337067e+00
-2.062214950247868828e+00
-2.062828678323763043e+00
-2.063440721069767836e+00
-2.064051081837493751e+00
-2.064659763989202368e+00
-2.065266770897590032e+00
-2.065872105945585790e+00
-2.066475772526134236e+00
-2.067077774042004101e+00
-2.067678113905556003e+00
-2.068276795538571911e+00
-2.068873822372027771e+00
-2.069469197845898556e+00
-2.070062925408979737e+00
-2.070655008518652807e+00
-2.071245450640712971e+00
-2.071834255249175971e+00
-2.072421425826066255e+00
-2.073006965861248219e+00
-2.073590878852217934e+00
-2.074173168303917514e+00
-2.074753837728555261e+00
-2.075332890645409378e+00
-2.075910330580656105e+00
-2.076486161067164105e+00
-2.077060385644338147e+00
-2.077633007857922820e+00
-2.078204031259829332e+00
-2.078773459407961433e+00
-2.079341295866025341e+00
-2.079907544203363212e+00
-2.080472207994801703e+00
-2.081035290820434813e+00
-2.081596796265490656e+00
-2.082156727920155159e+00
-2.082715089379386431e+00
-2.083271884242778871e+00
-2.083827116114372657e+00
-2.084380788602501422e+00
-2.084932905319628382e+00
-2.085483469882196239e+00
-2.086032485910451317e+00
-2.086579957028294796e+00
-2.087125886863129942e+00
-2.087670279045701793e+00
-2.088213137209945280e+00
-2.088754464992838678e+00
-2.089294266034241954e+00
-2.089832543976767987e+00
-2.090369302465604928e+00
-2.090904545148400295e+00
-2.091438275675092218e+00
-2.091970497697789089e+00
-2.092501214870596371e+00
-2.093030430849520673e+00
-2.093558149292284121e+00
-2.094084373858204007e+00
-2.094609108208079107e+00
-2.095132356004011598e+00
-2.095654120909311580e+00
-2.096174406588337646e+00
-2.096693216706381868e+00
-2.097210554929538340e+00
-2.097726424924559741e+00
-2.098240830358740538e+00
-2.098753774899803748e+00
-2.099265262215757488e+00
-2.099775295974770195e+00
-2.100283879845062263e+00
-2.100791017494783475e+00
-2.101296712591880222e+00
-2.101800968803984482e+00
-2.102303789798307232e+00
-2.102805179241509226e+00
-2.103305140799583750e+00
-2.103803678137761590e+00
-2.104300794920376472e+00
-2.104796494810771357e+00
-2.105290781471187422e+00
-2.105783658562635718e+00
-2.106275129744815899e+00
-2.106765198676005202e+00
-2.107253869012936320e+00
-2.107741144410701484e+00
-2.108227028522673852e+00
-2.108711525000375619e+00
-2.109194637493372326e+00
-2.109676369649220007e+00
-2.110156725113317755e+00
-2.110635707528839333e+00
-2.111113320536627036e+00
-2.111589567775094878e+00
-2.112064452880160204e+00
-2.112537979485094919e+00
-2.113010151220513055e+00
-2.113480971714210899e+00
-2.113950444591120359e+00
-2.114418573473195284e+00
-2.114885361979358169e+00
-2.115350813725369594e+00
-2.115814932323788700e+00
-2.116277721383847510e+00
-2.116739184511418514e+00
-2.117199325308875224e+00
-2.117658147375065525e+00
-2.118115654305199325e+00
-2.118571849690778830e+00
-2.119026737119522608e+00
-2.119480320175294974e+00
-2.119932602438020730e+00
-2.120383587483613219e+00
-2.120833278883919704e+00
-2.121281680206611675e+00
-2.121728795015151547e+00
-2.122174626868697622e+00
-2.122619179322051686e+00
-2.123062455925577741e+00
-2.123504460225134061e+00
-2.123945195762028781e+00
-2.124384666072931083e+00
-2.124822874689804131e+00
-2.125259825139859338e+00
-2.125695520945492856e+00
-2.126129965624210527e+00
-2.126563162688571040e+00
-2.126995115646130863e+00
-2.127425827999382957e+00
-2.127855303245699492e+00
-2.128283544877273670e+00
-2.128710556381058883e+00
-2.129136341238723862e+00
-2.129560902926587840e+00
-2.129984244915567260e+00
-2.130406370671135363e+00
-2.130827283653250692e+00
-2.131246987316315789e+00
-2.131665485109139890e+00
-2.132082780474858996e+00
-2.132498876850908776e+00
-2.132913777668976163e+00
-2.133327486354942515e+00
-2.133740006328844974e+00
-2.134151341004821845e+00
-2.134561493791075293e+00
-2.134970468089827822e+00
-2.135378267297269872e+00
-2.135784894803529621e+00
-2.136190353992623692e+00
-2.136594648242408745e+00
-2.136997780924551726e+00
-2.137399755404488566e+00
-2.137800575041384654e+00
-2.138200243188097982e+00
-2.138598763191125407e+00
-2.138996138390591550e+00
-2.139392372120195063e+00
-2.139787467707180646e+00
-2.140181428472291980e+00
-2.140574257729751295e+00
-2.140965958787233614e+00
-2.141356534945801471e+00
-2.141745989499895142e+00
-2.142134325737313993e+00
-2.142521546939152977e+00
-2.142907656379791081e+00
-2.143292657326874018e+00
-2.143676553041248933e+00
-2.144059346776967079e+00
-2.144441041781246060e+00
-2.144821641294452519e+00
-2.145201148550044845e+00
-2.145579566774577174e+00
-2.145956899187668743e+00
-2.146333149001968810e+00
-2.146708319423141109e+00
-2.147082413649830990e+00
-2.147455434873656088e+00
-2.147827386279169470e+00
-2.148198271043845864e+00
-2.148568092338057678e+00
-2.148936853325053686e+00
-2.149304557160932827e+00
-2.149671206994643757e+00
-2.150036805967929343e+00
-2.150401357215367071e+00
-2.150764863864267351e+00
-2.151127329034738356e+00
-2.151488755839617184e+00
-2.151849147384461425e+00
-2.152208506767555374e+00
-2.152566837079866513e+00
-2.152924141405039737e+00
-2.153280422819396023e+00
-2.153635684391888461e+00
-2.153989929184116470e+00
-2.154343160250306255e+00
-2.154695380637277058e+00
-2.155046593384454034e+00
-2.155396801523844719e+00
-2.155746008080032805e+00
-2.156094216070145286e+00
-2.156441428503883539e+00
-2.156787648383465150e+00
-2.157132878703645673e+00
-2.157477122451705753e+00
-2.157820382607421372e+00
-2.158162662143090493e+00
-2.158503964023475330e+00
-2.158844291205850308e+00
-2.159183646639946552e+00
-2.159522033267978980e+00
-2.159859454024607661e+00
-2.160195911836964466e+00
-2.160531409624626420e+00
-2.160865950299607263e+00
-2.161199536766373885e+00
-2.161532171921813905e+00
-2.161863858655248105e+00
-2.162194599848415777e+00
-2.162524398375487600e+00
-2.162853257103050542e+00
-2.163181178890088763e+00
-2.163508166588017811e+00
-2.163834223040648208e+00
-2.164159351084196992e+00
-2.164483553547286832e+00
-2.164806833250949580e+00
-2.165129193008604069e+00
-2.165450635626071652e+00
-2.165771163901582863e+00
-2.166090780625756995e+00
-2.166409488581612308e+00
-2.166727290544570916e+00
-2.167044189282449906e+00
-2.167360187555458673e+00
-2.167675288116216681e+00
-2.167989493709748583e+00
-2.168302807073474892e+00
-2.168615230937222194e+00
-2.168926768023224483e+00
-2.169237421046128933e+00
-2.169547192712996786e+00
-2.169856085723294026e+00
-2.170164102768923353e+00
-2.170471246534185550e+00
-2.170777519695834545e+00
-2.171082924923036561e+00
-2.171387464877389206e+00
-2.171691142212942349e+00
-2.171993959576180799e+00
-2.172295919606035408e+00
-2.172597024933902166e+00
-2.172897278183612890e+00
-2.173196681971488964e+00
-2.173495238906301807e+00
-2.173792951589311073e+00
-2.174089822614252654e+00
-2.174385854567356446e+00
