9.053895286656120896e-17
-1.183560645640300502e+00
-2.311159024157266373e+00
-3.335495598506860837e+00
-4.223890147474239853e+00
-4.960199180143999520e+00
-5.543110722074504615e+00
-5.982317423559912584e+00
-6.294177767089162323e+00
-6.497962146600984035e+00
-6.613146502791857451e+00
-6.657758610308964542e+00
-6.647559856572882175e+00
-6.595795123155957285e+00
-6.513279982211439112e+00
-6.408658406244600592e+00
-6.288723968239151141e+00
-6.158743275193004685e+00
-6.022750590436350748e+00
-5.883801451192031351e+00
-5.744183140526391895e+00
-5.605585355860644547e+00
-5.469236203070934721e+00
-5.336009467854820443e+00
-5.206508391258384272e+00
-5.081130877468016394e+00
-4.960119874483781111e+00
-4.843602363772936847e+00
-4.731619306614381237e+00
-4.624148827724105182e+00
-4.521123981377534129e+00
-4.422446552258193719e+00
-4.327997456355023864e+00
-4.237644549028612317e+00
-4.151247908650876894e+00
-4.068663223048957001e+00
-3.989743405475521421e+00
-3.914339301988236652e+00
-3.842299755934789562e+00
-3.773471867540239444e+00
-3.707701433809317049e+00
-3.644834033393956840e+00
-3.584716329792202671e+00
-3.527197785095480764e+00
-3.472132194226051904e+00
-3.419379241416406590e+00
-3.368805553223343630e+00
-3.320285593123354584e+00
-3.273701978081045905e+00
-3.228945680804746310e+00
-3.185915744721221188e+00
-3.144519026065047740e+00
-3.104669577001447411e+00
-3.066288190988452733e+00
-3.029301684260457428e+00
-2.993642428880120665e+00
-2.959247668979482437e+00
-2.926059134049171728e+00
-2.894022445996755621e+00
-2.863086840548158207e+00
-2.833204672666397084e+00
-2.804331239991877833e+00
-2.776424372244295391e+00
-2.749444337976756803e+00
-2.723353497658916655e+00
-2.698116273686245403e+00
-2.673698848423326169e+00
-2.650069180663040758e+00
-2.627196733960210029e+00
-2.605052527006529228e+00
-2.583608881712846195e+00
-2.562839498745780986e+00
-2.542719218155779171e+00
-2.523224114190893985e+00
-2.504331263682384900e+00
-2.486018856253163101e+00
-2.468265967310820486e+00
-2.451052681093255803e+00
-2.434359866185002996e+00
-2.418169309694032876e+00
-2.402463493881324297e+00
-2.387225740298931864e+00
-2.372439986547811408e+00
-2.358090939540428810e+00
-2.344163851667443232e+00
-2.330644682560579550e+00
-2.317519874116674039e+00
-2.304776520272304285e+00
-2.292402140444014691e+00
-2.280384856916921610e+00
-2.268713166335675435e+00
-2.257376124372127979e+00
-2.246363114955900464e+00
-2.235664041933504098e+00
-2.225269095768294569e+00
-2.215168951940275299e+00
-2.205354534878330774e+00
-2.195817222879976605e+00
-2.186548609066079063e+00
-2.177540712625505748e+00
-2.168785736606114956e+00
-2.160276285311048650e+00
-2.152005118760824676e+00
-2.143965376087088703e+00
-2.136150326518726050e+00
-2.128553598636417021e+00
-2.121168927751400091e+00
-2.113990390899753713e+00
-2.107012150496926584e+00
-2.100228694963483189e+00
-2.093634578552003411e+00
-2.087224667508198905e+00
-2.080993875977290131e+00
-2.074937417616031343e+00
-2.069050537495602526e+00
-2.063328769088938142e+00
-2.057767662096773087e+00
-2.052363044743365172e+00
-2.047110747459802926e+00
-2.042006870428553444e+00
-2.037047503065650300e+00
-2.032228996761094475e+00
-2.027547680107641970e+00
-2.023000136790154446e+00
-2.018582916513924186e+00
-2.014292818001514718e+00
-2.010126595578635378e+00
-2.006081247241372267e+00
-2.002153716862081545e+00
-1.998341187293985799e+00
-1.994640778163429218e+00
-1.991049843982544143e+00
-1.987565667497391164e+00
-1.984185762782789686e+00
-1.980907564118918440e+00
-1.977728734045341330e+00
-1.974646847741112099e+00
-1.971659706017505176e+00
-1.968765015179440692e+00
-1.965960704938520154e+00
-1.963244603735506910e+00
-1.960614761557535779e+00
-1.958069120703185950e+00
-1.955605843489315765e+00
-1.953222978442368696e+00
-1.950918792881801922e+00
-1.948691434522197952e+00
-1.946539268922130583e+00
-1.944460536483309188e+00
-1.942453694754711746e+00
-1.940517070815544365e+00
-1.938649208426256321e+00
-1.936848515783786251e+00
-1.935113617510911155e+00
-1.933442997773321181e+00
-1.931835357100534001e+00
-1.930289250854668293e+00
-1.928803450876831027e+00
-1.927376579298333281e+00
-1.926007475007174508e+00
-1.924694822793400206e+00
-1.923437524630830620e+00
-1.922234324148582196e+00
-1.921084182723992839e+00
-1.919985899272930618e+00
-1.918938491150525838e+00
-1.917940809253157797e+00
-1.916991923723875058e+00
-1.916090734359881420e+00
-1.915236361119964981e+00
-1.914427749831307368e+00
-1.913664067496734011e+00
-1.912944303295063486e+00
-1.912267668686669753e+00
-1.911633193701605116e+00
-1.911040131842273171e+00
-1.910487551654081351e+00
-1.909974746423649172e+00
-1.909500821027857231e+00
-1.909065106426321323e+00
-1.908666741784064591e+00
-1.908305093757870941e+00
-1.907979333887828810e+00
-1.907688862677557884e+00
-1.907432882250080342e+00
-1.907210825221741235e+00
-1.907021922618417520e+00
-1.906865637543201597e+00
-1.906741228348757478e+00
-1.906648187099066138e+00
-1.906585797994361897e+00
-1.906553580626983546e+00
-1.906550843655138605e+00
-1.906577132853687795e+00
-1.906631780033019030e+00
-1.906714355885359646e+00
-1.906824214145279361e+00
-1.906960949232303193e+00
-1.907123935649713387e+00
-1.907312790424509297e+00
-1.907526907740698219e+00
-1.907765926178105698e+00
-1.908029258576826148e+00
-1.908316564075751121e+00
-1.908627273205205199e+00
-1.908961064726391710e+00
-1.909317385948993140e+00
-1.909695934372971360e+00
-1.910096173227921801e+00
-1.910517817918736316e+00
-1.910960346783526109e+00
-1.911423492344828778e+00
-1.911906747282908769e+00
-1.912409860494167724e+00
-1.912932338276836619e+00
-1.913473945198184589e+00
-1.914034200489653559e+00
-1.914612883724634784e+00
-1.915209526420007302e+00
-1.915823922526445511e+00
-1.916455615233247478e+00
-1.917104412273047398e+00
-1.917769867927059835e+00
-1.918451803146342893e+00
-1.919149782754081102e+00
-1.919863640385605308e+00
-1.920592950885021244e+00
-1.921337560065841110e+00
-1.922097052298911146e+00
-1.922871285095888894e+00
-1.923659851885665795e+00
-1.924462621422802444e+00
-1.925279195749324934e+00
-1.926109454430600554e+00
-1.926953007699523379e+00
-1.927809745521913420e+00
-1.928679285920399167e+00
-1.929561528871676757e+00
-1.930456099806834303e+00
-1.931362908343155382e+00
-1.932281586957947717e+00
-1.933212054557043036e+00
-1.934153950319296600e+00
-1.935107202104415336e+00
-1.936071455465034452e+00
-1.937046646896320778e+00
-1.938032428012543384e+00
-1.939028743641311614e+00
-1.940035251161547736e+00
-1.941051903444713123e+00
-1.942078363351446679e+00
-1.943114591522331125e+00
-1.944160256029991096e+00
-1.945215325022422670e+00
-1.946279471527286198e+00
-1.947352670950414311e+00
-1.948434601029443769e+00
-1.949525244190275286e+00
-1.950624282646709950e+00
-1.951731705617742785e+00
-1.952847199570448833e+00
-1.953970760300497433e+00
-1.955102078315168912e+00
-1.956241155780354068e+00
-1.957387687040235358e+00
-1.958541680433650400e+00
-1.959702833947576162e+00
-1.960871161905491045e+00
-1.962046365751476840e+00
-1.963228465613870322e+00
-1.964417166216535060e+00
-1.965612493320599174e+00
-1.966814154760185396e+00
-1.968022181765052281e+00
-1.969236285117169416e+00
-1.970456501357850554e+00
-1.971682544061826414e+00
-1.972914454931682382e+00
-1.974151950186229243e+00
-1.975395076545660045e+00
-1.976643552730771969e+00
-1.977897430341675644e+00
-1.979156430464954930e+00
-1.980420609449029312e+00
-1.981689690615746846e+00
-1.982963734935740963e+00
-1.984242467841155433e+00
-1.985525954804153947e+00
-1.986813923247197300e+00
-1.988106443028297532e+00
-1.989403243445418079e+00
-1.990704398631527594e+00
-1.992009639649865882e+00
-1.993319044802184914e+00
-1.994632346811213486e+00
-1.995949628045558866e+00
-1.997270622786040395e+00
-1.998595417370457872e+00
-1.999923747540275576e+00
-2.001255703508781902e+00
-2.002591022384614838e+00
-2.003929798166645959e+00
-2.005271769240790647e+00
-2.006617033305230002e+00
-2.007965329936931997e+00
-2.009316760450543526e+00
-2.010671065531159041e+00
-2.012028350030400148e+00
-2.013388355661712481e+00
-2.014751190737329001e+00
-2.016116597922439801e+00
-2.017484688916656221e+00
-2.018855207263070106e+00
-2.020228267978107173e+00
-2.021603615412041144e+00
-2.022981367830361865e+00
-2.024361270322260875e+00
-2.025743444337246402e+00
-2.027127635637604008e+00
-2.028513968794481759e+00
-2.029902190180021382e+00
-2.031292427426680369e+00
-2.032684427455754950e+00
-2.034078320903137449e+00
-2.035473855180510494e+00
-2.036871163871620372e+00
-2.038269994822086151e+00
-2.039670484509947368e+00
-2.041072381160253357e+00
-2.042475824093780812e+00
-2.043880561862624123e+00
-2.045286736580757658e+00
-2.046694097076607655e+00
-2.048102788209601677e+00
-2.049512559035718162e+00
-2.050923557113968787e+00
-2.052335531680709479e+00
-2.053748632950293640e+00
-2.055162610294174907e+00
-2.056577616539243536e+00
-2.057993401148162871e+00
-2.059410119519551330e+00
-2.060827521164928289e+00
-2.062245764014943195e+00
-2.063664597589121907e+00
-2.065084182312142413e+00
-2.066504267672056194e+00
-2.067925016550826278e+00
-2.069346178366883393e+00
-2.070767918424129661e+00
-2.072189986034595144e+00
-2.073612548889868012e+00
-2.075035356159972810e+00
-2.076458577891487689e+00
-2.077881963077950811e+00
-2.079305684089109540e+00
-2.080729489708771585e+00
-2.082153554599366796e+00
-2.083577627302744872e+00
-2.085001884744479117e+00
-2.086426075193393626e+00
-2.087850377809712832e+00
-2.089274540559159288e+00
-2.090698744809188270e+00
-2.092122738193235243e+00
-2.093546704259453328e+00
-2.094970390280824990e+00
-2.096393981960734898e+00
-2.097817226184265582e+00
-2.099240310785433383e+00
-2.100662982234985598e+00
-2.102085430473768390e+00
-2.103507401532580090e+00
-2.104929087436066215e+00
-2.106350233750314160e+00
-2.107771034561583878e+00
-2.109191234947166649e+00
-2.110611031033599261e+00
-2.112030167386005353e+00
-2.113448842150532414e+00
-2.114866799357565608e+00
-2.116284239152901758e+00
-2.117700905010209134e+00
-2.119116999055747019e+00
-2.120532264185201132e+00
-2.121946904486601504e+00
-2.123360662257091303e+00
-2.124773743528546088e+00
-2.126185889979454124e+00
-2.127597309568225903e+00
-2.129007743335279201e+00
-2.130417401148815948e+00
-2.131826023392269231e+00
-2.133233821827445365e+00
-2.134640536162547342e+00
-2.136046380037293080e+00
-2.137451092466857272e+00
-2.138854888953821920e+00
-2.140257507803011716e+00
-2.141659166365271982e+00
-2.143059602218302828e+00
-2.144459034547154364e+00
-2.145857200185981917e+00
-2.147254320140504547e+00
-2.148650130485505017e+00
-2.150044854034140585e+00
-2.151438226086413774e+00
-2.152830471250164912e+00
-2.154221324035671348e+00
-2.155611010833240027e+00
-2.156999265348716222e+00
-2.158386315743071826e+00
-2.159771894903486533e+00
-2.161156232750131245e+00
-2.162539061337715118e+00
-2.163920612334611970e+00
-2.165300616949559220e+00
-2.166679308588328468e+00
-2.168056417600699337e+00
-2.169432179119555659e+00
-2.170806322622790052e+00
-2.172179084960562445e+00
-2.173550194726465712e+00
-2.174919890478208107e+00
-2.176287899913008417e+00
-2.177654463286785358e+00
-2.179019307388605053e+00
-2.180382674163644285e+00
-2.181744289481299948e+00
-2.183104396967260996e+00
-2.184462721559991660e+00
-2.185819508557503621e+00
-2.187174481956295047e+00
-2.188527888718474035e+00
-2.189879451888023354e+00
-2.191229420083387947e+00
-2.192577515385511600e+00
-2.193923988061639019e+00
-2.195268559219530680e+00
-2.196611480767977298e+00
-2.197952472831596449e+00
-2.199291788953726456e+00
-2.200629148266071589e+00
-2.201964805939783609e+00
-2.203298480104252999e+00
-2.204630427551816485e+00
-2.205960365400308820e+00
-2.207288552056980713e+00
-2.208614703619020236e+00
-2.209939080102563125e+00
-2.211261396575313842e+00
-2.212581914656345017e+00
-2.213900348375246629e+00
-2.215216960948435787e+00
-2.216531465358976050e+00
-2.217844126415132955e+00
-2.219154656045072560e+00
-2.220463320643742300e+00
-2.221769831076357171e+00
-2.223074455319448361e+00
-2.224376903167370578e+00
-2.225677444173367547e+00
-2.226975787053128375e+00
-2.228272202931993018e+00
-2.229566399439361746e+00
-2.230858649268158800e+00
-2.232148658954112630e+00
-2.233436702753295311e+00
-2.234722486100494176e+00
-2.236006284810809763e+00
-2.237287803210907811e+00
-2.238567318670913853e+00
-2.239844534402412268e+00
-2.241119729326664700e+00
-2.242392605533224614e+00
-2.243663443490931719e+00
-2.244931944160504234e+00
-2.246198389554753039e+00
-2.247462479499089838e+00
-2.248724497546811474e+00
-2.249984142381521668e+00
-2.251241699093734283e+00
-2.252496865218906130e+00
-2.253749927381615947e+00
-2.255000581962954609e+00
-2.256249117118602321e+00
-2.257495228069033910e+00
-2.258739204498219522e+00
-2.259980740460020066e+00
-2.261220127163897864e+00
-2.262457057491222390e+00
-2.263691824174324907e+00
-2.264924118916223694e+00
-2.266154235969604525e+00
-2.267381865853470124e+00
-2.268607304338441377e+00
-2.269830240753815787e+00
-2.271050972385950217e+00
-2.272269187368959553e+00
-2.273485184502662904e+00
-2.274698650720493376e+00
-2.275909886333810750e+00
-2.277118577069973782e+00
-2.278325024749833894e+00
-2.279528913889491193e+00
-2.280730547817446219e+00
-2.281929609833246886e+00
-2.283126404771333551e+00
-2.284320614709660191e+00
-2.285512545986830624e+00
-2.286701879454168918e+00
-2.287888922952972415e+00
-2.289073356102906409e+00
-2.290255488246443871e+00
-2.291434997766752080e+00
-2.292612195506096295e+00
-2.293786758606295884e+00
-2.294958999408056144e+00
-2.296128593807165164e+00
-2.297295855641562579e+00
-2.298460459556206370e+00
-2.299622720885227789e+00
-2.300782313018117975e+00
-2.301939552784030507e+00
-2.303094112312493724e+00
-2.304246309926853087e+00
-2.305395816491969452e+00
-2.306542951824400944e+00
-2.307687385520102108e+00
-2.308829438887970653e+00
-2.309968780250546860e+00
-2.311105732408353042e+00
-2.312239962406203997e+00
-2.313371794535615589e+00
-2.314500894559240241e+00
-2.315627588259002945e+00
-2.316751540111249508e+00
-2.317873077387699432e+00
-2.318991863274176168e+00
-2.320108226531745199e+00
-2.321221829051514973e+00
-2.322333001083535464e+00
-2.323441403220059431e+00
-2.324547367199730541e+00
-2.325650552311964159e+00
-2.326751291783708542e+00
-2.327849243597405859e+00
-2.328944742468149975e+00
-2.330037445067481894e+00
-2.331127687598408382e+00
-2.332215125417607560e+00
-2.333300096215894293e+00
-2.334382254031226900e+00
-2.335461938042197261e+00
-2.336538800964049312e+00
-2.337613183463223443e+00
-2.338684736928440699e+00
-2.339753803514071695e+00
-2.340820033278407486e+00
-2.341883769863890574e+00
-2.342944661994646349e+00
-2.344003054801363728e+00
-2.345058595670276524e+00
-2.346111631220455074e+00
-2.347161807496582320e+00
-2.348209472606389792e+00
-2.349254271249324955e+00
-2.350296553022079848e+00
-2.351335961275146325e+00
-2.352372847094696517e+00
-2.353406852478563405e+00
-2.354438330002762481e+00
-2.355466920308924017e+00
-2.356492977463361171e+00
-2.357516140747889732e+00
-2.358536765719709827e+00
-2.359554490297221641e+00
-2.360569671529022528e+00
-2.361581945966601204e+00
-2.362591672150587740e+00
-2.363598485261995119e+00
-2.364602745334142941e+00
-2.365604086174094345e+00
-2.366602869308529922e+00
-2.367598727167101291e+00
-2.368592022770581007e+00
-2.369582387167750159e+00
-2.370570184874258413e+00
-2.371555045554539554e+00
-2.372537335219996990e+00
-2.373516682147267520e+00
-2.374493453844330304e+00
-2.375467277196673610e+00
-2.376438521209737420e+00
-2.377406811374449980e+00
-2.378372518194687757e+00
-2.379335265763404372e+00
-2.380295426083897770e+00
-2.381252621847835815e+00
-2.382207226558867852e+00
-2.383158861504044879e+00
-2.384107901688485853e+00
-2.385053966991239172e+00
-2.385997433919993416e+00
-2.386937920942482361e+00
-2.387875806070073548e+00
-2.388810706355851465e+00
-2.389743001316077642e+00
-2.390672306585850837e+00
-2.391599003187499406e+00
-2.392522705334922950e+00
-2.393443795557699261e+00
-2.394361886645186566e+00
-2.395277362635560348e+00
-2.396189834890424475e+00
-2.397099688957731178e+00
-2.398006534768055253e+00
-2.398910759380560087e+00
-2.399811971291466950e+00
-2.400710559072502637e+00
-2.401606129782404064e+00
-2.402499073506742633e+00
-2.403388995863509514e+00
-2.404276288453608856e+00
-2.405160555451028692e+00
-2.406042189973546908e+00
-2.406920794747857695e+00
-2.407796764410019996e+00
-2.408669700236300670e+00
-2.409539998382578485e+00
-2.410407258671463548e+00
-2.411271878780181233e+00
-2.412133457074429277e+00
-2.412992392754464088e+00
-2.413848282725825634e+00
-2.414701527713341456e+00
-2.415551723159243380e+00
-2.416399271314588759e+00
-2.417243766155070084e+00
-2.418085611459644735e+00
-2.418924399734333708e+00
-2.419760536287571817e+00
-2.420593612152541318e+00
-2.421424034169027184e+00
-2.422251391893973871e+00
-2.423076093700287093e+00
-2.423897727665639934e+00
-2.424716703697781472e+00
-2.425532608391880451e+00
-2.426345853192257707e+00
-2.427156023208482782e+00
-2.427963531423335652e+00
-2.428767961457514613e+00
-2.429569727834107518e+00
-2.430368412681785273e+00
-2.431164432065862080e+00
-2.431957366619733829e+00
-2.432747633952861754e+00
-2.433534813200179059e+00
-2.434319323517243561e+00
-2.435100742537377627e+00
-2.435879490964145244e+00
-2.436655144926002325e+00
-2.437428126676626228e+00
-2.438198010836400531e+00
-2.438965221211020218e+00
-2.439729330909701233e+00
-2.440490765292240294e+00
-2.441249095953360815e+00
-2.442004749809024933e+00
-2.442757296936377998e+00
-2.443507165809581938e+00
-2.444253924984912008e+00
-2.444998004497002775e+00
-2.445738971378000670e+00
-2.446477257225058377e+00
-2.447212427543033364e+00
-2.447944915493782236e+00
-2.448674285051663180e+00
-2.449400970945414535e+00
-2.450124535615643140e+00
-2.450845415360199286e+00
-2.451563171082732140e+00
-2.452278240652386643e+00
-2.452990183432679938e+00
-2.453699438866316473e+00
-2.454405564773345372e+00
-2.455109002172404686e+00
-2.455809307336880742e+00
-2.456506922863550990e+00
-2.457201403475823387e+00
-2.457893193351104344e+00
-2.458581845659576270e+00
-2.459267806161500758e+00
-2.459950626470569279e+00
-2.460630753932363302e+00
-2.461307738600854833e+00
-2.461982029409252704e+00
-2.462653174848495663e+00
-2.463321625441945439e+00
-2.463986928114209274e+00
-2.464649534981181223e+00
-2.465308991397852090e+00
-2.465965751075185786e+00
-2.466619357795265532e+00
-2.467270266866485873e+00
-2.467918020494806353e+00
-2.468563075588645628e+00
-2.469204972774383666e+00
-2.469844170563030072e+00
-2.470480207998086986e+00
-2.471113545195755101e+00
-2.471743719613290757e+00
-2.472371192974568199e+00
-2.472995501147398745e+00
-2.473617107465959641e+00
-2.474235546205070246e+00
-2.474851282311915757e+00
-2.475463848465127903e+00
-2.476073711227409824e+00
-2.476680401677774590e+00
-2.477284387997201520e+00
-2.477885199661649995e+00
-2.478483306473173720e+00
-2.479078236301198057e+00
-2.479670460571535617e+00
-2.480259505543761289e+00
-2.480845844270128442e+00
-2.481429001397006395e+00
-2.482009451605766248e+00
-2.482586717926170472e+00
-2.483161276671553619e+00
-2.483732649251562563e+00
-2.484301313614344586e+00
-2.484866789545928878e+00
-2.485429556632142933e+00
-2.485989133031940135e+00
-2.486545999971690346e+00
-2.487099673979794368e+00
-2.487650637925917785e+00
-2.488198406704585253e+00
-2.488743464831602026e+00
-2.489285325564074114e+00
-2.489824475066955589e+00
-2.490360424956294505e+00
-2.490893663049186024e+00
-2.491423699317148799e+00
-2.491951023232353180e+00
-2.492475143118210390e+00
-2.492996550104982223e+00
-2.493514750864433971e+00
-2.494030238187880499e+00
-2.494542517091903999e+00
-2.495052082031897989e+00
-2.495558436365671540e+00
-2.496062076215745051e+00
-2.496562503277622191e+00
-2.497060215343953171e+00
-2.497554712444348013e+00
-2.498046494044657173e+00
-2.498535058504991913e+00
-2.499020906967592826e+00
-2.499503536119327407e+00
-2.499983448781983864e+00
-2.500460139965596795e+00
-2.500934114174596878e+00
-2.501404864738559830e+00
-2.501872897847778443e+00
-2.502337705147577029e+00
-2.502799794517371890e+00
-2.503258655914578412e+00
-2.503714798910894324e+00
-2.504167711772206317e+00
-2.504617905765670116e+00
-2.505064867461908484e+00
-2.505509109826833836e+00
-2.505950117732049343e+00
-2.506388405845569434e+00
-2.506823457336181615e+00
-2.507255788577261946e+00
-2.507684881031058133e+00
-2.508111252779682498e+00
-2.508534383575024673e+00
-2.508954793211269241e+00
-2.509371959726134360e+00
-2.509786404629256396e+00
-2.510197604240424596e+00
-2.510606081788104849e+00
-2.511011311870296581e+00
-2.511413819437680939e+00
-2.511813077362624824e+00
-2.512209612321549823e+00
-2.512602895457286767e+00
-2.512993455175422497e+00
-2.513380760885403742e+00
-2.513765342725442942e+00
-2.514146668367714277e+00
-2.514525269686576969e+00
-2.514900612612926079e+00
-2.515273230760915801e+00
-2.515642588316243877e+00
-2.516009220636274080e+00
-2.516372590157629041e+00
-2.516733233984471241e+00
-2.517090612800337635e+00
-2.517445265459831383e+00
-2.517796650889384313e+00
-2.518145309697651602e+00
-2.518490699049984016e+00
-2.518833361312697416e+00
-2.519172751886008310e+00
-2.519509414897636468e+00
-2.519842803978611379e+00
-2.520173465021666281e+00
-2.520500849884629968e+00
-2.520825506228972834e+00
-2.521146884135158750e+00
-2.521465533037220652e+00
-2.521780901234187855e+00
-2.522093539936315132e+00
-2.522402895657039235e+00
-2.522709521386704346e+00
-2.523012861849023736e+00
-2.523313471818201759e+00
-2.523610794224014242e+00
-2.523905385628412379e+00
-2.524196687163130282e+00
-2.524485257181560804e+00
-2.524770535013168615e+00
-2.525053080806860972e+00
-2.525332332085497011e+00
-2.525608850797310456e+00
-2.525882072654453303e+00
-2.526152561408381292e+00
-2.526419750956196086e+00
-2.526684206856550041e+00
-2.526945361187241446e+00
-2.527203781318065001e+00
-2.527458897503164437e+00
-2.527711278927572192e+00
-2.527960354017427136e+00
-2.528206693776881231e+00
-2.528449724799815890e+00
-2.528690019913601095e+00
-2.528927003875386603e+00
-2.529161251339873573e+00
-2.529392185223077849e+00
-2.529620382011089852e+00
-2.529845262774431891e+00
-2.530067405834716343e+00
-2.530286230412421400e+00
-2.530502316668817198e+00
-2.530715081969989289e+00
-2.530925108321015138e+00
-2.531131811229010875e+00
-2.531335774547146755e+00
-2.531536411918993146e+00
-2.531734309050012399e+00
-2.531928877715774906e+00
-2.532120705478217104e+00
-2.532309202240341062e+00
-2.532494957424837434e+00
-2.532677379057602707e+00
-2.532857058426334351e+00
-2.533033401675169216e+00
-2.533207001961204519e+00
-2.533377263542170521e+00
-2.533544781448886951e+00
-2.533708958048032311e+00
-2.533870390248455617e+00
-2.534028478521189509e+00
-2.534183821657540303e+00
-2.534335818228070636e+00
-2.534485068910988126e+00
-2.534630970371716252e+00
-2.534774125179831472e+00
-2.534913928090752666e+00
-2.535050983569923755e+00
-2.535184684458087201e+00
-2.535315637120989063e+00
-2.535443232479827724e+00
-2.535568078805188197e+00
-2.535689565093949938e+00
-2.535808301526130126e+00
-2.535923675169367453e+00
-2.536036298117623655e+00
-2.536145555504458748e+00
-2.536252061342453512e+00
-2.536355198826163893e+00
-2.536455583891367827e+00
-2.536552597788690910e+00
-2.536646858381778724e+00
-2.536737744972308306e+00
-2.536825877356534420e+00
-2.536910632882258376e+00
-2.536992633282991960e+00
-2.537071253947594140e+00
-2.537147118551616121e+00
-2.537219600519935003e+00
-2.537289325474938018e+00
-2.537355664872379624e+00
-2.537419246286289454e+00
-2.537479439198305098e+00
-2.537536873138821480e+00
-2.537590915610190567e+00
-2.537642198104107738e+00
-2.537690086138476353e+00
-2.537735213171163462e+00
-2.537776942730396890e+00
-2.537815910245135864e+00
-2.537851477248766141e+00
-2.537884281146223664e+00
-2.537913681470846505e+00
-2.537940317608538887e+00
-2.537963547087207949e+00
-2.537984011278747953e+00
-2.538001065700427716e+00
-2.538015353715142197e+00
-2.538026228824059150e+00
-2.538034336386214118e+00
-2.538039027881377585e+00
-2.538040950669676832e+00
-2.538039454204145784e+00
-2.538035187851157115e+00
-2.538027499031532130e+00
-2.538017039123067420e+00
-2.538003153508842757e+00
-2.537986495583319346e+00
-2.537966408686362474e+00
-2.537943548234202762e+00
-2.537917255518105542e+00
-2.537888187981203636e+00
-2.537855684860576666e+00
-2.537820405631690424e+00
-2.537781687471726499e+00
-2.537740191893779862e+00
-2.537695254009543877e+00
-2.537647537375067763e+00
-2.537596375030957585e+00
-2.537542432581457064e+00
-2.537485040990465457e+00
-2.537424867915849980e+00
-2.537361242239045467e+00
-2.537294833676966288e+00
-2.537224969022803922e+00
-2.537152320058033705e+00
-2.537076211481783528e+00
-2.536997317145534225e+00
-2.536914959648624901e+00
-2.536829814918041492e+00
-2.536741203447392845e+00
-2.536649803244771739e+00
-2.536554932692215214e+00
-2.536457271884456244e+00
-2.536356137086028362e+00
-2.536252210483933567e+00
-2.536144806219271519e+00
-2.536034608576906102e+00
-2.535920929568560300e+00
-2.535804455582610473e+00
-2.535684496495372642e+00
-2.535561740804469277e+00
-2.535435496244740960e+00
-2.535306453428799234e+00
-2.535173917943850164e+00
-2.535038582523360784e+00
-2.534899750600781321e+00
-2.534758117036133296e+00
-2.534612983103020856e+00
-2.534465045793881099e+00
-2.534313604216134497e+00
-2.534159357500672005e+00
-2.534001602582474533e+00
-2.533841040736608097e+00
-2.533676966719521140e+00
-2.533510083956387327e+00
-2.533339685018704657e+00
-2.533166475487806490e+00
-2.532989745743838839e+00
-2.532810203530326820e+00
-2.532627137029701547e+00
-2.532441256153711517e+00
-2.532251846880573698e+00
-2.532059621296337326e+00
-2.531863863168703599e+00
-2.531665286764011480e+00
-2.531463173632817476e+00
-2.531258240228112744e+00
-2.531049765876704161e+00
-2.530838469224284459e+00
-2.530623627367455164e+00
-2.530405961150852256e+00
-2.530184745434098659e+00
-2.529960703267140509e+00
-2.529733107265977665e+00
-2.529502682692037041e+00
-2.529268699911021212e+00
-2.529031886402250073e+00
-2.528791510274339238e+00
-2.528548301230779671e+00
-2.528301525116345871e+00
-2.528051913865128952e+00
-2.527798731051216219e+00
-2.527542710845776419e+00
-2.527283114545243681e+00
-2.527020678564334322e+00
-2.526754661914985878e+00
-2.526485803261961038e+00
-2.526213359325623742e+00
-2.525938071027447052e+00
-2.525659192789188268e+00
-2.525377467795530073e+00
-2.525092148162662919e+00
-2.524803979345095595e+00
-2.524512211146317409e+00
-2.524217591297312602e+00
-2.523919367281695969e+00
-2.523618289113722213e+00
-2.523313601949908946e+00
-2.523006058094425352e+00
-2.522694900369494064e+00
-2.522380883376059035e+00
-2.522063247594708901e+00
-2.521742749929941407e+00
-2.521418628513391269e+00
-2.521091642559994295e+00
-2.520761027844991897e+00
-2.520427545900712385e+00
-2.520090430138585358e+00
-2.519750444415171042e+00
-2.519406819770608319e+00
-2.519060322392813855e+00
-2.518710180943030785e+00
-2.518357163947449795e+00
-2.518000497680883409e+00
-2.517640953014853356e+00
-2.517277753830213349e+00
-2.516911673350826995e+00
-2.516541933055843394e+00
-2.516169308528716897e+00
-2.515793018839091122e+00
-2.515413841937170769e+00
-2.515030994475305537e+00
-2.514645256777781057e+00
-2.514255843071722119e+00
-2.513863536062660220e+00
-2.513467547544767644e+00
-2.513068662612080839e+00
-2.512666090617830417e+00
-2.512260619051884358e+00
-2.511851454818513130e+00
-2.511439387810911139e+00
-2.511023622476239670e+00
-2.510604951118442507e+00
-2.510182575719533737e+00
-2.509757291001630364e+00
-2.509328296473334330e+00
-2.508896389282496475e+00
-2.508460766456234836e+00
-2.508022227575548602e+00
-2.507579967177686608e+00
-2.507134787284567068e+00
-2.506685879935215411e+00
-2.506234049599990410e+00
-2.505778485811338996e+00
-2.505319995495776109e+00
-2.504857765670659209e+00
-2.504392605726394105e+00
-2.503923700156757359e+00
-2.503451860823829200e+00
-2.502976269689169975e+00
-2.502497741094350747e+00
-2.502015454460038590e+00
-2.501530226615181984e+00
-2.501041234430920746e+00
-2.500549297231325685e+00
-2.500053589329333192e+00
-2.499554932552106479e+00
-2.499052498645479847e+00
-2.498547111947732713e+00
-2.498037941628618697e+00
-2.497525814545644263e+00
-2.497009897283520630e+00
-2.496491019226984243e+00
-2.495968344366730207e+00
-2.495442704622833574e+00
-2.494913261382865954e+00
-2.494380849110401588e+00
-2.493844626580751900e+00
-2.493305430809178880e+00
-2.492762417949453635e+00
-2.492216427576828153e+00
-2.491666613214258419e+00
-2.491113817005220721e+00
-2.490557189832506069e+00
-2.489997576416178582e+00
-2.489434124989408748e+00
-2.488867682857251573e+00
-2.488297395593701555e+00
-2.487724113097275591e+00
-2.487146978273204301e+00
-2.486566843621887735e+00
-2.485982849370272252e+00
-2.485395850629080527e+00
-2.484804984937205585e+00
-2.484211110024294289e+00
-2.483613360731409703e+00
-2.483012597415778622e+00
-2.482407952210639923e+00
-2.481800288109516028e+00
-2.481188734527980166e+00
-2.480574157104473265e+00
-2.479955682526769678e+00
-2.479334179087076873e+00
-2.478708770735396971e+00
-2.478080328426333967e+00
-2.477447973361972533e+00
-2.476812579168256256e+00
-2.476173264288954456e+00
-2.475530905030344453e+00
-2.474884617067573345e+00
-2.474235279396109988e+00
-2.473582004912116883e+00
-2.472925675309274318e+00
-2.472265400694245052e+00
-2.471602065467906062e+00
-2.470934776936920763e+00
-2.470264422218506617e+00
-2.469590105808574521e+00
-2.468912717549856417e+00
-2.468231359116826784e+00
-2.467546923086871846e+00
-2.466858508302216091e+00
-2.466167010084179267e+00
-2.465471524431873895e+00
-2.464772949419792969e+00
-2.464070378192896982e+00
-2.463364711588369449e+00
-2.462655039885867758e+00
-2.461942266694627346e+00
-2.461225479417912254e+00
-2.460505584446472493e+00
-2.459781666296002367e+00
-2.459054634148151397e+00
-2.458323569619769167e+00
-2.457589384693088963e+00
-2.456851158074611519e+00
-2.456109804556771081e+00
-2.455364399924260699e+00
-2.454615861789470443e+00
-2.453863263003659867e+00
-2.453107524008880436e+00
-2.452347714711323512e+00
-2.451584758392526542e+00
-2.450817722001907839e+00
-2.450047531670333179e+00
-2.449273251378588867e+00
-2.448495810116810389e+00
-2.447714268885214928e+00
-2.446929559543300936e+00
-2.446140740098601718e+00
-2.445348745290041315e+00
-2.444552630120517378e+00
-2.443753332218356888e+00
-2.442949903569653802e+00
-2.442143284702483985e+00
-2.441332524573749385e+00
-2.440518566621501240e+00
-2.439700456761164205e+00
-2.438879141351179669e+00
-2.438053663252957470e+00
-2.437224971755668435e+00
-2.436392106654306389e+00
-2.435556020179283632e+00
-2.434715749046534761e+00
-2.433872248438238461e+00
-2.433024551978541616e+00
-2.432173617812074973e+00
-2.431318476458453226e+00
-2.430460089035502147e+00
-2.429597482945338172e+00
-2.428731622289805880e+00
-2.427861531340645307e+00
-2.426988177194569385e+00
-2.426110580979920162e+00
-2.425229712799245707e+00
-2.424344590624368134e+00
-2.423456187574719145e+00
-2.422563518452431008e+00
-2.421667559405014103e+00
-2.420767322051547765e+00
-2.419863785578913795e+00
-2.418955958409747975e+00
-2.418044822781728609e+00
-2.417129383907599571e+00
-2.416210627087134188e+00
-2.415287554309803131e+00
-2.414361153949044159e+00
-2.413430424757379456e+00
-2.412496358193554791e+00
-2.411557949759541852e+00
-2.410616194011129920e+00
-2.409670083185917466e+00
-2.408720614948717476e+00
-2.407766778258880080e+00
-2.406809573902178201e+00
-2.405847987545902456e+00
-2.404883023108874252e+00
-2.403913662952305241e+00
-2.402940914140268003e+00
-2.401963755713880211e+00
-2.400983197894827725e+00
-2.399998216390081929e+00
-2.399009824591308071e+00
-2.398016994857126161e+00
-2.397020743761880013e+00
-2.396020040301550580e+00
-2.395015904245896277e+00
-2.394007301213935790e+00
-2.392995254183628795e+00
-2.391978725382800874e+00
-2.390958741010591027e+00
-2.389934259889099799e+00
-2.388906311451834075e+00
-2.387873851100688949e+00
-2.386837911516845434e+00
-2.385797444667462575e+00
-2.384753486494730179e+00
-2.383704985516506891e+00
-2.382652980949676813e+00
-2.381596417848015790e+00
-2.380536338716829015e+00
-2.379471685131218983e+00
-2.378403502898787103e+00
-2.377330730101113954e+00
-2.376254415862182334e+00
-2.375173494755334680e+00
-2.374089019235110953e+00
-2.372999920351675396e+00
-2.371907253904597557e+00
-2.370809947406014917e+00
-2.369709060015050550e+00
-2.368603515690838712e+00
-2.367494376966865044e+00
-2.366380564234224160e+00
-2.365263143415716751e+00
-2.364141031319383579e+00
-2.363015297272434978e+00
-2.361884854484802787e+00
-2.360750775703462701e+00
-2.359611970525088420e+00
-2.358469515131860650e+00
-2.357322315492155429e+00
-2.356171451239031711e+00
-2.355015824697326288e+00
-2.353856518967018641e+00
-2.352692432714121207e+00
-2.351524652521574943e+00
-2.350352073381376083e+00
-2.349175785375799741e+00
-2.347994679807543505e+00
-2.346809850274646170e+00
-2.345620184375261541e+00
-2.344426779240043057e+00
-2.343228518747065614e+00
-2.342026503576686292e+00
-2.340819613871618188e+00
-2.339608953878986153e+00
-2.338393399990780885e+00
-2.337174060038291756e+00
-2.335949806647429572e+00
-2.334721751251362942e+00
-2.333488762694351681e+00
-2.332251956029343098e+00
-2.331010196303505477e+00
-2.329764602207723190e+00
-2.328514034976595148e+00
-2.327259616957304100e+00
-2.326000205556283174e+00
-2.324736926795685665e+00
-2.323468634238259778e+00
-2.322196457599912112e+00
-2.320919246584236983e+00
-2.319638134619991909e+00
-2.318351967535937419e+00
-2.317061882493126834e+00
-2.315766721429895370e+00
-2.314467625259145400e+00
-2.313163432013183307e+00
-2.311855286376653940e+00
-2.310542022460169154e+00
-2.309224788740235734e+00
-2.307902415390061801e+00
-2.306576054698480593e+00
-2.305244532885544650e+00
-2.303909006073125543e+00
-2.302568296512365276e+00
-2.301223564179053938e+00
-2.299873627339724891e+00
-2.298519649845257362e+00
-2.297160445961790920e+00
-2.295797183436797617e+00
-2.294428672520122170e+00
-2.293056084877675538e+00
-2.291678226727143386e+00
-2.290296273674768734e+00
-2.288909027890316583e+00
-2.287517668942660620e+00
-2.286120994937649087e+00
-2.284720189429410020e+00
-2.283314046443914780e+00
-2.281903753543339075e+00
-2.280488100657817263e+00
-2.279068279380752404e+00
-2.277643075530296546e+00
-2.276213684754517352e+00
-2.274778888743634653e+00
-2.273339887223905897e+00
-2.271895457741421431e+00
-2.270446804124806928e+00
-2.268992699759741605e+00
-2.267534352601377812e+00
-2.266070531858839221e+00
-2.264602449638353665e+00
-2.263128870956139682e+00
-2.261651012094287427e+00
-2.260167633859737624e+00
-2.258679956735607064e+00
-2.257186737303119806e+00
-2.255689200271709272e+00
-2.254186097980447112e+00
-2.252678659390715765e+00
-2.251165632582825538e+00
-2.249648250796052906e+00
-2.248125257835287716e+00
-2.246597891243966139e+00
-2.245064890534754554e+00
-2.243527497581714769e+00
-2.241984447588510676e+00
-2.240436986786541684e+00
-2.238883846053538296e+00
-2.237326276005294989e+00
-2.235763003176592711e+00
-2.234195282594949816e+00
-2.232621836434998119e+00
-2.231043924163516046e+00
-2.229460263577801360e+00
-2.227872118611835539e+00
-2.226278202668097617e+00
-2.224679784175862984e+00
-2.223075572125425836e+00
-2.221466839469620425e+00
-2.219852290768928871e+00
-2.218233203528548358e+00
-2.216608277861227272e+00
-2.214978795853406179e+00
-2.213343453152388118e+00
-2.211703536454941332e+00
-2.210057736924766925e+00
-2.208407345898466989e+00
-2.206751050037940143e+00
-2.205090145349299480e+00
-2.203423313974243403e+00
-2.201751856618328063e+00
-2.200074450884497157e+00
-2.198392402207974161e+00
-2.196704383634199065e+00
-2.195011705358433485e+00
-2.193313035849748349e+00
-2.191609690094165508e+00
-2.189900331965160873e+00
-2.188186281270515288e+00
-2.186466197268807310e+00
-2.184741404620659022e+00
-2.183010557950252561e+00
-2.181274986802435034e+00
-2.179533341147217751e+00
-2.177786955445392358e+00
-2.176034474992776691e+00
-2.174277239197905498e+00
-2.172513888662245041e+00
-2.170745767774150625e+00
-2.168971512420205805e+00
-2.167192472001053360e+00
-2.165407277667577013e+00
-2.163617283865137075e+00
-2.161821116988106084e+00
-2.160020136559307691e+00
-2.158212964195263872e+00
-2.156400964529238351e+00
-2.154582754378409071e+00
-2.152759703519708800e+00
-2.150930423949054315e+00
-2.149096290620518435e+00
-2.147255910686616254e+00
-2.145410664312072502e+00
-2.143559153783715754e+00
-2.141702764510760471e+00
-2.139840093891438588e+00
-2.137972532613558574e+00
-2.136098673163720374e+00
-2.134219911542524439e+00
-2.132334835301551212e+00
-2.130444845788534547e+00
-2.128548525596330787e+00
-2.126647281454542959e+00
-2.124739690973050266e+00
-2.122827166298155266e+00
-2.120908280032424376e+00
-2.118984449773768208e+00
-2.117054243092593602e+00
-2.115119083073631945e+00
-2.113177532229986610e+00
-2.111231019168616108e+00
-2.109278101319625343e+00
-2.107320212847794583e+00
-2.105355906074288797e+00
-2.103386620757516479e+00
-2.101410904083207853e+00
-2.099430201439348220e+00
-2.097443054849538857e+00
-2.095450915367448097e+00
-2.093452319827233232e+00
-2.091448724984590335e+00
-2.089438662456650331e+00
-2.087423594737576771e+00
-2.085402048199402447e+00
-2.083375491111434386e+00
-2.081342444572066963e+00
-2.079304382662626072e+00
-2.077259821178837562e+00
-2.075210240051157395e+00
-2.073154149743140717e+00
-2.071093036071548710e+00
-2.069025404137961655e+00
-2.066952745682825388e+00
-2.064873560415222187e+00
-2.062789346036995486e+00
-2.060698596833825391e+00
-2.058602816506653443e+00
-2.056500493886501246e+00
-2.054393138711288369e+00
-2.052279234325416368e+00
-2.050160296542082872e+00
-2.048034803186612685e+00
-2.045904276185746440e+00
-2.043767187812921104e+00
-2.041625066146880219e+00
-2.039476377875763635e+00
-2.037322657269095671e+00
-2.035162365395602357e+00
-2.032997042754550066e+00
-2.030825144760856293e+00
-2.028648218182530716e+00
-2.026464712745627672e+00
-2.024276181526261542e+00
-2.022081068525998671e+00
-2.019880933168557213e+00
-2.017674213694826690e+00
-2.015462475915867469e+00
-2.013244152275230459e+00
-2.011020815011202334e+00
-2.008790890732601309e+00
-2.006555958145152641e+00
-2.004314437985149855e+00
-2.002067915466049008e+00
-1.999814805413095753e+00
-1.997556699588068918e+00
-1.995292006866184575e+00
-1.993022325598361233e+00
-1.990746058670061602e+00
-1.988464811062425230e+00
-1.986176979630939421e+00
-1.983884176028225310e+00
-1.981584791038859095e+00
-1.979280443028546221e+00
-1.976969516669510929e+00
-1.974653637082248947e+00
-1.972331182784573755e+00
-1.970003785693853926e+00
-1.967669818130696191e+00
-1.965330918851607933e+00
-1.962985453936691771e+00
-1.960635069024213584e+00
-1.958278123909754642e+00
-1.955916271156156405e+00
-1.953547864229814746e+00
-1.951174562661400769e+00
-1.948794713542785884e+00
-1.946409983415844591e+00
-1.944018712952095607e+00
-1.941622575748303881e+00
-1.939219906008925909e+00
-1.936812384429889233e+00
-1.934398338701280196e+00
-1.931979456662379802e+00
-1.929554059441137337e+00
-1.927123842064919712e+00
-1.924687119050819017e+00
-1.922245592659399316e+00
-1.919797570747575177e+00
-1.917344762854479079e+00
-1.914885470126999056e+00
-1.912421409428550989e+00
-1.909950875145237870e+00
-1.907475591510940482e+00
-1.904993846099605426e+00
-1.902507370562138034e+00
-1.900014445608253499e+00
-1.897516810352764427e+00
-1.895012738588405021e+00
-1.892503976941128263e+00
-1.889988792233290527e+00
-1.887468938649714767e+00
-1.884942675988112937e+00
-1.882411766040367640e+00
-1.879874461524651652e+00
-1.877332531888478817e+00
-1.874784222714807713e+00
-1.872231311155774680e+00
-1.869672035602901072e+00
-1.867108180962362640e+00
-1.864537978377029059e+00
-1.861963220557266263e+00
-1.859382131339362587e+00
-1.856796511288258511e+00
-1.854204576875124522e+00
-1.851608136570428664e+00
-1.849005399420940776e+00
-1.846398181854026044e+00
-1.843784685431958170e+00
-1.841166734591072940e+00
-1.838542523348158486e+00
-1.835913884201117563e+00
-1.833279003559644238e+00
-1.830639722036239592e+00
-1.827994218371119306e+00
-1.825344341345041865e+00
-1.822688261965493606e+00
-1.820027837235796753e+00
-1.817361230366695724e+00
-1.814690306638863548e+00
-1.812013221401638896e+00
-1.809331848268461052e+00
-1.806644334661548612e+00
-1.803952562583277741e+00
-1.801254671462437562e+00
-1.798552551746997574e+00
-1.795844334805012599e+00
-1.793131919587570122e+00
-1.790413429333902906e+00
-1.787690771556257108e+00
-1.784962061296233360e+00
-1.782229214685950192e+00
-1.779490338499617907e+00
-1.776747357548808415e+00
-1.773998370269733726e+00
-1.771245310213574120e+00
-1.768486267407160195e+00
-1.765723184202256268e+00
-1.762954142143960956e+00
-1.760181092446363449e+00
-1.757402108099685778e+00
-1.754619149242791609e+00
-1.751830280237000492e+00
-1.749037470209216627e+00
-1.746238774816901929e+00
-1.743436172239210213e+00
-1.740627709353754105e+00
-1.737815373456872203e+00
-1.734997202569670049e+00
-1.732175193171497929e+00
-1.729347374349078370e+00
-1.726515751831525725e+00
-1.723678345692605918e+00
-1.720837170978638753e+00
-1.717990238670936920e+00
-1.715139573201485135e+00
-1.712283176378589289e+00
-1.709423082089282842e+00
-1.706557282887301241e+00
-1.703687822185230738e+00
-1.700812683199593334e+00
-1.697933918939807274e+00
-1.695049503201806029e+00
-1.692161498664133568e+00
-1.689267869617578244e+00
-1.686370688483172620e+00
-1.683467909960900899e+00
-1.680561616288732685e+00
-1.677649752489358770e+00
-1.674734410692940045e+00
-1.671813526157233332e+00
-1.668889200981236165e+00
-1.665959360568959546e+00
-1.663026117065776743e+00
-1.660087385932246029e+00
-1.657145289438768820e+00
-1.654197733011536497e+00
-1.651246849125961980e+00
-1.648290533081697928e+00
-1.645330927640215490e+00
-1.642365917881569715e+00
-1.639397656935379421e+00
-1.636424019567824129e+00
-1.633447169360164875e+00
-1.630464970669118996e+00
-1.627479597612324191e+00
-1.624488904040320980e+00
-1.621495074693024563e+00
-1.618495952816987327e+00
-1.615493733861577130e+00
-1.612486250370204877e+00
-1.609475708590250687e+00
-1.606459930261564528e+00
-1.603441132519475953e+00
-1.600417126198599771e+00
-1.597390139413396692e+00
-1.594357971990364886e+00
-1.591322863115677055e+00
-1.588282601503391955e+00
-1.585239437505584048e+00
-1.582191148618210086e+00
-1.579139996454683725e+00
-1.576083747185897499e+00
-1.573024673783611549e+00
-1.569960530985243574e+00
-1.566893603219394526e+00
-1.563821633680222423e+00
-1.560746918353147938e+00
-1.557667188777889899e+00
-1.554584752598209940e+00
-1.551497329586677409e+00
-1.548407239148642311e+00
-1.545312189175274797e+00
-1.542214510938284766e+00
-1.539111900331687321e+00
-1.536006700600068164e+00
-1.532896595522971861e+00
-1.529783940426018951e+00
-1.526666406855397007e+00
-1.523546362327592885e+00
-1.520421466034997504e+00
-1.517294097796593189e+00
-1.514161904328722441e+00
-1.511027277866316298e+00
-1.507887852525976236e+00
-1.504746033073712130e+00
-1.501599440900757809e+00
-1.498450493421412011e+00
-1.495296799174237634e+00
-1.492140788340792223e+00
-1.488980056477863911e+00
-1.485817046655277585e+00
-1.482649341317057390e+00
-1.479479396544187697e+00
-1.476304781535287214e+00
-1.473127965507326609e+00
-1.469946504278762056e+00
-1.466762880329697039e+00
-1.463574635961703008e+00
-1.460384267047117879e+00
-1.457189302232077655e+00
-1.453992250912282014e+00
-1.450790627937803334e+00
-1.447586956361109678e+00
-1.444378737093573672e+00
-1.441168506980096575e+00
-1.437953752848335709e+00
-1.434737025473608485e+00
-1.431515797452986849e+00
-1.428292633632352482e+00
-1.425064992228937122e+00
-1.421835452301793312e+00
-1.418601457536962984e+00
-1.415365601351571412e+00
-1.412125312746682182e+00
-1.408883199645081685e+00
-1.405636676206660107e+00
-1.402388365009855642e+00
-1.399135665214866986e+00
-1.395881214208282817e+00
-1.392622395989700612e+00
-1.389361862908987222e+00
-1.386096983641593283e+00
-1.382830425658593043e+00
-1.379559542145150086e+00
-1.376287015854106732e+00
-1.373010184311590720e+00
-1.369731745715696336e+00
-1.366449021762065064e+00
-1.363164726260107873e+00
-1.359876164900910123e+00
-1.356586067274413887e+00
-1.353291722890064497e+00
-1.349995877290434132e+00
-1.346695803623382481e+00
-1.343394263559387847e+00
-1.340088513701794604e+00
-1.336781332027210834e+00
-1.333469958408719513e+00
-1.330157187310386124e+00
-1.326840241686006339e+00
-1.323521932671969603e+00
-1.320199466110392850e+00
-1.316875669998155862e+00
-1.313547732870350204e+00
-1.310218499775558820e+00
-1.306885141743184597e+00
-1.303550521068482793e+00
-1.300211791072890755e+00
-1.296871831496861249e+00
-1.293527777748160412e+00
-1.290182527214537522e+00
-1.286833197180844657e+00
-1.283482702887962734e+00
-1.280128143284876785e+00
-1.276772451675193709e+00
-1.273412708455425646e+00
-1.270051865205353625e+00
-1.266686983548473311e+00
-1.263321033558431727e+00
-1.259951057860967172e+00
-1.256580045245204058e+00
-1.253205019110771312e+00
-1.249828987187939555e+00
-1.246448953417474304e+00
-1.243067944700979144e+00
-1.239682945283284266e+00
-1.236297001471802881e+00
-1.232907077574111110e+00
-1.229516239542376654e+00
-1.226121431501093761e+00
-1.222725739290742464e+00
-1.219326086602294801e+00
-1.215925579412906687e+00
-1.212521120724784573e+00
-1.209115836904909758e+00
-1.205706610006716195e+00
-1.202296587045114551e+00
-1.198882628859787802e+00
-1.195467903376733920e+00
-1.192049249951864676e+00
-1.188629857690653546e+00
-1.185206544189832956e+00
-1.181782520008131110e+00
-1.178354580702415610e+00
-1.174925958563940886e+00
-1.171493426823442485e+00
-1.168060239789591392e+00
-1.164623148075015324e+00
-1.161185428296480637e+00
-1.157743808150801801e+00
-1.154301586859425077e+00
-1.150855468899542489e+00
-1.147408776400042463e+00
-1.143958190308512757e+00
-1.140507055970275019e+00
-1.137052030487135657e+00
-1.133596482736118682e+00
-1.130137045650444705e+00
-1.126677111960930455e+00
-1.123213290102766271e+00
-1.119748996989315737e+00
-1.116280816221324468e+00
-1.112812189230485638e+00
-1.109339674439689949e+00
-1.105866738141828121e+00
-1.102389913231258234e+00
-1.098912691212422965e+00
-1.095431579092843055e+00
-1.091950093946342015e+00
-1.088464716527719922e+00
-1.084978989845871489e+00
-1.081489368028973441e+00
-1.077999420394641250e+00
-1.074505574062413649e+00
-1.071011425040598652e+00
-1.067513373049502778e+00
-1.064015041178650645e+00
-1.060512801349958290e+00
-1.057010304133263912e+00
-1.053503893244039924e+00
-1.049997247140669554e+00
-1.046486680914904488e+00
-1.042975901331025135e+00
-1.039461194430242763e+00
-1.035946295709932352e+00
-1.032427461724060969e+00
-1.028908457139827703e+00
-1.025385508577464799e+00
-1.021862410321078940e+00
-1.018335358599925744e+00
-1.014808177772463349e+00
-1.011277033209277754e+00
-1.007745779811437314e+00
-1.004210551611916635e+00
-1.000675234533812352e+00
-9.971359307821724416e-01
-9.935965577929544157e-01
-9.900531854411516175e-01
-9.865097631783942278e-01
-9.829623280352826065e-01
-9.794148619940089562e-01
-9.758633687140301216e-01
-9.723118632355343127e-01
-9.687563153069587152e-01
-9.652007735672532007e-01
-9.616411733004017748e-01
-9.580815972982328343e-01
-9.545179458131212158e-01
-9.509543363576991037e-01
-9.473866335712629594e-01
-9.438189902696614286e-01
-9.402472348826645954e-01
-9.366755561265933672e-01
-9.330997456100246223e-01
-9.295240285624235543e-01
-9.259441591435241259e-01
-9.223643997245024595e-01
-9.187804663721013121e-01
-9.151966592443789850e-01
-9.116086556540692332e-01
-9.080207942079925321e-01
-9.044287127862512543e-01
-9.008367891243007630e-01
-8.972406209724721471e-01
-8.936446258929755526e-01
-8.900443607904522381e-01
-8.864442837707965372e-01
-8.828399101575291619e-01
-8.792357393368755991e-01
-8.756272442952658386e-01
-8.720189664562620901e-01
-8.684063356922980814e-01
-8.647939362423672227e-01
-8.611771540660183577e-01
-8.575606170177046961e-01
-8.539396663224999573e-01
-8.503189742731271927e-01
-8.466938365148830581e-01
-8.430689706251768278e-01
-8.394396257998993915e-01
-8.358105657720028558e-01
-8.321769923927478940e-01
-8.285437164470866866e-01
-8.249058915199245501e-01
-8.212683763710388885e-01
-8.176262753699735653e-01
-8.139844962015992946e-01
-8.103380930422391382e-01
-8.066920234809896728e-01
-8.030412904933081908e-01
-7.993909025813668023e-01
-7.957358104809831856e-01
-7.920810746473830877e-01
-7.884215925059301355e-01
-7.847624775368717831e-01
-7.810985727504492493e-01
-7.774350457579352058e-01
-7.737666840147309211e-01
-7.700987104039315190e-01
-7.664258556498270147e-01
-7.627533990849588719e-01
-7.590760134879503962e-01
-7.553990358563845708e-01
-7.517170797689916029e-01
-7.480355411439094659e-01
-7.443489730640221458e-01
-7.406628316651419075e-01
-7.369716081948122222e-01
-7.332808203471833375e-01
-7.295848961497152230e-01
-7.258894162406570594e-01
-7.221887439950948062e-01
-7.184885244290911688e-01
-7.147830547830549275e-01
-7.110780459339415271e-01
-7.073677274537372162e-01
-7.036578776152853099e-01
-6.999426567334947613e-01
-6.962279120668410926e-01
-6.925077330274539422e-01
-6.887880375062117588e-01
-6.850628423068046979e-01
-6.813381376592252403e-01
-6.776078659903341794e-01
-6.738780916384449204e-01
-6.701426808194537177e-01
-6.664077738152839325e-01
-6.626671587271857344e-01
-6.589270536852229743e-01
-6.551811666997142680e-01
-6.514357957261364129e-01
-6.476845666308946869e-01
-6.439338592486827384e-01
-6.401772151686209167e-01
-6.364210982387528137e-01
-6.326589635527768429e-01
-6.288973611911498063e-01
-6.251296574444608067e-01
-6.213624909340099700e-01
-6.175891367454761083e-01
-6.138163244434071686e-01
-6.100372354074113934e-01
-6.062586926472547377e-01
-6.024737812301782514e-01
-5.986894202180201852e-01
-5.948985956484812432e-01
-5.911083253533198079e-01
-5.873114935060957942e-01
-5.835152195434053501e-01
-5.797122828161764829e-01
-5.759099073250663059e-01
-5.721007645079535520e-01
-5.682921860201710640e-01
-5.644767321569942320e-01
-5.606618454584620936e-01
-5.568399716996129678e-01
-5.530186676830441961e-01
-5.491902611287728941e-01
-5.453624266370783458e-01
-5.415273701710637821e-01
-5.376928878306002080e-01
-5.338510599424686198e-01
-5.300098079856683242e-01
-5.261610825818295867e-01
-5.223129346580311916e-01
-5.184571808599686138e-01
-5.146020058333713454e-01
-5.107390877621489356e-01
-5.068767494964403486e-01
-5.030065260422190709e-01
-4.991368831699204978e-01
-4.952592077454520680e-01
-4.913821134213658959e-01
-4.874968336977595906e-01
-4.836121353346648499e-01
-4.797190929580863461e-01
-4.758266319431207481e-01
-4.719256622303684146e-01
-4.680252736208600495e-01
-4.641162052323228870e-01
-4.602077174283167316e-01
-4.562903720155437881e-01
-4.523736064074572738e-01
-4.484477982336287361e-01
-4.445225688224165306e-01
-4.405881043522247853e-01
-4.366542173393274107e-01
-4.327108947960733865e-01
-4.287681481400913430e-01
-4.248157570255761684e-01
-4.208639399625093702e-01
-4.169022605370616974e-01
-4.129411530595909485e-01
-4.089699557768763927e-01
-4.049993280692960607e-01
-4.010183729613706061e-01
-3.970379847846383092e-01
-3.930470207920506165e-01
-3.890566208132442694e-01
-3.850553850529877531e-01
-3.810547101135914327e-01
-3.770429270787089560e-01
-3.730317013935645631e-01
-3.690090820752022216e-01
-3.649870163545712587e-01
-3.609532572775878134e-01
-3.569200477624105972e-01
-3.528748299233133157e-01
-3.488301573229311558e-01
-3.447731450175687828e-01
-3.407166733371530531e-01
-3.366475128635635361e-01
-3.325788881066747971e-01
-3.284972063258530528e-01
-3.244160550547791622e-01
-3.203214577896722481e-01
-3.162273855240431142e-01
-3.121194557729479735e-01
-3.080120452029461720e-01
-3.038903411399724863e-01
-2.997691501263340386e-01
-2.956332028563267711e-01
-2.914977621846839284e-01
-2.873470732134221217e-01
-2.831968840639604856e-01
-2.790309224368878738e-01
-2.748654535228487461e-01
-2.706836525767897239e-01
-2.665023368952691429e-01
-2.623040905548527646e-01
-2.581063216826952611e-01
-2.538909802188137332e-01
-2.496761080704617553e-01
-2.454429732197492553e-01
-2.412102991657085749e-01
-2.369586184853526012e-01
-2.327073897062859331e-01
-2.284363500087814858e-01
-2.241657529290512485e-01
-2.198744726008061146e-01
-2.155836252062296454e-01
-2.112711451627045933e-01
-2.069590879541759743e-01
-2.026243609142261148e-01
-1.982900461807649839e-01
-1.939319238507503929e-01
-1.895742028520012723e-01
-1.851914204843345957e-01
-1.808090280070789868e-01
-1.764001856232032261e-01
-1.719917212023097941e-01
-1.675552605285346441e-01
-1.631191653800411756e-01
-1.586533411970001139e-01
-1.541878695647691255e-01
-1.496907136694120011e-01
-1.451938967834550120e-01
-1.406631720174986444e-01
-1.361327721181265216e-01
-1.315659127843586684e-01
-1.269993635334273341e-01
-1.223933967574810100e-01
-1.177877245935604056e-01
-1.131391643481383241e-01
-1.084908825029606561e-01
-1.037955832798208022e-01
-9.910054543984901654e-02
-9.435349433572927380e-02
-8.960668671499984195e-02
-8.480169771045492633e-02
-7.999693331143412078e-02
-7.512617854674821793e-02
-7.025562841191076990e-02
-6.530888108804591696e-02
-6.036231716556836324e-02
-5.532564393504182942e-02
-5.028913141669259790e-02
-4.514242263199087085e-02
-3.999585011518182881e-02
-3.470752782240240503e-02
-2.941931515033439568e-02
-2.393257454677226101e-02
-1.844591394652655980e-02
-1.262827728767883587e-02
-6.810686398306671323e-03
-6.246684803110487713e-16
