1.999999999999957589e+00
1.983891283085954083e+00
1.937110373427967769e+00
1.863931388125244171e+00
1.770424185554347885e+00
1.663307945278724276e+00
1.548950615460553903e+00
1.432719259118051536e+00
1.318706189727441469e+00
1.209741475557486901e+00
1.107569848003215007e+00
1.013089677402987165e+00
9.265886865188246446e-01
8.479443426852563137e-01
7.767792321183837334e-01
7.125738040010208829e-01
6.547438678223549413e-01
6.026912144650612424e-01
5.558348542681378346e-01
5.136288642841169150e-01
4.755713238533215148e-01
4.412075366380405206e-01
4.101297454433201484e-01
3.819748190077298933e-01
3.564208762615754256e-01
3.331834604930846155e-01
3.120116384682899979e-01
2.926842425425824068e-01
2.750063699307628284e-01
2.588061811549106639e-01
2.439319849803597284e-01
2.302495583993537653e-01
2.176396402472342007e-01
2.059955693709979163e-01
1.952211052256545565e-01
1.852285348919500974e-01
1.759371931211214657e-01
1.672724814934345716e-01
1.591653854865120454e-01
1.515523936494824475e-01
1.443756589551085656e-01
1.375832268989436447e-01
1.311291836799795829e-01
1.249736324509395785e-01
1.190824651547981589e-01
1.134269462696540914e-01
1.079831555231585694e-01
1.027313490963026738e-01
9.765529708295055122e-02
9.274164453071306879e-02
8.797932932186272592e-02
8.335907613526441495e-02
7.887297390527038543e-02
7.451413543176657606e-02
7.027643211207257323e-02
6.615429369887598776e-02
6.214256189901559008e-02
5.823638687689004778e-02
5.443115677214655640e-02
5.072245177401795563e-02
4.710601583158967320e-02
4.357774054338672126e-02
4.013365706665519839e-02
3.676993297684397199e-02
3.348287188699203970e-02
3.026891432280392688e-02
2.712463886695993739e-02
2.404676296692230542e-02
2.103214307069226074e-02
1.807777394111461516e-02
1.518078712176178929e-02
1.233844860386037329e-02
9.548155786915049625e-03
6.807433846601165794e-03
4.113931629269221291e-03
1.465417188494251566e-03
-1.140226930101760627e-03
-3.705008561658257316e-03
-6.230830871870714216e-03
-8.719497316235967632e-03
-1.117271655334516056e-02
-1.359210726847799589e-02
-1.597920287327976585e-02
-1.833545605587104388e-02
-2.066224316305605851e-02
-2.296086840214752595e-02
-2.523256785487859588e-02
-2.747851329988295482e-02
-2.969981584321190748e-02
-3.189752935902203518e-02
-3.407265374428965210e-02
-3.622613799285023112e-02
-3.835888309514117606e-02
-4.047174477059221898e-02
-4.256553604020522213e-02
-4.464102964693657249e-02
-4.669896033172590138e-02
-4.874002697289968322e-02
-5.076489459649832781e-02
-5.277419626504016581e-02
-5.476853485174904002e-02
-5.674848470719504046e-02
-5.871459322489652050e-02
-6.066738231207091658e-02
-6.260734977150479719e-02
-6.453497060011001429e-02
-6.645069820939047966e-02
-6.835496557285250518e-02
-7.024818630497874083e-02
-7.213075567607074579e-02
-7.400305156718825494e-02
-7.586543536888762373e-02
-7.771825282738106799e-02
-7.956183484152459795e-02
-8.139649821365541049e-02
-8.322254635731041184e-02
-8.504026996442860808e-02
-8.684994763474226942e-02
-8.865184646957167958e-02
-9.044622263236180848e-02
-9.223332187795760251e-02
-9.401338005259333996e-02
-9.578662356637078490e-02
-9.755326983994831724e-02
-9.931352772695099806e-02
-1.010675979136447244e-01
-1.028156732971821918e-01
-1.045579393437432031e-01
-1.062945744277584426e-01
-1.080257501533091746e-01
-1.097516316588063590e-01
-1.114723779058738456e-01
-1.131881419533810190e-01
-1.148990712174871032e-01
-1.166053077184662640e-01
-1.183069883151395413e-01
-1.200042449275161294e-01
-1.216972047484105868e-01
-1.233859904445684802e-01
-1.250707203479588803e-01
-1.267515086376985733e-01
-1.284284655132112152e-01
-1.301016973590319037e-01
-1.317713069017159011e-01
-1.334373933593388240e-01
-1.351000525839108346e-01
-1.367593771971325478e-01
-1.384154567198002395e-01
-1.400683776952484083e-01
-1.417182238071285905e-01
-1.433650759917527162e-01
-1.450090125453714351e-01
-1.466501092266242201e-01
-1.482884393543562884e-01
-1.499240739011042933e-01
-1.515570815824195394e-01
-1.531875289422859610e-01
-1.548154804347667279e-01
-1.564409985021427973e-01
-1.580641436496112717e-01
-1.596849745168423818e-01
-1.613035479464206001e-01
-1.629199190494333982e-01
-1.645341412682352067e-01
-1.661462664366262776e-01
-1.677563448374828348e-01
-1.693644252580423504e-01
-1.709705550428441689e-01
-1.725747801445652874e-01
-1.741771451727299469e-01
-1.757776934404922387e-01
-1.773764670094999385e-01
-1.789735067329552287e-01
-1.805688522970061438e-01
-1.821625422604213618e-01
-1.837546140927793781e-01
-1.853451042111337044e-01
-1.869340480151917561e-01
-1.885214799212407977e-01
-1.901074333946472794e-01
-1.916919409812131991e-01
-1.932750343372662549e-01
-1.948567442586273957e-01
-1.964371007085102816e-01
-1.980161328443297009e-01
-1.995938690435576091e-01
-2.011703369285581522e-01
-2.027455633905794752e-01
-2.043195746127980106e-01
-2.058923960925454766e-01
-2.074640526627419268e-01
-2.090345685125308828e-01
-2.106039672071790270e-01
-2.121722717072594411e-01
-2.137395043871620215e-01
-2.153056870529300448e-01
-2.168708409594903574e-01
-2.184349868272535133e-01
-2.199981448581363186e-01
-2.215603347510725629e-01
-2.231215757168992786e-01
-2.246818864928224468e-01
-2.262412853563268433e-01
-2.277997901386344115e-01
-2.293574182377024484e-01
-2.309141866307809488e-01
-2.324701118865509786e-01
-2.340252101768544035e-01
-2.355794972880318194e-01
-2.371329886318913338e-01
-2.386856992563031743e-01
-2.402376438554604254e-01
-2.417888367797956517e-01
-2.433392920455723363e-01
-2.448890233441839426e-01
-2.464380440511210746e-01
-2.479863672346895032e-01
-2.495340056644098359e-01
-2.510809718191853723e-01
-2.526272778951831333e-01
-2.541729358134970362e-01
-2.557179572275360968e-01
-2.572623535301962749e-01
-2.588061358608361173e-01
-2.603493151119863347e-01
-2.618919019358895706e-01
-2.634339067508222332e-01
-2.649753397472346395e-01
-2.665162108937028651e-01
-2.680565299426795334e-01
-2.695963064361017181e-01
-2.711355497108146051e-01
-2.726742689038278433e-01
-2.742124729574217934e-01
-2.757501706241220485e-01
-2.772873704714741705e-01
-2.788240808867376574e-01
-2.803603100814076599e-01
-2.818960660956125741e-01
-2.834313568023774099e-01
-2.849661899117934549e-01
-2.865005729750164654e-01
-2.880345133882025732e-01
-2.895680183962864307e-01
-2.911010950966920197e-01
-2.926337504429158409e-01
-2.941659912480061312e-01
-2.956978241879470448e-01
-2.972292558049752786e-01
-2.987602925107459839e-01
-3.002909405894768624e-01
-3.018212062009589247e-01
-3.033510953834973045e-01
-3.048806140567786871e-01
-3.064097680246544719e-01
-3.079385629778481070e-01
-3.094670044965784350e-01
-3.109950980531448472e-01
-3.125228490144099647e-01
-3.140502626442047696e-01
-3.155773441057333484e-01
-3.171040984638402449e-01
-3.186305306872584397e-01
-3.201566456507877190e-01
-3.216824481374224165e-01
-3.232079428403989430e-01
-3.247331343652327673e-01
-3.262580272316602525e-01
-3.277826258755521804e-01
-3.293069346507676021e-01
-3.308309578309921450e-01
-3.323546996114553065e-01
-3.338781641106897125e-01
-3.354013553722021701e-01
-3.369242773660851009e-01
-3.384469339906298613e-01
-3.399693290738705076e-01
-3.414914663751068002e-01
-3.430133495863575410e-01
-3.445349823338165196e-01
-3.460563681792611090e-01
-3.475775106213951360e-01
-3.490984130972128452e-01
-3.506190789832744348e-01
-3.521395115969973566e-01
-3.536597141978738423e-01
-3.551796899886919823e-01
-3.566994421167223872e-01
-3.582189736748500053e-01
-3.597382877027094916e-01
-3.612573871877781673e-01
-3.627762750664436098e-01
-3.642949542250484840e-01
-3.658134275009167213e-01
-3.673316976833425618e-01
-3.688497675145598897e-01
-3.703676396906974699e-01
-3.718853168627002104e-01
-3.734028016372409886e-01
-3.749200965775915106e-01
-3.764372042045083244e-01
-3.779541269970510542e-01
-3.794708673934312770e-01
-3.809874277917876251e-01
-3.825038105510070174e-01
-3.840200179914594059e-01
-3.855360523957807040e-01
-3.870519160095818867e-01
-3.885676110421853457e-01
-3.900831396673091755e-01
-3.915985040237594528e-01
-3.931137062161158546e-01
-3.946287483153668174e-01
-3.961436323595473596e-01
-3.976583603543919487e-01
-3.991729342739162023e-01
-4.006873560610402230e-01
-4.022016276281698555e-01
-4.037157508577420284e-01
-4.052297276028362094e-01
-4.067435596876829984e-01
-4.082572489082046396e-01
-4.097707970325629723e-01
-4.112842058016517033e-01
-4.127974769296074431e-01
-4.143106121042944845e-01
-4.158236129877985188e-01
-4.173364812168888216e-01
-4.188492184034856569e-01
-4.203618261350927088e-01
-4.218743059752681490e-01
-4.233866594640339764e-01
-4.248988881183159982e-01
-4.264109934323435103e-01
-4.279229768780590248e-01
-4.294348399055289422e-01
-4.309465839433130330e-01
-4.324582103988523496e-01
-4.339697206588629119e-01
-4.354811160896681077e-01
-4.369923980375703954e-01
-4.385035678292090733e-01
-4.400146267719033943e-01
-4.415255761539820245e-01
-4.430364172451092819e-01
-4.445471512966223671e-01
-4.460577795418343428e-01
-4.475683031963575975e-01
-4.490787234583921705e-01
-4.505890415090372247e-01
-4.520992585125837571e-01
-4.536093756167892677e-01
-4.551193939531557597e-01
-4.566293146372306655e-01
-4.581391387688484307e-01
-4.596488674324166190e-01
-4.611585016971475603e-01
-4.626680426173488958e-01
-4.641774912326380731e-01
-4.656868485682098546e-01
-4.671961156350692423e-01
-4.687052934302546325e-01
-4.702143829370913353e-01
-4.717233851253950228e-01
-4.732323009517180878e-01
-4.747411313595354398e-01
-4.762498772794824253e-01
-4.777585396295642162e-01
-4.792671193153393849e-01
-4.807756172301479447e-01
-4.822840342552867088e-01
-4.837923712602195114e-01
-4.853006291027631147e-01
-4.868088086292602368e-01
-4.883169106747919375e-01
-4.898249360633248894e-01
-4.913328856079096085e-01
-4.928407601108462655e-01
-4.943485603638562154e-01
-4.958562871482454226e-01
-4.973639412350767119e-01
-4.988715233853202036e-01
-5.003790343500159610e-01
-5.018864748704316980e-01
-5.033938456782142135e-01
-5.049011474955295009e-01
-5.064083810352245640e-01
-5.079155470009609763e-01
-5.094226460873612083e-01
-5.109296789801444083e-01
-5.124366463562605167e-01
-5.139435488840384814e-01
-5.154503872233016093e-01
-5.169571620254965749e-01
-5.184638739338417457e-01
-5.199705235834222172e-01
-5.214771116013380281e-01
-5.229836386068071885e-01
-5.244901052112974638e-01
-5.259965120186277376e-01
-5.275028596250970203e-01
-5.290091486195914738e-01
-5.305153795836846653e-01
-5.320215530917604685e-01
-5.335276697111177580e-01
-5.350337300020621134e-01
-5.365397345180320521e-01
-5.380456838056668634e-01
-5.395515784049400576e-01
-5.410574188492354164e-01
-5.425632056654519086e-01
-5.440689393740981705e-01
-5.455746204893781037e-01
-5.470802495192927939e-01
-5.485858269657137853e-01
-5.500913533244948805e-01
-5.515968290855436384e-01
-5.531022547329017547e-01
-5.546076307448400966e-01
-5.561129575939467440e-01
-5.576182357471778372e-01
-5.591234656659765934e-01
-5.606286478063253753e-01
-5.621337826188305131e-01
-5.636388705488053485e-01
-5.651439120363256352e-01
-5.666489075163267941e-01
-5.681538574186505430e-01
-5.696587621681511449e-01
-5.711636221847242734e-01
-5.726684378834010491e-01
-5.741732096744116554e-01
-5.756779379632568361e-01
-5.771826231507513061e-01
-5.786872656331155662e-01
-5.801918658020216446e-01
-5.816964240446648171e-01
-5.832009407438193405e-01
-5.847054162778976272e-01
-5.862098510210189684e-01
-5.877142453430531654e-01
-5.892185996097002443e-01
-5.907229141825184326e-01
-5.922271894190017649e-01
-5.937314256726311523e-01
-5.952356232929185698e-01
-5.967397826254723370e-01
-5.982439040120408613e-01
-5.997479877905701473e-01
-6.012520342952448749e-01
-6.027560438565622292e-01
-6.042600168013427808e-01
-6.057639534528179714e-01
-6.072678541306395505e-01
-6.087717191509699477e-01
-6.102755488264903772e-01
-6.117793434664692276e-01
-6.132831033767912610e-01
-6.147868288600181197e-01
-6.162905202154141948e-01
-6.177941777390042466e-01
-6.192978017236121513e-01
-6.208013924588903221e-01
-6.223049502313806602e-01
-6.238084753245364267e-01
-6.253119680187700924e-01
-6.268154285915018553e-01
-6.283188573171777369e-01
-6.298222544673194312e-01
-6.313256203105662712e-01
-6.328289551127008750e-01
-6.343322591366896690e-01
-6.358355326427220788e-01
-6.373387758882490539e-01
-6.388419891279930596e-01
-6.403451726140266809e-01
-6.418483265957591888e-01
-6.433514513199977136e-01
-6.448545470309779981e-01
-6.463576139703852697e-01
-6.478606523773996484e-01
-6.493636624887114683e-01
-6.508666445385720145e-01
-6.523695987587995182e-01
-6.538725253788275626e-01
-6.553754246257382787e-01
-6.568782967242707826e-01
-6.583811418968659179e-01
-6.598839603636905693e-01
-6.613867523426633088e-01
-6.628895180494834838e-01
-6.643922576976629690e-01
-6.658949714985422652e-01
-6.673976596613245826e-01
-6.689003223931048181e-01
-6.704029598988849870e-01
-6.719055723816041992e-01
-6.734081600421640834e-01
-6.749107230794566537e-01
-6.764132616903869577e-01
-6.779157760698835133e-01
-6.794182664109471581e-01
-6.809207329046508272e-01
-6.824231757401763021e-01
-6.839255951048271998e-01
-6.854279911840646111e-01
-6.869303641615134293e-01
-6.884327142189911042e-01
-6.899350415365368416e-01
-6.914373462924149338e-01
-6.929396286631520629e-01
-6.944418888235452947e-01
-6.959441269466960511e-01
-6.974463432040122202e-01
-6.989485377652459031e-01
-7.004507107984950798e-01
-7.019528624702461306e-01
-7.034549929453595141e-01
-7.049571023871233910e-01
-7.064591909572480732e-01
-7.079612588158920028e-01
-7.094633061216816250e-01
-7.109653330317311504e-01
-7.124673397016454413e-01
-7.139693262855462130e-01
-7.154712929361045637e-01
-7.169732398045367550e-01
-7.184751670406142043e-01
-7.199770747927113357e-01
-7.214789632077899251e-01
-7.229808324314371815e-01
-7.244826826078617499e-01
-7.259845138799222442e-01
-7.274863263891516718e-01
-7.289881202757424461e-01
-7.304898956785876862e-01
-7.319916527352886559e-01
-7.334933915821625350e-01
-7.349951123542661779e-01
-7.364968151854065503e-01
-7.379985002081468348e-01
-7.395001675538339647e-01
-7.410018173526066176e-01
-7.425034497333971029e-01
-7.440050648239650011e-01
-7.455066627508961652e-01
-7.470082436396193737e-01
-7.485098076144151014e-01
-7.500113547984398332e-01
-7.515128853137204024e-01
-7.530143992811911824e-01
-7.545158968206686634e-01
-7.560173780509048536e-01
-7.575188430895742897e-01
-7.590202920532884701e-01
-7.605217250576139509e-01
-7.620231422170709035e-01
-7.635245436451704171e-01
-7.650259294543900745e-01
-7.665272997562161406e-01
-7.680286546611300169e-01
-7.695299942786361092e-01
-7.710313187172713745e-01
-7.725326280845959959e-01
-7.740339224872360147e-01
-7.755352020308543537e-01
-7.770364668202054403e-01
-7.785377169591055635e-01
-7.800389525504589638e-01
-7.815401736962759305e-01
-7.830413804976652514e-01
-7.845425730548561960e-01
-7.860437514672010684e-01
-7.875449158331894184e-01
-7.890460662504448219e-01
-7.905472028157577435e-01
-7.920483256250686610e-01
-7.935494347734942666e-01
-7.950505303553230263e-01
-7.965516124640403817e-01
-7.980526811923164265e-01
-7.995537366320315531e-01
-8.010547788742764519e-01
-8.025558080093615487e-01
-8.040568241268238880e-01
-8.055578273154372360e-01
-8.070588176632207400e-01
-8.085597952574445912e-01
-8.100607601846324668e-01
-8.115617125305842894e-01
-8.130626523803663463e-01
-8.145635798183286092e-01
-8.160644949281102845e-01
-8.175653977926452542e-01
-8.190662884941700694e-01
-8.205671671142338308e-01
-8.220680337336994103e-01
-8.235688884327521109e-01
-8.250697312909167636e-01
-8.265705623870446273e-01
-8.280713817993358150e-01
-8.295721896053395161e-01
-8.310729858819608795e-01
-8.325737707054707837e-01
-8.340745441515068359e-01
-8.355753062950873611e-01
-8.370760572106041852e-01
-8.385767969718469494e-01
-8.400775256519912304e-01
-8.415782433236161930e-01
-8.430789500587069218e-01
-8.445796459286630808e-01
-8.460803310042939174e-01
-8.475810053558352486e-01
-8.490816690529572330e-01
-8.505823221647590415e-01
-8.520829647597784051e-01
-8.535835969060032724e-01
-8.550842186708711434e-01
-8.565848301212648508e-01
-8.580854313235494191e-01
-8.595860223435364267e-01
-8.610866032465240849e-01
-8.625871740972755886e-01
-8.640877349600397661e-01
-8.655882858985537442e-01
-8.670888269760486100e-01
-8.685893582552456360e-01
-8.700898797983709354e-01
-8.715903916671547957e-01
-8.730908939228402277e-01
-8.745913866261872949e-01
-8.760918698374672298e-01
-8.775923436164871916e-01
-8.790928080225767216e-01
-8.805932631146009548e-01
-8.820937089509600648e-01
-8.835941455896003660e-01
-8.850945730880107609e-01
-8.865949915032284023e-01
-8.880954008918585663e-01
-8.895958013100512263e-01
-8.910961928135195942e-01
-8.925965754575606592e-01
-8.940969492970264332e-01
-8.955973143863459329e-01
-8.970976707795319527e-01
-8.985980185301751799e-01
-9.000983576914690643e-01
-9.015986883161727361e-01
-9.030990104566624099e-01
-9.045993241648931926e-01
-9.060996294924427152e-01
-9.075999264904742736e-01
-9.091002152097744649e-01
-9.106004957007344247e-01
-9.121007680133688122e-01
-9.136010321973054848e-01
-9.151012883017999311e-01
-9.166015363757288315e-01
-9.181017764676068227e-01
-9.196020086255781711e-01
-9.211022328974212137e-01
-9.226024493305566843e-01
-9.241026579720531542e-01
-9.256028588686144865e-01
-9.271030520666038166e-01
-9.286032376120334497e-01
-9.301034155505792933e-01
-9.316035859275589859e-01
-9.331037487879717540e-01
-9.346039041764706568e-01
-9.361040521373734657e-01
-9.376041927146792077e-01
-9.391043259520560627e-01
-9.406044518928500242e-01
-9.421045705800853431e-01
-9.436046820564686355e-01
-9.451047863643925462e-01
-9.466048835459388577e-01
-9.481049736428810437e-01
-9.496050566966801609e-01
-9.511051327485053886e-01
-9.526052018392079379e-01
-9.541052640093563575e-01
-9.556053192992178813e-01
-9.571053677487629807e-01
-9.586054093976725810e-01
-9.601054442853432791e-01
-9.616054724508910079e-01
-9.631054939331292752e-01
-9.646055087706086884e-01
-9.661055170015965254e-01
-9.676055186640876160e-01
-9.691055137957930166e-01
-9.706055024341605497e-01
-9.721054846163678098e-01
-9.736054603793290463e-01
-9.751054297596869480e-01
-9.766053927938268542e-01
-9.781053495178778645e-01
-9.796052999677066220e-01
-9.811052441789255285e-01
-9.826051821868888592e-01
-9.841051140267178532e-01
-9.856050397332593027e-01
-9.871049593411326262e-01
-9.886048728847051104e-01
-9.901047803981044559e-01
-9.916046819152145586e-01
-9.931045774696830586e-01
-9.946044670949185651e-01
-9.961043508241053113e-01
-9.976042286901747325e-01
-9.991041007258480988e-01
-1.000603966963608871e+00
-1.002103827435719241e+00
-1.003603682174200928e+00
-1.005103531210874701e+00
-1.006603374577324850e+00
-1.008103212304923391e+00
-1.009603044424825624e+00
-1.011102870967959255e+00
-1.012602691965059920e+00
-1.014102507446629664e+00
-1.015602317442973135e+00
-1.017102121984184482e+00
-1.018601921100140251e+00
-1.020101714820535133e+00
-1.021601503174834225e+00
-1.023101286192318993e+00
-1.024601063902061959e+00
-1.026100836332939581e+00
-1.027600603513635580e+00
-1.029100365472629619e+00
-1.030600122238216398e+00
-1.032099873838489890e+00
-1.033599620301361766e+00
-1.035099361654557404e+00
-1.036599097925594570e+00
-1.038098829141833601e+00
-1.039598555330425889e+00
-1.041098276518353627e+00
-1.042597992732418488e+00
-1.044097703999231186e+00
-1.045597410345235678e+00
-1.047097111796686519e+00
-1.048596808379677281e+00
-1.050096500120112797e+00
-1.051596187043738029e+00
-1.053095869176114752e+00
-1.054595546542644646e+00
-1.056095219168552868e+00
-1.057594887078903589e+00
-1.059094550298590454e+00
-1.060594208852338349e+00
-1.062093862764721175e+00
-1.063593512060135193e+00
-1.065093156762835225e+00
-1.066592796896894457e+00
-1.068092432486242416e+00
-1.069592063554647865e+00
-1.071091690125722806e+00
-1.072591312222922699e+00
-1.074090929869557565e+00
-1.075590543088773554e+00
-1.077090151903568938e+00
-1.078589756336806094e+00
-1.080089356411176427e+00
-1.081588952149241445e+00
-1.083088543573406781e+00
-1.084588130705933073e+00
-1.086087713568943292e+00
-1.087587292184411636e+00
-1.089086866574172863e+00
-1.090586436759920952e+00
-1.092086002763204888e+00
-1.093585564605443761e+00
-1.095085122307914327e+00
-1.096584675891757898e+00
-1.098084225377975010e+00
-1.099583770787441850e+00
-1.101083312140890502e+00
-1.102582849458932479e+00
-1.104082382762038073e+00
-1.105581912070549011e+00
-1.107081437404679125e+00
-1.108580958784514792e+00
-1.110080476230015822e+00
-1.111579989761014575e+00
-1.113079499397211736e+00
-1.114579005158192970e+00
-1.116078507063414049e+00
-1.117578005132209951e+00
-1.119077499383795971e+00
-1.120576989837263726e+00
-1.122076476511585152e+00
-1.123575959425620496e+00
-1.125075438598095445e+00
-1.126574914047632658e+00
-1.128074385792736223e+00
-1.129573853851789877e+00
-1.131073318243067227e+00
-1.132572778984725970e+00
-1.134072236094811004e+00
-1.135571689591254207e+00
-1.137071139491880434e+00
-1.138570585814398184e+00
-1.140070028576413153e+00
-1.141569467795415349e+00
-1.143068903488790866e+00
-1.144568335673814108e+00
-1.146067764367664887e+00
-1.147567189587399339e+00
-1.149066611349985001e+00
-1.150566029672280388e+00
-1.152065444571033437e+00
-1.153564856062894828e+00
-1.155064264164419541e+00
-1.156563668892054864e+00
-1.158063070262145500e+00
-1.159562468290944226e+00
-1.161061862994595018e+00
-1.162561254389157250e+00
-1.164060642490578390e+00
-1.165560027314712865e+00
-1.167059408877332061e+00
-1.168558787194098114e+00
-1.170058162280576575e+00
-1.171557534152252833e+00
-1.173056902824508363e+00
-1.174556268312632268e+00
-1.176055630631825943e+00
-1.177554989797197971e+00
-1.179054345823768779e+00
-1.180553698726461320e+00
-1.182053048520118832e+00
-1.183552395219490405e+00
-1.185051738839234314e+00
-1.186551079393923569e+00
-1.188050416898057682e+00
-1.189549751366025809e+00
-1.191049082812148940e+00
-1.192548411250658136e+00
-1.194047736695698081e+00
-1.195547059161333303e+00
-1.197046378661545507e+00
-1.198545695210227358e+00
-1.200045008821192694e+00
-1.201544319508183856e+00
-1.203043627284850370e+00
-1.204542932164763158e+00
-1.206042234161414095e+00
-1.207541533288222890e+00
-1.209040829558514440e+00
-1.210540122985559686e+00
-1.212039413582526759e+00
-1.213538701362525618e+00
-1.215037986338578513e+00
-1.216537268523639526e+00
-1.218036547930584135e+00
-1.219535824572208993e+00
-1.221035098461242141e+00
-1.222534369610338123e+00
-1.224033638032072879e+00
-1.225532903738954849e+00
-1.227032166743416752e+00
-1.228531427057819814e+00
-1.230030684694462417e+00
-1.231529939665556128e+00
-1.233029191983253892e+00
-1.234528441659637377e+00
-1.236027688706718308e+00
-1.237526933136436469e+00
-1.239026174960662807e+00
-1.240525414191211206e+00
-1.242024650839814282e+00
-1.243523884918142697e+00
-1.245023116437801614e+00
-1.246522345410332022e+00
-1.248021571847209188e+00
-1.249520795759837544e+00
-1.251020017159559128e+00
-1.252519236057653140e+00
-1.254018452465340383e+00
-1.255517666393768605e+00
-1.257016877854025383e+00
-1.258516086857135896e+00
-1.260015293414066928e+00
-1.261514497535719093e+00
-1.263013699232933940e+00
-1.264512898516494177e+00
-1.266012095397118120e+00
-1.267511289885460357e+00
-1.269010481992124406e+00
-1.270509671727651391e+00
-1.272008859102520484e+00
-1.273508044127158900e+00
-1.275007226811925465e+00
-1.276506407167135482e+00
-1.278005585203034311e+00
-1.279504760929810914e+00
-1.281003934357607399e+00
-1.282503105496503704e+00
-1.284002274356522477e+00
-1.285501440947631524e+00
-1.287000605279746690e+00
-1.288499767362726756e+00
-1.289998927206377655e+00
-1.291498084820447367e+00
-1.292997240214638355e+00
-1.294496393398584910e+00
-1.295995544381884024e+00
-1.297494693174075397e+00
-1.298993839784644555e+00
-1.300492984223022397e+00
-1.301992126498589863e+00
-1.303491266620686373e+00
-1.304990404598584730e+00
-1.306489540441516439e+00
-1.307988674158665265e+00
-1.309487805759154799e+00
-1.310986935252067997e+00
-1.312486062646435192e+00
-1.313985187951235867e+00
-1.315484311175409537e+00
-1.316983432327833325e+00
-1.318482551417349269e+00
-1.319981668452747225e+00
-1.321480783442761542e+00
-1.322979896396097699e+00
-1.324479007321397450e+00
-1.325978116227259473e+00
-1.327477223122244476e+00
-1.328976328014857655e+00
-1.330475430913566237e+00
-1.331974531826785491e+00
-1.333473630762887829e+00
-1.334972727730208808e+00
-1.336471822737024917e+00
-1.337970915791581561e+00
-1.339470006902069965e+00
-1.340969096076646050e+00
-1.342468183323420661e+00
-1.343967268650453795e+00
-1.345466352065776583e+00
-1.346965433577365978e+00
-1.348464513193159187e+00
-1.349963590921051448e+00
-1.351462666768905141e+00
-1.352961740744526464e+00
-1.354460812855691199e+00
-1.355959883110128272e+00
-1.357458951515529755e+00
-1.358958018079546859e+00
-1.360457082809786389e+00
-1.361956145713822508e+00
-1.363455206799179420e+00
-1.364954266073357791e+00
-1.366453323543798337e+00
-1.367952379217922676e+00
-1.369451433103098026e+00
-1.370950485206663849e+00
-1.372449535535918974e+00
-1.373948584098117154e+00
-1.375447630900483720e+00
-1.376946675950200927e+00
-1.378445719254415502e+00
-1.379944760820233318e+00
-1.381443800654739595e+00
-1.382942838764951832e+00
-1.384441875157880864e+00
-1.385940909840489788e+00
-1.387439942819700400e+00
-1.388938974102405188e+00
-1.390438003695463332e+00
-1.391937031605687158e+00
-1.393436057839872122e+00
-1.394935082404756832e+00
-1.396434105307063023e+00
-1.397933126553465355e+00
-1.399432146150617395e+00
-1.400931164105127191e+00
-1.402430180423564599e+00
-1.403929195112481487e+00
-1.405428208178388871e+00
-1.406927219627752468e+00
-1.408426229467023338e+00
-1.409925237702610135e+00
-1.411424244340884870e+00
-1.412923249388191804e+00
-1.414422252850845663e+00
-1.415921254735116541e+00
-1.417420255047253885e+00
-1.418919253793471835e+00
-1.420418250979949004e+00
-1.421917246612832031e+00
-1.423416240698235802e+00
-1.424915233242251000e+00
-1.426414224250926344e+00
-1.427913213730284792e+00
-1.429412201686313333e+00
-1.430911188124969424e+00
-1.432410173052178326e+00
-1.433909156473840874e+00
-1.435408138395811717e+00
-1.436907118823928409e+00
-1.438406097763993863e+00
-1.439905075221771247e+00
-1.441404051203005965e+00
-1.442903025713403675e+00
-1.444401998758637617e+00
-1.445900970344355940e+00
-1.447399940476169267e+00
-1.448898909159663795e+00
-1.450397876400392638e+00
-1.451896842203870053e+00
-1.453395806575585869e+00
-1.454894769521002384e+00
-1.456393731045542816e+00
-1.457892691154597520e+00
-1.459391649853529094e+00
-1.460890607147670162e+00
-1.462389563042315599e+00
-1.463888517542730305e+00
-1.465387470654149871e+00
-1.466886422381767252e+00
-1.468385372730752980e+00
-1.469884321706238506e+00
-1.471383269313325970e+00
-1.472882215557069108e+00
-1.474381160442505001e+00
-1.475880103974627211e+00
-1.477379046158395104e+00
-1.478877986998735183e+00
-1.480376926500520218e+00
-1.481875864668614096e+00
-1.483374801507819196e+00
-1.484873737022909923e+00
-1.486372671218620489e+00
-1.487871604099646250e+00
-1.489370535670642592e+00
-1.490869465936212057e+00
-1.492368394900931428e+00
-1.493867322569328637e+00
-1.495366248945876331e+00
-1.496865174035018509e+00
-1.498364097841137443e+00
-1.499863020368583655e+00
-1.501361941621645713e+00
-1.502860861604563558e+00
-1.504359780321534057e+00
-1.505858697776688349e+00
-1.507357613974108945e+00
-1.508856528917823070e+00
-1.510355442611802435e+00
-1.511854355059953470e+00
-1.513353266266112884e+00
-1.514852176234070313e+00
-1.516351084967541230e+00
-1.517849992470167164e+00
-1.519348898745522813e+00
-1.520847803797114928e+00
-1.522346707628366991e+00
-1.523845610242627213e+00
-1.525344511643160095e+00
-1.526843411833147313e+00
-1.528342310815678839e+00
-1.529841208593753166e+00
-1.531340105170283517e+00
-1.532839000548069874e+00
-1.534337894729825846e+00
-1.535836787718147134e+00
-1.537335679515517306e+00
-1.538834570124322676e+00
-1.540333459546803230e+00
-1.541832347785098145e+00
-1.543331234841201383e+00
-1.544830120716982558e+00
-1.546329005414170288e+00
-1.547827888934337759e+00
-1.549326771278918935e+00
-1.550825652449182135e+00
-1.552324532446232919e+00
-1.553823411271006982e+00
-1.555322288924259055e+00
-1.556821165406561347e+00
-1.558320040718288890e+00
-1.559818914859617989e+00
-1.561317787830519777e+00
-1.562816659630736460e+00
-1.564315530259791753e+00
-1.565814399716970229e+00
-1.567313268001310655e+00
-1.568812135111591344e+00
-1.570311001046331256e+00
-1.571809865803759365e+00
-1.573308729381833304e+00
-1.574807591778187632e+00
-1.576306452990163143e+00
-1.577805313014764232e+00
-1.579304171848649796e+00
-1.580803029488143441e+00
-1.582301885929183749e+00
-1.583800741167339821e+00
-1.585299595197774414e+00
-1.586798448015237728e+00
-1.588297299614060076e+00
-1.589796149988107699e+00
-1.591294999130792975e+00
-1.592793847035042232e+00
-1.594292693693287521e+00
-1.595791539097426659e+00
-1.597290383238816114e+00
-1.598789226108263462e+00
-1.600288067695972316e+00
-1.601786907991549658e+00
-1.603285746983977189e+00
-1.604784584661562041e+00
-1.606283421011949875e+00
-1.607782256022072698e+00
-1.609281089678130217e+00
-1.610779921965562300e+00
-1.612278752869021670e+00
-1.613777582372346808e+00
-1.615276410458517331e+00
-1.616775237109642660e+00
-1.618274062306918504e+00
-1.619772886030596215e+00
-1.621271708259944599e+00
-1.622770528973222603e+00
-1.624269348147633574e+00
-1.625768165759297279e+00
-1.627266981783196398e+00
-1.628765796193158755e+00
-1.630264608961795147e+00
-1.631763420060460934e+00
-1.633262229459231163e+00
-1.634761037126824190e+00
-1.636259843030585026e+00
-1.637758647136419388e+00
-1.639257449408740630e+00
-1.640756249810453316e+00
-1.642255048302850629e+00
-1.643753844845602385e+00
-1.645252639396678207e+00
-1.646751431912304664e+00
-1.648250222346892668e+00
-1.649749010652988401e+00
-1.651247796781212251e+00
-1.652746580680192423e+00
-1.654245362296500099e+00
-1.655744141574585715e+00
-1.657242918456705016e+00
-1.658741692882861773e+00
-1.660240464790722514e+00
-1.661739234115554131e+00
-1.663238000790142168e+00
-1.664736764744705777e+00
-1.666235525906849535e+00
-1.667734284201438877e+00
-1.669233039550546582e+00
-1.670731791873368399e+00
-1.672230541086114686e+00
-1.673729287101935581e+00
-1.675228029830839072e+00
-1.676726769179571086e+00
-1.678225505051547550e+00
-1.679724237346726490e+00
-1.681222965961545635e+00
-1.682721690788786306e+00
-1.684220411717476606e+00
-1.685719128632794606e+00
-1.687217841415947328e+00
-1.688716549944067724e+00
-1.690215254090096320e+00
-1.691713953722657537e+00
-1.693212648705945789e+00
-1.694711338899600461e+00
-1.696210024158595342e+00
-1.697708704333084073e+00
-1.699207379268292017e+00
-1.700706048804375037e+00
-1.702204712776280493e+00
-1.703703371013621348e+00
-1.705202023340518069e+00
-1.706700669575474283e+00
-1.708199309531205579e+00
-1.709697943014512278e+00
-1.711196569826119784e+00
-1.712695189760511605e+00
-1.714193802605794126e+00
-1.715692408143503656e+00
-1.717191006148477861e+00
-1.718689596388665031e+00
-1.720188178624951103e+00
-1.721686752611006899e+00
-1.723185318093086726e+00
-1.724683874809877615e+00
-1.726182422492278379e+00
-1.727680960863254178e+00
-1.729179489637620915e+00
-1.730678008521854272e+00
-1.732176517213914968e+00
-1.733675015403023600e+00
-1.735173502769472798e+00
-1.736671978984423825e+00
-1.738170443709691648e+00
-1.739668896597539760e+00
-1.741167337290455253e+00
-1.742665765420943425e+00
-1.744164180611286863e+00
-1.745662582473352265e+00
-1.747160970608328867e+00
-1.748659344606514177e+00
-1.750157704047081930e+00
-1.751656048497829410e+00
-1.753154377514953177e+00
-1.754652690642799939e+00
-1.756150987413593656e+00
-1.757649267347228816e+00
-1.759147529950981115e+00
-1.760645774719262757e+00
-1.762144001133356008e+00
-1.763642208661153177e+00
-1.765140396756885055e+00
-1.766638564860858462e+00
-1.768136712399166255e+00
-1.769634838783417541e+00
-1.771132943410469451e+00
-1.772631025662118276e+00
-1.774129084904828790e+00
-1.775627120489438049e+00
-1.777125131750870946e+00
-1.778623118007826243e+00
-1.780121078562487913e+00
-1.781619012700225380e+00
-1.783116919689281765e+00
-1.784614798780459921e+00
-1.786112649206821112e+00
-1.787610470183359501e+00
-1.789108260906697279e+00
-1.790606020554745825e+00
-1.792103748286406839e+00
-1.793601443241215287e+00
-1.795099104539039647e+00
-1.796596731279725301e+00
-1.798094322542779455e+00
-1.799591877387020755e+00
-1.801089394850246439e+00
-1.802586873948893498e+00
-1.804084313677672746e+00
-1.805581713009255518e+00
-1.807079070893892858e+00
-1.808576386259078905e+00
-1.810073658009197839e+00
-1.811570885025165056e+00
-1.813068066164060577e+00
-1.814565200258783984e+00
-1.816062286117673397e+00
-1.817559322524169740e+00
-1.819056308236412622e+00
-1.820553241986901494e+00
-1.822050122482122614e+00
-1.823546948402158696e+00
-1.825043718400335413e+00
-1.826540431102847251e+00
-1.828037085108362936e+00
-1.829533678987680601e+00
-1.831030211283305453e+00
-1.832526680509115380e+00
-1.834023085149952603e+00
-1.835519423661256422e+00
-1.837015694468669746e+00
-1.838511895967662957e+00
-1.840008026523150875e+00
-1.841504084469104185e+00
-1.843000068108177292e+00
-1.844495975711303304e+00
-1.845991805517326334e+00
-1.847487555732614251e+00
-1.848983224530652558e+00
-1.850478810051696010e+00
-1.851974310402347390e+00
-1.853469723655199131e+00
-1.854965047848423865e+00
-1.856460280985424927e+00
-1.857955421034408472e+00
-1.859450465928045748e+00
-1.860945413563052986e+00
-1.862440261799842345e+00
-1.863935008462117127e+00
-1.865429651336504069e+00
-1.866924188172181420e+00
-1.868418616680481037e+00
-1.869912934534546212e+00
-1.871407139368932437e+00
-1.872901228779245253e+00
-1.874395200321773647e+00
-1.875889051513117467e+00
-1.877382779829824155e+00
-1.878876382708036141e+00
-1.880369857543099821e+00
-1.881863201689251808e+00
-1.883356412459228579e+00
-1.884849487123926304e+00
-1.886342422912052008e+00
-1.887835217009774968e+00
-1.889327866560386315e+00
-1.890820368663951756e+00
-1.892312720376987611e+00
-1.893804918712109542e+00
-1.895296960637718353e+00
-1.896788843077670483e+00
-1.898280562910950708e+00
-1.899772116971350400e+00
-1.901263502047181309e+00
-1.902754714880933840e+00
-1.904245752168977512e+00
-1.905736610561286959e+00
-1.907227286661112409e+00
-1.908717777024711015e+00
-1.910208078161045320e+00
-1.911698186531523902e+00
-1.913188098549705396e+00
-1.914677810581038919e+00
-1.916167318942589626e+00
-1.917656619902795345e+00
-1.919145709681200129e+00
-1.920634584448208226e+00
-1.922123240324852267e+00
-1.923611673382544351e+00
-1.925099879642853784e+00
-1.926587855077285694e+00
-1.928075595607052550e+00
-1.929563097102885871e+00
-1.931050355384811956e+00
-1.932537366221961816e+00
-1.934024125332391764e+00
-1.935510628382881793e+00
-1.936996870988776598e+00
-1.938482848713804829e+00
-1.939968557069926325e+00
-1.941453991517177347e+00
-1.942939147463523142e+00
-1.944424020264715391e+00
-1.945908605224159649e+00
-1.947392897592811867e+00
-1.948876892569039176e+00
-1.950360585298520855e+00
-1.951843970874164613e+00
-1.953327044335990692e+00
-1.954809800671058362e+00
-1.956292234813413744e+00
-1.957774341643990335e+00
-1.959256115990566816e+00
-1.960737552627726865e+00
-1.962218646276812972e+00
-1.963699391605888689e+00
-1.965179783229728416e+00
-1.966659815709793646e+00
-1.968139483554239622e+00
-1.969618781217911341e+00
-1.971097703102364429e+00
-1.972576243555881570e+00
-1.974054396873510475e+00
-1.975532157297111402e+00
-1.977009519015392458e+00
-1.978486476163978214e+00
-1.979963022825494079e+00
-1.981439153029617151e+00
-1.982914860753192565e+00
-1.984390139920317431e+00
-1.985864984402452960e+00
-1.987339388018544817e+00
-1.988813344535147021e+00
-1.990286847666558057e+00
-1.991759891074976307e+00
-1.993232468370651045e+00
-1.994704573112047186e+00
-1.996176198806031143e+00
-1.997647338908048242e+00
-1.999117986822312343e+00
-2.000588135902041209e+00
-2.002057779449641028e+00
-2.003526910716940002e+00
-2.004995522905438143e+00
-2.006463609166534212e+00
-2.007931162601799269e+00
-2.009398176263218705e+00
-2.010864643153492004e+00
-2.012330556226301859e+00
-2.013795908386609934e+00
-2.015260692490968175e+00
-2.016724901347831889e+00
-2.018188527717867053e+00
-2.019651564314308256e+00
-2.021114003803290871e+00
-2.022575838804193893e+00
-2.024037061890016087e+00
-2.025497665587744578e+00
-2.026957642378728330e+00
-2.028416984699084491e+00
-2.029875684940075864e+00
-2.031333735448534572e+00
-2.032791128527287050e+00
-2.034247856435563495e+00
-2.035703911389443732e+00
-2.037159285562311961e+00
-2.038613971085288856e+00
-2.040067960047729390e+00
-2.041521244497646492e+00
-2.042973816442243962e+00
-2.044425667848375205e+00
-2.045876790643052168e+00
-2.047327176713943153e+00
-2.048776817909900405e+00
-2.050225706041484575e+00
-2.051673832881478532e+00
-2.053121190165446475e+00
-2.054567769592275273e+00
-2.056013562824734020e+00
-2.057458561490030480e+00
-2.058902757180387066e+00
-2.060346141453627933e+00
-2.061788705833746516e+00
-2.063230441811527704e+00
-2.064671340845115388e+00
-2.066111394360653719e+00
-2.067550593752887078e+00
-2.068988930385776914e+00
-2.070426395593146118e+00
-2.071862980679308741e+00
-2.073298676919704597e+00
-2.074733475561560070e+00
-2.076167367824551135e+00
-2.077600344901429086e+00
-2.079032397958738621e+00
-2.080463518137447565e+00
-2.081893696553651196e+00
-2.083322924299249923e+00
-2.084751192442646062e+00
-2.086178492029419296e+00
-2.087604814083058535e+00
-2.089030149605640041e+00
-2.090454489578554398e+00
-2.091877824963221499e+00
-2.093300146701798425e+00
-2.094721445717917074e+00
-2.096141712917417799e+00
-2.097560939189059503e+00
-2.098979115405278595e+00
-2.100396232422924392e+00
-2.101812281083997647e+00
-2.103227252216406828e+00
-2.104641136634713305e+00
-2.106053925140891625e+00
-2.107465608525088463e+00
-2.108876177566373133e+00
-2.110285623033507640e+00
-2.111693935685719392e+00
-2.113101106273465479e+00
-2.114507125539195176e+00
-2.115911984218127984e+00
-2.117315673039038337e+00
-2.118718182725018107e+00
-2.120119503994271515e+00
-2.121519627560866539e+00
-2.122918544135546703e+00
-2.124316244426501576e+00
-2.125712719140141704e+00
-2.127107958981893532e+00
-2.128501954656983219e+00
-2.129894696871221793e+00
-2.131286176331777860e+00
-2.132676383747983628e+00
-2.134065309832108959e+00
-2.135452945300145178e+00
-2.136839280872597779e+00
-2.138224307275269798e+00
-2.139608015240046512e+00
-2.140990395505669941e+00
-2.142371438818533758e+00
-2.143751135933457341e+00
-2.145129477614471369e+00
-2.146506454635595418e+00
-2.147882057781605347e+00
-2.149256277848830887e+00
-2.150629105645911032e+00
-2.152000531994568977e+00
-2.153370547730390161e+00
-2.154739143703591875e+00
-2.156106310779758672e+00
-2.157472039840650169e+00
-2.158836321784937340e+00
-2.160199147528945929e+00
-2.161560508007441150e+00
-2.162920394174359107e+00
-2.164278797003556853e+00
-2.165635707489566464e+00
-2.166991116648326443e+00
-2.168345015517909147e+00
-2.169697395159284614e+00
-2.171048246657025338e+00
-2.172397561120039455e+00
-2.173745329682292393e+00
-2.175091543503516078e+00
-2.176436193769940353e+00
-2.177779271694979979e+00
-2.179120768519952733e+00
-2.180460675514777069e+00
-2.181798983978652018e+00
-2.183135685240767287e+00
-2.184470770660966288e+00
-2.185804231630443351e+00
-2.187136059572398317e+00
-2.188466245942722654e+00
-2.189794782230650050e+00
-2.191121659959421208e+00
-2.192446870686913574e+00
-2.193770406006325224e+00
-2.195092257546775727e+00
-2.196412416973956283e+00
-2.197730875990763444e+00
-2.199047626337905292e+00
-2.200362659794526277e+00
-2.201675968178810727e+00
-2.202987543348577937e+00
-2.204297377201898112e+00
-2.205605461677655921e+00
-2.206911788756150905e+00
-2.208216350459664579e+00
-2.209519138853027531e+00
-2.210820146044183865e+00
-2.212119364184744974e+00
-2.213416785470534887e+00
-2.214712402142132497e+00
-2.216006206485409802e+00
-2.217298190832039939e+00
-2.218588347560037199e+00
-2.219876669094258403e+00
-2.221163147906895841e+00
-2.222447776517998186e+00
-2.223730547495939014e+00
-2.225011453457909294e+00
-2.226290487070373469e+00
-2.227567641049561953e+00
-2.228842908161912995e+00
-2.230116281224521657e+00
-2.231387753105592786e+00
-2.232657316724866003e+00
-2.233924965054047806e+00
-2.235190691117236117e+00
-2.236454487991326179e+00
-2.237716348806406685e+00
-2.238976266746171451e+00
-2.240234235048299993e+00
-2.241490247004834124e+00
-2.242744295962553203e+00
-2.243996375323339620e+00
-2.245246478544534074e+00
-2.246494599139275739e+00
-2.247740730676861975e+00
-2.248984866783050318e+00
-2.250227001140420846e+00
-2.251467127488650188e+00
-2.252705239624849476e+00
-2.253941331403860104e+00
-2.255175396738533511e+00
-2.256407429600014947e+00
-2.257637424018035244e+00
-2.258865374081174160e+00
-2.260091273937100187e+00
-2.261315117792848550e+00
-2.262536899915054800e+00
-2.263756614630173303e+00
-2.264974256324746360e+00
-2.266189819445568965e+00
-2.267403298499961473e+00
-2.268614688055921924e+00
-2.269823982742349866e+00
-2.271031177249230204e+00
-2.272236266327813503e+00
-2.273439244790778524e+00
-2.274640107512412524e+00
-2.275838849428759580e+00
-2.277035465537773362e+00
-2.278229950899464562e+00
-2.279422300636015475e+00
-2.280612509931927434e+00
-2.281800574034137163e+00
-2.282986488252116697e+00
-2.284170247957984845e+00
-2.285351848586607115e+00
-2.286531285635681865e+00
-2.287708554665816241e+00
-2.288883651300618549e+00
-2.290056571226740889e+00
-2.291227310193953759e+00
-2.292395864015207785e+00
-2.293562228566657257e+00
-2.294726399787716087e+00
-2.295888373681088890e+00
-2.297048146312782535e+00
-2.298205713812136342e+00
-2.299361072371834513e+00
-2.300514218247895037e+00
-2.301665147759691443e+00
-2.302813857289918609e+00
-2.303960343284590095e+00
-2.305104602253017276e+00
-2.306246630767775585e+00
-2.307386425464671209e+00
-2.308523983042698902e+00
-2.309659300263987802e+00
-2.310792373953762358e+00
-2.311923201000266381e+00
-2.313051778354701327e+00
-2.314178103031161005e+00
-2.315302172106542322e+00
-2.316423982720459573e+00
-2.317543532075164503e+00
-2.318660817435441057e+00
-2.319775836128510349e+00
-2.320888585543910310e+00
-2.321999063133402430e+00
-2.323107266410822547e+00
-2.324213192951993356e+00
-2.325316840394562767e+00
-2.326418206437883995e+00
-2.327517288842873899e+00
-2.328614085431860214e+00
-2.329708594088439888e+00
-2.330800812757315654e+00
-2.331890739444140159e+00
-2.332978372215350316e+00
-2.334063709197985670e+00
-2.335146748579529863e+00
-2.336227488607712566e+00
-2.337305927590340726e+00
-2.338382063895097840e+00
-2.339455895949352549e+00
-2.340527422239963684e+00
-2.341596641313077320e+00
-2.342663551773914943e+00
-2.343728152286552735e+00
-2.344790441573740836e+00
-2.345850418416639549e+00
-2.346908081654633271e+00
-2.347963430185069811e+00
-2.349016462963060548e+00
-2.350067179001217532e+00
-2.351115577369439880e+00
-2.352161657194646427e+00
-2.353205417660555909e+00
-2.354246858007398302e+00
-2.355285977531722530e+00
-2.356322775586074059e+00
-2.357357251578776847e+00
-2.358389404973659786e+00
-2.359419235289785366e+00
-2.360446742101182327e+00
-2.361471925036585429e+00
-2.362494783779142349e+00
-2.363515318066150339e+00
-2.364533527688752024e+00
-2.365549412491684933e+00
-2.366562972372979079e+00
-2.367574207283655419e+00
-2.368583117227450963e+00
-2.369589702260525232e+00
-2.370593962491150730e+00
-2.371595898079432274e+00
-2.372595509236978817e+00
-2.373592796226637880e+00
-2.374587759362152273e+00
-2.375580399007877652e+00
-2.376570715578463222e+00
-2.377558709538538650e+00
-2.378544381402411201e+00
-2.379527731733738438e+00
-2.380508761145208485e+00
-2.381487470298244702e+00
-2.382463859902653969e+00
-2.383437930716326036e+00
-2.384409683544903125e+00
-2.385379119241454848e+00
-2.386346238706155365e+00
-2.387311042885941870e+00
-2.388273532774205954e+00
-2.389233709410455653e+00
-2.390191573879968168e+00
-2.391147127313480336e+00
-2.392100370886839134e+00
-2.393051305820676600e+00
-2.393999933380070111e+00
-2.394946254874197322e+00
-2.395890271656016868e+00
-2.396831985121915309e+00
-2.397771396711362524e+00
-2.398708507906602616e+00
-2.399643320232272892e+00
-2.400575835255085000e+00
-2.401506054583498972e+00
-2.402433979867330205e+00
-2.403359612797465683e+00
-2.404282955105484287e+00
-2.405204008563319729e+00
-2.406122774982923040e+00
-2.407039256215921075e+00
-2.407953454153254125e+00
-2.408865370724858845e+00
-2.409775007899297439e+00
-2.410682367683430360e+00
-2.411587452122061492e+00
-2.412490263297602411e+00
-2.413390803329723333e+00
-2.414289074374998290e+00
-2.415185078626588933e+00
-2.416078818313859067e+00
-2.416970295702067784e+00
-2.417859513092012413e+00
-2.418746472819678583e+00
-2.419631177255895604e+00
-2.420513628806016726e+00
-2.421393829909542106e+00
-2.422271783039801285e+00
-2.423147490703609019e+00
-2.424020955440916225e+00
-2.424892179824470251e+00
-2.425761166459483587e+00
-2.426627917983279925e+00
-2.427492437064973974e+00
-2.428354726405112185e+00
-2.429214788735352126e+00
-2.430072626818124082e+00
-2.430928243446281556e+00
-2.431781641442784192e+00
-2.432632823660349608e+00
-2.433481792981126102e+00
-2.434328552316364469e+00
-2.435173104606067618e+00
-2.436015452818689475e+00
-2.436855599950774831e+00
-2.437693549026659579e+00
-2.438529303098112777e+00
-2.439362865244034229e+00
-2.440194238570114749e+00
-2.441023426208522640e+00
-2.441850431317566628e+00
-2.442675257081391660e+00
-2.443497906709632517e+00
-2.444318383437121156e+00
-2.445136690523549650e+00
-2.445952831253153992e+00
-2.446766808934413895e+00
-2.447578626899711729e+00
-2.448388288505038979e+00
-2.449195797129680496e+00
-2.450001156175896533e+00
-2.450804369068618538e+00
-2.451605439255132080e+00
-2.452404370204785966e+00
-2.453201165408671613e+00
-2.453995828379327282e+00
-2.454788362650428546e+00
-2.455578771776494751e+00
-2.456367059332579483e+00
-2.457153228913977472e+00
-2.457937284135931044e+00
-2.458719228633334364e+00
-2.459499066060425232e+00
-2.460276800090514193e+00
-2.461052434415672785e+00
-2.461825972746464863e+00
-2.462597418811635297e+00
-2.463366776357847510e+00
-2.464134049149384165e+00
-2.464899240967862504e+00
-2.465662355611965229e+00
-2.466423396897150067e+00
-2.467182368655375324e+00
-2.467939274734819222e+00
-2.468694118999607667e+00
-2.469446905329552688e+00
-2.470197637619857556e+00
-2.470946319780857436e+00
-2.471692955737765374e+00
-2.472437549430389403e+00
-2.473180104812857660e+00
-2.473920625853375466e+00
-2.474659116533963310e+00
-2.475395580850185517e+00
-2.476130022810892228e+00
-2.476862446437968934e+00
-2.477592855766085123e+00
-2.478321254842430044e+00
-2.479047647726471126e+00
-2.479772038489696850e+00
-2.480494431215384044e+00
-2.481214829998321214e+00
-2.481933238944601161e+00
-2.482649662171349192e+00
-2.483364103806493528e+00
-2.484076567988542372e+00
-2.484787058866309017e+00
-2.485495580598704457e+00
-2.486202137354503794e+00
-2.486906733312093998e+00
-2.487609372659268736e+00
-2.488310059592978352e+00
-2.489008798319111371e+00
-2.489705593052277788e+00
-2.490400448015565704e+00
-2.491093367440345041e+00
-2.491784355566017961e+00
-2.492473416639826578e+00
-2.493160554916624694e+00
-2.493845774658662862e+00
-2.494529080135384103e+00
-2.495210475623196089e+00
-2.495889965405269528e+00
-2.496567553771354309e+00
-2.497243245017522817e+00
-2.497917043446010066e+00
-2.498588953364997867e+00
-2.499258979088397670e+00
-2.499927124935680478e+00
-2.500593395231661020e+00
-2.501257794306293913e+00
-2.501920326494500468e+00
-2.502580996135971514e+00
-2.503239807574965337e+00
-2.503896765160124271e+00
-2.504551873244293514e+00
-2.505205136184331050e+00
-2.505856558340921136e+00
-2.506506144078398002e+00
-2.507153897764560213e+00
-2.507799823770501479e+00
-2.508443926470414365e+00
-2.509086210241438852e+00
-2.509726679463462951e+00
-2.510365338518979694e+00
-2.511002191792884197e+00
-2.511637243672343089e+00
-2.512270498546589792e+00
-2.512901960806770862e+00
-2.513531634845807439e+00
-2.514159525058189182e+00
-2.514785635839851263e+00
-2.515409971587990512e+00
-2.516032536700922861e+00
-2.516653335577926587e+00
-2.517272372619071330e+00
-2.517889652225077324e+00
-2.518505178797177280e+00
-2.519118956736948522e+00
-2.519730990446159336e+00
-2.520341284326641951e+00
-2.520949842780141559e+00
-2.521556670208161766e+00
-2.522161771011830034e+00
-2.522765149591766232e+00
-2.523366810347929867e+00
-2.523966757679483752e+00
-2.524564995984670102e+00
-2.525161529660660875e+00
-2.525756363103434321e+00
-2.526349500707647522e+00
-2.526940946866487181e+00
-2.527530705971558156e+00
-2.528118782412763998e+00
-2.528705180578153744e+00
-2.529289904853808224e+00
-2.529872959623744144e+00
-2.530454349269758207e+00
-2.531034078171300994e+00
-2.531612150705409903e+00
-2.532188571246534181e+00
-2.532763344166452768e+00
-2.533336473834148617e+00
-2.533907964615689679e+00
-2.534477820874145859e+00
-2.535046046969420264e+00
-2.535612647258217223e+00
-2.536177626093865989e+00
-2.536740987826257232e+00
-2.537302736801708480e+00
-2.537862877362897507e+00
-2.538421413848711783e+00
-2.538978350594193412e+00
-2.539533691930397019e+00
-2.540087442184340016e+00
-2.540639605678845392e+00
-2.541190186732504852e+00
-2.541739189659542930e+00
-2.542286618769736162e+00
-2.542832478368323379e+00
-2.543376772755914228e+00
-2.543919506228393690e+00
-2.544460683076833707e+00
-2.545000307587423460e+00
-2.545538384041347246e+00
-2.546074916714732961e+00
-2.546609909878547295e+00
-2.547143367798526015e+00
-2.547675294735083362e+00
-2.548205694943228128e+00
-2.548734572672502363e+00
-2.549261932166885902e+00
-2.549787777664713317e+00
-2.550312113398614411e+00
-2.550834943595440496e+00
-2.551356272476176024e+00
-2.551876104255870192e+00
-2.552394443143567226e+00
-2.552911293342235766e+00
-2.553426659048702252e+00
-2.553940544453574102e+00
-2.554452953741175758e+00
-2.554963891089487849e+00
-2.555473360670070804e+00
-2.555981366648004016e+00
-2.556487913181834770e+00
-2.556993004423491200e+00
-2.557496644518237439e+00
-2.557998837604621656e+00
-2.558499587814387688e+00
-2.558998899272440841e+00
-2.559496776096781279e+00
-2.559993222398449841e+00
-2.560488242281468985e+00
-2.560981839842787711e+00
-2.561474019172227834e+00
-2.561964784352438240e+00
-2.562454139458827385e+00
-2.562942088559530873e+00
-2.563428635715349735e+00
-2.563913784979694022e+00
-2.564397540398545949e+00
-2.564879906010410160e+00
-2.565360885846267980e+00
-2.565840483929529459e+00
-2.566318704275975193e+00
-2.566795550893736788e+00
-2.567271027783234683e+00
-2.567745138937145288e+00
-2.568217888340345478e+00
-2.568689279969886385e+00
-2.569159317794957875e+00
-2.569628005776820157e+00
-2.570095347868787794e+00
-2.570561348016201286e+00
-2.571026010156359121e+00
-2.571489338218502230e+00
-2.571951336123786458e+00
-2.572412007785215948e+00
-2.572871357107637369e+00
-2.573329387987695061e+00
-2.573786104313813716e+00
-2.574241509966130881e+00
-2.574695608816496062e+00
-2.575148404728438312e+00
-2.575599901557121374e+00
-2.576050103149330361e+00
-2.576499013343423794e+00
-2.576946635969329602e+00
-2.577392974848497609e+00
-2.577838033793884875e+00
-2.578281816609925059e+00
-2.578724327092503987e+00
-2.579165569028928129e+00
-2.579605546197920596e+00
-2.580044262369565189e+00
-2.580481721305335263e+00
-2.580917926757999581e+00
-2.581352882471670274e+00
-2.581786592181741558e+00
-2.582219059614872414e+00
-2.582650288488990586e+00
-2.583080282513246395e+00
-2.583509045388003855e+00
-2.583936580804834016e+00
-2.584362892446473214e+00
-2.584787983986829296e+00
-2.585211859090962072e+00
-2.585634521415045128e+00
-2.586055974606379593e+00
-2.586476222303363492e+00
-2.586895268135485093e+00
-2.587313115723291812e+00
-2.587729768678412423e+00
-2.588145230603500657e+00
-2.588559505092253854e+00
-2.588972595729398751e+00
-2.589384506090659510e+00
-2.589795239742782140e+00
-2.590204800243474992e+00
-2.590613191141458937e+00
-2.591020415976404312e+00
-2.591426478278957113e+00
-2.591831381570706583e+00
-2.592235129364200752e+00
-2.592637725162924678e+00
-2.593039172461287567e+00
-2.593439474744643203e+00
-2.593838635489248645e+00
-2.594236658162281994e+00
-2.594633546221827292e+00
-2.595029303116877628e+00
-2.595423932287334257e+00
-2.595817437163971508e+00
-2.596209821168481646e+00
-2.596601087713431788e+00
-2.596991240202277229e+00
-2.597380282029358334e+00
-2.597768216579908973e+00
-2.598155047230026327e+00
-2.598540777346691755e+00
-2.598925410287776572e+00
-2.599308949402018065e+00
-2.599691398029036371e+00
-2.600072759499330033e+00
-2.600453037134278222e+00
-2.600832234246127861e+00
-2.601210354138018488e+00
-2.601587400103975156e+00
-2.601963375428898217e+00
-2.602338283388577977e+00
-2.602712127249691587e+00
-2.603084910269812813e+00
-2.603456635697412036e+00
-2.603827306771844707e+00
-2.604196926723392203e+00
-2.604565498773214305e+00
-2.604933026133413154e+00
-2.605299512006983509e+00
-2.605664959587844720e+00
-2.606029372060852722e+00
-2.606392752601787155e+00
-2.606755104377365573e+00
-2.607116430545258545e+00
-2.607476734254067008e+00
-2.607836018643373333e+00
-2.608194286843704912e+00
-2.608551541976570132e+00
-2.608907787154452151e+00
-2.609263025480827114e+00
