1.999999999999957589e+00
1.983891283085954083e+00
1.937110373427967769e+00
1.863931388125244171e+00
1.770424185554347885e+00
1.663307945278724276e+00
1.548950615460553903e+00
1.432719259118051536e+00
1.318706189727441469e+00
1.209741475557486901e+00
1.107569848003215007e+00
1.013089677402987165e+00
9.265886865188246446e-01
8.479443426852563137e-01
7.767792321183837334e-01
7.125738040010208829e-01
6.547438678223549413e-01
6.026912144650612424e-01
5.558348542681378346e-01
5.136288642841169150e-01
4.755713238533215148e-01
4.412075366380405206e-01
4.101297454433202594e-01
3.819748190077382199e-01
3.564208762618886750e-01
3.331834604999525107e-01
3.120116385646165003e-01
2.926842434733441523e-01
2.750063765099152180e-01
2.588062168853458855e-01
2.439321402045764586e-01
2.302501161327096535e-01
2.176413443652499002e-01
2.060001011257311943e-01
1.952318008406845051e-01
1.852513108311815704e-01
1.759815689567324759e-01
1.673525350084071606e-01
1.593004642522805880e-01
1.517674454808937978e-01
1.447011150651533185e-01
1.380544518481067739e-01
1.317855730951933424e-01
1.258574799199478345e-01
1.202377311375500413e-01
1.148980495703974258e-01
1.098138807783703291e-01
1.049639309142045701e-01
1.003297099565173267e-01
9.589510171994738985e-02
9.164597532358241538e-02
8.756984605942402800e-02
8.365558792122439191e-02
7.989319587057952532e-02
7.627359324501227500e-02
7.278847832454057865e-02
6.943020365313964937e-02
6.619168194302862962e-02
6.306631300455914357e-02
6.004792693998739495e-02
5.713073967625054844e-02
5.430931770266475556e-02
5.157854957890831843e-02
4.893362236782357322e-02
4.637000162519713115e-02
4.388341395505714060e-02
4.146983142645238596e-02
3.912545736333036817e-02
3.684671317590350326e-02
3.463022601412231449e-02
3.247281710170128732e-02
3.037149066202928308e-02
2.832342338157619113e-02
2.632595437816709003e-02
2.437657565426441103e-02
2.247292302205103343e-02
2.061276749022377883e-02
1.879400710313251788e-02
1.701465922205407447e-02
1.527285323715272050e-02
1.356682369742163649e-02
1.189490384400372983e-02
1.025551953138995054e-02
8.647183519960556508e-03
7.068490122537813419e-03
5.518110187366042502e-03
3.994786399759333445e-03
2.497328884705427021e-03
1.024611093158656061e-03
-4.244340450162836786e-04
-1.850817717777151344e-03
-3.255498593041264432e-03
-4.639385961324557495e-03
-6.003342673115429767e-03
-7.348187884618231913e-03
-8.674699624573498080e-03
-9.983617194259900018e-03
-1.127564341197127840e-02
-1.255144671250221430e-02
-1.381166311165602650e-02
-1.505689804489777212e-02
-1.628772808886045156e-02
-1.750470257372904737e-02
-1.870834509393081921e-02
-1.989915492414620277e-02
-2.107760834708570508e-02
-2.224415989899886786e-02
-2.339924353857232575e-02
-2.454327374436582332e-02
-2.567664654553681106e-02
-2.679974049046023737e-02
-2.791291755726585389e-02
-2.901652401018636057e-02
-3.011089120535514335e-02
-3.119633634927075280e-02
-3.227316321312645453e-02
-3.334166280575052987e-02
-3.440211400798322272e-02
-3.545478417080945299e-02
-3.649992967967415070e-02
-3.753779648705305588e-02
-3.856862061531969588e-02
-3.959262863173921426e-02
-4.061003809735927450e-02
-4.162105799134956097e-02
-4.262588911236846884e-02
-4.362472445829582851e-02
-4.461774958568012067e-02
-4.560514295011307978e-02
-4.658707622864329684e-02
-4.756371462534982053e-02
-4.853521716101548422e-02
-4.950173694785791473e-02
-5.046342145019218350e-02
-5.142041273180339434e-02
-5.237284769086460873e-02
-5.332085828300930919e-02
-5.426457173333180950e-02
-5.520411073785399386e-02
-5.613959365512143085e-02
-5.707113468839817433e-02
-5.799884405906742535e-02
-5.892282817165173103e-02
-5.984318977091473285e-02
-6.076002809153346201e-02
-6.167343900066739326e-02
-6.258351513385262965e-02
-6.349034602453151876e-02
-6.439401822760665306e-02
-6.529461543732011097e-02
-6.619221859968696386e-02
-6.708690601985489721e-02
-6.797875346462749213e-02
-6.886783426034726041e-02
-6.975421938644069120e-02
-7.063797756479572865e-02
-7.151917534522796160e-02
-7.239787718717166642e-02
-7.327414553785802087e-02
-7.414804090704968376e-02
-7.501962193863058459e-02
-7.588894547907676369e-02
-7.675606664307220439e-02
-7.762103887629731580e-02
-7.848391401563013792e-02
-7.934474234679698978e-02
-8.020357265967606453e-02
-8.106045230125513701e-02
-8.191542722648270658e-02
-8.276854204699149453e-02
-8.361984007789430295e-02
-8.446936338265927102e-02
-8.531715281618137969e-02
-8.616324806618393117e-02
-8.700768769290223581e-02
-8.785050916728093240e-02
-8.869174890764704167e-02
-8.953144231489562621e-02
-9.036962380642211967e-02
-9.120632684862764461e-02
-9.204158398828066190e-02
-9.287542688261214707e-02
-9.370788632828767895e-02
-9.453899228931117449e-02
-9.536877392383714958e-02
-9.619725961003028347e-02
-9.702447697090377243e-02
-9.785045289831433013e-02
-9.867521357600905763e-02
-9.949878450185521694e-02
-1.003211905092755846e-01
-1.011424557878858183e-01
-1.019626039033963427e-01
-1.027816578167973088e-01
-1.035996399028710352e-01
-1.044165719680297671e-01
-1.052324752675478647e-01
-1.060473705221632035e-01
-1.068612779341007735e-01
-1.076742172025850347e-01
-1.084862075387270919e-01
-1.092972676799913029e-01
-1.101074159041064982e-01
-1.109166700425248814e-01
-1.117250474934212701e-01
-1.125325652342512028e-01
-1.133392398338901041e-01
-1.141450874643635538e-01
-1.149501239121858698e-01
-1.157543645893296252e-01
-1.165578245438208121e-01
-1.173605184699999526e-01
-1.181624607184391940e-01
-1.189636653055345800e-01
-1.197641459228049599e-01
-1.205639159458599952e-01
-1.213629884431184774e-01
-1.221613761842080537e-01
-1.229590916481338864e-01
-1.237561470311596273e-01
-1.245525542544709124e-01
-1.253483249715641179e-01
-1.261434705754181929e-01
-1.269380022054704127e-01
-1.277319307543266225e-01
-1.285252668743007975e-01
-1.293180209837374861e-01
-1.301102032731514535e-01
-1.309018237111806704e-01
-1.316928920503362965e-01
-1.324834178326115830e-01
-1.332734103949048399e-01
-1.340628788742768140e-01
-1.348518322130562719e-01
-1.356402791638151861e-01
-1.364282282941431945e-01
-1.372156879913422334e-01
-1.380026664669476155e-01
-1.387891717611262066e-01
-1.395752117469398756e-01
-1.403607941345151044e-01
-1.411459264750410947e-01
-1.419306161647063413e-01
-1.427148704484761110e-01
-1.434986964238037788e-01
-1.442821010442141560e-01
-1.450650911227823192e-01
-1.458476733355182908e-01
-1.466298542246833314e-01
-1.474116402019565175e-01
-1.481930375515780884e-01
-1.489740524333608707e-01
-1.497546908856308145e-01
-1.505349588280946727e-01
-1.513148620646229126e-01
-1.520944062859574397e-01
-1.528735970723348048e-01
-1.536524398960713855e-01
-1.544309401240458457e-01
-1.552091030201049882e-01
-1.559869337474679707e-01
-1.567644373709936867e-01
-1.575416188594288558e-01
-1.583184830875867255e-01
-1.590950348384743973e-01
-1.598712788053406608e-01
-1.606472195937126979e-01
-1.614228617233383622e-01
-1.621982096300993159e-01
-1.629732676678652681e-01
-1.637480401103319494e-01
-1.645225311527385992e-01
-1.652967449136272804e-01
-1.660706854365139040e-01
-1.668443566914995790e-01
-1.676177625768840995e-01
-1.683909069207096265e-01
-1.691637934822837197e-01
-1.699364259536327859e-01
-1.707088079609578035e-01
-1.714809430660432510e-01
-1.722528347675995886e-01
-1.730244865026277223e-01
-1.737959016476940399e-01
-1.745670835202221272e-01
-1.753380353797098778e-01
-1.761087604289515163e-01
-1.768792618152226770e-01
-1.776495426314138315e-01
-1.784196059171645754e-01
-1.791894546599573090e-01
-1.799590917961842451e-01
-1.807285202121926837e-01
-1.814977427453111636e-01
-1.822667621848380604e-01
-1.830355812730114218e-01
-1.838042027059641481e-01
-1.845726291346448944e-01
-1.853408631657304240e-01
-1.861089073624961066e-01
-1.868767642457019040e-01
-1.876444362944109101e-01
-1.884119259468380603e-01
-1.891792356011250675e-01
-1.899463676161620707e-01
-1.907133243123219080e-01
-1.914801079722434907e-01
-1.922467208415407358e-01
-1.930131651295384498e-01
-1.937794430099575582e-01
-1.945455566216067189e-01
-1.953115080690680239e-01
-1.960772994233323796e-01
-1.968429327224371361e-01
-1.976084099721190090e-01
-1.983737331463956977e-01
-1.991389041881897193e-01
-1.999039250099086951e-01
-2.006687974939916630e-01
-2.014335234935201169e-01
-2.021981048327264607e-01
-2.029625433075348817e-01
-2.037268406861088565e-01
-2.044909987093439241e-01
-2.052550190913783046e-01
-2.060189035200779839e-01
-2.067826536575302909e-01
-2.075462711405058058e-01
-2.083097575809265689e-01
-2.090731145662975132e-01
-2.098363436601783927e-01
-2.105994464025924273e-01
-2.113624243104668676e-01
-2.121252788780322585e-01
-2.128880115772324166e-01
-2.136506238581349360e-01
-2.144131171493007804e-01
-2.151754928581720849e-01
-2.159377523714661462e-01
-2.166998970555074622e-01
-2.174619282565994072e-01
-2.182238473013823898e-01
-2.189856554971766622e-01
-2.197473541323120283e-01
-2.205089444764534445e-01
-2.212704277809394438e-01
-2.220318052790836993e-01
-2.227930781864995990e-01
-2.235542477013879870e-01
-2.243153150048488587e-01
-2.250762812611742381e-01
-2.258371476181221804e-01
-2.265979152071954938e-01
-2.273585851439425265e-01
-2.281191585281983347e-01
-2.288796364443711762e-01
-2.296400199616741300e-01
-2.304003101344155868e-01
-2.311605080022136327e-01
-2.319206145902635852e-01
-2.326806309095710568e-01
-2.334405579571752765e-01
-2.342003967164019984e-01
-2.349601481570674499e-01
-2.357198132357247178e-01
-2.364793928958491553e-01
-2.372388880680768586e-01
-2.379982996704132492e-01
-2.387576286084175659e-01
-2.395168757754303213e-01
-2.402760420527488838e-01
-2.410351283098374209e-01
-2.417941354045133884e-01
-2.425530641831197265e-01
-2.433119154807380502e-01
-2.440706901213354763e-01
-2.448293889179630201e-01
-2.455880126729211854e-01
-2.463465621779317438e-01
-2.471050382143010760e-01
-2.478634415530921453e-01
-2.486217729552759881e-01
-2.493800331718926955e-01
-2.501382229442103977e-01
-2.508963430038761988e-01
-2.516543940730565088e-01
-2.524123768645986643e-01
-2.531702920821646829e-01
-2.539281404203770354e-01
-2.546859225649554248e-01
-2.554436391928501804e-01
-2.562012909723905274e-01
-2.569588785633998285e-01
-2.577164026173252021e-01
-2.584738637773854597e-01
-2.592312626786658081e-01
-2.599885999482664523e-01
-2.607458762054056800e-01
-2.615030920615519228e-01
-2.622602481205238978e-01
-2.630173449786210038e-01
-2.637743832247296250e-01
-2.645313634404236058e-01
-2.652882862000870423e-01
-2.660451520710189754e-01
-2.668019616135253180e-01
-2.675587153810445873e-01
-2.683154139202166832e-01
-2.690720577710148387e-01
-2.698286474668235013e-01
-2.705851835345416401e-01
-2.713416664946779466e-01
-2.720980968614367668e-01
-2.728544751428192416e-01
-2.736108018406970821e-01
-2.743670774509243682e-01
-2.751233024634087143e-01
-2.758794773621920937e-01
-2.766356026255454292e-01
-2.773916787260571337e-01
-2.781477061306835141e-01
-2.789036853008678429e-01
-2.796596166925925941e-01
-2.804155007564643753e-01
-2.811713379377965283e-01
-2.819271286766651397e-01
-2.826828734080054639e-01
-2.834385725616599405e-01
-2.841942265624823882e-01
-2.849498358303690360e-01
-2.857054007803507267e-01
-2.864609218226581988e-01
-2.872163993627921408e-01
-2.879718338015672674e-01
-2.887272255352044126e-01
-2.894825749553754934e-01
-2.902378824492762299e-01
-2.909931483996805457e-01
-2.917483731850015749e-01
-2.925035571793581646e-01
-2.932587007526203937e-01
-2.940138042704886767e-01
-2.947688680945209083e-01
-2.955238925822115670e-01
-2.962788780870416194e-01
-2.970338249585229851e-01
-2.977887335422640391e-01
-2.985436041800136331e-01
-2.992984372097176604e-01
-3.000532329655608010e-01
-3.008079917780402956e-01
-3.015627139739769924e-01
-3.023173998766024440e-01
-3.030720498055683443e-01
-3.038266640770372895e-01
-3.045812430036904939e-01
-3.053357868947966791e-01
-3.060902960562402741e-01
-3.068447707905833099e-01
-3.075992113970900665e-01
-3.083536181717856373e-01
-3.091079914074938428e-01
-3.098623313938669299e-01
-3.106166384174474104e-01
-3.113709127616882122e-01
-3.121251547070017507e-01
-3.128793645308086679e-01
-3.136335425075529870e-01
-3.143876889087621751e-01
-3.151418040030699586e-01
-3.158958880562609539e-01
-3.166499413313013656e-01
-3.174039640883811186e-01
-3.181579565849509406e-01
-3.189119190757334632e-01
-3.196658518128011606e-01
-3.204197550455636367e-01
-3.211736290208279665e-01
-3.219274739828300036e-01
-3.226812901732546979e-01
-3.234350778312826691e-01
-3.241888371936041402e-01
-3.249425684944703407e-01
-3.256962719656977812e-01
-3.264499478367259289e-01
-3.272035963346308085e-01
-3.279572176841537012e-01
-3.287108121077357836e-01
-3.294643798255437739e-01
-3.302179210554961886e-01
-3.309714360132927080e-01
-3.317249249124430421e-01
-3.324783879642936313e-01
-3.332318253780417461e-01
-3.339852373607846148e-01
-3.347386241175241417e-01
-3.354919858511994923e-01
-3.362453227627121843e-01
-3.369986350509543982e-01
-3.377519229128312372e-01
-3.385051865432712748e-01
-3.392584261352754038e-01
-3.400116418799165596e-01
-3.407648339663763570e-01
-3.415180025819588017e-01
-3.422711479121247069e-01
-3.430242701404992989e-01
-3.437773694488999165e-01
-3.445304460173658767e-01
-3.452835000241613050e-01
-3.460365316458129947e-01
-3.467895410571182890e-01
-3.475425284311782770e-01
-3.482954939394011240e-01
-3.490484377515389314e-01
-3.498013600356896791e-01
-3.505542609583396363e-01
-3.513071406843495947e-01
-3.520599993770073821e-01
-3.528128371980236433e-01
-3.535656543075568203e-01
-3.543184508642332475e-01
-3.550712270251671354e-01
-3.558239829459634573e-01
-3.565767187807441507e-01
-3.573294346821800360e-01
-3.580821308014876525e-01
-3.588348072884380291e-01
-3.595874642914060337e-01
-3.603401019573534425e-01
-3.610927204318672978e-01
-3.618453198591562447e-01
-3.625979003820791746e-01
-3.633504621421689840e-01
-3.641030052796179750e-01
-3.648555299333193780e-01
-3.656080362408746232e-01
-3.663605243386008903e-01
-3.671129943615548674e-01
-3.678654464435435201e-01
-3.686178807171303085e-01
-3.693702973136622214e-01
-3.701226963632774924e-01
-3.708750779949089305e-01
-3.716274423363157831e-01
-3.723797895140843472e-01
-3.731321196536430684e-01
-3.738844328792723659e-01
-3.746367293141291133e-01
-3.753890090802400326e-01
-3.761412722985392199e-01
-3.768935190888437203e-01
-3.776457495699049871e-01
-3.783979638593981676e-01
-3.791501620739343714e-01
-3.799023443290799884e-01
-3.806545107393556893e-01
-3.814066614182724524e-01
-3.821587964783075830e-01
-3.829109160309476234e-01
-3.836630201866740308e-01
-3.844151090549912664e-01
-3.851671827444358986e-01
-3.859192413625685547e-01
-3.866712850160150539e-01
-3.874233138104386520e-01
-3.881753278505934990e-01
-3.889273272402958281e-01
-3.896793120824501022e-01
-3.904312824790663883e-01
-3.911832385312539739e-01
-3.919351803392415734e-01
-3.926871080023818239e-01
-3.934390216191643308e-01
-3.941909212872124479e-01
-3.949428071033168064e-01
-3.956946791634178839e-01
-3.964465375626324284e-01
-3.971983823952486836e-01
-3.979502137547523688e-01
-3.987020317338136333e-01
-3.994538364243125916e-01
-4.002056279173402120e-01
-4.009574063032067537e-01
-4.017091716714493721e-01
-4.024609241108417779e-01
-4.032126637094033406e-01
-4.039643905544041402e-01
-4.047161047323675764e-01
-4.054678063290939050e-01
-4.062194954296493021e-01
-4.069711721183839614e-01
-4.077228364789369230e-01
-4.084744885942418469e-01
-4.092261285465357279e-01
-4.099777564173675559e-01
-4.107293722875999809e-01
-4.114809762374186941e-01
-4.122325683463481938e-01
-4.129841486932399608e-01
-4.137357173562938306e-01
-4.144872744130594922e-01
-4.152388199404415947e-01
-4.159903540147114054e-01
-4.167418767115063094e-01
-4.174933881058446872e-01
-4.182448882721183647e-01
-4.189963772841172607e-01
-4.197478552150165632e-01
-4.204993221373956591e-01
-4.212507781232396331e-01
-4.220022232439480381e-01
-4.227536575703301214e-01
-4.235050811726220887e-01
-4.242564941204938211e-01
-4.250078964830443229e-01
-4.257592883288114916e-01
-4.265106697257833868e-01
-4.272620407413973420e-01
-4.280134014425364120e-01
-4.287647518955654546e-01
-4.295160921662961040e-01
-4.302674223200267378e-01
-4.310187424215200513e-01
-4.317700525350254837e-01
-4.325213527242797729e-01
-4.332726430525143946e-01
-4.340239235824501218e-01
-4.347751943763136229e-01
-4.355264554958347412e-01
-4.362777070022567094e-01
-4.370289489563394247e-01
-4.377801814183543416e-01
-4.385314044481086748e-01
-4.392826181049315770e-01
-4.400338224476887383e-01
-4.407850175347798882e-01
-4.415362034241515077e-01
-4.422873801732926657e-01
-4.430385478392400711e-01
-4.437897064785996104e-01
-4.445408561475207576e-01
-4.452919969017170576e-01
-4.460431287964853886e-01
-4.467942518866776513e-01
-4.475453662267229182e-01
-4.482964718706342055e-01
-4.490475688720019232e-01
-4.497986572840196318e-01
-4.505497371594466283e-01
-4.513008085506587941e-01
-4.520518715096115692e-01
-4.528029260878825291e-01
-4.535539723366346920e-01
-4.543050103066548773e-01
-4.550560400483345536e-01
-4.558070616116877694e-01
-4.565580750463426596e-01
-4.573090804015548239e-01
-4.580600777262006651e-01
-4.588110670687952641e-01
-4.595620484774825543e-01
-4.603130220000409834e-01
-4.610639876838910634e-01
-4.618149455761018651e-01
-4.625658957233767521e-01
-4.633168381720790818e-01
-4.640677729682213815e-01
-4.648187001574791699e-01
-4.655696197851704743e-01
-4.663205318962941326e-01
-4.670714365355033704e-01
-4.678223337471157928e-01
-4.685732235751308705e-01
-4.693241060632166173e-01
-4.700749812547188600e-01
-4.708258491926617939e-01
-4.715767099197525347e-01
-4.723275634783830612e-01
-4.730784099106357110e-01
-4.738292492582835136e-01
-4.745800815627879143e-01
-4.753309068653179814e-01
-4.760817252067248151e-01
-4.768325366275770749e-01
-4.775833411681417173e-01
-4.783341388683897688e-01
-4.790849297680018215e-01
-4.798357139063744725e-01
-4.805864913226235435e-01
-4.813372620555627646e-01
-4.820880261437429093e-01
-4.828387836254307564e-01
-4.835895345386214128e-01
-4.843402789210261572e-01
-4.850910168100924791e-01
-4.858417482429979173e-01
-4.865924732566572763e-01
-4.873431918877124125e-01
-4.880939041725493865e-01
-4.888446101472971317e-01
-4.895953098478219023e-01
-4.903460033097367665e-01
-4.910966905683953887e-01
-4.918473716589194522e-01
-4.925980466161553051e-01
-4.933487154747229209e-01
-4.940993782689889202e-01
-4.948500350330816144e-01
-4.956006858008848437e-01
-4.963513306060457486e-01
-4.971019694819734380e-01
-4.978526024618520895e-01
-4.986032295786129165e-01
-4.993538508649771335e-01
-5.001044663534285339e-01
-5.008550760762293663e-01
-5.016056800654009606e-01
-5.023562783527639741e-01
-5.031068709699033636e-01
-5.038574579481908122e-01
-5.046080393187815094e-01
-5.053586151126033821e-01
-5.061091853603914004e-01
-5.068597500926489419e-01
-5.076103093396793220e-01
-5.083608631315772453e-01
-5.091114114982194794e-01
-5.098619544693001604e-01
-5.106124920742850515e-01
-5.113630243424550637e-01
-5.121135513028831632e-01
-5.128640729844455848e-01
-5.136145894158256064e-01
-5.143651006255036684e-01
-5.151156066417741375e-01
-5.158661074927310963e-01
-5.166166032062858848e-01
-5.173670938101642136e-01
-5.181175793318836265e-01
-5.188680597988052368e-01
-5.196185352380789935e-01
-5.203690056766882011e-01
-5.211194711414341985e-01
-5.218699316589278103e-01
-5.226203872556128838e-01
-5.233708379577436398e-01
-5.241212837914147604e-01
-5.248717247825298582e-01
-5.256221609568344499e-01
-5.263725923398904216e-01
-5.271230189570988989e-01
-5.278734408336855921e-01
-5.286238579947144522e-01
-5.293742704650792330e-01
-5.301246782695048232e-01
-5.308750814325650103e-01
-5.316254799786561680e-01
-5.323758739320328948e-01
-5.331262633167689335e-01
-5.338766481567929212e-01
-5.346270284758742886e-01
-5.353774042976250369e-01
-5.361277756455007371e-01
-5.368781425428106324e-01
-5.376285050127013188e-01
-5.383788630781715101e-01
-5.391292167620830300e-01
-5.398795660871277269e-01
-5.406299110758664428e-01
-5.413802517507054768e-01
-5.421305881339052446e-01
-5.428809202475884943e-01
-5.436312481137298702e-01
-5.443815717541636845e-01
-5.451318911905842501e-01
-5.458822064445402189e-01
-5.466325175374511236e-01
-5.473828244905933893e-01
-5.481331273251082159e-01
-5.488834260619968042e-01
-5.496337207221344556e-01
-5.503840113262538081e-01
-5.511342978949663740e-01
-5.518845804487423345e-01
-5.526348590079233070e-01
-5.533851335927232329e-01
-5.541354042232284893e-01
-5.548856709193988879e-01
-5.556359337010666755e-01
-5.563861925879327597e-01
-5.571364475995826959e-01
-5.578866987554723655e-01
-5.586369460749365246e-01
-5.593871895771906910e-01
-5.601374292813261491e-01
-5.608876652063151669e-01
-5.616378973710179912e-01
-5.623881257941600875e-01
-5.631383504943643370e-01
-5.638885714901347157e-01
-5.646387887998547406e-01
-5.653890024417986826e-01
-5.661392124341233512e-01
-5.668894187948745333e-01
-5.676396215419835523e-01
-5.683898206932752606e-01
-5.691400162664583817e-01
-5.698902082791383883e-01
-5.706403967488056228e-01
-5.713905816928459558e-01
-5.721407631285340134e-01
-5.728909410730489427e-01
-5.736411155434477660e-01
-5.743912865566974668e-01
-5.751414541296564487e-01
-5.758916182790733140e-01
-5.766417790215982997e-01
-5.773919363737861632e-01
-5.781420903520843035e-01
-5.788922409728382013e-01
-5.796423882522994120e-01
-5.803925322066127990e-01
-5.811426728518372942e-01
-5.818928102039206962e-01
-5.826429442787172119e-01
-5.833930750919981145e-01
-5.841432026594258753e-01
-5.848933269965658210e-01
-5.856434481189034535e-01
-5.863935660418201357e-01
-5.871436807806047486e-01
-5.878937923504594654e-01
-5.886439007664922007e-01
-5.893940060437234951e-01
-5.901441081970763003e-01
-5.908942072413938540e-01
-5.916443031914253581e-01
-5.923943960618289761e-01
-5.931444858671779397e-01
-5.938945726219713173e-01
-5.946446563405988206e-01
-5.953947370373813275e-01
-5.961448147265493436e-01
-5.968948894222482204e-01
-5.976449611385420413e-01
-5.983950298894128439e-01
-5.991450956887531820e-01
-5.998951585503765616e-01
-6.006452184880257672e-01
-6.013952755153502139e-01
-6.021453296459208238e-01
-6.028953808932293601e-01
-6.036454292706957547e-01
-6.043954747916443493e-01
-6.051455174693468608e-01
-6.058955573169709785e-01
-6.066455943476264379e-01
-6.073956285743362660e-01
-6.081456600100541010e-01
-6.088956886676549773e-01
-6.096457145599361027e-01
-6.103957376996254069e-01
-6.111457580993773231e-01
-6.118957757717680135e-01
-6.126457907293056948e-01
-6.133958029844231996e-01
-6.141458125494817510e-01
-6.148958194367798447e-01
-6.156458236585286015e-01
-6.163958252268814109e-01
-6.171458241539199419e-01
-6.178958204516553643e-01
-6.186458141320283488e-01
-6.193958052069091780e-01
-6.201457936881118460e-01
-6.208957795873691898e-01
-6.216457629163519849e-01
-6.223957436866647264e-01
-6.231457219098490707e-01
-6.238956975973798391e-01
-6.246456707606617975e-01
-6.253956414110367623e-01
-6.261456095597843774e-01
-6.268955752181246677e-01
-6.276455383972060487e-01
-6.283954991081158736e-01
-6.291454573618791013e-01
-6.298954131694630698e-01
-6.306453665417678378e-01
-6.313953174896351772e-01
-6.321452660238477961e-01
-6.328952121551238985e-01
-6.336451558941184059e-01
-6.343950972514345032e-01
-6.351450362376134251e-01
-6.358949728631342335e-01
-6.366449071384245872e-01
-6.373948390738426450e-01
-6.381447686797040442e-01
-6.388946959662543668e-01
-6.396446209436821295e-01
-6.403945436221297749e-01
-6.411444640116771287e-01
-6.418943821223468404e-01
-6.426442979641069364e-01
-6.433942115468727074e-01
-6.441441228805037111e-01
-6.448940319748049932e-01
-6.456439388395253109e-01
-6.463938434843664593e-01
-6.471437459189635089e-01
-6.478936461529127833e-01
-6.486435441957544290e-01
-6.493934400569734144e-01
-6.501433337460013062e-01
-6.508932252722188228e-01
-6.516431146449653822e-01
-6.523930018735136782e-01
-6.531428869670952153e-01
-6.538927699348937583e-01
-6.546426507860328980e-01
-6.553925295295959241e-01
-6.561424061746125025e-01
-6.568922807300631161e-01
-6.576421532048867258e-01
-6.583920236079601196e-01
-6.591418919481258909e-01
-6.598917582341737864e-01
-6.606416224748381527e-01
-6.613914846788243596e-01
-6.621413448547741609e-01
-6.628912030112864562e-01
-6.636410591569221751e-01
-6.643909133001858480e-01
-6.651407654495457011e-01
-6.658906156134158927e-01
-6.666404638001698357e-01
-6.673903100181426407e-01
-6.681401542756112422e-01
-6.688899965808203785e-01
-6.696398369419621632e-01
-6.703896753671919617e-01
-6.711395118646213964e-01
-6.718893464423095763e-01
-6.726391791082887428e-01
-6.733890098705350713e-01
-6.741388387369863233e-01
-6.748886657155378499e-01
-6.756384908140519174e-01
-6.763883140403349481e-01
-6.771381354021630550e-01
-6.778879549072652777e-01
-6.786377725633339075e-01
-6.793875883780199354e-01
-6.801374023589309425e-01
-6.808872145136414256e-01
-6.816370248496749218e-01
-6.823868333745330972e-01
-6.831366400956573326e-01
-6.838864450204685808e-01
-6.846362481563353919e-01
-6.853860495105970063e-01
-6.861358490905529184e-01
-6.868856469034574364e-01
-6.876354429565363358e-01
-6.883852372569725375e-01
-6.891350298119129913e-01
-6.898848206284651230e-01
-6.906346097137140427e-01
-6.913843970746783585e-01
-6.921341827183697948e-01
-6.928839666517525586e-01
-6.936337488817495567e-01
-6.943835294152540527e-01
-6.951333082591264478e-01
-6.958830854201807359e-01
-6.966328609052137022e-01
-6.973826347209656218e-01
-6.981324068741598943e-01
-6.988821773714730679e-01
-6.996319462195603744e-01
-7.003817134250325260e-01
-7.011314789944614878e-01
-7.018812429344019055e-01
-7.026310052513673465e-01
-7.033807659518268585e-01
-7.041305250422341677e-01
-7.048802825290019225e-01
-7.056300384185058006e-01
-7.063797927170942792e-01
-7.071295454310865258e-01
-7.078792965667572989e-01
-7.086290461303611510e-01
-7.093787941281181064e-01
-7.101285405662126626e-01
-7.108782854507977866e-01
-7.116280287879955813e-01
-7.123777705839041685e-01
-7.131275108445807032e-01
-7.138772495760565828e-01
-7.146269867843280110e-01
-7.153767224753632137e-01
-7.161264566550982202e-01
-7.168761893294449683e-01
-7.176259205042718747e-01
-7.183756501854289267e-01
-7.191253783787345810e-01
-7.198751050899668824e-01
-7.206248303248888876e-01
-7.213745540892236852e-01
-7.221242763886641658e-01
-7.228739972288789062e-01
-7.236237166155016221e-01
-7.243734345541419373e-01
-7.251231510503786115e-01
-7.258728661097535451e-01
-7.266225797377858786e-01
-7.273722919399694398e-01
-7.281220027217609747e-01
-7.288717120885875866e-01
-7.296214200458497334e-01
-7.303711265989214496e-01
-7.311208317531425749e-01
-7.318705355138238611e-01
-7.326202378862526343e-01
-7.333699388756750315e-01
-7.341196384873194258e-01
-7.348693367263782195e-01
-7.356190335980193895e-01
-7.363687291073668373e-01
-7.371184232595318075e-01
-7.378681160595876865e-01
-7.386178075125781062e-01
-7.393674976235209417e-01
-7.401171863973843301e-01
-7.408668738391347430e-01
-7.416165599536840292e-01
-7.423662447459227209e-01
-7.431159282207088213e-01
-7.438656103828688027e-01
-7.446152912371982735e-01
-7.453649707884487663e-01
-7.461146490413547161e-01
-7.468643260006121443e-01
-7.476140016708728853e-01
-7.483636760567694557e-01
-7.491133491628867436e-01
-7.498630209937882096e-01
-7.506126915539892419e-01
-7.513623608479704785e-01
-7.521120288801841358e-01
-7.528616956550321371e-01
-7.536113611768836540e-01
-7.543610254500704437e-01
-7.551106884788855167e-01
-7.558603502675774743e-01
-7.566100108203439589e-01
-7.573596701413576326e-01
-7.581093282347382001e-01
-7.588589851045561829e-01
-7.596086407548399144e-01
-7.603582951895750952e-01
-7.611079484126921368e-01
-7.618576004280753766e-01
-7.626072512395555281e-01
-7.633569008509125675e-01
-7.641065492658685177e-01
-7.648561964880895570e-01
-7.656058425211921259e-01
-7.663554873687219438e-01
-7.671051310341763241e-01
-7.678547735209785285e-01
-7.686044148324857606e-01
-7.693540549720050414e-01
-7.701036939427469141e-01
-7.708533317478732938e-01
-7.716029683904565006e-01
-7.723526038735015753e-01
-7.731022381999324011e-01
-7.738518713725818232e-01
-7.746015033942094119e-01
-7.753511342674778151e-01
-7.761007639949610848e-01
-7.768503925791386822e-01
-7.776000200223885939e-01
-7.783496463269912180e-01
-7.790992714951155973e-01
-7.798488955288249702e-01
-7.805985184300715529e-01
-7.813481402006805521e-01
-7.820977608423613781e-01
-7.828473803566946554e-01
-7.835969987451292251e-01
-7.843466160089732631e-01
-7.850962321493991647e-01
-7.858458471674212298e-01
-7.865954610639168676e-01
-7.873450738395829651e-01
-7.880946854949707481e-01
-7.888442960304498097e-01
-7.895939054462044471e-01
-7.903435137422529788e-01
-7.910931209184033364e-01
-7.918427269742772667e-01
-7.925923319092794683e-01
-7.933419357226016988e-01
-7.940915384132219978e-01
-7.948411399798701593e-01
-7.955907404210456058e-01
-7.963403397349956281e-01
-7.970899379197163848e-01
-7.978395349729221486e-01
-7.985891308920491927e-01
-7.993387256742580105e-01
-8.000883193163912388e-01
-8.008379118149899778e-01
-8.015875031662768047e-01
-8.023370933661206905e-01
-8.030866824100609813e-01
-8.038362702932684289e-01
-8.045858570105401952e-01
-8.053354425562865293e-01
-8.060850269245154465e-01
-8.068346101088241795e-01
-8.075841921023657610e-01
-8.083337728978563508e-01
-8.090833524875468141e-01
-8.098329308632076229e-01
-8.105825080161096485e-01
-8.113320839370150583e-01
-8.120816586161463402e-01
-8.128312320431815285e-01
-8.135808042072173452e-01
-8.143303750967723076e-01
-8.150799446997459841e-01
-8.158295130034001197e-01
-8.165790799943565270e-01
-8.173286456585445725e-01
-8.180782099812053954e-01
-8.188277729468501631e-01
-8.195773345392343145e-01
-8.203268947413624446e-01
-8.210764535354143634e-01
-8.218260109027594185e-01
-8.225755668239056462e-01
-8.233251212784873374e-01
-8.240746742452196294e-01
-8.248242257018804091e-01
-8.255737756252788939e-01
-8.263233239912211037e-01
-8.270728707744784414e-01
-8.278224159487547196e-01
-8.285719594866480797e-01
-8.293215013596281215e-01
-8.300710415379860541e-01
-8.308205799908096045e-01
-8.315701166859387206e-01
-8.323196515899189407e-01
-8.330691846679932899e-01
-8.338187158840174584e-01
-8.345682452004495877e-01
-8.353177725783057506e-01
-8.360672979770981117e-01
-8.368168213548028422e-01
-8.375663426678249257e-01
-8.383158618709252163e-01
-8.390653789171990118e-01
-8.398148937579995588e-01
-8.405644063429237312e-01
-8.413139166197284302e-01
-8.420634245342865087e-01
-8.428129300305425842e-01
-8.435624330504486457e-01
-8.443119335339149822e-01
-8.450614314187515630e-01
-8.458109266406010907e-01
-8.465604191328868211e-01
-8.473099088267466161e-01
-8.480593956509863141e-01
-8.488088795319895796e-01
-8.495583603936726069e-01
-8.503078381574113997e-01
-8.510573127419708284e-01
-8.518067840634457877e-01
-8.525562520351758211e-01
-8.533057165676913858e-01
-8.540551775686177072e-01
-8.548046349426207113e-01
-8.555540885913246463e-01
-8.563035384132217098e-01
-8.570529843036189810e-01
-8.578024261545214024e-01
-8.585518638545901471e-01
-8.593012972890333723e-01
-8.600507263395179569e-01
-8.608001508841048866e-01
-8.615495707971352335e-01
-8.622989859491695386e-01
-8.630483962068585813e-01
-8.637978014328905330e-01
-8.645472014858698317e-01
-8.652965962202234795e-01
-8.660459854861216611e-01
-8.667953691293548424e-01
-8.675447469912450638e-01
-8.682941189085452427e-01
-8.690434847133298168e-01
-8.697928442328936027e-01
-8.705421972896359994e-01
-8.712915437009632891e-01
-8.720408832791591847e-01
-8.727902158313047831e-01
-8.735395411591304615e-01
-8.742888590589170672e-01
-8.750381693213805656e-01
-8.757874717315412560e-01
-8.765367660686178564e-01
-8.772860521059003824e-01
-8.780353296106039318e-01
-8.787845983437847508e-01
-8.795338580601796963e-01
-8.802831085080916607e-01
-8.810323494292512381e-01
-8.817815805586914912e-01
-8.825308016246083964e-01
-8.832800123482358323e-01
-8.840292124436913701e-01
-8.847784016178458222e-01
-8.855275795701965658e-01
-8.862767459926984559e-01
-8.870259005696399246e-01
-8.877750429774883267e-01
-8.885241728847564913e-01
-8.892732899518331902e-01
-8.900223938308480243e-01
-8.907714841655203220e-01
-8.915205605910025977e-01
-8.922696227337192365e-01
-8.930186702112232755e-01
-8.937677026320259843e-01
-8.945167195954539796e-01
-8.952657206914677035e-01
-8.960147055005266425e-01
-8.967636735933943726e-01
-8.975126245310042217e-01
-8.982615578642682008e-01
-8.990104731339294553e-01
-8.997593698703795217e-01
-9.005082475934970132e-01
-9.012571058124791978e-01
-9.020059440256484873e-01
-9.027547617203127706e-01
-9.035035583725590236e-01
-9.042523334470934371e-01
-9.050010863970650021e-01
-9.057498166638847659e-01
-9.064985236770390920e-01
-9.072472068539236822e-01
-9.079958655996447359e-01
-9.087444993068648502e-01
-9.094931073555824197e-01
-9.102416891129767595e-01
-9.109902439332199231e-01
-9.117387711572707554e-01
-9.124872701127104690e-01
-9.132357401135523522e-01
-9.139841804600379316e-01
-9.147325904384787654e-01
-9.154809693210241850e-01
-9.162293163655156336e-01
-9.169776308152690625e-01
-9.177259118988981834e-01
-9.184741588301122972e-01
-9.192223708075312194e-01
-9.199705470144935449e-01
-9.207186866188610264e-01
-9.214667887728384965e-01
-9.222148526127603718e-01
-9.229628772589176799e-01
-9.237108618153599959e-01
-9.244588053696857211e-01
-9.252067069928839871e-01
-9.259545657391069495e-01
-9.267023806455032542e-01
-9.274501507320018767e-01
-9.281978750011530277e-01
-9.289455524378950058e-01
-9.296931820094032073e-01
-9.304407626648663054e-01
-9.311882933353231584e-01
-9.319357729334508678e-01
-9.326832003533856996e-01
-9.334305744705390095e-01
-9.341778941413887427e-01
-9.349251582033243357e-01
-9.356723654744326657e-01
-9.364195147533231900e-01
-9.371666048189450926e-01
-9.379136344303985462e-01
-9.386606023267536347e-01
-9.394075072268800453e-01
-9.401543478292361256e-01
-9.409011228117325487e-01
-9.416478308315217038e-01
-9.423944705248327169e-01
-9.431410405067981451e-01
-9.438875393712782280e-01
-9.446339656906914684e-01
-9.453803180158396602e-01
-9.461265948757492383e-01
-9.468727947774898679e-01
-9.476189162060228988e-01
-9.483649576240353873e-01
-9.491109174717737851e-01
-9.498567941668810688e-01
-9.506025861042673997e-01
-9.513482916559231617e-01
-9.520939091707708579e-01
-9.528394369745433190e-01
-9.535848733696001833e-01
-9.543302166348051063e-01
-9.550754650253672207e-01
-9.558206167727230085e-01
-9.565656700843755411e-01
-9.573106231437739089e-01
-9.580554741101668936e-01
-9.588002211184929457e-01
-9.595448622792377424e-01
-9.602893956783139506e-01
-9.610338193769477622e-01
-9.617781314115508851e-01
-9.625223297936109645e-01
-9.632664125095817820e-01
-9.640103775207646830e-01
-9.647542227632228684e-01
-9.654979461476604907e-01
-9.662415455593318381e-01
-9.669850188579544037e-01
-9.677283638776000840e-01
-9.684715784266249017e-01
-9.692146602875699735e-01
-9.699576072170913443e-01
-9.707004169458820497e-01
-9.714430871785968424e-01
-9.721856155937799171e-01
-9.729279998437954102e-01
-9.736702375547896526e-01
-9.744123263266047941e-01
-9.751542637327371699e-01
-9.758960473203003305e-01
-9.766376746099552086e-01
-9.773791430958792548e-01
-9.781204502457486738e-01
-9.788615935006741431e-01
-9.796025702751853803e-01
-9.803433779572165996e-01
-9.810840139080782007e-01
-9.818244754624363413e-01
-9.825647599283120481e-01
-9.833048645870665627e-01
-9.840447866934062260e-01
-9.847845234753793697e-01
-9.855240721343879740e-01
-9.862634298451928849e-01
-9.870025937559375739e-01
-9.877415609881698977e-01
-9.884803286368575304e-01
-9.892188937704219365e-01
-9.899572534307892191e-01
-9.906954046334005559e-01
-9.914333443672861401e-01
-9.921710695950962666e-01
-9.929085772531611731e-01
-9.936458642515526574e-01
-9.943829274741434743e-01
-9.951197637786742822e-01
-9.958563699968360217e-01
-9.965927429343428567e-01
-9.973288793710123334e-01
-9.980647760608629682e-01
-9.988004297322009561e-01
-9.995358370877081011e-01
-1.000270994804575375e+00
-1.001005899534581856e+00
-1.001740547904211187e+00
-1.002474936514787585e+00
-1.003209061942575975e+00
-1.003942920738933209e+00
-1.004676509430413089e+00
-1.005409824518928241e+00
-1.006142862481881561e+00
-1.006875619772310104e+00
-1.007608092819047174e+00
-1.008340278026877312e+00
-1.009072171776679516e+00
-1.009803770425624192e+00
-1.010535070307327254e+00
-1.011266067732022433e+00
-1.011996758986752676e+00
-1.012727140335553999e+00
-1.013457208019638456e+00
-1.014186958257605964e+00
-1.014916387245619722e+00
-1.015645491157629365e+00
-1.016374266145581462e+00
-1.017102708339619577e+00
-1.017830813848308980e+00
-1.018558578758871125e+00
-1.019285999137385268e+00
-1.020013071029056251e+00
-1.020739790458403906e+00
-1.021466153429550383e+00
-1.022192155926437529e+00
-1.022917793913086459e+00
-1.023643063333840919e+00
-1.024367960113636844e+00
-1.025092480158265262e+00
-1.025816619354620762e+00
-1.026540373570990150e+00
-1.027263738657318015e+00
-1.027986710445491836e+00
-1.028709284749612429e+00
-1.029431457366286828e+00
-1.030153224074924267e+00
-1.030874580638010407e+00
-1.031595522801433074e+00
-1.032316046294749157e+00
-1.033036146831520341e+00
-1.033755820109604651e+00
-1.034475061811464647e+00
-1.035193867604495610e+00
-1.035912233141334626e+00
-1.036630154060178111e+00
-1.037347625985115318e+00
-1.038064644526463853e+00
-1.038781205281066100e+00
-1.039497303832670250e+00
-1.040212935752227841e+00
-1.040928096598252361e+00
-1.041642781917162086e+00
-1.042356987243624022e+00
-1.043070708100885868e+00
-1.043783940001156818e+00
-1.044496678445932636e+00
-1.045208918926364916e+00
-1.045920656923621017e+00
-1.046631887909232006e+00
-1.047342607345464582e+00
-1.048052810685694558e+00
-1.048762493374745697e+00
-1.049471650849284732e+00
-1.050180278538182632e+00
-1.050888371862882309e+00
-1.051595926237780754e+00
-1.052302937070599631e+00
-1.053009399762764753e+00
-1.053715309709787995e+00
-1.054420662301638778e+00
-1.055125452923130869e+00
-1.055829676954311402e+00
-1.056533329770841689e+00
-1.057236406744374024e+00
-1.057938903242944040e+00
-1.058640814631367499e+00
-1.059342136271613111e+00
-1.060042863523209533e+00
-1.060742991743608199e+00
-1.061442516288601645e+00
-1.062141432512704542e+00
-1.062839735769537386e+00
-1.063537421412227735e+00
-1.064234484793803004e+00
-1.064930921267583042e+00
-1.065626726187560713e+00
-1.066321894908810686e+00
-1.067016422787877117e+00
-1.067710305183159791e+00
-1.068403537455316465e+00
-1.069096114967651445e+00
-1.069788033086511492e+00
-1.070479287181665073e+00
-1.071169872626709152e+00
-1.071859784799448434e+00
-1.072549019082296384e+00
-1.073237570862656254e+00
-1.073925435533306105e+00
-1.074612608492805155e+00
-1.075299085145862144e+00
-1.075984860903725693e+00
-1.076669931184576434e+00
-1.077354291413911813e+00
-1.078037937024901805e+00
-1.078720863458812573e+00
-1.079403066165362635e+00
-1.080084540603090781e+00
-1.080765282239759539e+00
-1.081445286552715324e+00
-1.082124549029260363e+00
-1.082803065167036838e+00
-1.083480830474388590e+00
-1.084157840470717726e+00
-1.084834090686882524e+00
-1.085509576665538711e+00
-1.086184293961508063e+00
-1.086858238142138999e+00
-1.087531404787660527e+00
-1.088203789491552831e+00
-1.088875387860884336e+00
-1.089546195516674088e+00
-1.090216208094243244e+00
-1.090885421243547260e+00
-1.091553830629539146e+00
-1.092221431932495213e+00
-1.092888220848367009e+00
-1.093554193089106619e+00
-1.094219344383011494e+00
-1.094883670475048865e+00
-1.095547167127191024e+00
-1.096209830118717754e+00
-1.096871655246580479e+00
-1.097532638325682042e+00
-1.098192775189209325e+00
-1.098852061688956994e+00
-1.099510493695618374e+00
-1.100168067099106750e+00
-1.100824777808854682e+00
-1.101480621754104439e+00
-1.102135594884232184e+00
-1.102789693169012430e+00
-1.103442912598929126e+00
-1.104095249185458316e+00
-1.104746698961343032e+00
-1.105397257980888392e+00
-1.106046922320226500e+00
-1.106695688077598660e+00
-1.107343551373620061e+00
-1.107990508351553549e+00
-1.108636555177557881e+00
-1.109281688040964164e+00
-1.109925903154523663e+00
-1.110569196754649157e+00
-1.111211565101687837e+00
-1.111853004480144014e+00
-1.112493511198932028e+00
-1.113133081591594298e+00
-1.113771712016566218e+00
-1.114409398857378442e+00
-1.115046138522890029e+00
-1.115681927447516486e+00
-1.116316762091436487e+00
-1.116950638940811480e+00
-1.117583554507999510e+00
-1.118215505331755066e+00
-1.118846487977427140e+00
-1.119476499037166395e+00
-1.120105535130117236e+00
-1.120733592902602771e+00
-1.121360669028311996e+00
-1.121986760208487199e+00
-1.122611863172099156e+00
-1.123235974676010773e+00
-1.123859091505171826e+00
-1.124481210472752624e+00
-1.125102328420342968e+00
-1.125722442218069386e+00
-1.126341548764780542e+00
-1.126959644988190457e+00
-1.127576727845014837e+00
-1.128192794321113190e+00
-1.128807841431638037e+00
-1.129421866221170134e+00
-1.130034865763825724e+00
-1.130646837163408636e+00
-1.131257777553523525e+00
-1.131867684097673354e+00
-1.132476553989418599e+00
-1.133084384452429205e+00
-1.133691172740651343e+00
-1.134296916138359590e+00
-1.134901611960281276e+00
-1.135505257551685521e+00
-1.136107850288475163e+00
-1.136709387577260477e+00
-1.137309866855460427e+00
-1.137909285591367281e+00
-1.138507641284230765e+00
-1.139104931464328230e+00
-1.139701153693017499e+00
-1.140296305562817247e+00
-1.140890384697465620e+00
-1.141483388751963979e+00
-1.142075315412634851e+00
-1.142666162397177221e+00
-1.143255927454704945e+00
-1.143844608365780280e+00
-1.144432202942472721e+00
-1.145018709028366999e+00
-1.145604124498605936e+00
-1.146188447259926413e+00
-1.146771675250661149e+00
-1.147353806440772894e+00
-1.147934838831872639e+00
-1.148514770457215395e+00
-1.149093599381725728e+00
-1.149671323701998871e+00
-1.150247941546294062e+00
-1.150823451074551196e+00
-1.151397850478365736e+00
-1.151971137980993598e+00
-1.152543311837338713e+00
-1.153114370333935934e+00
-1.153684311788934380e+00
-1.154253134552077675e+00
-1.154820837004672418e+00
-1.155387417559575969e+00
-1.155952874661152707e+00
-1.156517206785243168e+00
-1.157080412439137396e+00
-1.157642490161524096e+00
-1.158203438522445339e+00
-1.158763256123268581e+00
-1.159321941596619610e+00
-1.159879493606348788e+00
-1.160435910847456675e+00
-1.160991192046061604e+00
-1.161545335959312197e+00
-1.162098341375354948e+00
-1.162650207113244072e+00
-1.163200932022886658e+00
-1.163750514984972728e+00
-1.164298954910893968e+00
-1.164846250742676892e+00
-1.165392401452899795e+00
-1.165937406044616376e+00
-1.166481263551272241e+00
-1.167023973036609208e+00
-1.167565533594594918e+00
-1.168105944349315140e+00
-1.168645204454898279e+00
-1.169183313095405685e+00
-1.169720269484741504e+00
-1.170256072866555863e+00
-1.170790722514141180e+00
-1.171324217730327577e+00
-1.171856557847364755e+00
-1.172387742226850049e+00
-1.172917770259575221e+00
-1.173446641365451182e+00
-1.173974354993360780e+00
-1.174500910621077532e+00
-1.175026307755115740e+00
-1.175550545930638791e+00
-1.176073624711314825e+00
-1.176595543689216594e+00
-1.177116302484660704e+00
-1.177635900746138553e+00
-1.178154338150125602e+00
-1.178671614400990553e+00
-1.179187729230854575e+00
-1.179702682399453195e+00
-1.180216473694003509e+00
-1.180729102929079177e+00
-1.181240569946454544e+00
-1.181750874614983626e+00
-1.182260016830433802e+00
-1.182767996515374787e+00
-1.183274813619024757e+00
-1.183780468117090257e+00
-1.184284960011637189e+00
-1.184788289330943378e+00
-1.185290456129341141e+00
-1.185791460487080506e+00
-1.186291302510155798e+00
-1.186789982330190618e+00
-1.187287500104246218e+00
-1.187783856014694273e+00
-1.188279050269050119e+00
-1.188773083099819772e+00
-1.189265954764347821e+00
-1.189757665544653786e+00
-1.190248215747266913e+00
-1.190737605703091173e+00
-1.191225835767214747e+00
-1.191712906318768583e+00
-1.192198817760760976e+00
-1.192683570519910807e+00
-1.193167165046492340e+00
-1.193649601814152916e+00
-1.194130881319773740e+00
-1.194611004083293571e+00
-1.195089970647529309e+00
-1.195567781578030564e+00
-1.196044437462900234e+00
-1.196519938912634196e+00
-1.196994286559951437e+00
-1.197467481059615535e+00
-1.197939523088285441e+00
-1.198410413344330960e+00
-1.198880152547658673e+00
-1.199348741439570487e+00
-1.199816180782557362e+00
-1.200282471360146541e+00
-1.200747613976748562e+00
-1.201211609457433660e+00
-1.201674458647821631e+00
-1.202136162413873333e+00
-1.202596721641723931e+00
-1.203056137237518808e+00
-1.203514410127242140e+00
-1.203971541256527500e+00
-1.204427531590515743e+00
-1.204882382113650952e+00
-1.205336093829531663e+00
-1.205788667760722799e+00
-1.206240104948595793e+00
-1.206690406453151843e+00
-1.207139573352836948e+00
-1.207587606744399800e+00
-1.208034507742680397e+00
-1.208480277480468601e+00
-1.208924917108327390e+00
-1.209368427794409229e+00
-1.209810810724283758e+00
-1.210252067100791473e+00
-1.210692198143836995e+00
-1.211131205090242302e+00
-1.211569089193572424e+00
-1.212005851723959582e+00
-1.212441493967931772e+00
-1.212876017228251113e+00
-1.213309422823731998e+00
-1.213741712089086766e+00
-1.214172886374739191e+00
-1.214602947046671044e+00
-1.215031895486249791e+00
-1.215459733090051175e+00
-1.215886461269707564e+00
-1.216312081451726090e+00
-1.216736595077329230e+00
-1.217160003602292928e+00
-1.217582308496762744e+00
-1.218003511245115300e+00
-1.218423613345767320e+00
-1.218842616311035743e+00
-1.219260521666946984e+00
-1.219677330953097938e+00
-1.220093045722475456e+00
-1.220507667541308017e+00
-1.220921197988892315e+00
-1.221333638657444931e+00
-1.221744991151921589e+00
-1.222155257089880820e+00
-1.222564438101309214e+00
-1.222972535828462437e+00
-1.223379551925722231e+00
-1.223785488059415005e+00
-1.224190345907674615e+00
-1.224594127160282264e+00
-1.224996833518505079e+00
-1.225398466694943345e+00
-1.225799028413374625e+00
-1.226198520408608772e+00
-1.226596944426325608e+00
-1.226994302222928379e+00
-1.227390595565386988e+00
-1.227785826231095223e+00
-1.228179996007709551e+00
-1.228573106693008343e+00
-1.228965160094743325e+00
-1.229356158030493917e+00
-1.229746102327506252e+00
-1.230134994822565719e+00
-1.230522837361834432e+00
-1.230909631800725546e+00
-1.231295380003733841e+00
-1.231680083844320706e+00
-1.232063745204753147e+00
-1.232446365975963243e+00
-1.232827948057419132e+00
-1.233208493356974023e+00
-1.233588003790730081e+00
-1.233966481282899430e+00
-1.234343927765664928e+00
-1.234720345179058487e+00
-1.235095735470802314e+00
-1.235470100596180121e+00
-1.235843442517924329e+00
-1.236215763206058860e+00
-1.236587064637764355e+00
-1.236957348797260714e+00
-1.237326617675678309e+00
-1.237694873270917650e+00
-1.238062117587519051e+00
-1.238428352636541385e+00
-1.238793580435435748e+00
-1.239157803007910452e+00
-1.239521022383816007e+00
-1.239883240599009007e+00
-1.240244459695244661e+00
-1.240604681720026026e+00
-1.240963908726514520e+00
-1.241322142773384263e+00
-1.241679385924707946e+00
-1.242035640249855355e+00
-1.242390907823341717e+00
-1.242745190724729776e+00
-1.243098491038519438e+00
-1.243450810854010102e+00
-1.243802152265208738e+00
-1.244152517370698208e+00
-1.244501908273527802e+00
-1.244850327081111097e+00
-1.245197775905096504e+00
-1.245544256861277566e+00
-1.245889772069456614e+00
-1.246234323653360399e+00
-1.246577913740519072e+00
-1.246920544462162272e+00
-1.247262217953115648e+00
-1.247602936351683178e+00
-1.247942701799549692e+00
-1.248281516441697825e+00
-1.248619382426259694e+00
-1.248956301904452504e+00
-1.249292277030471077e+00
-1.249627309961365063e+00
-1.249961402856972326e+00
-1.250294557879798818e+00
-1.250626777194917105e+00
-1.250958062969884210e+00
-1.251288417374645023e+00
-1.251617842581424167e+00
-1.251946340764637178e+00
-1.252273914100802132e+00
-1.252600564768442615e+00
-1.252926294947994457e+00
-1.253251106821718697e+00
-1.253575002573605879e+00
-1.253897984389300113e+00
-1.254220054455985167e+00
-1.254541214962324513e+00
-1.254861468098351640e+00
-1.255180816055406767e+00
-1.255499261026021385e+00
-1.255816805203875841e+00
-1.256133450783671890e+00
-1.256449199961069407e+00
-1.256764054932621999e+00
-1.257078017895657540e+00
-1.257391091048233323e+00
-1.257703276589032582e+00
-1.258014576717299216e+00
-1.258324993632762068e+00
-1.258634529535536561e+00
-1.258943186626066080e+00
-1.259250967105055130e+00
-1.259557873173375420e+00
-1.259863907031991470e+00
-1.260169070881903552e+00
-1.260473366924067973e+00
-1.260776797359316692e+00
-1.261079364388293378e+00
-1.261381070211389455e+00
-1.261681917028667721e+00
-1.261981907039784634e+00
-1.262281042443943901e+00
-1.262579325439808553e+00
-1.262876758225445872e+00
-1.263173342998265447e+00
-1.263469081954933459e+00
-1.263763977291330276e+00
-1.264058031202486942e+00
-1.264351245882502361e+00
-1.264643623524487781e+00
-1.264935166320533044e+00
-1.265225876461611110e+00
-1.265515756137513881e+00
-1.265804807536840437e+00
-1.266093032846885569e+00
-1.266380434253612686e+00
-1.266667013941585207e+00
-1.266952774093906386e+00
-1.267237716892188448e+00
-1.267521844516444451e+00
-1.267805159145104943e+00
-1.268087662954900718e+00
-1.268369358120846835e+00
-1.268650246816169336e+00
-1.268930331212280160e+00
-1.269209613478685217e+00
-1.269488095782978609e+00
-1.269765780290748047e+00
-1.270042669165576399e+00
-1.270318764568934222e+00
-1.270594068660187759e+00
-1.270868583596513446e+00
-1.271142311532863722e+00
-1.271415254621921509e+00
-1.271687415014056910e+00
-1.271958794857274366e+00
-1.272229396297171800e+00
-1.272499221476911080e+00
-1.272768272537141199e+00
-1.273036551615989609e+00
-1.273304060849000718e+00
-1.273570802369102806e+00
-1.273836778306564277e+00
-1.274101990788946148e+00
-1.274366441941081840e+00
-1.274630133885021444e+00
-1.274893068739986868e+00
-1.275155248622350523e+00
-1.275416675645598019e+00
-1.275677351920279090e+00
-1.275937279553974069e+00
-1.276196460651259912e+00
-1.276454897313676673e+00
-1.276712591639695304e+00
-1.276969545724672583e+00
-1.277225761660824244e+00
-1.277481241537196555e+00
-1.277735987439622578e+00
-1.277990001450693303e+00
-1.278243285649738104e+00
-1.278495842112771230e+00
-1.278747672912474043e+00
-1.278998780118177248e+00
-1.279249165795800502e+00
-1.279498832007846199e+00
-1.279747780813365710e+00
-1.279996014267928528e+00
-1.280243534423596286e+00
-1.280490343328890113e+00
-1.280736443028769989e+00
-1.280981835564607874e+00
-1.281226522974154625e+00
-1.281470507291526228e+00
-1.281713790547171161e+00
-1.281956374767838192e+00
-1.282198261976563725e+00
-1.282439454192645156e+00
-1.282679953431618669e+00
-1.282919761705235251e+00
-1.283158881021426279e+00
-1.283397313384302629e+00
-1.283635060794116489e+00
-1.283872125247250917e+00
-1.284108508736183873e+00
-1.284344213249481337e+00
-1.284579240771785758e+00
-1.284813593283763211e+00
-1.285047272762108950e+00
-1.285280281179539852e+00
-1.285512620504740466e+00
-1.285744292702369673e+00
-1.285975299733049360e+00
-1.286205643553314903e+00
-1.286435326115628275e+00
-1.286664349368348281e+00
-1.286892715255729680e+00
-1.287120425717873218e+00
-1.287347482690739398e+00
-1.287573888106130271e+00
-1.287799643891661905e+00
-1.288024751970763271e+00
-1.288249214262646269e+00
-1.288473032682310171e+00
-1.288696209140513194e+00
-1.288918745543766953e+00
-1.289140643794321806e+00
-1.289361905790152640e+00
-1.289582533424943334e+00
-1.289802528588089858e+00
-1.290021893164659428e+00
-1.290240629035428466e+00
-1.290458738076803336e+00
-1.290676222160874742e+00
-1.290893083155368437e+00
-1.291109322923640113e+00
-1.291324943324685171e+00
-1.291539946213107193e+00
-1.291754333439113056e+00
-1.291968106848520037e+00
-1.292181268282718509e+00
-1.292393819578690373e+00
-1.292605762568994399e+00
-1.292817099081739585e+00
-1.293027830940602918e+00
-1.293237959964808947e+00
-1.293447487969126897e+00
-1.293656416763851347e+00
-1.293864748154824662e+00
-1.294072483943393692e+00
-1.294279625926428867e+00
-1.294486175896319979e+00
-1.294692135640946429e+00
-1.294897506943708976e+00
-1.295102291583474008e+00
-1.295306491334631716e+00
-1.295510107967032143e+00
-1.295713143246021382e+00
-1.295915598932409818e+00
-1.296117476782492561e+00
-1.296318778548031458e+00
-1.296519505976246212e+00
-1.296719660809836361e+00
-1.296919244786945535e+00
-1.297118259641178994e+00
-1.297316707101594746e+00
-1.297514588892706655e+00
-1.297711906734483334e+00
-1.297908662342322605e+00
-1.298104857427089920e+00
-1.298300493695081270e+00
-1.298495572848038071e+00
-1.298690096583142717e+00
-1.298884066593031017e+00
-1.299077484565759555e+00
-1.299270352184831001e+00
-1.299462671129196556e+00
-1.299654443073233967e+00
-1.299845669686765515e+00
-1.300036352635051573e+00
-1.300226493578793496e+00
-1.300416094174120296e+00
-1.300605156072613955e+00
-1.300793680921296769e+00
-1.300981670362628240e+00
-1.301169126034510626e+00
-1.301356049570289830e+00
-1.301542442598761173e+00
-1.301728306744168728e+00
-1.301913643626192663e+00
-1.302098454859985432e+00
-1.302282742056126263e+00
-1.302466506820678660e+00
-1.302649750755141334e+00
-1.302832475456477734e+00
-1.303014682517122047e+00
-1.303196373524967866e+00
-1.303377550063376411e+00
-1.303558213711189406e+00
-1.303738366042704211e+00
-1.303918008627718894e+00
-1.304097143031496708e+00
-1.304275770814793844e+00
-1.304453893533852549e+00
-1.304631512740413557e+00
