3.000000000000057732e+00
2.975576603811199039e+00
2.904721466964807597e+00
2.794088087595996139e+00
2.653055979914339169e+00
2.491906843972002239e+00
2.320277134607959368e+00
2.146195548333457381e+00
1.975714298581696449e+00
1.812971236932435115e+00
1.660484976432655024e+00
1.519527469154622112e+00
1.390480290670903063e+00
1.273131823812875485e+00
1.166904748625266164e+00
1.071019659923155398e+00
9.846068397904434999e-01
9.067789448442714617e-01
8.366757065137707672e-01
7.734893810793228575e-01
7.164774204231854071e-01
6.649669593314854188e-01
6.183542810310094229e-01
5.761013783388362341e-01
5.377309926896136627e-01
5.028210088064465344e-01
4.709987436601819621e-01
4.419354445042975588e-01
4.153411651335904287e-01
3.909600951777114086e-01
3.685663557452520944e-01
3.479602362468874888e-01
3.289648297323536918e-01
3.114230279012630831e-01
2.951948567667482815e-01
2.801551561478047847e-01
2.661916153594843792e-01
2.532031663836665780e-01
2.410987094375581785e-01
2.297961170912038997e-01
2.192214443594058537e-01
2.093082694726703663e-01
1.999971018296999303e-01
1.912348138155064992e-01
1.829740747377140431e-01
1.751727829075834242e-01
1.677935034427472383e-01
1.608029246486287478e-01
1.541713462208162966e-01
1.478722098637773874e-01
1.418816789477871931e-01
1.361782697666636399e-01
1.307425335432161051e-01
1.255567858598838626e-01
1.206048786840855230e-01
1.158720094680479179e-01
1.113445617248459696e-01
1.070099718105346071e-01
1.028566172022231662e-01
9.887372222111794062e-02
9.505127781911276719e-02
9.137997267071852614e-02
8.785113336209715573e-02
8.445667193359777947e-02
8.118903941353330933e-02
7.804118428594784829e-02
7.500651507452209266e-02
7.207886640929470068e-02
6.925246808379748042e-02
6.652191671611480672e-02
6.388214970713547436e-02
6.132842124821188956e-02
5.885628017478259505e-02
5.646154949547695090e-02
5.414030745088030394e-02
5.188886997536629186e-02
4.970377444982092968e-02
4.758176464489072971e-02
4.551977676382907428e-02
4.351492650194647982e-02
4.156449704635925557e-02
3.966592794581620673e-02
3.781680478564418413e-02
3.601484960754104681e-02
3.425791201863941093e-02
3.254396093806041779e-02
3.087107693316180901e-02
2.923744510119085163e-02
2.764134845522317821e-02
2.608116177654250245e-02
2.455534589828387362e-02
2.306244238797875573e-02
2.160106859898374213e-02
2.016991306324852559e-02
1.876773119979928753e-02
1.739334131546891454e-02
1.604562087615681726e-02
1.472350302860424287e-02
1.342597335415239221e-02
1.215206683762292544e-02
1.090086503546075156e-02
9.671493428733666381e-03
8.463118947702588657e-03
7.274947655494964222e-03
6.106222579702776793e-03
4.956221681242743010e-03
3.824255950940463888e-03
2.709667624802625241e-03
1.611828509747954830e-03
5.301384121761051893e-04
-5.359763377138192231e-04
-1.587064272365684703e-03
-2.623650090126782713e-03
-3.646235880892280401e-03
-4.655302279368282031e-03
-5.651309550684414929e-03
-6.634698612889844416e-03
-7.605892000379137208e-03
-8.565294772130124801e-03
-9.513295368317888079e-03
-1.045026641856920679e-02
-1.137656550495705354e-02
-1.229253588258292021e-02
-1.319850716040980865e-02
-1.409479594479842030e-02
-1.498170644807865146e-02
-1.585953106427075154e-02
-1.672855091398074701e-02
-1.758903636031397891e-02
-1.844124749754974535e-02
-1.928543461421881877e-02
-2.012183863207014575e-02
-2.095069152236813878e-02
-2.177221670083678146e-02
-2.258662940247296511e-02
-2.339413703741209660e-02
-2.419493952891392866e-02
-2.498922963449010798e-02
-2.577719325112067320e-02
-2.655900970545549411e-02
-2.733485202983183468e-02
-2.810488722488947017e-02
-2.886927650954994318e-02
-2.962817555898601338e-02
-3.038173473127089158e-02
-3.113009928338365817e-02
-3.187340957697356453e-02
-3.261180127459551575e-02
-3.334540552682332959e-02
-3.407434915076933135e-02
-3.479875480040278690e-02
-3.551874112914896880e-02
-3.623442294514822581e-02
-3.694591135953177730e-02
-3.765331392807630406e-02
-3.835673478660851787e-02
-3.905627478041323597e-02
-3.975203158799101022e-02
-4.044409983942791331e-02
-4.113257122964661394e-02
-4.181753462678268474e-02
-4.249907617592703357e-02
-4.317727939847677832e-02
-4.385222528728213720e-02
-4.452399239778156992e-02
-4.519265693537335288e-02
-4.585829283910781984e-02
-4.652097186199908446e-02
-4.718076364796357919e-02
-4.783773580568093098e-02
-4.849195397943241448e-02
-4.914348191710328495e-02
-4.979238153542378531e-02
-5.043871298265609204e-02
-5.108253469875646824e-02
-5.172390347319062026e-02
-5.236287450048232595e-02
-5.299950143356889354e-02
-5.363383643512895094e-02
-5.426593022689989859e-02
-5.489583213711446419e-02
-5.552359014614093036e-02
-5.614925093034871945e-02
-5.677285990438836472e-02
-5.739446126181271812e-02
-5.801409801423852708e-02
-5.863181202899633848e-02
-5.924764406546037532e-02
-5.986163380996575856e-02
-6.047381990952032521e-02
-6.108424000423774702e-02
-6.169293075860842607e-02
-6.229992789167415612e-02
-6.290526620608812014e-02
-6.350897961613680143e-02
-6.411110117481128023e-02
-6.471166309985282306e-02
-6.531069679896631119e-02
-6.590823289408717645e-02
-6.650430124481881977e-02
-6.709893097108507454e-02
-6.769215047499708982e-02
-6.828398746192292090e-02
-6.887446896090042292e-02
-6.946362134433146929e-02
-7.005147034701124376e-02
-7.063804108450383312e-02
-7.122335807094348770e-02
-7.180744523619120301e-02
-7.239032594245711771e-02
-7.297202300038981015e-02
-7.355255868457316604e-02
-7.413195474859222978e-02
-7.471023243955614290e-02
-7.528741251217468955e-02
-7.586351524237250343e-02
-7.643856044047396547e-02
-7.701256746396416275e-02
-7.758555522983384689e-02
-7.815754222654834604e-02
-7.872854652563127109e-02
-7.929858579289096598e-02
-7.986767729928698212e-02
-8.043583793146244498e-02
-8.100308420196168646e-02
-8.156943225911439388e-02
-8.213489789661851392e-02
-8.269949656285625894e-02
-8.326324336989181230e-02
-8.382615310221183669e-02
-8.438824022521086710e-02
-8.494951889341369189e-02
-8.551000295843685928e-02
-8.606970597674873380e-02
-8.662864121715668775e-02
-8.718682166811439482e-02
-8.774426004478297347e-02
-8.830096879589671710e-02
-8.885696011043867082e-02
-8.941224592410089433e-02
-8.996683792557845505e-02
-9.052074756266488553e-02
-9.107398604819266774e-02
-9.162656436577762409e-02
-9.217849327542719517e-02
-9.272978331897004101e-02
-9.328044482534923743e-02
-9.383048791573508907e-02
-9.437992250854199128e-02
-9.492875832426841964e-02
-9.547700489020655157e-02
-9.602467154503652180e-02
-9.657176744329594442e-02
-9.711830155970714584e-02
-9.766428269338170431e-02
-9.820971947195571150e-02
-9.875462035555587770e-02
-9.929899364069692813e-02
-9.984284746405738820e-02
-1.003861898061675362e-01
-1.009290284949643512e-01
-1.014713712093104903e-01
-1.020132254823609974e-01
-1.025545987048724350e-01
-1.030954981284280397e-01
-1.036359308685601416e-01
-1.041759039077966437e-01
-1.047154240986377105e-01
-1.052544981664518403e-01
-1.057931327122858117e-01
-1.063313342156204377e-01
-1.068691090370246233e-01
-1.074064634207942959e-01
-1.079434034974676715e-01
-1.084799352863144301e-01
-1.090160646977360037e-01
-1.095517975356350843e-01
-1.100871394996989494e-01
-1.106220961876324543e-01
-1.111566730973550937e-01
-1.116908756291009192e-01
-1.122247090875139464e-01
-1.127581786836676370e-01
-1.132912895370290635e-01
-1.138240466773845910e-01
-1.143564550467271040e-01
-1.148885195010737742e-01
-1.154202448122708946e-01
-1.159516356697193606e-01
-1.164826966820889514e-01
-1.170134323789748104e-01
-1.175438472125251155e-01
-1.180739455590071596e-01
-1.186037317203870595e-01
-1.191332099257919191e-01
-1.196623843330222592e-01
-1.201912590299796524e-01
-1.207198380360483408e-01
-1.212481253035074119e-01
-1.217761247188394458e-01
-1.223038401040562467e-01
-1.228312752179669259e-01
-1.233584337574305106e-01
-1.238853193585858076e-01
-1.244119355980251029e-01
-1.249382859939797003e-01
-1.254643740074493641e-01
-1.259902030433070197e-01
-1.265157764514036054e-01
-1.270410975276243803e-01
-1.275661695149146735e-01
-1.280909956043174147e-01
-1.286155789359700041e-01
-1.291399226000335965e-01
-1.296640296376983803e-01
-1.301879030420798056e-01
-1.307115457591253860e-01
-1.312349606885273023e-01
-1.317581506845610095e-01
-1.322811185569576220e-01
-1.328038670717331948e-01
-1.333263989519838932e-01
-1.338487168787057535e-01
-1.343708234915571842e-01
-1.348927213896325417e-01
-1.354144131321878552e-01
-1.359359012394070754e-01
-1.364571881930698727e-01
-1.369782764372851347e-01
-1.374991683791685626e-01
-1.380198663895009781e-01
-1.385403728033964832e-01
-1.390606899209259062e-01
-1.395808200077752470e-01
-1.401007652958408678e-01
-1.406205279838239341e-01
-1.411401102378484484e-01
-1.416595141920043988e-01
-1.421787419489481952e-01
-1.426977955804303311e-01
-1.432166771278515216e-01
-1.437353886027963323e-01
-1.442539319875431603e-01
-1.447723092355801822e-01
-1.452905222721138367e-01
-1.458085729945459985e-01
-1.463264632729577297e-01
-1.468441949505842337e-01
-1.473617698442794277e-01
-1.478791897449545922e-01
-1.483964564180211554e-01
-1.489135716038435808e-01
-1.494305370181491233e-01
-1.499473543524496855e-01
-1.504640252744461060e-01
-1.509805514284421335e-01
-1.514969344357084413e-01
-1.520131758949117562e-01
-1.525292773824523107e-01
-1.530452404528524768e-01
-1.535610666391226120e-01
-1.540767574531076989e-01
-1.545923143858496107e-01
-1.551077389079045243e-01
-1.556230324697186196e-01
-1.561381965019264517e-01
-1.566532324156706679e-01
-1.571681416029525324e-01
-1.576829254369150057e-01
-1.581975852721505538e-01
-1.587121224450099843e-01
-1.592265382739001811e-01
-1.597408340595521115e-01
-1.602550110853234178e-01
-1.607690706174675632e-01
-1.612830139054172163e-01
-1.617968421820308311e-01
-1.623105566638774477e-01
-1.628241585514774992e-01
-1.633376490295745387e-01
-1.638510292673545643e-01
-1.643643004187253509e-01
-1.648774636225264767e-01
-1.653905200027834810e-01
-1.659034706689292427e-01
-1.664163167160316592e-01
-1.669290592250123884e-01
-1.674416992628807999e-01
-1.679542378829300409e-01
-1.684666761249602740e-01
-1.689790150154774073e-01
-1.694912555678970145e-01
-1.700033987827582749e-01
-1.705154456478991942e-01
-1.710273971386645497e-01
-1.715392542180774471e-01
-1.720510178370531218e-01
-1.725626889345606430e-01
-1.730742684377999663e-01
-1.735857572623951128e-01
-1.740971563125534027e-01
-1.746084664812333764e-01
-1.751196886503393058e-01
-1.756308236908424580e-01
-1.761418724629796595e-01
-1.766528358163897694e-01
-1.771637145902797417e-01
-1.776745096135841362e-01
-1.781852217050925447e-01
-1.786958516736226465e-01
-1.792064003181534637e-01
-1.797168684279733808e-01
-1.802272567828153149e-01
-1.807375661529970201e-01
-1.812477972995636955e-01
-1.817579509744096655e-01
-1.822680279204281772e-01
-1.827780288716100154e-01
-1.832879545532051235e-01
-1.837978056818285189e-01
-1.843075829655857478e-01
-1.848172871041977583e-01
-1.853269187891073699e-01
-1.858364787036192733e-01
-1.863459675229929280e-01
-1.868553859145696272e-01
-1.873647345378686990e-01
-1.878740140447206775e-01
-1.883832250793536223e-01
-1.888923682785015046e-01
-1.894014442715231950e-01
-1.899104536804912535e-01
-1.904193971202959856e-01
-1.909282751987457505e-01
-1.914370885166590541e-01
-1.919458376679767930e-01
-1.924545232398408023e-01
-1.929631458126905563e-01
-1.934717059603511535e-01
-1.939802042501423407e-01
-1.944886412429389366e-01
-1.949970174932795508e-01
-1.955053335494450761e-01
-1.960135899535382087e-01
-1.965217872415791489e-01
-1.970299259435735750e-01
-1.975380065836049026e-01
-1.980460296799073650e-01
-1.985539957449413973e-01
-1.990619052854801785e-01
-1.995697588026714986e-01
-2.000775567921299070e-01
-2.005852997439968033e-01
-2.010929881430131572e-01
-2.016006224685972514e-01
-2.021082031949076596e-01
-2.026157307909245420e-01
-2.031232057205054342e-01
-2.036306284424448387e-01
-2.041379994105668449e-01
-2.046453190737636263e-01
-2.051525878760745158e-01
-2.056598062567456253e-01
-2.061669746502875766e-01
-2.066740934865376467e-01
-2.071811631907224671e-01
-2.076881841835225839e-01
-2.081951568811180320e-01
-2.087020816952520896e-01
-2.092089590332930071e-01
-2.097157892982843552e-01
-2.102225728889926537e-01
-2.107293101999827278e-01
-2.112360016216450198e-01
-2.117426475402682529e-01
-2.122492483380862827e-01
-2.127558043933160947e-01
-2.132623160802313012e-01
-2.137687837691870651e-01
-2.142752078266937643e-01
-2.147815886154412213e-01
-2.152879264943590165e-01
-2.157942218186725269e-01
-2.163004749399158044e-01
-2.168066862060246403e-01
-2.173128559613304311e-01
-2.178189845466548258e-01
-2.183250722993094195e-01
-2.188311195531558728e-01
-2.193371266386673624e-01
-2.198430938829344095e-01
-2.203490216097264975e-01
-2.208549101395363978e-01
-2.213607597896112278e-01
-2.218665708739885889e-01
-2.223723437035413086e-01
-2.228780785860215996e-01
-2.233837758260844297e-01
-2.238894357253390088e-01
-2.243950585823723254e-01
-2.249006446927935277e-01
-2.254061943492702280e-01
-2.259117078415500413e-01
-2.264171854565238395e-01
-2.269226274782299435e-01
-2.274280341879038048e-01
-2.279334058639996829e-01
-2.284387427822463235e-01
-2.289440452156524253e-01
-2.294493134345497454e-01
-2.299545477066329280e-01
-2.304597482969713285e-01
-2.309649154680647742e-01
-2.314700494798457853e-01
-2.319751505897331700e-01
-2.324802190526401302e-01
-2.329852551210296607e-01
-2.334902590449187965e-01
-2.339952310719092821e-01
-2.345001714472358945e-01
-2.350050804137757132e-01
-2.355099582120756818e-01
-2.360148050803790032e-01
-2.365196212546642751e-01
-2.370244069686582022e-01
-2.375291624538691249e-01
-2.380338879396039775e-01
-2.385385836530012071e-01
-2.390432498190498412e-01
-2.395478866606184920e-01
-2.400524943984786719e-01
-2.405570732513180043e-01
-2.410616234357865484e-01
-2.415661451664932458e-01
-2.420706386560496359e-01
-2.425751041150763232e-01
-2.430795417522371715e-01
-2.435839517742607041e-01
-2.440883343859496513e-01
-2.445926897902082620e-01
-2.450970181880783028e-01
-2.456013197787358104e-01
-2.461055947595234550e-01
-2.466098433259756306e-01
-2.471140656718326389e-01
-2.476182619890507919e-01
-2.481224324678369675e-01
-2.486265772966719523e-01
-2.491306966623002550e-01
-2.496347907497850904e-01
-2.501388597425069915e-01
-2.506429038221750227e-01
-2.511469231688677195e-01
-2.516509179610340596e-01
-2.521548883755120318e-01
-2.526588345875511177e-01
-2.531627567708331639e-01
-2.536666550974692735e-01
-2.541705297380458251e-01
-2.546743808616162563e-01
-2.551782086357362589e-01
-2.556820132264581713e-01
-2.561857947983670614e-01
-2.566895535145924390e-01
-2.571932895368125860e-01
-2.576970030252807575e-01
-2.582006941388336196e-01
-2.587043630349140089e-01
-2.592080098695785928e-01
-2.597116347975191863e-01
-2.602152379720609199e-01
-2.607188195452026513e-01
-2.612223796676088616e-01
-2.617259184886295831e-01
-2.622294361563233811e-01
-2.627329328174588530e-01
-2.632364086175341678e-01
-2.637398637007830615e-01
-2.642432982101975969e-01
-2.647467122875420964e-01
-2.652501060733561955e-01
-2.657534797069676102e-01
-2.662568333265120657e-01
-2.667601670689457860e-01
-2.672634810700511010e-01
-2.677667754644512121e-01
-2.682700503856207952e-01
-2.687733059659066503e-01
-2.692765423365259259e-01
-2.697797596275772758e-01
-2.702829579680762206e-01
-2.707861374859317771e-01
-2.712892983079807641e-01
-2.717924405599885240e-01
-2.722955643666730707e-01
-2.727986698516964292e-01
-2.733017571376833987e-01
-2.738048263462441456e-01
-2.743078775979641559e-01
-2.748109110124218324e-01
-2.753139267082087005e-01
-2.758169248029235798e-01
-2.763199054131992294e-01
-2.768228686546990724e-01
-2.773258146421201387e-01
-2.778287434892247609e-01
-2.783316553088363565e-01
-2.788345502128470876e-01
-2.793374283122296298e-01
-2.798402897170485515e-01
-2.803431345364718608e-01
-2.808459628787675633e-01
-2.813487748513224251e-01
-2.818515705606514654e-01
-2.823543501124065602e-01
-2.828571136113698370e-01
-2.833598611614809304e-01
-2.838625928658467523e-01
-2.843653088267256712e-01
-2.848680091455625396e-01
-2.853706939229793682e-01
-2.858733632587937556e-01
-2.863760172520118386e-01
-2.868786560008629860e-01
-2.873812796027722660e-01
-2.878838881544032446e-01
-2.883864817516332280e-01
-2.888890604895911762e-01
-2.893916244626312806e-01
-2.898941737643748739e-01
-2.903967084876932780e-01
-2.908992287247275099e-01
-2.914017345668817871e-01
-2.919042261048507281e-01
-2.924067034286083056e-01
-2.929091666274147854e-01
-2.934116157898480903e-01
-2.939140510037691056e-01
-2.944164723563675312e-01
-2.949188799341427858e-01
-2.954212738229275992e-01
-2.959236541078756888e-01
-2.964260208734874613e-01
-2.969283742035998541e-01
-2.974307141814041544e-01
-2.979330408894494409e-01
-2.984353544096370880e-01
-2.989376548232476893e-01
-2.994399422109276232e-01
-2.999422166527078160e-01
-3.004444782280028536e-01
-3.009467270156139240e-01
-3.014489630937422504e-01
-3.019511865399921446e-01
-3.024533974313733387e-01
-3.029555958443079788e-01
-3.034577818546377870e-01
-3.039599555376262252e-01
-3.044621169679675443e-01
-3.049642662197917797e-01
-3.054664033666613099e-01
-3.059685284815839568e-01
-3.064706416370234776e-01
-3.069727429048922929e-01
-3.074748323565648644e-01
-3.079769100628760303e-01
-3.084789760941320513e-01
-3.089810305201091123e-01
-3.094830734100649239e-01
-3.099851048327458281e-01
-3.104871248563721986e-01
-3.109891335486634767e-01
-3.114911309768424452e-01
-3.119931172076239601e-01
-3.124950923072288278e-01
-3.129970563413883022e-01
-3.134990093753592388e-01
-3.140009514738990593e-01
-3.145028827012971151e-01
-3.150048031213695254e-01
-3.155067127974649499e-01
-3.160086117924703064e-01
-3.165105001688026665e-01
-3.170123779884238546e-01
-3.175142453128560471e-01
-3.180161022031532392e-01
-3.185179487199388260e-01
-3.190197849233973315e-01
-3.195216108732635840e-01
-3.200234266288464191e-01
-3.205252322490306227e-01
-3.210270277922668836e-01
-3.215288133165877804e-01
-3.220305888796017313e-01
-3.225323545385155866e-01
-3.230341103501127575e-01
-3.235358563707734780e-01
-3.240375926564726949e-01
-3.245393192627865631e-01
-3.250410362448940549e-01
-3.255427436575788480e-01
-3.260444415552352093e-01
-3.265461299918675508e-01
-3.270478090211029198e-01
-3.275494786961825611e-01
-3.280511390699677454e-01
-3.285527901949554241e-01
-3.290544321232608538e-01
-3.295560649066385239e-01
-3.300576885964787710e-01
-3.305593032438055023e-01
-3.310609088992859106e-01
-3.315625056132303627e-01
-3.320640934356004492e-01
-3.325656724160067079e-01
-3.330672426037108447e-01
-3.335688040476351146e-01
-3.340703567963544951e-01
-3.345719008981109521e-01
-3.350734364008083888e-01
-3.355749633520233588e-01
-3.360764817989986275e-01
-3.365779917886475570e-01
-3.370794933675650973e-01
-3.375809865820182942e-01
-3.380824714779642748e-01
-3.385839481010357033e-01
-3.390854164965512729e-01
-3.395868767095249208e-01
-3.400883287846601100e-01
-3.405897727663500518e-01
-3.410912086986888081e-01
-3.415926366254680713e-01
-3.420940565901842700e-01
-3.425954686360293544e-01
-3.430968728059097250e-01
-3.435982691424349089e-01
-3.440996576879314928e-01
-3.446010384844356844e-01
-3.451024115737015840e-01
-3.456037769971927465e-01
-3.461051347961063285e-01
-3.466064850113564910e-01
-3.471078276835802279e-01
-3.476091628531391975e-01
-3.481104905601304367e-01
-3.486118108443831964e-01
-3.491131237454527247e-01
-3.496144293026381411e-01
-3.501157275549683923e-01
-3.506170185412197382e-01
-3.511183022999047609e-01
-3.516195788692847990e-01
-3.521208482873650070e-01
-3.526221105918959653e-01
-3.531233658203856152e-01
-3.536246140100811619e-01
-3.541258551980022706e-01
-3.546270894209087587e-01
-3.551283167153229114e-01
-3.556295371175338671e-01
-3.561307506635798537e-01
-3.566319573892738348e-01
-3.571331573301876339e-01
-3.576343505216615926e-01
-3.581355369988066806e-01
-3.586367167965042735e-01
-3.591378899494124810e-01
-3.596390564919556554e-01
-3.601402164583384913e-01
-3.606413698825439718e-01
-3.611425167983353113e-01
-3.616436572392539572e-01
-3.621447912386308587e-01
-3.626459188295739211e-01
-3.631470400449806069e-01
-3.636481549175434314e-01
-3.641492634797283690e-01
-3.646503657638097140e-01
-3.651514618018483205e-01
-3.656525516256962649e-01
-3.661536352669995664e-01
-3.666547127572152287e-01
-3.671557841275902012e-01
-3.676568494091650430e-01
-3.681579086328028438e-01
-3.686589618291450376e-01
-3.691600090286633051e-01
-3.696610502616133886e-01
-3.701620855580775582e-01
-3.706631149479412968e-01
-3.711641384608956318e-01
-3.716651561264516790e-01
-3.721661679739302619e-01
-3.726671740324685178e-01
-3.731681743310211741e-01
-3.736691688983644344e-01
-3.741701577630826003e-01
-3.746711409535978254e-01
-3.751721184981390289e-01
-3.756730904247678748e-01
-3.761740567613643393e-01
-3.766750175356430308e-01
-3.771759727751350932e-01
-3.776769225072134084e-01
-3.781778667590700027e-01
-3.786788055577327006e-01
-3.791797389300616272e-01
-3.796806669027492642e-01
-3.801815895023222813e-01
-3.806825067551527497e-01
-3.811834186874394348e-01
-3.816843253252214518e-01
-3.821852266943810417e-01
-3.826861228206369092e-01
-3.831870137295592116e-01
-3.836878994465503512e-01
-3.841887799968680683e-01
-3.846896554056006279e-01
-3.851905256977012915e-01
-3.856913908979587302e-01
-3.861922510310125123e-01
-3.866931061213561560e-01
-3.871939561933301355e-01
-3.876948012711314839e-01
-3.881956413788050231e-01
-3.886964765402571298e-01
-3.891973067792431906e-01
-3.896981321193783709e-01
-3.901989525841346729e-01
-3.906997681968439329e-01
-3.912005789806965450e-01
-3.917013849587367424e-01
-3.922021861538832477e-01
-3.927029825889086778e-01
-3.932037742864538665e-01
-3.937045612690212582e-01
-3.942053435589762955e-01
-3.947061211785589663e-01
-3.952068941498685928e-01
-3.957076624948736021e-01
-3.962084262354221842e-01
-3.967091853932188661e-01
-3.972099399898418315e-01
-3.977106900467543560e-01
-3.982114355852767740e-01
-3.987121766266114586e-01
-3.992129131918362717e-01
-3.997136453018987345e-01
-4.002143729776259651e-01
-4.007150962397286742e-01
-4.012158151087867330e-01
-4.017165296052624957e-01
-4.022172397494984120e-01
-4.027179455617158066e-01
-4.032186470620277574e-01
-4.037193442704145041e-01
-4.042200372067481506e-01
-4.047207258907832839e-01
-4.052214103421643565e-01
-4.057220905804128086e-01
-4.062227666249398905e-01
-4.067234384950525472e-01
-4.072241062099270503e-01
-4.077247697886485778e-01
-4.082254292501854009e-01
-4.087260846133890513e-01
-4.092267358970076985e-01
-4.097273831196775462e-01
-4.102280262999382643e-01
-4.107286654562158912e-01
-4.112293006068242773e-01
-4.117299317699812944e-01
-4.122305589637984546e-01
-4.127311822062832980e-01
-4.132318015153334523e-01
-4.137324169087636117e-01
-4.142330284042572419e-01
-4.147336360194244231e-01
-4.152342397717620481e-01
-4.157348396786661460e-01
-4.162354357574422070e-01
-4.167360280252900839e-01
-4.172366164993104865e-01
-4.177372011965203580e-01
-4.182377821338255641e-01
-4.187383593280442073e-01
-4.192389327958975231e-01
-4.197395025540102131e-01
-4.202400686189186607e-01
-4.207406310070645472e-01
-4.212411897347913547e-01
-4.217417448183632955e-01
-4.222422962739365015e-01
-4.227428441175904994e-01
-4.232433883653117235e-01
-4.237439290329961805e-01
-4.242444661364433989e-01
-4.247449996913817416e-01
-4.252455297134353773e-01
-4.257460562181548669e-01
-4.262465792209929050e-01
-4.267470987373228608e-01
-4.272476147824352255e-01
-4.277481273715298959e-01
-4.282486365197217815e-01
-4.287491422420509068e-01
-4.292496445534662031e-01
-4.297501434688361655e-01
-4.302506390029498529e-01
-4.307511311705115031e-01
-4.312516199861520794e-01
-4.317521054644060108e-01
-4.322525876197465533e-01
-4.327530664665560911e-01
-4.332535420191410691e-01
-4.337540142917317709e-01
-4.342544832984829850e-01
-4.347549490534663996e-01
-4.352554115706727678e-01
-4.357558708640275613e-01
-4.362563269473784811e-01
-4.367567798344949015e-01
-4.372572295390726449e-01
-4.377576760747318718e-01
-4.382581194550203008e-01
-4.387585596934078791e-01
-4.392589968033011605e-01
-4.397594307980273731e-01
-4.402598616908468543e-01
-4.407602894949402828e-01
-4.412607142234269975e-01
-4.417611358893488438e-01
-4.422615545056785002e-01
-4.427619700853250295e-01
-4.432623826411183354e-01
-4.437627921858306457e-01
-4.442631987321623011e-01
-4.447636022927370369e-01
-4.452640028801206906e-01
-4.457644005068135962e-01
-4.462647951852383166e-01
-4.467651869277623478e-01
-4.472655757466870718e-01
-4.477659616542444820e-01
-4.482663446625974046e-01
-4.487667247838525997e-01
-4.492671020300492146e-01
-4.497674764131611158e-01
-4.502678479451079352e-01
-4.507682166377299238e-01
-4.512685825028220910e-01
-4.517689455521027853e-01
-4.522693057972395070e-01
-4.527696632498355300e-01
-4.532700179214306235e-01
-4.537703698235007188e-01
-4.542707189674738966e-01
-4.547710653647102919e-01
-4.552714090265086444e-01
-4.557717499641096293e-01
-4.562720881887001312e-01
-4.567724237114069163e-01
-4.572727565432914698e-01
-4.577730866953726996e-01
-4.582734141785977933e-01
-4.587737390038607588e-01
-4.592740611820045893e-01
-4.597743807238126590e-01
-4.602746976400069467e-01
-4.607750119412667988e-01
-4.612753236382076683e-01
-4.617756327413833906e-01
-4.622759392613092766e-01
-4.627762432084386868e-01
-4.632765445931652515e-01
-4.637768434258400796e-01
-4.642771397167525516e-01
-4.647774334761435311e-01
-4.652777247141982042e-01
-4.657780134410609008e-01
-4.662782996668045077e-01
-4.667785834014617219e-01
-4.672788646550161684e-01
-4.677791434373959056e-01
-4.682794197584790319e-01
-4.687796936280943516e-01
-4.692799650560134372e-01
-4.697802340519804387e-01
-4.702805006256584042e-01
-4.707807647866807943e-01
-4.712810265446254476e-01
-4.717812859090355082e-01
-4.722815428893796241e-01
-4.727817974950981883e-01
-4.732820497355825773e-01
-4.737822996201678794e-01
-4.742825471581468832e-01
-4.747827923587672472e-01
-4.752830352312241158e-01
-4.757832757846665594e-01
-4.762835140282039581e-01
-4.767837499708970084e-01
-4.772839836217543930e-01
-4.777842149897470470e-01
-4.782844440837956679e-01
-4.787846709127734912e-01
-4.792848954855186694e-01
-4.797851178108148984e-01
-4.802853378974077936e-01
-4.807855557539945646e-01
-4.812857713892268463e-01
-4.817859848117150845e-01
-4.822861960300315887e-01
-4.827864050526924355e-01
-4.832866118881828932e-01
-4.837868165449353275e-01
-4.842870190313441903e-01
-4.847872193557580811e-01
-4.852874175264892398e-01
-4.857876135518022775e-01
-4.862878074399120676e-01
-4.867879991990120558e-01
-4.872881888372321280e-01
-4.877883763626657543e-01
-4.882885617833729319e-01
-4.887887451073635869e-01
-4.892889263426062896e-01
-4.897891054970326952e-01
-4.902892825785325481e-01
-4.907894575949431348e-01
-4.912896305540752628e-01
-4.917898014636863380e-01
-4.922899703315030684e-01
-4.927901371652002038e-01
-4.932903019724164118e-01
-4.937904647607468944e-01
-4.942906255377519376e-01
-4.947907843109367598e-01
-4.952909410877768259e-01
-4.957910958757015818e-01
-4.962912486821005054e-01
-4.967913995143143358e-01
-4.972915483796526703e-01
-4.977916952853724819e-01
-4.982918402386982137e-01
-4.987919832467992420e-01
-4.992921243168132461e-01
-4.997922634558242261e-01
-5.002924006708934224e-01
-5.007925359690071909e-01
-5.012926693571386760e-01
-5.017928008421909114e-01
-5.022929304310423948e-01
-5.027930581305140034e-01
-5.032931839473874236e-01
-5.037933078883952698e-01
-5.042934299602218617e-01
-5.047935501695121063e-01
-5.052936685228537339e-01
-5.057937850267921753e-01
-5.062938996878227904e-01
-5.067940125123930883e-01
-5.072941235068918475e-01
-5.077942326776672122e-01
-5.082943400310123705e-01
-5.087944455731623350e-01
-5.092945493103068211e-01
-5.097946512485729276e-01
-5.102947513940389035e-01
-5.107948497527169396e-01
-5.112949463305733744e-01
-5.117950411335054905e-01
-5.122951341673548376e-01
-5.127952254379024577e-01
-5.132953149508578949e-01
-5.137954027118761813e-01
-5.142954887265405173e-01
-5.147955730003699326e-01
-5.152956555388056303e-01
-5.157957363472316370e-01
-5.162958154309447156e-01
-5.167958927951752379e-01
-5.172959684450729734e-01
-5.177960423857064232e-01
-5.182961146220645965e-01
-5.187961851590603413e-01
-5.192962540015084727e-01
-5.197963211541398731e-01
-5.202963866215938316e-01
-5.207964504084126034e-01
-5.212965125190478499e-01
-5.217965729578426526e-01
-5.222966317290497207e-01
-5.227966888367966414e-01
-5.232967442851210738e-01
-5.237967980779287824e-01
-5.242968502190239466e-01
-5.247969007120752982e-01
-5.252969495606452099e-01
-5.257969967681449530e-01
-5.262970423378703355e-01
-5.267970862729705050e-01
-5.272971285764507243e-01
-5.277971692511752577e-01
-5.282972082998527164e-01
-5.287972457250352809e-01
-5.292972815291097088e-01
-5.297973157142951139e-01
-5.302973482826383034e-01
-5.307973792360016763e-01
-5.312974085760679976e-01
-5.317974363043225239e-01
-5.322974624220446760e-01
-5.327974869303234717e-01
-5.332975098300174466e-01
-5.337975311217686425e-01
-5.342975508060029410e-01
-5.347975688828879859e-01
-5.352975853523626038e-01
-5.357976002141026095e-01
-5.362976134675336848e-01
-5.367976251117916320e-01
-5.372976351457479094e-01
-5.377976435679769907e-01
-5.382976503767509247e-01
-5.387976555700375592e-01
-5.392976591454758939e-01
-5.397976611003786340e-01
-5.402976614317068771e-01
-5.407976601360720004e-01
-5.412976572097214500e-01
-5.417976526485115407e-01
-5.422976464479173364e-01
-5.427976386030012312e-01
-5.432976291084036236e-01
-5.437976179583339231e-01
-5.442976051465588938e-01
-5.447975906663741208e-01
-5.452975745105966832e-01
-5.457975566715573823e-01
-5.462975371410652148e-01
-5.467975159104085936e-01
-5.472974929703299241e-01
-5.477974683110106158e-01
-5.482974419220516538e-01
-5.487974137924515050e-01
-5.492973839105906864e-01
-5.497973522642140010e-01
-5.502973188404145510e-01
-5.507972836255849991e-01
-5.512972466054378851e-01
-5.517972077649547780e-01
-5.522971670883701778e-01
-5.527971245591597471e-01
-5.532970801599956800e-01
-5.537970338727356001e-01
-5.542969856784031313e-01
-5.547969355571410466e-01
-5.552968834882099358e-01
-5.557968294499510131e-01
-5.562967734197460379e-01
-5.567967153740150943e-01
-5.572966552881577496e-01
-5.577965931365428398e-01
-5.582965288924890412e-01
-5.587964625281913733e-01
-5.592963940147377411e-01
-5.597963233220438761e-01
-5.602962504188341297e-01
-5.607961752726061677e-01
-5.612960978495930009e-01
-5.617960181147201304e-01
-5.622959360315897825e-01
-5.627958515624228442e-01
-5.632957646680291086e-01
-5.637956753077698613e-01
-5.642955834395153580e-01
-5.647954890196078548e-01
-5.652953920028038759e-01
-5.657952923422665537e-01
-5.662951899894788088e-01
-5.667950848942354680e-01
-5.672949770045776496e-01
-5.677948662667520185e-01
-5.682947526251649339e-01
-5.687946360223374853e-01
-5.692945163988484270e-01
-5.697943936932875486e-01
-5.702942678422078249e-01
-5.707941387800880007e-01
-5.712940064392302286e-01
-5.717938707497698392e-01
-5.722937316395796392e-01
-5.727935890342199521e-01
-5.732934428569020913e-01
-5.737932930284017630e-01
-5.742931394670212075e-01
-5.747929820885201435e-01
-5.752928208060601456e-01
-5.757926555301371430e-01
-5.762924861685195799e-01
-5.767923126261895739e-01
-5.772921348052727497e-01
-5.777919526049760668e-01
-5.782917659215104367e-01
-5.787915746480398749e-01
-5.792913786745950144e-01
-5.797911778880115996e-01
-5.802909721718562119e-01
-5.807907614063579915e-01
-5.812905454683342521e-01
-5.817903242310999978e-01
-5.822900975644095256e-01
-5.827898653343829283e-01
-5.832896274034128359e-01
-5.837893836300885875e-01
-5.842891338691247327e-01
-5.847888779712686613e-01
-5.852886157832276615e-01
-5.857883471475729964e-01
-5.862880719026739573e-01
-5.867877898825860639e-01
-5.872875009169941096e-01
-5.877872048310924802e-01
-5.882869014455196499e-01
-5.887865905762639240e-01
-5.892862720345605210e-01
-5.897859456268096379e-01
-5.902856111544745321e-01
-5.907852684140048050e-01
-5.912849171967080597e-01
-5.917845572886948347e-01
-5.922841884707419347e-01
-5.927838105182186013e-01
-5.932834232009773778e-01
-5.937830262832500816e-01
-5.942826195235547670e-01
-5.947822026745878121e-01
-5.952817754831146724e-01
-5.957813376898726254e-01
-5.962808890294699626e-01
-5.967804292302603120e-01
-5.972799580142555964e-01
-5.977794750969964710e-01
-5.982789801874636160e-01
-5.987784729879601642e-01
-5.992779531939810278e-01
-5.997774204941352938e-01
-6.002768745700071129e-01
-6.007763150960464538e-01
-6.012757417394608561e-01
-6.017751541600944165e-01
-6.022745520103138794e-01
-6.027739349348875120e-01
-6.032733025708695296e-01
-6.037726545474939588e-01
-6.042719904860212043e-01
-6.047713099996584463e-01
-6.052706126934087605e-01
-6.057698981639653146e-01
-6.062691659995902427e-01
-6.067684157799793088e-01
-6.072676470761465550e-01
-6.077668594503019550e-01
-6.082660524557288451e-01
-6.087652256366544723e-01
-6.092643785281252056e-01
-6.097635106558784157e-01
-6.102626215362275675e-01
-6.107617106759251069e-01
-6.112607775720340086e-01
-6.117598217118159765e-01
-6.122588425725873362e-01
-6.127578396216003531e-01
-6.132568123159077844e-01
-6.137557601022514131e-01
-6.142546824169123898e-01
-6.147535786855983231e-01
-6.152524483233127173e-01
-6.157512907342179709e-01
-6.162501053115112537e-01
-6.167488914373097098e-01
-6.172476484824985787e-01
-6.177463758066187305e-01
-6.182450727577368799e-01
-6.187437386723120269e-01
-6.192423728750630074e-01
-6.197409746788712370e-01
-6.202395433846078499e-01
-6.207380782810345554e-01
-6.212365786446887306e-01
-6.217350437397194396e-01
-6.222334728177918439e-01
-6.227318651179516440e-01
-6.232302198665093940e-01
-6.237285362768951735e-01
-6.242268135495552261e-01
-6.247250508718247275e-01
-6.252232474177964461e-01
-6.257214023482047249e-01
-6.262195148103125719e-01
-6.267175839377783220e-01
-6.272156088505358440e-01
-6.277135886546975074e-01
-6.282115224424075217e-01
-6.287094092917429045e-01
-6.292072482666037914e-01
-6.297050384165735482e-01
-6.302027787768348377e-01
-6.307004683680317303e-01
-6.311981061961875472e-01
-6.316956912525630852e-01
-6.321932225135660222e-01
-6.326906989406481108e-01
-6.331881194801879387e-01
-6.336854830633938951e-01
-6.341827886061850439e-01
-6.346800350091157394e-01
-6.351772211572628279e-01
-6.356743459201177338e-01
-6.361714081515057462e-01
-6.366684066894724436e-01
-6.371653403562175244e-01
-6.376622079579721269e-01
-6.381590082849333267e-01
-6.386557401111575549e-01
-6.391524021944848810e-01
-6.396489932764574116e-01
-6.401455120822290290e-01
-6.406419573204822360e-01
-6.411383276833578782e-01
-6.416346218463788720e-01
-6.421308384683748205e-01
-6.426269761913928624e-01
-6.431230336406549286e-01
-6.436190094244814697e-01
-6.441149021342091885e-01
-6.446107103441557351e-01
-6.451064326115216740e-01
-6.456020674763769396e-01
-6.460976134615704636e-01
-6.465930690726863217e-01
-6.470884327980014339e-01
-6.475837031084167306e-01
-6.480788784574444961e-01
-6.485739572811151099e-01
-6.490689379979961426e-01
-6.495638190090959885e-01
-6.500585986978740793e-01
-6.505532754301776022e-01
-6.510478475542302856e-01
-6.515423134005915440e-01
-6.520366712821374922e-01
-6.525309194940448476e-01
-6.530250563137642850e-01
-6.535190800010010070e-01
-6.540129887977162992e-01
-6.545067809280996629e-01
-6.550004545985759208e-01
-6.554940079977904510e-01
-6.559874392966177359e-01
-6.564807466481518139e-01
-6.569739281877221559e-01
-6.574669820328903347e-01
-6.579599062834730061e-01
-6.584526990215469056e-01
-6.589453583114690538e-01
-6.594378821998907458e-01
-6.599302687158021818e-01
-6.604225158705298027e-01
-6.609146216577883592e-01
-6.614065840536944574e-01
-6.618984010168339482e-01
-6.623900704882617063e-01
-6.628815903915715735e-01
-6.633729586329389916e-01
-6.638641731011571956e-01
-6.643552316677033831e-01
-6.648461321867913387e-01
-6.653368724954212832e-01
-6.658274504134511496e-01
-6.663178637436648621e-01
-6.668081102718231845e-01
-6.672981877667704120e-01
-6.677880939804600180e-01
-6.682778266480882134e-01
-6.687673834881244783e-01
-6.692567622024409024e-01
-6.697459604763608132e-01
-6.702349759787898931e-01
-6.707238063622765756e-01
-6.712124492631309502e-01
-6.717009023015206859e-01
-6.721891630815721719e-01
-6.726772291914788759e-01
-6.731650982036252451e-01
-6.736527676746818516e-01
-6.741402351457342901e-01
-6.746274981424019712e-01
-6.751145541749602463e-01
-6.756014007384765208e-01
-6.760880353129140596e-01
-6.765744553633018521e-01
-6.770606583398521838e-01
-6.775466416780900891e-01
-6.780324027990147773e-01
-6.785179391092281964e-01
-6.790032480011111149e-01
-6.794883268529370302e-01
-6.799731730290575760e-01
-6.804577838800446310e-01
-6.809421567428491917e-01
-6.814262889409843371e-01
-6.819101777846633405e-01
-6.823938205709920712e-01
-6.828772145841227603e-01
-6.833603570954478457e-01
-6.838432453637579567e-01
-6.843258766354282097e-01
-6.848082481446174929e-01
-6.852903571134286720e-01
-6.857722007521107610e-01
-6.862537762592472168e-01
-6.867350808219486735e-01
-6.872161116160494521e-01
-6.876968658063017381e-01
-6.881773405465821947e-01
-6.886575329800893597e-01
-6.891374402395499255e-01
-6.896170594474373416e-01
-6.900963877161593318e-01
-6.905754221482934829e-01
-6.910541598367839766e-01
-6.915325978651724048e-01
-6.920107333077935019e-01
-6.924885632300312732e-01
-6.929660846885059566e-01
-6.934432947313252660e-01
-6.939201903982875619e-01
-6.943967687211364259e-01
-6.948730267237639424e-01
-6.953489614224602766e-01
-6.958245698261470435e-01
-6.962998489366023502e-01
-6.967747957487030463e-01
-6.972494072506666418e-01
-6.977236804242863411e-01
-6.981976122451838407e-01
-6.986711996830291538e-01
-6.991444397018089507e-01
-6.996173292600588178e-01
-7.000898653111159442e-01
-7.005620448033674785e-01
-7.010338646804938900e-01
-7.015053218817240976e-01
-7.019764133420898222e-01
-7.024471359926692804e-01
-7.029174867608548594e-01
-7.033874625705981432e-01
-7.038570603426599348e-01
-7.043262769948804847e-01
-7.047951094424256269e-01
-7.052635545980437959e-01
-7.057316093723409178e-01
-7.061992706740126691e-01
-7.066665354101330232e-01
-7.071334004863858436e-01
-7.075998628073451036e-01
-7.080659192767330135e-01
-7.085315667976712639e-01
-7.089968022729515873e-01
-7.094616226052955499e-01
-7.099260246976092370e-01
-7.103900054532625852e-01
-7.108535617763327430e-01
-7.113166905718679711e-01
-7.117793887461598690e-01
-7.122416532070096062e-01
-7.127034808639685082e-01
-7.131648686286106154e-01
-7.136258134147999144e-01
-7.140863121389435797e-01
-7.145463617202563178e-01
-7.150059590810149412e-01
-7.154651011468269317e-01
-7.159237848468811283e-01
-7.163820071142148471e-01
-7.168397648859553550e-01
-7.172970551036093045e-01
-7.177538747132747865e-01
-7.182102206659467525e-01
-7.186660899177211848e-01
-7.191214794300966329e-01
-7.195763861701901520e-01
-7.200308071110212982e-01
-7.204847392317306198e-01
-7.209381795178637642e-01
-7.213911249615889698e-01
-7.218435725619722909e-01
-7.222955193252077466e-01
-7.227469622648697856e-01
-7.231978984021494306e-01
-7.236483247661179563e-01
-7.240982383939454925e-01
-7.245476363311522672e-01
-7.249965156318435300e-01
-7.254448733589632381e-01
-7.258927065844986704e-01
-7.263400123897461036e-01
-7.267867878655287495e-01
-7.272330301124246832e-01
-7.276787362410157556e-01
-7.281239033720787734e-01
-7.285685286368607239e-01
-7.290126091772529682e-01
-7.294561421460602491e-01
-7.298991247071899835e-01
-7.303415540358743074e-01
-7.307834273188993368e-01
-7.312247417548143336e-01
-7.316654945541463118e-01
-7.321056829396057619e-01
-7.325453041463008130e-01
-7.329843554219392932e-01
-7.334228340270462221e-01
-7.338607372351415581e-01
-7.342980623329783407e-01
-7.347348066206969008e-01
-7.351709674120594507e-01
-7.356065420346200590e-01
-7.360415278299231590e-01
-7.364759221536971712e-01
-7.369097223760450177e-01
-7.373429258816077692e-01
-7.377755300697718122e-01
-7.382075323548330514e-01
-7.386389301661950846e-01
-7.390697209485018737e-01
-7.394999021618694490e-01
-7.399294712820025932e-01
-7.403584258003907959e-01
-7.407867632244763412e-01
-7.412144810778005244e-01
-7.416415769001770686e-01
-7.420680482478512197e-01
-7.424938926936286432e-01
-7.429191078270732662e-01
-7.433436912546214081e-01
-7.437676405997446505e-01
-7.441909535030872824e-01
-7.446136276226209549e-01
-7.450356606337716903e-01
-7.454570502295572165e-01
-7.458777941207377360e-01
-7.462978900359287238e-01
-7.467173357217398166e-01
-7.471361289429037100e-01
-7.475542674823868472e-01
-7.479717491415298625e-01
-7.483885717401516091e-01
-7.488047331166728382e-01
-7.492202311282265548e-01
-7.496350636507639331e-01
-7.500492285791736657e-01
-7.504627238273793299e-01
-7.508755473284395299e-01
-7.512876970346558103e-01
-7.516991709176669145e-01
-7.521099669685411548e-01
-7.525200831978720029e-01
-7.529295176358526964e-01
-7.533382683323961437e-01
-7.537463333571804425e-01
-7.541537107997524636e-01
-7.545603987696108961e-01
-7.549663953962580942e-01
-7.553716988292942247e-01
-7.557763072384857672e-01
-7.561802188138304626e-01
-7.565834317656096042e-01
-7.569859443244804087e-01
-7.573877547415017730e-01
-7.577888612882230923e-01
-7.581892622567180107e-01
-7.585889559596471488e-01
-7.589879407303046222e-01
-7.593862149226607849e-01
-7.597837769114168527e-01
-7.601806250920511987e-01
-7.605767578808204643e-01
-7.609721737148660292e-01
-7.613668710521790395e-01
-7.617608483716756806e-01
-7.621541041732107225e-01
-7.625466369776103814e-01
-7.629384453266865318e-01
-7.633295277832878867e-01
-7.637198829312741299e-01
-7.641095093755722045e-01
-7.644984057421845280e-01
-7.648865706781881046e-01
-7.652740028517506232e-01
-7.656607009521460006e-01
-7.660466636897568238e-01
-7.664318897960696875e-01
-7.668163780236939564e-01
-7.672001271463427807e-01
-7.675831359588387581e-01
-7.679654032771153771e-01
-7.683469279381869299e-01
-7.687277088001680525e-01
-7.691077447422464131e-01
-7.694870346646633941e-01
-7.698655774887048775e-01
-7.702433721566923630e-01
-7.706204176319478849e-01
-7.709967128987734730e-01
-7.713722569624423819e-01
-7.717470488491422476e-01
-7.721210876059885209e-01
-7.724943723009560781e-01
-7.728669020228704500e-01
-7.732386758813565297e-01
-7.736096930068278033e-01
-7.739799525504189592e-01
-7.743494536839620190e-01
-7.747181955999520309e-01
-7.750861775114805674e-01
-7.754533986522156308e-01
-7.758198582763385920e-01
-7.761855556585033344e-01
-7.765504900937817423e-01
-7.769146608976059687e-01
-7.772780674057411243e-01
-7.776407089741914636e-01
-7.780025849791707415e-01
-7.783636948170353786e-01
-7.787240379042292826e-01
-7.790836136772053555e-01
-7.794424215923901889e-01
-7.798004611260924701e-01
-7.801577317744480267e-01
-7.805142330533618722e-01
-7.808699644984152810e-01
-7.812249256648245987e-01
-7.815791161273457632e-01
-7.819325354802095784e-01
-7.822851833370538799e-01
-7.826370593308343837e-01
-7.829881631137547426e-01
-7.833384943571942705e-01
-7.836880527516111306e-01
-7.840368380064854925e-01
-7.843848498502137279e-01
-7.847320880300414636e-01
-7.850785523119669929e-01
-7.854242424806660017e-01
-7.857691583394075252e-01
-7.861132997099470332e-01
-7.864566664324670331e-01
-7.867992583654509486e-01
-7.871410753856299403e-01
-7.874821173878646663e-01
-7.878223842850613501e-01
-7.881618760080852937e-01
-7.885005925056512988e-01
-7.888385337442362921e-01
-7.891756997079903968e-01
-7.895120903986276861e-01
-7.898477058353315927e-01
-7.901825460546607616e-01
-7.905166111104410254e-01
-7.908499010736746992e-01
-7.911824160324344435e-01
-7.915141560917648977e-01
-7.918451213735653305e-01
-7.921753120165052620e-01
-7.925047281759205475e-01
-7.928333700236916970e-01
-7.931612377481549458e-01
-7.934883315539920101e-01
-7.938146516621115145e-01
-7.941401983095661699e-01
-7.944649717494272068e-01
-7.947889722506749077e-01
-7.951122000981154514e-01
-7.954346555922344741e-01
-7.957563390491112498e-01
-7.960772508003161052e-01
-7.963973911927785254e-01
-7.967167605886864568e-01
-7.970353593653802804e-01
-7.973531879152377932e-01
-7.976702466455558582e-01
-7.979865359784514833e-01
-7.983020563507421397e-01
-7.986168082138280777e-01
-7.989307920335869673e-01
-7.992440082902670939e-01
-7.995564574783543543e-01
-7.998681401064774432e-01
-8.001790566972853957e-01
-8.004892077873415612e-01
-8.007985939269850473e-01
-8.011072156802595545e-01
-8.014150736247570572e-01
-8.017221683515265429e-01
-8.020285004649501115e-01
-8.023340705826390584e-01
-8.026388793353033124e-01
-8.029429273666496281e-01
-8.032462153332652344e-01
-8.035487439044916025e-01
-8.038505137623185304e-01
-8.041515256012778945e-01
-8.044517801283158631e-01
-8.047512780626697726e-01
-8.050500201357833063e-01
-8.053480070911589461e-01
-8.056452396842672670e-01
-8.059417186824171520e-01
-8.062374448646543179e-01
-8.065324190216258682e-01
-8.068266419554932511e-01
-8.071201144798040295e-01
-8.074128374193640933e-01
-8.077048116101540609e-01
-8.079960378991892789e-01
-8.082865171444238994e-01
-8.085762502146264241e-01
-8.088652379892699029e-01
-8.091534813584203567e-01
-8.094409812226269763e-01
-8.097277384927987764e-01
-8.100137540900936850e-01
-8.102990289458418260e-01
-8.105835640013684396e-01
-8.108673602079348175e-01
-8.111504185266138478e-01
-8.114327399281711095e-01
-8.117143253929595126e-01
-8.119951759108082756e-01
-8.122752924809163444e-01
-8.125546761117349304e-01
-8.128333278208700330e-01
-8.131112486349576507e-01
-8.133884395895712993e-01
-8.136649017291062158e-01
-8.139406361066702233e-01
-8.142156437839778160e-01
-8.144899258312441326e-01
-8.147634833270807064e-01
-8.150363173583786702e-01
-8.153084290202242679e-01
-8.155798194157573011e-01
-8.158504896561160624e-01
-8.161204408602772409e-01
-8.163896741550009661e-01
-8.166581906746919195e-01
-8.169259915613158451e-01
-8.171930779642962994e-01
-8.174594510403939696e-01
-8.177251119536227408e-01
-8.179900618751514418e-01
-8.182543019831796105e-01
-8.185178334628642194e-01
-8.187806575062005487e-01
-8.190427753119269294e-01
-8.193041880854432524e-01
-8.195648970386769649e-01
-8.198249033900217864e-01
-8.200842083642129188e-01
-8.203428131922528843e-01
-8.206007191112842936e-01
-8.208579273645375540e-01
-8.211144392011932025e-01
-8.213702558763109618e-01
-8.216253786507259349e-01
-8.218798087909612304e-01
-8.221335475691317063e-01
-8.223865962628461590e-01
-8.226389561551213925e-01
-8.228906285342931781e-01
-8.231416146939186662e-01
-8.233919159326875681e-01
-8.236415335543290084e-01
-8.238904688675329213e-01
-8.241387231858479101e-01
-8.243862978276031983e-01
-8.246331941158154821e-01
-8.248794133780977811e-01
-8.251249569465887168e-01
-8.253698261578417128e-01
-8.256140223527693722e-01
-8.258575468765317895e-01
-8.261004010784581686e-01
-8.263425863119892023e-01
-8.265841039345430685e-01
-8.268249553074877856e-01
-8.270651417960208640e-01
-8.273046647691056910e-01
-8.275435255993797146e-01
-8.277817256630889409e-01
-8.280192663399884578e-01
-8.282561490132804849e-01
-8.284923750695359912e-01
-8.287279458985973291e-01
-8.289628628935180599e-01
-8.291971274504854605e-01
-8.294307409687391441e-01
-8.296637048504958978e-01
-8.298960205008750757e-01
-8.301276893278277669e-01
-8.303587127420539726e-01
-8.305890921569391017e-01
-8.308188289884778088e-01
-8.310479246552036070e-01
-8.312763805781067106e-01
-8.315041981805811888e-01
-8.317313788883323733e-01
-8.319579241293298955e-01
-8.321838353337343008e-01
-8.324091139337982392e-01
-8.326337613638429280e-01
-8.328577790601631170e-01
-8.330811684609635837e-01
-8.333039310063046212e-01
-8.335260681380159964e-01
-8.337475812996578695e-01
-8.339684719364267584e-01
-8.341887414951132396e-01
-8.344083914240345567e-01
-8.346274231729648996e-01
-8.348458381930743410e-01
-8.350636379368748807e-01
-8.352808238581495015e-01
-8.354973974119003222e-01
-8.357133600542733243e-01
-8.359287132425270439e-01
-8.361434584349384247e-01
-8.363575970907730639e-01
-8.365711306702050543e-01
-8.367840606342840104e-01
-8.369963884448533564e-01
-8.372081155645136885e-01
-8.374192434565513876e-01
-8.376297735848977633e-01
-8.378397074140604417e-01
-8.380490464090807334e-01
-8.382577920354709056e-01
-8.384659457591771003e-01
-8.386735090465030629e-01
-8.388804833640743919e-01
-8.390868701787883577e-01
-8.392926709577499533e-01
-8.394978871682323707e-01
-8.397025202776283725e-01
-8.399065717533936715e-01
-8.401100430629947491e-01
-8.403129356738767708e-01
-8.405152510534067423e-01
-8.407169906688090055e-01
-8.409181559871587996e-01
-8.411187484752884469e-01
-8.413187695997806914e-01
-8.415182208269030850e-01
-8.417171036225620240e-01
-8.419154194522719958e-01
-8.421131697811043981e-01
-8.423103560736346918e-01
-8.425069797939179761e-01
-8.427030424054268165e-01
-8.428985453710340359e-01
-8.430934901529396619e-01
-8.432878782126614903e-01
-8.434817110109684712e-01
-8.436749900078610587e-01
-8.438677166625249138e-01
-8.440598924332795017e-01
-8.442515187775532226e-01
-8.444425971518529916e-01
-8.446331290116954049e-01
-8.448231158116106254e-01
-8.450125590050716617e-01
-8.452014600444662795e-01
-8.453898203810809031e-01
-8.455776414650383321e-01
-8.457649247452752039e-01
-8.459516716695141270e-01
-8.461378836842092799e-01
-8.463235622345313125e-01
-8.465087087643343722e-01
-8.466933247161034792e-01
-8.468774115309426476e-01
-8.470609706485358048e-01
-8.472440035071077125e-01
-8.474265115434129747e-01
-8.476084961926736439e-01
-8.477899588885871029e-01
-8.479709010632565658e-01
-8.481513241471936304e-01
-8.483312295692679861e-01
-8.485106187566975322e-01
-8.486894931349955318e-01
-8.488678541279720546e-01
-8.490457031576736924e-01
-8.492230416443794505e-01
-8.493998710065785440e-01
-8.495761926609125547e-01
-8.497520080221873107e-01
-8.499273185033158207e-01
-8.501021255153140554e-01
-8.502764304672715268e-01
-8.504502347663125406e-01
-8.506235398175883144e-01
-8.507963470242483339e-01
-8.509686577874107094e-01
-8.511404735061551818e-01
-8.513117955774752721e-01
-8.514826253962739511e-01
-8.516529643553414353e-01
-8.518228138453199927e-01
-8.519921752547006122e-01
-8.521610499697902519e-01
-8.523294393746821962e-01
-8.524973448512619401e-01
-8.526647677791548974e-01
-8.528317095357408339e-01
-8.529981714961032413e-01
-8.531641550330294477e-01
-8.533296615169778665e-01
-8.534946923160717791e-01
-8.536592487960863451e-01
-8.538233323204015290e-01
-8.539869442500115371e-01
-8.541500859435064985e-01
-8.543127587570300552e-01
-8.544749640443011218e-01
-8.546367031565678118e-01
-8.547979774425920052e-01
-8.549587882486532342e-01
-8.551191369185133784e-01
-8.552790247934163315e-01
-8.554384532120634654e-01
-8.555974235105988646e-01
-8.557559370225898965e-01
-8.559139950790437545e-01
-8.560715990083398452e-01
-8.562287501362662034e-01
-8.563854497859837434e-01
-8.565416992780100491e-01
-8.566974999302102711e-01
-8.568528530577931290e-01
-8.570077599732850437e-01
-8.571622219865288050e-01
-8.573162404046594798e-01
-8.574698165321125165e-01
-8.576229516705914380e-01
-8.577756471190615128e-01
-8.579279041737515321e-01
-8.580797241281293841e-01
-8.582311082729001672e-01
-8.583820578959872050e-01
-8.585325742825323792e-01
-8.586826587148750356e-01
-8.588323124725590896e-01
-8.589815368322932798e-01
-8.591303330679848083e-01
-8.592787024506944871e-01
-8.594266462486477298e-01
-8.595741657272121250e-01
-8.597212621488981021e-01
-8.598679367733590428e-01
-8.600141908573634142e-01
-8.601600256548030954e-01
-8.603054424166755032e-01
-8.604504423910895872e-01
-8.605950268232422928e-01
-8.607391969554283317e-01
-8.608829540270205305e-01
-8.610262992744692756e-01
-8.611692339312944089e-01
-8.613117592280881141e-01
-8.614538763924907139e-01
-8.615955866491987747e-01
-8.617368912199626640e-01
-8.618777913235674548e-01
-8.620182881758415849e-01
-8.621583829896385387e-01
-8.622980769748488372e-01
-8.624373713383783890e-01
-8.625762672841560397e-01
-8.627147660131304630e-01
-8.628528687232462913e-01
-8.629905766094639885e-01
-8.631278908637496361e-01
-8.632648126750656070e-01
-8.634013432293714541e-01
-8.635374837096096989e-01
-8.636732352957287029e-01
-8.638085991646571316e-01
-8.639435764903018455e-01
-8.640781684435578924e-01
-8.642123761922942959e-01
-8.643462009013642700e-01
-8.644796437325911187e-01
-8.646127058447616864e-01
-8.647453883936542240e-01
-8.648776925319920927e-01
-8.650096194094900603e-01
-8.651411701728034531e-01
-8.652723459655734528e-01
-8.654031479283935679e-01
-8.655335771988215132e-01
-8.656636349113726592e-01
-8.657933221975298022e-01
-8.659226401857377242e-01
-8.660515900013857626e-01
-8.661801727668394513e-01
-8.663083896014082130e-01
-8.664362416213773344e-01
-8.665637299399705507e-01
-8.666908556673779129e-01
-8.668176199107542335e-01
-8.669440237742106481e-01
-8.670700683588139501e-01
-8.671957547625852580e-01
-8.673210840805213317e-01
-8.674460574045675942e-01
-8.675706758236412242e-01
-8.676949404236137253e-01
-8.678188522873236943e-01
-8.679424124945740449e-01
-8.680656221221402236e-01
-8.681884822437612170e-01
-8.683109939301428826e-01
-8.684331582489640544e-01
-8.685549762648773209e-01
-8.686764490395120220e-01
-8.687975776314730281e-01
-8.689183630963288607e-01
-8.690388064866575446e-01
-8.691589088519983131e-01
-8.692786712388741455e-01
-8.693980946908042018e-01
-8.695171802482973833e-01
-8.696359289488423405e-01
-8.697543418269425564e-01
