7.172882175093931557e-16
-2.395572656227358266e+00
-4.672969121824192662e+00
-6.733967214592726513e+00
-8.513277147512193110e+00
-9.981582503885775282e+00
-1.114039335277902687e+01
-1.201283274242412524e+01
-1.263413802122280849e+01
-1.304403523246538654e+01
-1.328160984211535833e+01
-1.338239789604470431e+01
-1.337709764462773165e+01
-1.329130997561173189e+01
-1.314585030643128860e+01
-1.295732568987389932e+01
-1.273879149558744750e+01
-1.250038751150447780e+01
-1.224990555829486105e+01
-1.199327283998848159e+01
-1.173495061990533550e+01
-1.147825692249790031e+01
-1.122562351159280247e+01
-1.097879910673129267e+01
-1.073900835680253429e+01
-1.050707624130073370e+01
-1.028352443150543394e+01
-1.006864649339489226e+01
-9.862565847473122815e+00
-9.665281297876241240e+00
-9.476702149780313889e+00
-9.296676118277252598e+00
-9.125010278215839321e+00
-8.961486734683557387e+00
-8.805872096872986887e+00
-8.657922349667998674e+00
-8.517382927320802821e+00
-8.383986897403474359e+00
-8.257451903362889922e+00
-8.137478899352434070e+00
-8.023752373392847304e+00
-7.915943729424293807e+00
-7.813715977041493232e+00
-7.716730386757090443e+00
-7.624652665184649791e+00
-7.537159391827689348e+00
-7.453942564521979008e+00
-7.374713595601374294e+00
-7.299205051253715659e+00
-7.227171967035937783e+00
-7.158391231121131071e+00
-7.092661080655603634e+00
-7.029799157821700284e+00
-6.969641203978826915e+00
-6.912038682765531128e+00
-6.856857390887451942e+00
-6.803975181023432128e+00
-6.753280851194681134e+00
-6.704672186909802711e+00
-6.658055238403947307e+00
-6.613342711923624329e+00
-6.570453611682045114e+00
-6.529311924929392497e+00
-6.489846556595267657e+00
-6.451990230282635075e+00
-6.415679639007378476e+00
-6.380854491035945486e+00
-6.347457813366962576e+00
-6.315435087585740348e+00
-6.284734659728366424e+00
-6.255306927656839378e+00
-6.227104825824149259e+00
-6.200083038733827934e+00
-6.174198540281000014e+00
-6.149409817187859950e+00
-6.125677450258343093e+00
-6.102963337889828921e+00
-6.081231311549019303e+00
-6.060446353394069341e+00
-6.040575241367770687e+00
-6.021585757368366210e+00
-6.003447359211811829e+00
-5.986130377213440212e+00
-5.969606711356954420e+00
-5.953849014972030673e+00
-5.938831416067690938e+00
-5.924528687255360637e+00
-5.910916990552063766e+00
-5.897973032957215089e+00
-5.885674834223367569e+00
-5.874000867637724888e+00
-5.862930850364914903e+00
-5.852444869064520105e+00
-5.842524192471201694e+00
-5.833150381526396089e+00
-5.824306123899066101e+00
-5.815974328340661081e+00
-5.808138980875151347e+00
-5.800784223109230808e+00
-5.793895229841916183e+00
-5.787457271080701737e+00
-5.781456610839304844e+00
-5.775879552628768288e+00
-5.770713359229632466e+00
-5.765945281443445758e+00
-5.761563498642843228e+00
-5.757556130585986587e+00
-5.753912198563781111e+00
-5.750620620095975077e+00
-5.747671190511103312e+00
-5.745053560357694877e+00
-5.742758237267413080e+00
-5.740775545929911239e+00
-5.739096650103813424e+00
-5.737712495016988434e+00
-5.736614849403242289e+00
-5.735795230202406003e+00
-5.735245964513283390e+00
-5.734959096479126828e+00
-5.734927469058647809e+00
-5.735143612993340412e+00
-5.735600848308338051e+00
-5.736292155267943116e+00
-5.737211295527276711e+00
-5.738351664991140133e+00
-5.739707434546249765e+00
-5.741272384746037183e+00
-5.743041066060881050e+00
-5.745007615318844962e+00
-5.747166935418207778e+00
-5.749513493460454150e+00
-5.752042519875451454e+00
-5.754748788188945419e+00
-5.757627833516423266e+00
-5.760674713912269596e+00
-5.763885248193556521e+00
-5.767254758822239147e+00
-5.770779329025089943e+00
-5.774454527164725626e+00
-5.778276683124850877e+00
-5.782241594130167250e+00
-5.786345820370413229e+00
-5.790585372231420003e+00
-5.794957025135065720e+00
-5.799456988147127845e+00
-5.804082238012545858e+00
-5.808829169108665980e+00
-5.813694946658032769e+00
-5.818676137997663922e+00
-5.823770084953953763e+00
-5.828973516400862920e+00
-5.834283939783720285e+00
-5.839698234940920329e+00
-5.845214064765388962e+00
-5.850828450266133629e+00
-5.856539200357922859e+00
-5.862343468140189806e+00
-5.868239199807297801e+00
-5.874223672124014861e+00
-5.880294960449544917e+00
-5.886450457389901914e+00
-5.892688359930968289e+00
-5.899006169248903753e+00
-5.905402196947872717e+00
-5.911874046011195816e+00
-5.918420136140993826e+00
-5.925038165832844150e+00
-5.931726656815500043e+00
-5.938483397233143890e+00
-5.945307005184053750e+00
-5.952195352994890776e+00
-5.959147149858504910e+00
-5.966160347184977120e+00
-5.973233740339224163e+00
-5.980365355054793497e+00
-5.987554068272191721e+00
-5.994797975601702689e+00
-6.002096031264305687e+00
-6.009446396590258921e+00
-6.016848099064881161e+00
-6.024299361849775103e+00
-6.031799281936856438e+00
-6.039346140679278108e+00
-6.046939101057097865e+00
-6.054576499205596818e+00
-6.062257560796791900e+00
-6.069980673552658246e+00
-6.077745122746861739e+00
-6.085549344691215445e+00
-6.093392681362447050e+00
-6.101273614849894500e+00
-6.109191541112424240e+00
-6.117144985376188338e+00
-6.125133395027098970e+00
-6.133155335946952391e+00
-6.141210304547494836e+00
-6.149296905033728500e+00
-6.157414680585635125e+00
-6.165562271537340600e+00
-6.173739265713187763e+00
-6.181944337511555254e+00
-6.190177117401924889e+00
-6.198436311902459472e+00
-6.206721592244917041e+00
-6.215031695235226472e+00
-6.223366331093416193e+00
-6.231724265185947687e+00
-6.240105245048580329e+00
-6.248508062979414746e+00
-6.256932502252291250e+00
-6.265377380559701948e+00
-6.273842515424683519e+00
-6.282326748482880419e+00
-6.290829930100819034e+00
-6.299350924486231129e+00
-6.307889613521233230e+00
-6.316444882690070983e+00
-6.325016644135481592e+00
-6.333603803393059728e+00
-6.342206301679637725e+00
-6.350823063423216119e+00
-6.359454057792267356e+00
-6.368098227010419166e+00
-6.376755567135521829e+00
-6.385425037148258376e+00
-6.394106658990297731e+00
-6.402799407415472821e+00
-6.411503329296674103e+00
-6.420217414228653219e+00
-6.428941733112739421e+00
-6.437675289500703002e+00
-6.446418177466659571e+00
-6.455169413680833301e+00
-6.463929114578767177e+00
-6.472696309153344707e+00
-6.481471135431665864e+00
-6.490252633974012753e+00
-6.499040963668272219e+00
-6.507835175924814308e+00
-6.516635449798435786e+00
-6.525440846868012734e+00
-6.534251565696396646e+00
-6.543066677383079899e+00
-6.551886399372780723e+00
-6.560709811669672042e+00
-6.569537150005111847e+00
-6.578367502702036518e+00
-6.587201123212497400e+00
-6.596037107620600359e+00
-6.604875726560858418e+00
-6.613716083347653374e+00
-6.622558465285745655e+00
-6.631401982414393714e+00
-6.640246938220877304e+00
-6.649092448987949489e+00
-6.657938833921164701e+00
-6.666785215087733363e+00
-6.675631926969405328e+00
-6.684478096980326356e+00
-6.693324074457094319e+00
-6.702168991743632454e+00
-6.711013212629791447e+00
-6.719855873991207318e+00
-6.728697353688273708e+00
-6.737536792748397119e+00
-6.746374582737411529e+00
-6.755209868471898638e+00
-6.764043054874806948e+00
-6.772873290205622787e+00
-6.781700992412127427e+00
-6.790525312865760554e+00
-6.799346682221994342e+00
-6.808164254648125358e+00
-6.816978473204419409e+00
-6.825788494551680685e+00
-6.834594773865858564e+00
-6.843396470012383936e+00
-6.852194050006449544e+00
-6.860986674641625704e+00
-6.869774822508532885e+00
-6.878557656064204551e+00
-6.887335665222363623e+00
-6.896108013850487772e+00
-6.904875202944117163e+00
-6.913636397538666323e+00
-6.922392109480931310e+00
-6.931141504742113213e+00
-6.939885105799642240e+00
-6.948622079337987145e+00
-6.957352958254236164e+00
-6.966076909733024181e+00
-6.974794476889037753e+00
-6.983504827202831500e+00
-6.992208513813392479e+00
-7.000904704301154524e+00
-7.009593961644426940e+00
-7.018275453335630409e+00
-7.026949752015150708e+00
-7.035616024907081822e+00
-7.044274854144294551e+00
-7.052925406509381823e+00
-7.061568273465109513e+00
-7.070202621186539638e+00
-7.078829050310608828e+00
-7.087446726245212325e+00
-7.096056258652242654e+00
-7.104656812019280565e+00
-7.113249004889998339e+00
-7.121832000684405806e+00
-7.130406426690937494e+00
-7.138971445120454895e+00
-7.147527691874714151e+00
-7.156074327819300862e+00
-7.164611997343232730e+00
-7.173139859836077825e+00
-7.181658568053105540e+00
-7.190167279781984888e+00
-7.198666656028284372e+00
-7.207155852856645062e+00
-7.215635539411741739e+00
-7.224104869918591021e+00
-7.232564521554092352e+00
-7.241013646591515140e+00
-7.249452930137482376e+00
-7.257881522405482677e+00
-7.266300116333560766e+00
-7.274707859971278445e+00
-7.283105453993655942e+00
-7.291492044186071553e+00
-7.299868338869854867e+00
-7.308233481469637915e+00
-7.316588187865971982e+00
-7.324931599029480545e+00
-7.333264438316501099e+00
-7.341585844153781792e+00
-7.349896547293059967e+00
-7.358195683530664333e+00
-7.366483990936642634e+00
-7.374760602593226189e+00
-7.383026263814763013e+00
-7.391280104888722668e+00
-7.399522878302505546e+00
-7.407753711471056768e+00
-7.415973363986513966e+00
-7.424180960315902134e+00
-7.432377267090532591e+00
-7.440561405756951352e+00
-7.448734149922468184e+00
-7.456894617942965375e+00
-7.465043590341092994e+00
-7.473180182314335340e+00
-7.481305181242430713e+00
-7.489417699098780190e+00
-7.497518530064293252e+00
-7.505606782824957968e+00
-7.513683258309009183e+00
-7.521747061853743865e+00
-7.529799001082954746e+00
-7.537838177925884509e+00
-7.545865406652321639e+00
-7.553879785726071994e+00
-7.561882136015021239e+00
-7.569871552462047681e+00
-7.577848862487274850e+00
-7.585813157458770384e+00
-7.593765271304860676e+00
-7.601704291766766097e+00
-7.609631059238473938e+00
-7.617544657783845707e+00
-7.625445934221971811e+00
-7.633333968890426036e+00
-7.641209614994114219e+00
-7.649071949096988732e+00
-7.656921830752112967e+00
-7.664758332703847543e+00
-7.672582320817397772e+00
-7.680392863972774542e+00
-7.688190834312607969e+00
-7.695975296809470123e+00
-7.703747129849877417e+00
-7.711505394456947826e+00
-7.719250975229176248e+00
-7.726982929199483152e+00
-7.734702147147451967e+00
-7.742407682076223097e+00
-7.750100430916949001e+00
-7.757779442604596731e+00
-7.765445620193494491e+00
-7.773098008513029455e+00
-7.780737516713386093e+00
-7.788363185482195306e+00
-7.795975930039398705e+00
-7.803574786895405069e+00
-7.811160677314830991e+00
-7.818732633596680692e+00
-7.826291583026031340e+00
-7.833836553657107515e+00
-7.841368478772376527e+00
-7.848886382148791974e+00
-7.856391203044038818e+00
-7.863881960926173420e+00
-7.871359601006823858e+00
-7.878823138414364102e+00
-7.886273524293995862e+00
-7.893709769404462229e+00
-7.901132830804912466e+00
-7.908541714855356730e+00
-7.915937384510231212e+00
-7.923318841702156945e+00
-7.930687055262934493e+00
-7.938041022670256908e+00
-7.945381718616070899e+00
-7.952708136095974822e+00
-7.960021255645687077e+00
-7.967320065752295122e+00
-7.974605552779610029e+00
-7.981876700680518688e+00
-7.989134501631848906e+00
-7.996377935027125794e+00
-8.003607998841856030e+00
-8.010823667885661692e+00
-8.018025945919069031e+00
-8.025213803143758540e+00
-8.032388249092182519e+00
-8.039548249334723451e+00
-8.046694819163278112e+00
-8.053826919494007086e+00
-8.060945571366376683e+00
-8.068049731019884874e+00
-8.075140425230269869e+00
-8.082216605538521392e+00
-8.089279304445852858e+00
-8.096327468773312219e+00
-8.103362136737288779e+00
-8.110382250417991656e+00
-8.117388853737292465e+00
-8.124380884013964632e+00
-8.131359390866123249e+00
-8.138323306831003023e+00
-8.145273687214263703e+00
-8.152209459751860621e+00
-8.159131685428697267e+00
-8.166039287160229421e+00
-8.172933331602719065e+00
-8.179812736832127840e+00
-8.186678575168768290e+00
-8.193529759830624926e+00
-8.200367368794971412e+00
-8.207190310403582600e+00
-8.213999668284252209e+00
-8.220794345884607779e+00
-8.227575432476802675e+00
-8.234341826596807579e+00
-8.241094623155360566e+00
-8.247832715759573219e+00
-8.254557204953387739e+00
-8.261266979398062205e+00
-8.267963145265705194e+00
-8.274644586255197609e+00
-8.281312414162130153e+00
-8.287965507706582358e+00
-8.294604984303378004e+00
-8.301229717677653497e+00
-8.307840830859477776e+00
-8.314437192563323364e+00
-8.321019931430823746e+00
-8.327587911150109434e+00
-8.334142265971086871e+00
-8.340681854540290985e+00
-8.347207816712790773e+00
-8.353719006078442533e+00
-8.360216568094839928e+00
-8.366699351280161068e+00
-8.373168506692060475e+00
-8.379622877762546551e+00
-8.386063621147139102e+00
-8.392489575177080496e+00
-8.398901902103983019e+00
-8.405299435144117481e+00
-8.411683342143538411e+00
-8.418052451189476315e+00
-8.424407935721035301e+00
-8.430748618682597950e+00
-8.437075679105230819e+00
-8.443387934776772852e+00
-8.449686570319357770e+00
-8.455970398350784123e+00
-8.462240609083730547e+00
-8.468496009952486858e+00
-8.474737796759894692e+00
-8.480964771743636277e+00
-8.487178136296506636e+00
-8.493376687446543727e+00
-8.499561632176689585e+00
-8.505731762292306541e+00
-8.511888290366760756e+00
-8.518030002970061076e+00
-8.524158118266541351e+00
-8.530271417578159543e+00
-8.536371124660956156e+00
-8.542456015576403772e+00
-8.548527319673103975e+00
-8.554583807739700063e+00
-8.560626714718454267e+00
-8.566654806112964593e+00
-8.572669322460523489e+00
-8.578669023967439244e+00
-8.584655156767544426e+00
-8.590626475757886737e+00
-8.596584232670547721e+00
-8.602527177081402243e+00
-8.608456566322550074e+00
-8.614371144636907118e+00
-8.620272174958719447e+00
-8.626158396186133004e+00
-8.632031076857858309e+00
-8.637888950515558051e+00
-8.643733291304657840e+00
-8.649562827399066123e+00
-8.655378838553421161e+00
-8.661180047562245576e+00
-8.666967739792209358e+00
-8.672740632647091275e+00
-8.678500017108484954e+00
-8.684244605178054854e+00
-8.689975693455313177e+00
-8.695691988528702510e+00
-8.701394792618772911e+00
-8.707082806889520299e+00
-8.712757339185971617e+00
-8.718417085236492170e+00
-8.724063358514040800e+00
-8.729694849300500437e+00
-8.735312876700216833e+00
-8.740916125537536274e+00
-8.746505920552136715e+00
-8.752080941099919187e+00
-8.757642517559638407e+00
-8.763189323807869968e+00
-8.768722695866603800e+00
-8.774241302122295139e+00
-8.779746484244238758e+00
-8.785236905117995931e+00
-8.790713912064491709e+00
-8.796176162457678416e+00
-8.801625009274490097e+00
-8.807059104366693703e+00
-8.812479806371724678e+00
-8.817885761608428297e+00
-8.823278334379512700e+00
-8.828656165460284200e+00
-8.834020624823500256e+00
-8.839370347690394425e+00
-8.844706709708592740e+00
-8.850028340534823457e+00
-8.855336621496560312e+00
-8.860630176675481806e+00
-8.865910393084133645e+00
-8.871175889218610777e+00
-8.876428057781811987e+00
-8.881665511673803692e+00
-8.886889649293101101e+00
-8.892099077933400153e+00
-8.897295201694346289e+00
-8.902476622252828875e+00
-8.907644749415155161e+00
-8.912798179231080198e+00
-8.917938327219214756e+00
-8.923063783791812753e+00
-8.928175970185639798e+00
-8.933273471165055213e+00
-8.938357713690844975e+00
-8.943427276869176268e+00
-8.948483593390873736e+00
-8.953525236693563372e+00
-8.958553645204126781e+00
-8.963567386681456028e+00
-8.968567905294673182e+00
-8.973553763113509163e+00
-8.978526410055710727e+00
-8.983484402491606957e+00
-8.988429196093854046e+00
-8.993359341523110118e+00
-8.998276300213454704e+00
-9.003178617105580983e+00
-9.008067759401523489e+00
-9.012942266311760875e+00
-9.017803610813023951e+00
-9.022650326375165619e+00
-9.027483891756334700e+00
-9.032302834675681069e+00
-9.037108639679530597e+00
-9.041899828725952659e+00
-9.046677892156482770e+00
-9.051441346157755419e+00
-9.056191686873592772e+00
-9.060927424708985711e+00
-9.065650061617006372e+00
-9.070358102210711593e+00
-9.075053054259704766e+00
-9.079733416574795157e+00
-9.084400702749325873e+00
-9.089053405781660544e+00
-9.093693045096246763e+00
-9.098318107868495375e+00
-9.102930119361591466e+00
-9.107527560917679565e+00
-9.112111963646025714e+00
-9.116681803045313615e+00
-9.121238616078606753e+00
-9.125780872390587106e+00
-9.130310114805775257e+00
-9.134824807104649835e+00
-9.139326497980931663e+00
-9.143813645340392426e+00
-9.148287803753964553e+00
-9.152747425242299784e+00
-9.157194070261306607e+00
-9.161626184936162431e+00
-9.166045335615946144e+00
-9.170449962519779064e+00
-9.174841637897984015e+00
-9.179218796053230989e+00
-9.183583015145178052e+00
-9.187932723549705472e+00
-9.192269505343945823e+00
-9.196591782966436313e+00
-9.200901146420326526e+00
-9.205196012196083188e+00
-9.209477976231314145e+00
-9.213745449057947567e+00
-9.218000032556444623e+00
-9.222240131289661136e+00
-9.226467353089507384e+00
-9.230680096539101598e+00
-9.234879975430445143e+00
-9.239065382356336897e+00
-9.243237937077484645e+00
-9.247396026185802143e+00
-9.251541275419517874e+00
-9.255672065358806933e+00
-9.259790027728447726e+00
-9.263893537086094199e+00
-9.267984231151936925e+00
-9.272060478450494969e+00
-9.276123922706354108e+00
-9.280172926400037881e+00
-9.284209139269647082e+00
-9.288230917740881054e+00
-9.292239917574592667e+00
-9.296234489130741352e+00
-9.300216294202069633e+00
-9.304183677072074943e+00
-9.308138305574667370e+00
-9.312078517905861830e+00
-9.316005987950211065e+00
-9.319919047805321100e+00
-9.323819377415720311e+00
-9.327705302769620843e+00
-9.331578509881163441e+00
-9.335437318618041047e+00
-9.339283421073595548e+00
-9.343115130984051220e+00
-9.346934146531490128e+00
-9.350738775309535455e+00
-9.354530721598905529e+00
-9.358308286839369217e+00
-9.362073181420093704e+00
-9.365823700615855785e+00
-9.369561560934062783e+00
-9.373285051473304819e+00
-9.376995894869239123e+00
-9.380692374032955527e+00
-9.384376217738390480e+00
-9.388045702697830563e+00
-9.391702563833513651e+00
-9.395345071647668078e+00
-9.398974967220990351e+00
-9.402590514834166413e+00
-9.406193461736656047e+00
-9.409782065976191490e+00
-9.413358080981170772e+00
-9.416919758554898934e+00
-9.420468858315310001e+00
-9.424003625809595164e+00
-9.427525826855545077e+00
-9.431033700732777803e+00
-9.434529019469538369e+00
-9.438010016066193941e+00
-9.441478468771910215e+00
-9.444932604296198519e+00
-9.448374207119918822e+00
-9.451801497649906736e+00
-9.455216266609369313e+00
-9.458616728090747827e+00
-9.462004679070492585e+00
-9.465378327314796891e+00
-9.468739476064126137e+00
-9.472086326746525842e+00
-9.475420688877552067e+00
-9.478740757535209838e+00
-9.482048348521010084e+00
-9.485341650550967785e+00
-9.488622485723688271e+00
-9.491889036381163436e+00
-9.495143130930227215e+00
-9.498382945326735438e+00
-9.501610314297069593e+00
-9.504823407398768964e+00
-9.508024065688928772e+00
-9.511210452314745822e+00
-9.514384414675399526e+00
-9.517544109495378990e+00
-9.520691390527504794e+00
-9.523824408061233981e+00
-9.526945022214423631e+00
-9.530051376829266729e+00
-9.533145338400263569e+00
-9.536225044309798449e+00
-9.539292367440729947e+00
-9.542345438703250693e+00
-9.545386137380203806e+00
-9.548412587897047388e+00
-9.551426675948457401e+00
-9.554426519462571932e+00
-9.557414010557764072e+00
-9.560387260652172259e+00
-9.563348168299828700e+00
-9.566294838396220968e+00
-9.569229175942998822e+00
-9.572149279300187885e+00
-9.575057059929218184e+00
-9.577950609641870727e+00
-9.580831846371401284e+00
-9.583698855368485425e+00
-9.586553561050484618e+00
-9.589394042094003368e+00
-9.592222229412815437e+00
-9.595036195096419362e+00
-9.597837876567393067e+00
-9.600625339315110196e+00
-9.603400527283310950e+00
-9.606161499348118582e+00
-9.608910205987042374e+00
-9.611644699449698237e+00
-9.614366936759980220e+00
-9.617074963527732834e+00
-9.619770743335832819e+00
-9.622452315141124757e+00
-9.625121649098227650e+00
-9.627776777497487615e+00
-9.630419677078098317e+00
-9.633048373450559865e+00
-9.635664849951483646e+00
-9.638267125497927523e+00
-9.640857190036935975e+00
-9.643433055778595886e+00
-9.645996719293332688e+00
-9.648546186070591446e+00
-9.651083459317391089e+00
-9.653606537788755659e+00
-9.656117431341519008e+00
-9.658614131982469431e+00
-9.661098656231452253e+00
-9.663568989333249704e+00
-9.666027154484028827e+00
-9.668471130152660464e+00
-9.670902946225030661e+00
-9.673320574380028347e+00
-9.675726051206892109e+00
-9.678117341580396271e+00
-9.680496488806598521e+00
-9.682861450942153780e+00
-9.685214278023552836e+00
-9.687552921275054629e+00
-9.689879437477403101e+00
-9.692191771008088708e+00
-9.694491985405921497e+00
-9.696778018187309556e+00
-9.699051939662972188e+00
-9.701311680473839516e+00
-9.703559317716466737e+00
-9.705792775141720341e+00
-9.708014136646159642e+00
-9.710221319075998281e+00
-9.712416413141790272e+00
-9.714597328770533835e+00
-9.716766163500945908e+00
-9.718920820326122367e+00
-9.721063403627157484e+00
-9.723191809448337608e+00
-9.725308149027744875e+00
-9.727410311445860103e+00
-9.729500414812010334e+00
-9.731576341228036497e+00
-9.733640215689106867e+00
-9.735689913303339438e+00
-9.737727565966247667e+00
-9.739751041777109819e+00
-9.741762479546599351e+00
-9.743759740349856813e+00
-9.745744969927406132e+00
-9.747716022315065842e+00
-9.749675050198032267e+00
-9.751619900557484399e+00
-9.753552733038150180e+00
-9.755471387551049034e+00
-9.757378030715615935e+00
-9.759270495357091235e+00
-9.761150955084664460e+00
-9.763017235622280410e+00
-9.764871517584008842e+00
-9.766711619576827985e+00
-9.768539729234939628e+00
-9.770353658032504995e+00
-9.772155600639319317e+00
-9.773943361380815986e+00
-9.775719141977782911e+00
-9.777480739591029035e+00
-9.779230363007803462e+00
-9.780965802208257287e+00
-9.782689273061720314e+00
-9.784398558351600883e+00
-9.786095881044996503e+00
-9.787779016712256919e+00
-9.789450195434106661e+00
-9.791107185551581438e+00
-9.792752224274780204e+00
-9.794383072699138992e+00
-9.796001975180073984e+00
-9.797606685550876549e+00
-9.799199455328425401e+00
-9.800778031067171270e+00
-9.802344671461661108e+00
-9.803897115770926263e+00
-9.805437629883243744e+00
-9.806963945745552635e+00
-9.808478336456204261e+00
-9.809978526633189588e+00
-9.811466796601310492e+00
-9.812940863632643840e+00
-9.814403015295001254e+00
-9.815850961497545768e+00
-9.817286997067588672e+00
-9.818708824534267521e+00
-9.820118746001128329e+00
-9.821514456600080933e+00
-9.822898265727632250e+00
-9.824267861101095178e+00
-9.825625559426926614e+00
-9.826969040990409354e+00
-9.828300629824772372e+00
-9.829617998765893816e+00
-9.830923479190875724e+00
-9.832214736468436911e+00
-9.833494109336722744e+00
-9.834759255679729861e+00
-9.836012521613763937e+00
-9.837251557520332312e+00
-9.838478716911263078e+00
-9.839691642647615311e+00
-9.840892695654213540e+00
-9.842079511253659874e+00
-9.843254457801329238e+00
-9.844415163063253260e+00
-9.845564002842966289e+00
-9.846698597331759117e+00
-9.847821329798987833e+00
-9.848929812842966314e+00
-9.850026437216694575e+00
-9.851108807907028364e+00
-9.852179323168561709e+00
-9.853235580358262524e+00
-9.854279985250293805e+00
-9.855310127553098098e+00
-9.856328420578490679e+00
-9.857332446367705003e+00
-9.858324625788478457e+00
-9.859302533195966944e+00
-9.860268597032131765e+00
-9.861220383947134849e+00
-9.862160329975642625e+00
-9.863085994043709448e+00
-9.863999819797204083e+00
-9.864899358419036091e+00
-9.865787061184773776e+00
-9.866660471515018571e+00
-9.867522048333810858e+00
-9.868369327279971515e+00
-9.869204774944853042e+00
-9.870025919166037554e+00
-9.870835234221193133e+00
-9.871630240127045042e+00
-9.872413418866498702e+00
-9.873182282615864835e+00
-9.873939321082474407e+00
-9.874682038582244914e+00
-9.875412932566280944e+00
-9.876129499470192030e+00
-9.876834244508152949e+00
-9.877524656215582510e+00
-9.878203247589013358e+00
-9.878867499243517258e+00
-9.879519931977702285e+00
-9.880158018465937886e+00
-9.880784287328598481e+00
-9.881396203278995927e+00
-9.881996302779011643e+00
-9.882582042560398961e+00
-9.883155966946503668e+00
-9.883715524666859764e+00
-9.884263267926245433e+00
-9.884796637431280786e+00
-9.885318193288386013e+00
-9.885825368160311655e+00
-9.886320730075233598e+00
-9.886801703631245886e+00
-9.887270864798631820e+00
-9.887725630089555295e+00
-9.888168583436979020e+00
-9.888597133245919935e+00
-9.889013871432521086e+00
-9.889416198273343284e+00
-9.889806713688443551e+00
-9.890182809804427322e+00
-9.890547094565947717e+00
-9.890896951928136005e+00
-9.891234997881280577e+00
-9.891558608187184021e+00
-9.891870406902764756e+00
-9.892167761574683027e+00
-9.892453304347684551e+00
-9.892724394531281717e+00
-9.892983672379310534e+00
-9.893228488941995025e+00
-9.893461492603652374e+00
-9.893680026132992467e+00
-9.893886746066336002e+00
-9.894078986868478864e+00
-9.894259413249377744e+00
-9.894425351347413411e+00
-9.894579474067873193e+00
-9.894719099200150580e+00
-9.894846907866721608e+00
-9.894960209485111235e+00
-9.895061693417138926e+00
-9.895148660685478603e+00
-9.895223808913366170e+00
-9.895284430705663326e+00
-9.895333231969127397e+00
-9.895367496867631729e+00
-9.895389939613998820e+00
-9.895397835907649764e+00
-9.895393908289937812e+00
-9.895375423972442519e+00
-9.895345113847596963e+00
-9.895300236615486966e+00
-9.895243531542497806e+00
-9.895172248793430825e+00
-9.895089136031476329e+00
-9.894991434862223656e+00
-9.894881901368634658e+00
-9.894757768573093415e+00
-9.894621801001505901e+00
-9.894471223068842747e+00
-9.894308807767142611e+00
-9.894131770879626586e+00
-9.893942893887992085e+00
-9.893739383919125885e+00
-9.893524030967901339e+00
-9.893294033480222183e+00
-9.893052189987809442e+00
-9.892795690230842709e+00
-9.892527341301658339e+00
-9.892244324209698902e+00
-9.891949454631877359e+00
-9.891639904821881046e+00
-9.891318499065228309e+00
-9.890982400834452903e+00
-9.890634443048060831e+00
-9.890271780372033916e+00
-9.889897254382036706e+00
-9.889508010911960412e+00
-9.889106900219202245e+00
-9.888691059279871354e+00
-9.888263347057613117e+00
-9.887820891644766519e+00
-9.887366560736182919e+00
-9.886897473514322243e+00
-9.886416506429998918e+00
-9.885920769729692026e+00
-9.885413148645268322e+00
-9.884890744460793854e+00
-9.884356451214316053e+00
-9.883807361200911856e+00
-9.883246377290234363e+00
-9.882670582761662104e+00
-9.882082889341834431e+00
-9.881480371267544527e+00
-9.880865949148104121e+00
-9.880236688150610291e+00
-9.879595517792782999e+00
-9.878939494144807654e+00
-9.878271555658763248e+00
-9.877588749280494795e+00
-9.876894022422476382e+00
-9.876184412878590280e+00
-9.875462877047958443e+00
-9.874726443544734167e+00
-9.873978077780988016e+00
-9.873214799163271493e+00
-9.872439582143066161e+00
-9.871649436891194895e+00
-9.870847346925236465e+00
-9.870030313151863410e+00
-9.869201328181684829e+00
-9.868357383628751478e+00
-9.867501481223511561e+00
-9.866630603258785825e+00
-9.865747760611982997e+00
-9.864849926225874199e+00
-9.863940120152026481e+00
-9.863015305953993561e+00
-9.862078512885139148e+00
-9.861126695100494999e+00
-9.860162891082634218e+00
-9.859184045548770925e+00
-9.858193206238418327e+00
-9.857187308401256232e+00
-9.856169409061662279e+00
-9.855136433971942722e+00
-9.854091449469352781e+00
-9.853031371778856240e+00
-9.851959276578778457e+00
-9.850872070536427216e+00
-9.849772838699600186e+00
-9.848658478147525486e+00
-9.847532083325964081e+00
-9.846390541695443588e+00
-9.845236957128379984e+00
-9.844068207435674012e+00
-9.842887405945292656e+00
-9.841691420787491040e+00
-9.840483374774677827e+00
-9.839260126325239497e+00
-9.838024807765227919e+00
-9.836774267769580860e+00
-9.835511648207425850e+00
-9.834233787978583052e+00
-9.832943838524535352e+00
-9.831638628938174307e+00
-9.830321320263092133e+00
-9.828988731753009134e+00
-9.827644034083427016e+00
-9.826284036636522501e+00
-9.824911919749750311e+00
-9.823524482901191845e+00
-9.822124916120317906e+00
-9.820710008948234204e+00
-9.819282961136883259e+00
-9.817840552257335318e+00
-9.816385991814357226e+00
-9.814916049375803198e+00
-9.813433944229938533e+00
-9.811936435907776755e+00
-9.810426753512004439e+00
-9.808901646503034755e+00
-9.807364353828846859e+00
-9.805811614845357127e+00
-9.804246678377044333e+00
-9.802666273640980421e+00
-9.801073659369485824e+00
-9.799465554606365814e+00
-9.797845228023243536e+00
-9.796209388455903166e+00
-9.794561314547006958e+00
-9.792897704889274024e+00
-9.791221848128207839e+00
-9.789530432578308350e+00
-9.787826756919985272e+00
-9.786107499153938960e+00
-9.784375968027633874e+00
-9.782628831192264229e+00
-9.780869407494714451e+00
-9.779094354200664085e+00
-9.777307000288976369e+00
-9.775503992603486125e+00
-9.773688670287784319e+00
-9.771857669727266327e+00
-9.770014340263172059e+00
-9.768155307785637120e+00
-9.766283931866592383e+00
-9.764396827863881967e+00
-9.762497365613381106e+00
-9.760582149903118676e+00
-9.758654560866395045e+00
-9.756711192683875211e+00
-9.754755435819870257e+00
-9.752783873809711679e+00
-9.750799907482429418e+00
-9.748800109689833349e+00
-9.746787891659739245e+00
-9.744759815521828017e+00
-9.742719302936839298e+00
-9.740662905273611116e+00
-9.738594054660143939e+00
-9.736509291665175425e+00
-9.734412058918566757e+00
-9.732298886149637340e+00
-9.730173226524721386e+00
-9.728031598894085974e+00
-9.725877466995438425e+00
-9.723707338759808749e+00
-9.721524688531617997e+00
-9.719326013282273635e+00
-9.717114797998004150e+00
-9.714887528650139714e+00
-9.712647700902188319e+00
-9.710391789684443609e+00
-9.708123301373355218e+00
-9.705838699816908388e+00
-9.703541502140351938e+00
-9.701228161067744438e+00
-9.698902204509295188e+00
-9.696560074023198084e+00
-9.694205308340883676e+00
-9.691834337812471389e+00
-9.689450712026966173e+00
-9.687050850084027331e+00
-9.684638312466891108e+00
-9.682209506981763525e+00
-9.679768005042991064e+00
-9.677310203120200072e+00
-9.674839683595955364e+00
-9.672352831559669184e+00
-9.669853240399472583e+00
-9.667337283780710777e+00
-9.664808566134492906e+00
-9.662263449657970682e+00
-9.659705549862890095e+00
-9.657131217433699177e+00
-9.654544079000840995e+00
-9.651940473691004385e+00
-9.649324039291480304e+00
-9.646691103326064720e+00
-9.644045314777217826e+00
-9.641382989520382196e+00
-9.638707787771746638e+00
-9.636016013712428219e+00
-9.633311338831211046e+00
-9.630590055568665875e+00
-9.627855846725275057e+00
-9.625104992954451433e+00
-9.622341188407698809e+00
-9.619560701904275035e+00
-9.616767238986296817e+00
-9.613957056591623029e+00
-9.611133871692818076e+00
-9.608293929298625358e+00
-9.605440957852099615e+00
-9.602571190384992406e+00
-9.599688366851225396e+00
-9.596788708257131262e+00
-9.593875966107972886e+00
-9.590946349336194388e+00
-9.588003621039302260e+00
-9.585043978026629219e+00
-9.582071195029170596e+00
-9.579081456683784523e+00
-9.576078549396402906e+00
-9.573058645581719261e+00
-9.570025543362213227e+00
-9.566975402880437684e+00
-9.563912034017434394e+00
-9.560831584593191934e+00
-9.557737876289662537e+00
-9.554627044553480886e+00
-9.551502922910239946e+00
-9.548361634382093399e+00
-9.545207024381195282e+00
-9.542035203453817616e+00
-9.538850028941928016e+00
-9.535647598864203545e+00
-9.532431782536113118e+00
-9.529198665396544143e+00
-9.525952128778433448e+00
-9.522688245488547309e+00
-9.519410908921495107e+00
-9.516116179199233471e+00
-9.512807961822819180e+00
-9.509482304176190226e+00
-9.506143123911924064e+00
-9.502786455622562301e+00
-9.499416229157700897e+00
-9.496028466264743173e+00
-9.492627109036119393e+00
-9.489208166320098670e+00
-9.485775592498109532e+00
-9.482325383464992541e+00
-9.478861505937876686e+00
-9.475379942803506594e+00
-9.471884673161735435e+00
-9.468371666836315370e+00
-9.464844915357414123e+00
-9.461300375430424126e+00
-9.457742051063785738e+00
-9.454165885789091561e+00
-9.450575896141481635e+00
-9.446968012422921390e+00
-9.443346263744128777e+00
-9.439706567121291414e+00
-9.436052964290167822e+00
-9.432381358924764925e+00
-9.428695805435769017e+00
-9.424992194098436471e+00
-9.421274592048701990e+00
-9.417538876106137380e+00
-9.413789126182903644e+00
-9.410021205585707094e+00
-9.406239207054399643e+00
-9.402438980325420914e+00
-9.398624631018334341e+00
-9.394791995241591920e+00
-9.390945191547107385e+00
-9.387080042357421661e+00
-9.383200679209984685e+00
-9.379302910783291480e+00
-9.375390881654041664e+00
-9.371460386698370115e+00
-9.367515583586643046e+00
-9.363552253333953246e+00
-9.359574566759309988e+00
-9.355578290958092680e+00
-9.351567609953583826e+00
-9.347538276862367823e+00
-9.343494488968282496e+00
-9.339431985349968102e+00
-9.335354976608813971e+00
-9.331259187726061555e+00
-9.327148842678338880e+00
-9.323019652289895376e+00
-9.318875853970904899e+00
-9.314713144328903738e+00
-9.310535774266723408e+00
-9.306339426115217250e+00
-9.302128364329661281e+00
-9.297898256904106873e+00
-9.293653381906826993e+00
-9.289389392934852552e+00
-9.285110581730798174e+00
-9.280812587434175143e+00
-9.276499715523987888e+00
-9.272167590621782196e+00
-9.267820532005805134e+00
-9.263454149718878483e+00
-9.259072776902184998e+00
-9.254672008959039076e+00
-9.250256192958067558e+00
-9.245820909601999205e+00
-9.241370519952390339e+00
-9.236900589950213458e+00
-9.232415494716116555e+00
-9.227910785368221624e+00
-9.223390851153236980e+00
-9.218851228305089407e+00
-9.214296320264558915e+00
-9.209721648319938225e+00
-9.205131630174854251e+00
-9.200521772110416663e+00
-9.195896506162970496e+00
-9.191251323544705087e+00
-9.186590670695268912e+00
-9.181910023696282508e+00
-9.177213843462345366e+00
-9.172497590882569440e+00
-9.167765741419099612e+00
-9.163013740706560384e+00
-9.158246078828213399e+00
-9.153458186102133354e+00
-9.148654567307181296e+00
-9.143830637382736271e+00
-9.138990915878768106e+00
-9.134130802293777052e+00
-9.129254831025232164e+00
-9.124358386068431415e+00
-9.119446016745953898e+00
-9.114513091487358665e+00
-9.109564174618880017e+00
-9.104594618941870721e+00
-9.099609003865698043e+00
-9.094602666500959387e+00
-9.089580201420748296e+00
-9.084536929982174769e+00
-9.079477462003678667e+00
-9.074397103026075939e+00
-9.069300478195909676e+00
-9.064182877174703279e+00
-9.059048940520915139e+00
-9.053893941953797153e+00
-9.048722537528485432e+00
-9.043529984958887269e+00
-9.038320955882703345e+00
-9.033090691945181661e+00
-9.027843880453765735e+00
-9.022575746921544848e+00
-9.017290994413810878e+00
-9.011984832248000288e+00
-9.006661979336440638e+00
-9.001317628737297127e+00
-8.995956515300255418e+00
-8.990573815760351195e+00
-8.985174280996050200e+00
-8.979753071355354166e+00
-8.974314953837955855e+00
-8.968855072340723211e+00
-8.963378210078332131e+00
-8.957879494432059886e+00
-8.952363724926350130e+00
-8.946826012362407710e+00
-8.941271172670354872e+00
-8.935694300006549184e+00
-8.930100226803823205e+00
-8.924484030508809340e+00
-8.918850560155105356e+00
-8.913194876414417323e+00
-8.907521845020500706e+00
-8.901826509804600107e+00
-8.896113753300991078e+00
-8.890378602434818589e+00
-8.884625956642324240e+00
-8.878850825876620334e+00
-8.873058126578555971e+00
-8.867242851662865633e+00
-8.861409934678727396e+00
-8.855554351435912963e+00
-8.849681052696876549e+00
-8.843784997099342959e+00
-8.837871152725019996e+00
-8.831934460972345136e+00
-8.825979907349267961e+00
-8.820002415947270080e+00
-8.814006989808751413e+00
-8.807988535650082440e+00
-8.801952074157370021e+00
-8.795892494603410938e+00
-8.789814835428272133e+00
-8.783713968392213189e+00
-8.777594949800798574e+00
-8.771452633832215184e+00
-8.765292094769980835e+00
-8.759108169140304767e+00
-8.752905949318272150e+00
-8.746680254107547015e+00
-8.740436194089458155e+00
-8.734168570274119858e+00
-8.727882511564697410e+00
-8.721572801106249884e+00
-8.715244586240432412e+00
-8.708892632175000870e+00
-8.702522104807888681e+00
-8.696127751336685918e+00
-8.689714756334495860e+00
-8.683277848915071928e+00
-8.676822232446429695e+00
-8.670342617884447378e+00
-8.663844227512733198e+00
-8.657321754054340346e+00
-8.650780438830359742e+00
-8.644214956255225957e+00
-8.637630566810239330e+00
-8.631021926524869770e+00
-8.624394315164291669e+00
-8.617742370295641052e+00
-8.611071391092758986e+00
-8.604375996582289687e+00
-8.597661505472309784e+00
-8.590922518170014399e+00
-8.584164373044300689e+00
-8.577381651802879148e+00
-8.570579712602956590e+00
-8.563753118372009254e+00
-8.556907247183932697e+00
-8.550036643103949174e+00
-8.543146704252041701e+00
-8.536231955748307954e+00
-8.529297815888984502e+00
-8.522338790765189742e+00
-8.515360318980393473e+00
-8.508356887511670408e+00
-8.501333955401776166e+00
-8.494285990427588473e+00
-8.487218472203890585e+00
-8.480125849220026879e+00
-8.473013621796527062e+00
-8.465876219046732487e+00
-8.458719162131384195e+00
-8.451536860698041664e+00
-8.444334856882978357e+00
-8.437107540777054382e+00
-8.429860475628155214e+00
-8.422588031878111892e+00
-8.415295794023426978e+00
-8.407978112763265344e+00
-8.400640593980467585e+00
-8.393277568536561262e+00
-8.385894663839218666e+00
-8.378486190815953805e+00
-8.371057798538519279e+00
-8.363603777902659075e+00
-8.356129799784282497e+00
-8.348630134947983450e+00
-8.341110476214650404e+00
-8.333565074116966898e+00
-8.325999643562443708e+00
-8.318408414749359991e+00
-8.310797124814200743e+00
-8.303159983517037546e+00
-8.295502750366289035e+00
-8.287819614578275207e+00
-8.280116358177251001e+00
-8.272387149728491096e+00
-8.264637793916632447e+00
-8.256862438547061700e+00
-8.249066911110151779e+00
-8.241245338540743148e+00
-8.233403571280884847e+00
-8.225535715282600080e+00
-8.217647644086326864e+00
-8.209733442547172189e+00
-8.201799007451439749e+00
-8.193838402441301128e+00
-8.185857547697166225e+00
-8.177850485530466784e+00
-8.169823159664607815e+00
-8.161769590960693321e+00
-8.153695746834708658e+00
-8.145595626575730108e+00
-8.137475221442851847e+00
-8.129328509029594585e+00
-8.121161504589199609e+00
-8.112968163894063167e+00
-8.104754526343546317e+00
-8.096514525761358883e+00
-8.088254225845524559e+00
-8.079967538341554345e+00
-8.071660551399489236e+00
-8.063327154554981391e+00
-8.054973460564211152e+00
-8.046593336619292103e+00
-8.038192920237362316e+00
-8.029766056131133922e+00
-8.021318906734325793e+00
-8.012845294142319830e+00
-8.004351405861950042e+00
-7.995831041230904823e+00
-7.987290412986321364e+00
-7.978723297565982975e+00
-7.970135933095358283e+00
-7.961522072967568420e+00
-7.952887980855358308e+00
-7.944227386960334591e+00
-7.935546580662181881e+00
-7.926839268821814777e+00
-7.918111766686492636e+00
-7.909357757624841057e+00
-7.900583582913206726e+00
-7.891782902274145250e+00
-7.882962083175330648e+00
-7.874114761537065910e+00
-7.865247331181647539e+00
-7.856353404068560309e+00
-7.847439400538944732e+00
-7.838498908430306500e+00
-7.829538374767916586e+00
-7.820551363103850129e+00
-7.811544347313631675e+00
-7.802510866498004738e+00
-7.793457421549886632e+00
-7.784377526950334136e+00
-7.775277710777794837e+00
-7.766151462722764798e+00
-7.757005338218493584e+00
-7.747832801991425988e+00
-7.738640436999982164e+00
-7.729421682830626139e+00
-7.720183150138350214e+00
-7.710918253191113791e+00
-7.701633630513090800e+00
-7.692322670872477453e+00
-7.682992040836570169e+00
-7.673635103490072495e+00
-7.664258553618254588e+00
-7.654855728435940421e+00
-7.645433351122718157e+00
-7.635984732834478983e+00
-7.626516625322630638e+00
-7.617022313492319618e+00
-7.607508577845738529e+00
-7.597968676842921987e+00
-7.588409419916900767e+00
-7.578824038885444203e+00
-7.569219372294210046e+00
-7.559588625118766281e+00
-7.549938665200290444e+00
-7.540262670469609851e+00
-7.530567538248050141e+00
-7.520846419216131729e+00
-7.511106240361379527e+00
-7.501340124905848228e+00
-7.491555029690852407e+00
-7.481744050268976487e+00
-7.471914173524504044e+00
-7.462058467126591488e+00
-7.452183948193527030e+00
-7.442283656294209848e+00
-7.432364638973406379e+00
-7.422419907480270140e+00
-7.412456539980438741e+00
-7.402467519180603972e+00
-7.392459954063386185e+00
-7.382426798567746751e+00
-7.372375192691173140e+00
-7.362298061376386649e+00
-7.352202575835703691e+00
-7.342081631784270535e+00
-7.331942431851048880e+00
-7.321777842289114879e+00
-7.311595097347929340e+00
-7.301387033581232977e+00
-7.291160917064840596e+00
-7.280909554412640539e+00
-7.270640243734788122e+00
-7.260345761462017045e+00
-7.250033437948807169e+00
-7.239696019196123267e+00
-7.229340868015354360e+00
-7.218960699727972496e+00
-7.208562909816800257e+00
-7.198140182671030729e+00
-7.187699946662064576e+00
-7.177234854990758528e+00
-7.166752369136470513e+00
-7.156245110852609947e+00
-7.145720574948303039e+00
-7.135171351467151979e+00
-7.124604968772475289e+00
-7.114013984932404000e+00
-7.103405962091390080e+00
-7.092773426073339493e+00
-7.082123973033392694e+00
-7.071450096278805830e+00
-7.060759426208023548e+00
-7.050044423336167654e+00
-7.039312752539864881e+00
-7.028556841263259081e+00
-7.017784389099202436e+00
-7.006987790138542671e+00
-6.996174778931173677e+00
-6.985337715928949365e+00
-6.974484370882634288e+00
-6.963607070315937619e+00
-6.952713619427425940e+00
-6.941796310519794844e+00
-6.930862984489507106e+00
-6.919905899122105630e+00
-6.908932931265090893e+00
-6.897936303886985421e+00
-6.886923930042843089e+00
-6.875887997580684363e+00
-6.864836456022965550e+00
-6.853761457790078282e+00
-6.842670989135100079e+00
-6.831557166740032550e+00
-6.820428013855238447e+00
-6.809275611109682380e+00
-6.798108019021411152e+00
-6.786917281848046990e+00
-6.775711497649100856e+00
-6.764482673988606365e+00
-6.753238946745319993e+00
-6.741972286463548514e+00
-6.730690867122723908e+00
-6.719386621917323943e+00
-6.708067763212890888e+00
-6.696726186519996737e+00
-6.685370142879534683e+00
-6.673991489780141784e+00
-6.662598517231328898e+00
-6.651183044357656726e+00
-6.639753400434826425e+00
-6.628301365876811069e+00
-6.616835309527172804e+00
-6.605346972738806777e+00
-6.593844764229163324e+00
-6.582320385935125806e+00
-6.570782286758448443e+00
-6.559222128860787926e+00
-6.547648401643083815e+00
-6.536052727128114803e+00
-6.524443635535483565e+00
-6.512812708381000348e+00
-6.501168517027074323e+00
-6.489502602109779694e+00
-6.477823576463254795e+00
-6.466122939466735886e+00
-6.454409345759607675e+00
-6.442674253082303792e+00
-6.430926358218368222e+00
-6.419157076882466839e+00
-6.407375148346122984e+00
-6.395571945906709743e+00
-6.383756251672506821e+00
-6.371919396127164958e+00
-6.360070204569878705e+00
-6.348199964268959938e+00
-6.336317544074089092e+00
-6.324414187631623996e+00
-6.312498807706653281e+00
-6.300562603911767035e+00
-6.288614533298077625e+00
-6.276645751027235320e+00
-6.264665258812604165e+00
-6.252664166942460078e+00
-6.240651522174402110e+00
-6.228618389495375496e+00
-6.216573861095227471e+00
-6.204508956226007399e+00
-6.192432812903644113e+00
-6.180336404206231649e+00
-6.168228914375901262e+00
-6.156101269871748549e+00
-6.143962701568417728e+00
-6.131804088855208335e+00
-6.119634709652022053e+00
-6.107445395821462064e+00
-6.095245472747898852e+00
-6.083025724304341963e+00
-6.070795523765505131e+00
-6.058545606545552964e+00
-6.046285394242143951e+00
-6.034005573335094574e+00
-6.021715614184494747e+00
-6.009406153853889876e+00
-5.997086711912236190e+00
-5.984747875518118043e+00
-5.972399213903272219e+00
-5.960031263825887216e+00
-5.947653644641368587e+00
-5.935256842205407501e+00
-5.922850526465463616e+00
-5.910425131865534532e+00
-5.897990379421266915e+00
-5.885536651648431317e+00
-5.873073721114691281e+00
-5.860591917884010904e+00
-5.848101066567602757e+00
-5.835591444246576387e+00
-5.823072928075542443e+00
-5.810535741613830574e+00
-5.797989815067457364e+00
-5.785425317927527900e+00
-5.772852233967816993e+00
-5.760260678056718930e+00
-5.747660688060661549e+00
-5.735042323662804975e+00
-5.722415677355813912e+00
-5.709770753066854887e+00
-5.697117698457330626e+00
-5.684446461119025074e+00
-5.671767244433855382e+00
-5.659069939070247024e+00
-5.646364804691480721e+00
-5.633641674445859948e+00
-5.620910864848390531e+00
-5.608162150921465638e+00
-5.595405906611799374e+00
-5.582631848200878544e+00
-5.569850407657041202e+00
-5.557051241896285632e+00
-5.544244841508568555e+00
-5.531420803410374454e+00
-5.518589677423382689e+00
-5.505740999820558201e+00
-5.492885380276102403e+00
-5.480012293765385678e+00
-5.467132410446490454e+00
-5.454235143332870628e+00
-5.441331223708792741e+00
-5.428410001950881636e+00
-5.415482271123136293e+00
-5.402537318279617473e+00
-5.389585998929003807e+00
-5.376617536105934292e+00
-5.363642848440462352e+00
-5.350651094239749384e+00
-5.337653255943630271e+00
-5.324638426412190206e+00
-5.311617652595799655e+00
-5.298579961175915898e+00
-5.285536464326551886e+00
-5.272476121806966454e+00
-5.259410111740643323e+00
-5.246327326208645836e+00
-5.233239010022867177e+00
-5.220133986817296012e+00
-5.207023568844414640e+00
-5.193896510509427245e+00
-5.180764192271176682e+00
-5.167615298511049282e+00
-5.154461278673760916e+00
-5.141290746308165183e+00
-5.128115220638870930e+00
-5.114923243559416299e+00
-5.101726404882687582e+00
-5.088513174009865025e+00
-5.075295212165459091e+00
-5.062060915406567219e+00
-5.048822017207866608e+00
-5.035566839415499985e+00
-5.022307188608586159e+00
-5.009031311540099729e+00
-4.995751088763584313e+00
-4.982454691040902439e+00
-4.969154073786522297e+00
-4.955837330856790679e+00
-4.942516493430439084e+00
-4.929179577527396106e+00
-4.915838691010963935e+00
-4.902481771116780962e+00
-4.889121003330512139e+00
-4.875744245138071697e+00
-4.862363760603524376e+00
-4.848967326479647788e+00
-4.835567286383114727e+00
-4.822151335331797739e+00
-4.808731897488358165e+00
-4.795296585115029764e+00
-4.781857903932852594e+00
-4.768403382408485491e+00
-4.754945608853915040e+00
-4.741472026880132695e+00
-4.727995308442788591e+00
-4.714502811216922495e+00
-4.701007291875518135e+00
-4.687496021056271722e+00
-4.673981841244546409e+00
-4.660451934917769101e+00
-4.646919231490808322e+00
-4.633370824135787380e+00
-4.619819730336621966e+00
-4.606252952792422306e+00
-4.592683598218805230e+00
-4.579098577650860591e+00
-4.565511088222349301e+00
-4.551907948089232825e+00
-4.538302446014257363e+00
-4.524681306034634254e+00
-4.511057909777859365e+00
-4.497418885897300989e+00
-4.483777710146948259e+00
-4.470120914505187670e+00
-4.456462070140441156e+00
-4.442787611038172102e+00
-4.429111205096450732e+00
-4.415419186962485476e+00
-4.401725322606914403e+00
-4.388015845964935657e+00
-4.374304622451498759e+00
-4.360577783886864012e+00
-4.346849296531502205e+00
-4.333105188657856210e+00
-4.319359528803378367e+00
-4.305598240228922791e+00
-4.291835495211639540e+00
-4.278057110505279148e+00
-4.264277363621427952e+00
-4.250481963278430975e+00
-4.236685293750116266e+00
-4.222872954157542047e+00
-4.209059437098523482e+00
-4.195230230500111901e+00
-4.181399936880903390e+00
-4.167553931341538842e+00
-4.153706927954119443e+00
-4.139844187323682867e+00
-4.125980536745706750e+00
-4.112101120622416950e+00
-4.098220881180703046e+00
-4.084324844873666649e+00
-4.070428070607133186e+00
-4.056515465098323503e+00
-4.042602205720046804e+00
-4.028673077625330556e+00
-4.014743378483893288e+00
-4.000797770013385879e+00
-3.986851672053407292e+00
-3.972889620970651237e+00
-3.958927160692249370e+00
-3.944948700272723041e+00
-3.930969909690139819e+00
-3.916975068678338445e+00
-3.902979975277315994e+00
-3.888968777842970237e+00
-3.874957404537020089e+00
-3.860929870230096039e+00
-3.846902235315724727e+00
-3.832858379019725703e+00
-3.818814496130108704e+00
-3.804754328014579468e+00
-3.790694206071843819e+00
-3.776617731542909251e+00
-3.762541374709243769e+00
-3.748448594358793962e+00
-3.734356001985494444e+00
-3.720246911538768853e+00
-3.706138078114038059e+00
-3.692012668375252993e+00
-3.677887583469989341e+00
-3.663745840266267262e+00
-3.649604488478109587e+00
-3.635446392601342502e+00
-3.621288753496604063e+00
-3.607114280643236359e+00
-3.592940328696923036e+00
-3.578749449405551619e+00
-3.564559153938970049e+00
-3.550351833525690282e+00
-3.536145158641835096e+00
-3.521921357132945296e+00
-3.507698261649434102e+00
-3.493457933711735741e+00
-3.479218371091086670e+00
-3.464961465959266906e+00
-3.450705384236519180e+00
-3.436431845637945681e+00
-3.422159187345144460e+00
-3.407868953421265168e+00
-3.393579655509347592e+00
-3.379272658734091994e+00
-3.364966652491125920e+00
-3.350642819585923249e+00
-3.336320030552243576e+00
-3.321979282397416355e+00
-3.307639630276993703e+00
-3.293281881819511092e+00
-3.278925280387756214e+00
-3.264550440544866650e+00
-3.250176797552413621e+00
-3.235784769111251347e+00
-3.221393986183416658e+00
-3.206984665696297032e+00
-3.192576638228425079e+00
-3.178149915903176748e+00
-3.163724532951052382e+00
-3.149280292536841941e+00
-3.134837436702489821e+00
-3.120375555370407561e+00
-3.105915102682553997e+00
-3.091435450900525517e+00
-3.076957270689733903e+00
-3.062459712092028496e+00
-3.047963666860005638e+00
-3.033448058110547407e+00
-3.018934003393464849e+00
-3.004400194042790684e+00
-2.989867978268213378e+00
-2.975315810603645250e+00
-2.960765274940686975e+00
-2.946194583829436553e+00
-2.931625562031873411e+00
-2.917036174756554079e+00
-2.902448492998158880e+00
-2.887840229084488008e+00
-2.873233705786791603e+00
-2.858606376822676598e+00
-2.843980822473783920e+00
-2.829334231919570453e+00
-2.814689448884679646e+00
-2.800023391873903478e+00
-2.785359174195729981e+00
-2.770673437326082400e+00
-2.755989570515725351e+00
-2.741283931629012738e+00
-2.726580192446034889e+00
-2.711854420397288301e+00
-2.697130576618409492e+00
-2.682384431032700967e+00
-2.667640241208872443e+00
-2.652873472225663498e+00
-2.638108685425997635e+00
-2.623321033429871552e+00
-2.608535388972437197e+00
-2.593726584309548056e+00
-2.578919811477577095e+00
-2.564089574156747098e+00
-2.549261391899659390e+00
-2.534409431277207858e+00
-2.519559547895302121e+00
-2.504685562342582994e+00
-2.489813675154377570e+00
-2.474917351706688695e+00
-2.460023146697704277e+00
-2.445104160683555961e+00
-2.430187312135424271e+00
-2.415245326784486224e+00
-2.400305496882733092e+00
-2.385340162911465889e+00
-2.370377001330803424e+00
-2.355387956503593117e+00
-2.340401099969027676e+00
-2.325387968633537472e+00
-2.310377040455462883e+00
-2.295339433050097799e+00
-2.280304042631672523e+00
-2.265241555163253651e+00
-2.250181297477587439e+00
-2.235093510967018027e+00
-2.220007966002676358e+00
-2.204894445895668298e+00
-2.189783178067409075e+00
-2.174643473608472988e+00
-2.159506031130619341e+00
-2.144339674696828624e+00
-2.129175588916780715e+00
-2.113982095307817222e+00
-2.098790879996195180e+00
-2.083569745678188756e+00
-2.068350896271997197e+00
-2.053101598570287400e+00
-2.037854591365411139e+00
-2.022576587602540776e+00
-2.007300878891588702e+00
-1.991993605465819162e+00
-1.976688630616036502e+00
-1.961351502014891501e+00
-1.946016674481588993e+00
-1.930649082225289304e+00
-1.915283792494655302e+00
-1.899885104002499547e+00
-1.884488718457760115e+00
-1.869058275831039007e+00
-1.853630135534803269e+00
-1.838167254247962568e+00
-1.822706673633102126e+00
-1.807210641124831874e+00
-1.791716906584785107e+00
-1.776186980739045351e+00
-1.760659349108696592e+00
-1.745094756615104492e+00
-1.729532453530494784e+00
-1.713932388111668814e+00
-1.698334606236763245e+00
-1.682698226729394397e+00
-1.667064123836537126e+00
-1.651390552110124865e+00
-1.635719248998167341e+00
-1.620007567694792039e+00
-1.604298145928237274e+00
-1.588547396003152201e+00
-1.572798895452087731e+00
-1.557008073493365563e+00
-1.541219489652154273e+00
-1.525387544953497931e+00
-1.509557826012978499e+00
-1.493683657371222218e+00
-1.477811701015271817e+00
-1.461894153219085668e+00
-1.445978803112495159e+00
-1.430016663084825668e+00
-1.414056705014533399e+00
-1.398048697564175269e+00
-1.382042855190089181e+00
-1.365987638322748943e+00
-1.349934568487500819e+00
-1.333830728216941930e+00
-1.317729015755900068e+00
-1.301575060347250234e+00
-1.285423212330460085e+00
-1.269217565895842004e+00
-1.253014005222204075e+00
-1.236755000574605079e+00
-1.220498058824380783e+00
-1.204183929479861304e+00
-1.187871838915052880e+00
-1.171500710111928356e+00
-1.155131594693742603e+00
-1.138701473273261433e+00
-1.122273338540689780e+00
-1.105782101502626347e+00
-1.089292823126091658e+00
-1.072738204635186543e+00
-1.056185515420356991e+00
-1.039565091991999202e+00
-1.022946567063102830e+00
-1.006257740597480188e+00
-9.895707804283931930e-01
-9.728107586880820890e-01
-9.560525695767349008e-01
-9.392183436063060720e-01
-9.223859150907688376e-01
-9.054742329553454594e-01
-8.885643115483504717e-01
-8.715716476085783038e-01
-8.545807060680348233e-01
-8.375032248001788027e-01
-8.204274259440631489e-01
-8.032609390376348468e-01
-7.860960928360809508e-01
-7.688360079306562067e-01
-7.515775202359880058e-01
-7.342187791545264908e-01
-7.168615899271135739e-01
-6.993985935688107336e-01
-6.819371017612124719e-01
-6.643636178443089735e-01
-6.467915891336821765e-01
-6.291006375932109984e-01
-6.114110897673589173e-01
-5.935947986037748425e-01
-5.757798573952028764e-01
-5.578292787872988212e-01
-5.398799939692898731e-01
-5.217848659403848677e-01
-5.036909729721482654e-01
-4.854394048364144565e-01
-4.671890102841222414e-01
-4.487670587439611114e-01
-4.303462163457042466e-01
-4.117373001795092691e-01
-3.931294254926748222e-01
-3.743134938987124904e-01
-3.554985325904060356e-01
-3.364508423018834349e-01
-3.174040471930479335e-01
-2.980932875821090122e-01
-2.787833436535950282e-01
-2.591686083346834146e-01
-2.395546041899563605e-01
-2.195801605841641579e-01
-1.996063578007362393e-01
-1.791917681285022934e-01
-1.587777219067946777e-01
-1.377966751629898789e-01
-1.168160656864138808e-01
-9.504134347077047851e-02
-7.326694045801453170e-02
-5.016863260302024258e-02
-2.707050742067801039e-02
-1.511955223205312737e-15
