4.702387942969841070e-15
-2.399036168626366372e+00
-4.679896657177987862e+00
-6.744359796230787296e+00
-8.527136313655452327e+00
-9.998910314376367126e+00
-1.116119239346967085e+01
-1.203710613665564644e+01
-1.266188943680960222e+01
-1.307526889834245942e+01
-1.331633055845118818e+01
-1.342061105671450782e+01
-1.341880925125618340e+01
-1.333652666684721311e+01
-1.319457937709931983e+01
-1.300957512848357389e+01
-1.279457001033437891e+01
-1.255970457813132413e+01
-1.231277145554940589e+01
-1.205969871106383629e+01
-1.180494852138559914e+01
-1.155183990448080955e+01
-1.130280568667477148e+01
-1.105959575737785805e+01
-1.082343603582829061e+01
-1.059515292228307537e+01
-1.037526966351483892e+01
-1.016408162926969538e+01
-9.961714309188536731e+00
-9.768168974021612883e+00
-9.583357903946296830e+00
-9.407132499903958944e+00
-9.239304334936951690e+00
-9.079660861485759682e+00
-8.927974608099102483e+00
-8.784007554821636532e+00
-8.647510386328907117e+00
-8.518219831827792632e+00
-8.395854772507568953e+00
-8.280114491710662605e+00
-8.170678696634114502e+00
-8.067211168213352934e+00
-7.969364938948727328e+00
-7.876789725037317780e+00
-7.789138850875150233e+00
-7.706076492063187899e+00
-7.627282808461199437e+00
-7.552458472160614278e+00
-7.481326665593822867e+00
-7.413634608923424629e+00
-7.349152917492795645e+00
-7.287675088666412115e+00
-7.229015369197830942e+00
-7.173007340318382496e+00
-7.119501297087627911e+00
-7.068362737546995511e+00
-7.019469851310632613e+00
-6.972712318479009852e+00
-6.927989153333143690e+00
-6.885207935324960005e+00
-6.844283041161673076e+00
-6.805135281686406579e+00
-6.767690460100271643e+00
-6.731879333839468238e+00
-6.697636411564569237e+00
-6.664900154154715040e+00
-6.633611930823821723e+00
-6.603716388307047325e+00
-6.575160504787522342e+00
-6.547894075489250731e+00
-6.521868821473017164e+00
-6.497038956579661573e+00
-6.473360322830222557e+00
-6.450791016192258809e+00
-6.429290530786438751e+00
-6.408820429540022623e+00
-6.389343486356349189e+00
-6.370824393279606035e+00
-6.353228894177930464e+00
-6.336524523486837701e+00
-6.320679727631199896e+00
-6.305664632473149567e+00
-6.291450150271742814e+00
-6.278008774156361049e+00
-6.265313669322923218e+00
-6.253339493526811843e+00
-6.242061471714964505e+00
-6.231456241902022519e+00
-6.221500912708127551e+00
-6.212173934179906709e+00
-6.203454137846753369e+00
-6.195321632151646440e+00
-6.187756824713794401e+00
-6.180741342088447610e+00
-6.174257033962949670e+00
-6.168286916994998315e+00
-6.162814160692482446e+00
-6.157823055097331633e+00
-6.153297978115097600e+00
-6.149224386826624311e+00
-6.145587766045823130e+00
-6.142374643053680749e+00
-6.139571517175806292e+00
-6.137165897746253762e+00
-6.135145214508387568e+00
-6.133497878629341038e+00
-6.132212173741201866e+00
-6.131277339839511953e+00
-6.130682444795145791e+00
-6.130417490983975704e+00
-6.130472267112195617e+00
-6.130837477437248495e+00
-6.131503573762516979e+00
-6.132461907121967037e+00
-6.133703539812004557e+00
-6.135220419424357807e+00
-6.137004170794102542e+00
-6.139047292276831769e+00
-6.141341927502375952e+00
-6.143881083802559040e+00
-6.146657383670149244e+00
-6.149664305252934504e+00
-6.152894913426647072e+00
-6.156343122279803737e+00
-6.160002405717448504e+00
-6.163867081869567777e+00
-6.167931003149782043e+00
-6.172188862527288933e+00
-6.176634862971585704e+00
-6.181264045534614837e+00
-6.186070938118558793e+00
-6.191050905320646613e+00
-6.196198776466901315e+00
-6.201510217177465201e+00
-6.206980336613784566e+00
-6.212605080727500173e+00
-6.218379818672638670e+00
-6.224300757705775844e+00
-6.230363508719169552e+00
-6.236564522762875207e+00
-6.242899635658682556e+00
-6.249365526119164294e+00
-6.255958239404467491e+00
-6.262674667016704610e+00
-6.269511049365111610e+00
-6.276464477016343579e+00
-6.283531372336147669e+00
-6.290709012279140033e+00
-6.297993988977313329e+00
-6.305383754054821210e+00
-6.312875058135793083e+00
-6.320465516672204132e+00
-6.328152028344916857e+00
-6.335932362394563810e+00
-6.343803555891563306e+00
-6.351763522561671316e+00
-6.359809428901914252e+00
-6.367939324494197528e+00
-6.376150496945678370e+00
-6.384441123684760910e+00
-6.392808605705559089e+00
-6.401251240842487533e+00
-6.409766536299294160e+00
-6.418352903398941045e+00
-6.427007948879192689e+00
-6.435730191116012300e+00
-6.444517330167712998e+00
-6.453367985471090584e+00
-6.462279944617346672e+00
-6.471251922521036093e+00
-6.480281788911262275e+00
-6.489368348974521084e+00
-6.498509549545385511e+00
-6.507704281224714116e+00
-6.516950563254869877e+00
-6.526247367115540321e+00
-6.535592780068702368e+00
-6.544985850234920299e+00
-6.554424728793967425e+00
-6.563908536544974304e+00
-6.573435484748562985e+00
-6.583004763175318352e+00
-6.592614639575564262e+00
-6.602264369220585571e+00
-6.611952272986861168e+00
-6.621677668395220984e+00
-6.631438926296041814e+00
-6.641235423411870897e+00
-6.651065577611015911e+00
-6.660928821959299917e+00
-6.670823618569112767e+00
-6.680749454166754475e+00
-6.690704832504385635e+00
-6.700689291449654306e+00
-6.710701373947878245e+00
-6.720740666640875105e+00
-6.730805749367364754e+00
-6.740896255318120645e+00
-6.751010799062119538e+00
-6.761149058245909949e+00
-6.771309680133240860e+00
-6.781492384856382394e+00
-6.791695850457245776e+00
-6.801919837698712890e+00
-6.812163053595335249e+00
-6.822425297792950261e+00
-6.832705304576676575e+00
-6.843002910827928886e+00
-6.853316876497416388e+00
-6.863647074148410354e+00
-6.873992287882768615e+00
-6.884352424479565968e+00
-6.894726290762241305e+00
-6.905113826341705341e+00
-6.915513859412657283e+00
-6.925926361110729346e+00
-6.936350179725978116e+00
-6.946785316683670608e+00
-6.957230639162856001e+00
-6.967686177710906037e+00
-6.978150817254883620e+00
-6.988624616359954800e+00
-6.999106476621523854e+00
-7.009596483577703374e+00
-7.020093554470076214e+00
-7.030597800820762799e+00
-7.041108154549287512e+00
-7.051624752225094106e+00
-7.062146539528407096e+00
-7.072673677188564767e+00
-7.083205123776846968e+00
-7.093741063341519215e+00
-7.104280466520107140e+00
-7.114823539882491055e+00
-7.125369265349803527e+00
-7.135917871257192679e+00
-7.146468350066725428e+00
-7.157020951161012334e+00
-7.167574676837832115e+00
-7.178129796845892585e+00
-7.188685322648608711e+00
-7.199241543714022917e+00
-7.209797480034391803e+00
-7.220353440182377014e+00
-7.230908452073839143e+00
-7.241462842801992927e+00
-7.252015647630595474e+00
-7.262567211618173424e+00
-7.273116576828626556e+00
-7.283664105757858387e+00
-7.294208846748452046e+00
-7.304751179231487868e+00
-7.315290157331857834e+00
-7.325826176937691336e+00
-7.336358297483514868e+00
-7.346886930859558795e+00
-7.357411141359338380e+00
-7.367931356442010582e+00
-7.378446644830628287e+00
-7.388957449140597156e+00
-7.399462842115080541e+00
-7.409963281132487367e+00
-7.420457842565521211e+00
-7.430946998180907315e+00
-7.441429827608142311e+00
-7.451906816645009535e+00
-7.462377047822095655e+00
-7.472841020627473796e+00
-7.483297820153214097e+00
-7.493747959252689661e+00
-7.504190525254929689e+00
-7.514626044068549504e+00
-7.525053604949637709e+00
-7.535473746565970465e+00
-7.545885559804322185e+00
-7.556289595809221993e+00
-7.566684946814924650e+00
-7.577072176172713114e+00
-7.587450377193397877e+00
-7.597820125177441319e+00
-7.608180514252870452e+00
-7.618532131423087606e+00
-7.628874071385454592e+00
-7.639206932610854928e+00
-7.649529810128517404e+00
-7.659843313651972352e+00
-7.670146538314890350e+00
-7.680440104858370809e+00
-7.690723108302683464e+00
-7.700996180210903042e+00
-7.711258415281258216e+00
-7.721510455701952935e+00
-7.731751395649237857e+00
-7.741981887748281999e+00
-7.752201025461459061e+00
-7.762409471670838279e+00
-7.772606318941078563e+00
-7.782792240238722847e+00
-7.792966327054288378e+00
-7.803129262273872158e+00
-7.813280136144423516e+00
-7.823419641313564377e+00
-7.833546866622255855e+00
-7.843662514328411106e+00
-7.853765671710834617e+00
-7.863857050492832457e+00
-7.873935736241315375e+00
-7.884002450006003748e+00
-7.894056275497894681e+00
-7.904097942960277123e+00
-7.914126534109816369e+00
-7.924142788255876368e+00
-7.934145784987730821e+00
-7.944136272558694145e+00
-7.954113328302862662e+00
-7.964077709300279473e+00
-7.974028490506821498e+00
-7.983966437717057829e+00
-7.993890623390269567e+00
-8.003801821927984506e+00
-8.013699103178945293e+00
-8.023583250048329063e+00
-8.033453329664752118e+00
-8.043310133338055223e+00
-8.053152725371182541e+00
-8.062981905383660219e+00
-8.072796734751056746e+00
-8.082598021311477865e+00
-8.092384823415134321e+00
-8.102157957031320024e+00
-8.111916477390561653e+00
-8.121661208509408425e+00
-8.131391202407622032e+00
-8.141107291068683693e+00
-8.150808523213790124e+00
-8.160495738716003089e+00
-8.170167982913460136e+00
-8.179826103494709955e+00
-8.189469142333031471e+00
-8.199097954861402471e+00
-8.208711579409479597e+00
-8.218310879086267562e+00
-8.227894888601866796e+00
-8.237464478675759594e+00
-8.247018680324853079e+00
-8.256558371816337782e+00
-8.266082580403042002e+00
-8.275592191839368894e+00
-8.285086229545500558e+00
-8.294565586705070714e+00
-8.304029282839467285e+00
-8.313478218505840900e+00
-8.322911409262651716e+00
-8.332329762987221500e+00
-8.341732291213199701e+00
-8.351119909086749615e+00
-8.360491624056797022e+00
-8.369848358489045737e+00
-8.379189115689726464e+00
-8.388514825196933700e+00
-8.397824486118141252e+00
-8.407119035118284955e+00
-8.416397467051824677e+00
-8.425660725667038164e+00
-8.434907801512759207e+00
-8.444139645378804460e+00
-8.453355243457478352e+00
-8.462555553539921505e+00
-8.471739557412522714e+00
-8.480908219829386141e+00
-8.490060518123110356e+00
-8.499197423973681609e+00
-8.508317910213625268e+00
-8.517422955413318064e+00
-8.526511527860231254e+00
-8.535584612981184094e+00
-8.544641174474826073e+00
-8.553682204591805061e+00
-8.562706662399779844e+00
-8.571715546941724995e+00
-8.580707812613184160e+00
-8.589684465219585618e+00
-8.598644454444414720e+00
-8.607588792826687651e+00
-8.616516425299103332e+00
-8.625428371106677261e+00
-8.634323570393673819e+00
-8.643203049084663192e+00
-8.652065742498844969e+00
-8.660912683214949226e+00
-8.669742801691571188e+00
-8.678557137137442368e+00
-8.687354615115779666e+00
-8.696136281442045757e+00
-8.704901056750559363e+00
-8.713649993441157093e+00
-8.722382007186498143e+00
-8.731098156949524736e+00
-8.739797353409313629e+00
-8.748480662071546732e+00
-8.757146988590653436e+00
-8.765797404995559816e+00
-8.774430811885775228e+00
-8.783048287794844811e+00
-8.791648728237937860e+00
-8.800233218235296917e+00
-8.808800648189073712e+00
-8.817352109589331022e+00
-8.825886487696985583e+00
-8.834404880455668518e+00
-8.842906167957931274e+00
-8.851391454585428420e+00
-8.859859615235585295e+00
-8.868311760713355696e+00
-8.876746760694977922e+00
-8.885165732394677107e+00
-8.893567540242147018e+00
-8.901953307847440655e+00
-8.910321894368873785e+00
-8.918674429799580139e+00
-8.927009768002202250e+00
-8.935329045340951737e+00
-8.943631110359035574e+00
-8.951917105780179185e+00
-8.960185874805056017e+00
-8.968438566505986032e+00
-8.976674018718433956e+00
-8.984893386852949249e+00
-8.993095503357581677e+00
-9.001281529971354445e+00
-9.009450293733152648e+00
-9.017602962701301905e+00
-9.025738358484215240e+00
-9.033857655450713509e+00
-9.041959669757977380e+00
-9.050045582077137496e+00
-9.058114203093685646e+00
-9.066166719773260496e+00
-9.074201937309682720e+00
-9.082221048955874565e+00
-9.090222854394319540e+00
-9.098208553158411149e+00
-9.106176939400118187e+00
-9.114129218926853682e+00
-9.122064180341125095e+00
-9.129983035718522544e+00
-9.137884568093587845e+00
-9.145769995804467811e+00
-9.153638096299509641e+00
-9.161490094174377319e+00
-9.169324761273283997e+00
-9.177143328444675063e+00
-9.184944561911072114e+00
-9.192729698769312563e+00
-9.200497499603022433e+00
-9.208249207753411270e+00
-9.215983578148126298e+00
-9.223701860369194705e+00
-9.231402803671588941e+00
-9.239087663874832046e+00
-9.246755184544801054e+00
-9.254406627735596302e+00
-9.262040731307683572e+00
-9.269658763547157676e+00
-9.277259456593247577e+00
-9.284844084961671129e+00
-9.292411375054610900e+00
-9.299962607615531951e+00
-9.307496503294061085e+00
-9.315014349059676846e+00
-9.322514859794232223e+00
-9.329999328691840788e+00
-9.337466464851436498e+00
-9.344917567690677274e+00
-9.352351340510798750e+00
-9.359769088952152316e+00
-9.367169510503508434e+00
-9.374553917027441230e+00
-9.381921000185762693e+00
-9.389272078062960603e+00
-9.396605836479610119e+00
-9.403923599742009642e+00
-9.411224047815409222e+00
-9.418508511228159463e+00
-9.425775664076169846e+00
-9.433026843110290827e+00
-9.440260716543290798e+00
-9.447478627349271463e+00
-9.454679237844155537e+00
-9.461863897226145070e+00
-9.469031261900871854e+00
-9.476182687291812456e+00
-9.483316823880908686e+00
-9.490435033318316727e+00
-9.497535960148944412e+00
-9.504620972251276001e+00
-9.511688708220084720e+00
-9.518740542163964591e+00
-9.525775106714531759e+00
-9.532793782212497291e+00
-9.539795195313516274e+00
-9.546780732592553775e+00
-9.553749014716505172e+00
-9.560701434497003603e+00
-9.567636606599593918e+00
-9.574555930075144161e+00
-9.581458013575170796e+00
-9.588344262392675788e+00
-9.595213279152686070e+00
-9.602066475393209899e+00
-9.608902447700502947e+00
-9.615722613860686607e+00
-9.622525564408935139e+00
-9.629312723382811967e+00
-9.636082675254209917e+00
-9.642836850315690711e+00
-9.649573826963663947e+00
-9.656295041749247687e+00
-9.662999066981548424e+00
-9.669687345473981566e+00
-9.676358443436248180e+00
-9.683013809948155526e+00
-9.689652005108079891e+00
-9.696274484266384164e+00
-9.702879801398266224e+00
-9.709469418128843898e+00
-9.716041882298489085e+00
-9.722598661811449716e+00
-9.729138298361528214e+00
-9.735662266136783316e+00
-9.742169100672688486e+00
-9.748660282445854364e+00
-9.755134340821939531e+00
-9.761592762570870718e+00
-9.768034070876854713e+00
-9.774459758808276888e+00
-9.780868343356466710e+00
-9.787261323893213572e+00
-9.793637211205492576e+00
-9.799997510973943449e+00
-9.806340727769743637e+00
-9.812668373587706938e+00
-9.818978946771812488e+00
-9.825273965636657891e+00
-9.831551922287648182e+00
-9.837814341364774506e+00
-9.844059708723721158e+00
-9.850289555335564273e+00
-9.856502360794852535e+00
-9.862699662409809775e+00
-9.868879933502579860e+00
-9.875044717724552612e+00
-9.881192482114244058e+00
-9.887324776672306470e+00
-9.893440062142484948e+00
-9.899539894880932778e+00
-9.905622729325436637e+00
-9.911690128194072358e+00
-9.917740539607432737e+00
-9.923775532652101106e+00
-9.929793549120264018e+00
-9.935796164473583048e+00
-9.941781814164770026e+00
-9.947752080037284728e+00
-9.953705391193254925e+00
-9.959643335864685199e+00
-9.965564336792080979e+00
-9.971469988602915890e+00
-9.977358707664910398e+00
-9.983232095008135687e+00
-9.989088560616366408e+00
-9.994929711929408711e+00
-1.000075395253606914e+01
-1.000656289629314166e+01
-1.001235494038326479e+01
-1.001813170508759221e+01
-1.002389158117163781e+01
-1.002963619534829398e+01
-1.003536393195475007e+01
-1.004107642414329504e+01
-1.004677204981177141e+01
-1.005245244855943021e+01
-1.005811599183360627e+01
-1.006376432568834645e+01
-1.006939581510942361e+01
-1.007501211261340934e+01
-1.008061157671344077e+01
-1.008619586639665044e+01
-1.009176333369228828e+01
-1.009731564406608051e+01
-1.010285114305241549e+01
-1.010837150260365824e+01
-1.011387506174812501e+01
-1.011936349893314180e+01
-1.012483514666972084e+01
-1.013029168990848738e+01
-1.013573145463207581e+01
-1.014115613230271506e+01
-1.014656404236343512e+01
-1.015195688279666086e+01
-1.015733296649462503e+01
-1.016269399796841455e+01
-1.016803828354837869e+01
-1.017336753428292973e+01
-1.017868004992915054e+01
-1.018397754808169964e+01
-1.018925832191313496e+01
-1.019452409557301387e+01
-1.019977315563824583e+01
-1.020500723282232691e+01
-1.021022460709503754e+01
-1.021542701574279555e+01
-1.022061273211709320e+01
-1.022578350008631531e+01
-1.023093758637218897e+01
-1.023607674143442914e+01
-1.024119922535364502e+01
-1.024630679518994114e+01
-1.025139770437145792e+01
-1.025647371656823736e+01
-1.026153307854439767e+01
-1.026657756058927795e+01
-1.027160540279161616e+01
-1.027661838206950051e+01
-1.028161473182489516e+01
-1.028659623561414627e+01
-1.029156112014089075e+01
-1.029651117560960749e+01
-1.030144462201385025e+01
-1.030636325621601657e+01
-1.031126529148809645e+01
-1.031615253136014765e+01
-1.032102318237104832e+01
-1.032587905472843026e+01
-1.033071834822632518e+01
-1.033554287975999664e+01
-1.034035084236701962e+01
-1.034514405964021400e+01
-1.034992071784903622e+01
-1.035468264729411203e+01
-1.035942802746484581e+01
-1.036415869538003243e+01
-1.036887282373721320e+01
-1.037357225628356439e+01
-1.037825515891303496e+01
-1.038292338211156363e+01
-1.038757508495757875e+01
-1.039221212468627620e+01
-1.039683265354860175e+01
-1.040143853553965947e+01
-1.040602791607086530e+01
-1.041060266590777950e+01
-1.041516092361046830e+01
-1.041970456672556544e+01
-1.042423172694964428e+01
-1.042874428862132064e+01
-1.043324037656158865e+01
-1.043772188191182515e+01
-1.044218692260528769e+01
-1.044663739659711510e+01
-1.045107141492060165e+01
-1.045549088235568469e+01
-1.045989390302351119e+01
-1.046428238853977355e+01
-1.046865443610121105e+01
-1.047301196417060964e+01
-1.047735306300783620e+01
-1.048167965793397016e+01
-1.048598983225972425e+01
-1.049028551817572641e+01
-1.049456479203108650e+01
-1.049882959289746864e+01
-1.050307799014985832e+01
-1.050731192975236716e+01
-1.051152947409341998e+01
-1.051573257604105116e+01
-1.051991929098455536e+01
-1.052409157870758882e+01
-1.052824748758757956e+01
-1.053238898433554738e+01
-1.053651411030440066e+01
-1.054062483914418991e+01
-1.054471920517060290e+01
-1.054879918898471125e+01
-1.055286281785209646e+01
-1.055691207933667464e+01
-1.056094499364111705e+01
-1.056496355530429732e+01
-1.056896577745303567e+01
-1.057295366161314121e+01
-1.057692521382262818e+01
-1.058088244260653710e+01
-1.058482334690101112e+01
-1.058874994224243693e+01
-1.059266022045202149e+01
-1.059655620408995169e+01
-1.060043587784934083e+01
-1.060430127132642220e+01
-1.060815036207303841e+01
-1.061198518673402802e+01
-1.061580371570673442e+01
-1.061960799269702349e+01
-1.062339598093442916e+01
-1.062716973119854025e+01
-1.063092719953765375e+01
-1.063467044381777704e+01
-1.063839741289251606e+01
-1.064211017172715579e+01
-1.064580666196703795e+01
-1.064948895568945808e+01
-1.065315498731811417e+01
-1.065680683605520507e+01
-1.066044242908901296e+01
-1.066406385275978153e+01
-1.066766902700671871e+01
-1.067126004532105554e+01
-1.067483482037922293e+01
-1.067839545283665714e+01
-1.068193984809305341e+01
-1.068547011398137769e+01
-1.068898414861076773e+01
-1.069248406700492282e+01
-1.069596775996846105e+01
-1.069943734972925675e+01
-1.070289071977336093e+01
-1.070632999954637121e+01
-1.070975306520157844e+01
-1.071316205341581451e+01
-1.071655483299559464e+01
-1.071993354786253150e+01
-1.072329605946210584e+01
-1.072664451897447435e+01
-1.072997678046979075e+01
-1.073329500240051004e+01
-1.073659703144701183e+01
-1.073988503334804356e+01
-1.074315684737978316e+01
-1.074641464658110124e+01
-1.074965626280948960e+01
-1.075288387641803389e+01
-1.075609531183094880e+01
-1.075929275672955754e+01
-1.076247402809015163e+01
-1.076564132093659687e+01
-1.076879244478243791e+01
-1.077192960200835259e+01
-1.077505059465035231e+01
-1.077815763246024972e+01
-1.078124850998169748e+01
-1.078432544435204399e+01
-1.078738622260760138e+01
-1.079043306928575596e+01
-1.079346376390051176e+01
-1.079648053840394262e+01
-1.079948116477248021e+01
-1.080246788238759947e+01
-1.080543845567310157e+01
-1.080839513145452280e+01
-1.081133566658771450e+01
-1.081426231535723481e+01
-1.081717282703561089e+01
-1.082006946338134057e+01
-1.082294996606819737e+01
-1.082581660434361126e+01
-1.082866711226716916e+01
-1.083150376659027003e+01
-1.083432429374273198e+01
-1.083713097799516056e+01
-1.083992153813187187e+01
-1.084269826595802755e+01
-1.084545887259669250e+01
-1.084820565740280252e+01
-1.085093632382244522e+01
-1.085365317877581148e+01
-1.085635391801605820e+01
-1.085904085604416025e+01
-1.086171168090427841e+01
-1.086436871469387810e+01
-1.086700963773206396e+01
-1.086963677972839726e+01
-1.087224781326084155e+01
-1.087484507566682979e+01
-1.087742623176686863e+01
-1.087999362654219127e+01
-1.088254491703954940e+01
-1.088508245589986601e+01
-1.088760389237974202e+01
-1.089011158679588398e+01
-1.089260318059823440e+01
-1.089508104179533277e+01
-1.089754280401386488e+01
-1.089999084297062382e+01
-1.090242278445224677e+01
-1.090484101189995414e+01
-1.090724314324369182e+01
-1.090963156966556014e+01
-1.091200390122194719e+01
-1.091436253685224145e+01
-1.091670507872231433e+01
-1.091903393354556329e+01
-1.092134669558023496e+01
-1.092364577933031633e+01
-1.092592877112940641e+01
-1.092819809328886826e+01
-1.093045132420043153e+01
-1.093269089399963079e+01
-1.093491437311894998e+01
-1.093712419953522641e+01
-1.093931793570421185e+01
-1.094149802746100697e+01
-1.094366202926724796e+01
-1.094581239483339274e+01
-1.094794667060936888e+01
-1.095006731819826129e+01
-1.095217187602051467e+01
-1.095426281358918530e+01
-1.095633766127749631e+01
-1.095839889652591737e+01
-1.096044404164254082e+01
-1.096247558201271843e+01
-1.096449103186142082e+01
-1.096649288453654059e+01
-1.096847864616192503e+01
-1.097045081806565392e+01
-1.097240689825215654e+01
-1.097434939604762150e+01
-1.097627580131883462e+01
-1.097818863140789780e+01
-1.098008536802563029e+01
-1.098196853654802396e+01
-1.098383561051140944e+01
-1.098568912334389047e+01
-1.098752654038861820e+01
-1.098935040314402478e+01
-1.099115816874147988e+01
-1.099295238676795528e+01
-1.099473050612426661e+01
-1.099649508450435320e+01
-1.099824356255960112e+01
-1.099997850610937711e+01
-1.100169734753661999e+01
-1.100340266080479701e+01
-1.100509187000930034e+01
-1.100676755727634237e+01
-1.100842713839457687e+01
-1.101007320367177478e+01
-1.101170316057056553e+01
-1.101331960759915773e+01
-1.101491994387470541e+01
-1.101650677612498619e+01
-1.101807749510205703e+01
-1.101963471577232312e+01
-1.102117582050322397e+01
-1.102270343251903562e+01
-1.102421492578269735e+01
-1.102571293179571121e+01
-1.102719481609678276e+01
-1.102866321848396680e+01
-1.103011549605178310e+01
-1.103155429691440048e+01
-1.103297696970201791e+01
-1.103438617086463225e+01
-1.103577924054789428e+01
-1.103715884355739085e+01
-1.103852231153389774e+01
-1.103987231765847099e+01
-1.104120618504662588e+01
-1.104252659527476688e+01
-1.104383086291266913e+01
-1.104512167795224897e+01
-1.104639634639672430e+01
-1.104765756667372578e+01
-1.104890263619927815e+01
-1.105013426185698933e+01
-1.105134973245477958e+01
-1.105255176335259826e+01
-1.105373763472926107e+01
-1.105491007044166096e+01
-1.105606634201832250e+01
-1.105720918183372703e+01
-1.105833585274489117e+01
-1.105944909566465384e+01
-1.106054616475707952e+01
-1.106162980949423336e+01
-1.106269727532581193e+01
-1.106375132030402320e+01
-1.106478918114262555e+01
-1.106581362449507999e+01
-1.106682187831741260e+01
-1.106781671788555599e+01
-1.106879536237592099e+01
-1.106976059570835957e+01
-1.107070962825761917e+01
-1.107164525260879095e+01
-1.107256467031298186e+01
-1.107347068264213341e+01
-1.107436048230133174e+01
-1.107523687927113443e+01
-1.107609705738821404e+01
-1.107694383536352944e+01
-1.107777438814295934e+01
-1.107859154318961181e+01
-1.107939246653597642e+01
-1.108017999441948831e+01
-1.108095128393635065e+01
-1.108170918012057449e+01
-1.108245083110917584e+01
-1.108317909075493013e+01
-1.108389109821274232e+01
-1.108458971617659650e+01
-1.108527207479603227e+01
-1.108594104562877902e+01
-1.108659374979575496e+01
-1.108723306774117567e+01
-1.108785611153381545e+01
-1.108846577052707438e+01
-1.108905914771415979e+01
-1.108963914138060325e+01
-1.109020284542019041e+01
-1.109075316707370185e+01
-1.109128719111165751e+01
-1.109180783375320978e+01
-1.109231217062166586e+01
-1.109280312693790904e+01
-1.109327776915387531e+01
-1.109373903151547403e+01
-1.109418397127906708e+01
-1.109461553173927761e+01
-1.109503076093239216e+01
-1.109543261122538205e+01
-1.109581812140991453e+01
-1.109619025294920114e+01
-1.109654603536555406e+01
-1.109688843924236679e+01
-1.109721448480775940e+01
-1.109752715178935922e+01
-1.109782345109609203e+01
-1.109810637162412661e+01
-1.109837291493800038e+01
-1.109862607912674548e+01
-1.109886285638523518e+01
-1.109908625401984672e+01
-1.109929325483038554e+01
-1.109948687536515877e+01
-1.109966408900325874e+01
-1.109982792155985365e+01
-1.109997533696742877e+01
-1.110010937033291967e+01
-1.110022697611639941e+01
-1.110033119874147900e+01
-1.110041898316978148e+01
-1.110049338316688683e+01
-1.110055133416966378e+01
-1.110059589931099033e+01
-1.110062400447662867e+01
-1.110063872219217984e+01
-1.110063696876574824e+01
-1.110062182614134230e+01
-1.110059020102264604e+01
-1.110054518479789998e+01
-1.110048367453946305e+01
-1.110040877110561297e+01
-1.110031736191043450e+01
-1.110021255730836032e+01
-1.110009123502794459e+01
-1.109995651494591407e+01
-1.109980526507794707e+01
-1.109964061484952502e+01
-1.109945942253582452e+01
-1.109926482713753337e+01
-1.109905367716167568e+01
-1.109882912121079990e+01
-1.109858799799590834e+01
-1.109833346574818691e+01
-1.109806235335452307e+01
-1.109777782870169105e+01
-1.109747671082435083e+01
-1.109716217729191889e+01
-1.109683103725827991e+01
-1.109648647800295329e+01
-1.109612529877044551e+01
-1.109575069657765489e+01
-1.109535946073097534e+01
-1.109495479801232420e+01
-1.109453348776113124e+01
-1.109409874655189299e+01
-1.109364734372793393e+01
-1.109318250568438025e+01
-1.109270099173905777e+01
-1.109220603813565909e+01
-1.109169439413714109e+01
-1.109116930586401395e+01
-1.109062751249461520e+01
-1.109007227005456286e+01
-1.108950030760778915e+01
-1.108891489111359974e+01
-1.108831273949139273e+01
-1.108769712866281942e+01
-1.108706476737251201e+01
-1.108641894153333851e+01
-1.108575634968476464e+01
-1.108508028775978538e+01
-1.108438744406211285e+01
-1.108368112457409183e+01
-1.108295800733278824e+01
-1.108222140839927761e+01
-1.108146799551290584e+01
-1.108070109484298627e+01
-1.107991736379996439e+01
-1.107912013869104229e+01
-1.107830606656633421e+01
-1.107747849390070094e+01
-1.107663405735240936e+01
-1.107577611359396563e+01
-1.107490128885980951e+01
-1.107401295005045760e+01
-1.107310771294446461e+01
-1.107218895470051656e+01
-1.107125328060917013e+01
-1.107030407811781991e+01
-1.106933794199654386e+01
-1.106835827001208905e+01
-1.106736164638131292e+01
-1.106635147922135332e+01
-1.106532434216291172e+01
-1.106428365370437383e+01
-1.106322597685734976e+01
-1.106215474053272096e+01
-1.106106649708952361e+01
-1.105996468588258708e+01
-1.105884584858488040e+01
-1.105771343502662241e+01
-1.105656397616100861e+01
-1.105540093232548493e+01
-1.105422082371930870e+01
-1.105302712121909536e+01
-1.105181633423605270e+01
-1.105059194421796498e+01
-1.104935044975350777e+01
-1.104809534289399409e+01
-1.104682311137080575e+01
-1.104553725787125629e+01
-1.104423425923455149e+01
-1.104291762881659444e+01
-1.104158383252924658e+01
-1.104023639442983118e+01
-1.103887176946742876e+01
-1.103749349243385680e+01
-1.103609800727976342e+01
-1.103468885956452183e+01
-1.103326248220455952e+01
-1.103182243156017073e+01
-1.103036512947739745e+01
-1.102889414315101568e+01
-1.102740588332020799e+01
-1.102590392804808594e+01
-1.102438467693032287e+01
-1.102285171893223570e+01
-1.102130144246906873e+01
-1.101973744744253203e+01
-1.101815611105022974e+01
-1.101656104416452031e+01
-1.101494861272805181e+01
-1.101332243861825688e+01
-1.101167887648506927e+01
-1.101002155924582482e+01
-1.100834683021972538e+01
-1.100665833339879818e+01
-1.100495240073338010e+01
-1.100323268732525683e+01
-1.100149551371730183e+01
-1.099974454615636610e+01
-1.099797609373914042e+01
-1.099619383389290661e+01
-1.099439406422910359e+01
-1.099258047339117361e+01
-1.099074934746585974e+01
-1.098890438634860800e+01
-1.098704186456190612e+01
-1.098516549328922842e+01
-1.098327153544883750e+01
-1.098136371354845409e+01
-1.097943827886188828e+01
-1.097749896525756519e+01
-1.097554201232441251e+01
-1.097357116532804611e+01
-1.097158265213169237e+01
-1.096958022943514521e+01
-1.096756011333466496e+01
-1.096552607200123042e+01
-1.096347430972278936e+01
-1.096140860617871304e+01
-1.095932515380692784e+01
-1.095722774383261466e+01
-1.095511255680154861e+01
-1.095298339552232747e+01
-1.095083642860633333e+01
-1.094867547048342615e+01
-1.094649667778786828e+01
-1.094430387660871951e+01
-1.094209321156016301e+01
-1.093986852042879221e+01
-1.093762593576529696e+01
-1.093536930709223576e+01
-1.093309475485321691e+01
-1.093080614034539622e+01
-1.092849957186122367e+01
-1.092617892251133860e+01
-1.092384028839278542e+01
-1.092148755446869046e+01
-1.091911680459606693e+01
-1.091673193562981758e+01
-1.091432901914175346e+01
-1.091191196391825358e+01
-1.090947682920055328e+01
-1.090702753574600870e+01
-1.090456013041976036e+01
-1.090207854599006332e+01
-1.089957881689984376e+01
-1.089706488796843331e+01
-1.089453278117013113e+01
-1.089198645341565808e+01
-1.088942191416390770e+01
-1.088684313245768998e+01
-1.088424610519327906e+01
-1.088163481358636275e+01
-1.087900524192318485e+01
-1.087636138363320626e+01
-1.087369921034491860e+01
-1.087102272774279577e+01
-1.086832789474926031e+01
-1.086561872934534456e+01
-1.086289117769881685e+01
-1.086014927012900344e+01
-1.085738894000000876e+01
-1.085461423001144254e+01
-1.085182106067438745e+01
-1.084901348711089142e+01
-1.084618741692937682e+01
-1.084334691771670656e+01
-1.084048788412853348e+01
-1.083761439625932255e+01
-1.083472233576138954e+01
-1.083181579527972715e+01
-1.082889064341248186e+01
-1.082595098539826850e+01
-1.082299267672994958e+01
-1.082001983528321354e+01
-1.081702830339391674e+01
-1.081402221161851784e+01
-1.081099738908382513e+01
-1.080795797907114064e+01
-1.080489979744582385e+01
-1.080182700025817155e+01
-1.079873539005927618e+01
-1.079562913571302651e+01
-1.079250402640303896e+01
-1.078936424385158865e+01
-1.078620556382123752e+01
-1.078303218093769367e+01
-1.077983985748852369e+01
-1.077663280104832033e+01
-1.077340676037522904e+01
-1.077016595603828186e+01
-1.076690612321163520e+01
-1.076363149550477338e+01
-1.076033779445255334e+01
-1.075702926675128168e+01
-1.075370162024096565e+01
-1.075035911475139727e+01
-1.074699744437185345e+01
-1.074362088211243282e+01
-1.074022510825542831e+01
-1.073681440903855133e+01
-1.073338445088039705e+01
-1.072993953329389782e+01
-1.072647530877684119e+01
-1.072299609016546995e+01
-1.071949751597924738e+01
-1.071598391242601878e+01
-1.071245090398909028e+01
-1.070890283029657475e+01
-1.070533530173748638e+01
-1.070175267140934317e+01
-1.069815053554814455e+01
-1.069453326077026922e+01
-1.069089642909983162e+01
-1.068724442072186953e+01
-1.068357280338932647e+01
-1.067988597090620750e+01
-1.067617947669445932e+01
-1.067245772822784566e+01
-1.066871626453721333e+01
-1.066495950681721538e+01
-1.066118297964722750e+01
-1.065739111799437211e+01
-1.065357943192572776e+01
-1.064975237023283405e+01
-1.064590542840947940e+01
-1.064204306912410303e+01
-1.063816077323568443e+01
-1.063426301734252633e+01
-1.063034526760703535e+01
-1.062641201461088336e+01
-1.062245870975765349e+01
-1.061848985766638798e+01
-1.061450089491940929e+01
-1.061049634022762689e+01
-1.060647161528933324e+01
-1.060243125296227440e+01
-1.059837065999757755e+01
-1.059429438345546615e+01
-1.059019781507645064e+01
-1.058608551617935767e+01
-1.058195286343037544e+01
-1.057780443246365820e+01
-1.057363558480707511e+01
-1.056945091046729779e+01
-1.056524575576960068e+01
-1.056102472515117263e+01
-1.055678314967006592e+01
-1.055252564825248207e+01
-1.054824753662431647e+01
-1.054395344826005498e+01
-1.053963868348828825e+01
-1.053530789039159288e+01
-1.053095635383584572e+01
-1.052658873657214933e+01
-1.052220030793813876e+01
-1.051779574541456697e+01
-1.051337030274482665e+01
-1.050892867220130178e+01
-1.050446609186701785e+01
-1.049998726886854250e+01
-1.049548742556217995e+01
-1.049097128399201573e+01
-1.048643405072100876e+01
-1.048188046277488894e+01
-1.047730571085644868e+01
-1.047271454703795257e+01
-1.046810214609498857e+01
-1.046347327521191950e+01
-1.045882309316993997e+01
-1.045415638233208888e+01
-1.044946828541768546e+01
-1.044476360003564785e+01
-1.044003745277583839e+01
-1.043529465656123101e+01
-1.043053032178438322e+01
-1.042574927675136109e+01
-1.042094661558945035e+01
-1.041612718205757737e+01
-1.041128605394971096e+01
-1.040642809054835105e+01
-1.040154835324588589e+01
-1.039665171692002588e+01
-1.039173322649311793e+01
-1.038679777251067726e+01
-1.038184038335637815e+01
-1.037686596531722394e+01
-1.037186953016932200e+01
-1.036685600001561092e+01
-1.036182036995594302e+01
-1.035676757798453274e+01
-1.035169260245595879e+01
-1.034660039733220493e+01
-1.034148592415348311e+01
-1.033635415292697779e+01
-1.033120002830922779e+01
-1.032602853643117591e+01
-1.032083460499634953e+01
-1.031562323633884937e+01
-1.031038934113978556e+01
-1.030513793801702072e+01
-1.029986392055961453e+01
-1.029457232375088793e+01
-1.028925802401805534e+01
-1.028392607279269555e+01
-1.027857132927034378e+01
-1.027319886141468430e+01
-1.026780351111967704e+01
-1.026239036296596652e+01
-1.025695424147603774e+01
-1.025150024793346226e+01
-1.024602318941912316e+01
-1.024052818400682874e+01
-1.023501002126553239e+01
-1.022947383614762273e+01
-1.022391440063982238e+01
-1.021833686666256469e+01
-1.021273598854999420e+01
-1.020711693528121877e+01
-1.020147444346721421e+01
-1.019581369923766623e+01
-1.019012942140969180e+01
-1.018442681335660360e+01
-1.017870057603085776e+01
-1.017295593014368649e+01
-1.016718755871200131e+01
-1.016140069988036032e+01
-1.015559001865913480e+01
-1.014976077072281591e+01
-1.014390760300409688e+01
-1.013803578880541245e+01
-1.013213995691032920e+01
-1.012622539834840296e+01
-1.012028672368263926e+01
-1.011432924177002057e+01
-1.010834754488144149e+01
-1.010234695980293829e+01
-1.009632206044143032e+01
-1.009027819161489248e+01
-1.008420990879435664e+01
-1.007812257493373664e+01
-1.007201072699610300e+01
-1.006587974617677084e+01
-1.005972415085833305e+01
-1.005354934058413185e+01
-1.004734981508373792e+01
-1.004113099235648754e+01
-1.003488735340602744e+01
-1.002862433479677229e+01
-1.002233639873354498e+01
-1.001602900045620892e+01
-1.000969658329729839e+01
-1.000334462128394009e+01
-9.996967538802756792e+00
-9.990570828781020651e+00
-9.984148896585555377e+00
-9.977707254157932582e+00
-9.971240287771012234e+00
-9.964753528496139268e+00
-9.958241343437556736e+00
-9.951709282913100196e+00
-9.945151694783524121e+00
-9.938574148731133207e+00
-9.931970973297733707e+00
-9.925347757649392477e+00
-9.918698810933332055e+00
-9.912029741919717196e+00
-9.905334840285030751e+00
-9.898619734525299307e+00
-9.891878694769603797e+00
-9.885117369362745876e+00
-9.878330008809367513e+00
-9.871522281427081325e+00
-9.864688418018557670e+00
-9.857834106999714407e+00
-9.850953559392936043e+00
-9.844052483838959589e+00
-9.837125071501372275e+00
-9.830177051373459207e+00
-9.823202594680582322e+00
-9.816207450897685760e+00
-9.809185771231986095e+00
-9.802143325770119375e+00
-9.795074245620707387e+00
-9.787984321613357963e+00
-9.780867664676842210e+00
-9.773730086516172477e+00
-9.766565677798313416e+00
-9.759380271237448667e+00
-9.752167937155928001e+00
-9.744934529411832358e+00
-9.737674097899430947e+00
-9.730392517756575543e+00
-9.723083818365225284e+00
-9.715753896280016733e+00
-9.708396760285372906e+00
-9.701018328490761178e+00
-9.693612588997192248e+00
-9.686185481608152514e+00
-9.678730973654129599e+00
-9.671255026773019736e+00
-9.663751587436905766e+00
-9.656226639259328337e+00
-9.648674107765156549e+00
-9.641099998685985994e+00
-9.633498216509439160e+00
-9.625874789228628714e+00
-9.618223600203000601e+00
-9.610550699831627242e+00
-9.602849950253608213e+00
-9.595127424419475304e+00
-9.587376963154756737e+00
-9.579604662107900737e+00
-9.571804340696500546e+00
-9.563982117414344231e+00
-9.556131790175328433e+00
-9.548259500467141336e+00
-9.540359024603105809e+00
-9.532436527214114719e+00
-9.524485762914698839e+00
-9.516512919629359857e+00
-9.508511730174314280e+00
-9.500488405918966706e+00
-9.492436657780208620e+00
-9.484362720724581308e+00
-9.476260283667366835e+00
-9.468135605325366910e+00
-9.459982352508387038e+00
-9.451806807837570545e+00
-9.443602615911913745e+00
-9.435376083411886938e+00
-9.427120832618822277e+00
-9.418843194428317744e+00
-9.410536768695608956e+00
-9.402207910688076709e+00
-9.393850197724908924e+00
-9.385470009602837393e+00
-9.377060900993226866e+00
-9.368629276380584514e+00
-9.360168667675052845e+00
-9.351685504208294475e+00
-9.343173295013981416e+00
-9.334638494431002798e+00
-9.326074588499785989e+00
-9.317488056727338375e+00
-9.308872362042018622e+00
-9.300234009280943681e+00
-9.291566438139684081e+00
-9.282876178947990553e+00
-9.274156648046291807e+00
-9.265414401420477120e+00
-9.256642831931314319e+00
-9.247848521385034104e+00
-9.239024839036456882e+00
-9.230178392677204968e+00
-9.221302527827806017e+00
-9.212403878431162596e+00
-9.203475766142918957e+00
-9.194524851224134210e+00
-9.185544431333090287e+00
-9.176541193216378289e+00
-9.167508410400374785e+00
-9.158452796285608599e+00
-9.149367600129584943e+00
-9.140259562156067830e+00
-9.131121907214803102e+00
-9.121961402522661189e+00
-9.112771248380370892e+00
-9.103558239168878075e+00
-9.094315550496403944e+00
-9.085050004079612052e+00
-9.075754750688451722e+00
-9.066436639547838183e+00
-9.057088796441409073e+00
-9.047718098275648657e+00
-9.038317645697468095e+00
-9.028894343469177741e+00
-9.019441266948085456e+00
-9.009965348927412521e+00
-9.000459639319636551e+00
-8.990931099125031523e+00
-8.981372752653431490e+00
-8.971791589288857338e+00
-8.962180607578540403e+00
-8.952546825468109759e+00
-8.942883215579279010e+00
-8.933196824598148567e+00
-8.923480599055672258e+00
-8.913741614558022164e+00
-8.903972791377604779e+00
-8.894181234221379739e+00
-8.884359836932663512e+00
-8.874515733500883741e+00
-8.864641791167288787e+00
-8.854745173386287860e+00
-8.844818720621367092e+00
-8.834869625975638741e+00
-8.824890702956393440e+00
-8.814889174500171620e+00
-8.804857826976855151e+00
-8.794803913342359891e+00
-8.784720192645220749e+00
-8.774613948047637280e+00
-8.764477911090146733e+00
-8.754319395329293485e+00
-8.744131104608214855e+00
-8.733920383066948290e+00
-8.723679906659002725e+00
-8.713417050298319921e+00
-8.703124461853622762e+00
-8.692809547204467080e+00
-8.682464925936804079e+00
-8.672098035088643186e+00
-8.661701465762387642e+00
-8.651282686348594098e+00
-8.640834259262268446e+00
-8.630363684442194483e+00
-8.619863495409221699e+00
-8.609341223847158275e+00
-8.598789374172993050e+00
-8.588215510013929688e+00
-8.577612106470413167e+00
-8.566986759312722910e+00
-8.556331914109003733e+00
-8.545655198973921784e+00
-8.534949029724648639e+00
-8.524221067022855536e+00
-8.513463696712925355e+00
-8.502684612207993098e+00
-8.491876169154757292e+00
-8.481046093923630735e+00
-8.470186711735696150e+00
-8.459305782126325113e+00
-8.448395599659857425e+00
-8.437463957245869395e+00
-8.426503118557718608e+00
-8.415520910090297235e+00
-8.404509564388540355e+00
-8.393476941745523945e+00
-8.382415243337110411e+00
-8.371332363469376148e+00
-8.360220471705257950e+00
-8.349087496580352763e+00
-8.337925575797665800e+00
-8.326742672341117313e+00
-8.315530891803200930e+00
-8.304298231836760635e+00
-8.293036765670354526e+00
-8.281754525848354476e+00
-8.270443552978367308e+00
-8.259111914721231074e+00
-8.247751618803336626e+00
-8.236370768229019035e+00
-8.224961337579662413e+00
-8.213531465432470924e+00
-8.202073092956872813e+00
-8.190594394534471689e+00
-8.179087277652209664e+00
-8.167559952730167439e+00
-8.156004293298964924e+00
-8.144428546053385176e+00
-8.132824550290358445e+00
-8.121200589218469545e+00
-8.109548467620085077e+00
-8.097876505458939889e+00
-8.086176472718371144e+00
-8.074456726361576742e+00
-8.062709001284821042e+00
-8.050941691697563130e+00
-8.039146497117551249e+00
-8.027331849249996765e+00
-8.015489411938894193e+00
-8.003627654637812228e+00
-7.991738205218103630e+00
-7.979829571136932920e+00
-7.967893343990700927e+00
-7.955938069498448506e+00
-7.943955302675159480e+00
-7.931953627763373760e+00
-7.919924562886746955e+00
-7.907876731075603516e+00
-7.895801613248593753e+00
-7.883707871491562713e+00
-7.871586949200547245e+00
-7.859447547787900668e+00
-7.847281072805591506e+00
-7.835096265266798810e+00
-7.822884492554116775e+00
-7.810654535559323541e+00
-7.798397723166261564e+00
-7.786122876426599504e+00
-7.773821285392200409e+00
-7.761501811559543995e+00
-7.749155705811112682e+00
-7.736791870376733549e+00
-7.724401516628171649e+00
-7.711993587820859197e+00
-7.699559255470336261e+00
-7.687107504153841475e+00
-7.674629465181020294e+00
-7.662134164750876941e+00
-7.649612693613257797e+00
-7.637074119893140889e+00
-7.624509493422419126e+00
-7.611927924560058401e+00
-7.599320421857504115e+00
-7.586696138220209384e+00
-7.574046040552280701e+00
-7.561379324622225617e+00
-7.548686915315464319e+00
-7.535978051584709902e+00
-7.523243615920790717e+00
-7.510492890786059306e+00
-7.497716715896517670e+00
-7.484924417554063680e+00
-7.472106792314911594e+00
-7.459273210655251063e+00
-7.446414425581764363e+00
-7.433539852084342314e+00
-7.420640199225781330e+00
-7.407724926853911818e+00
-7.394784699688371710e+00
-7.381829022784192951e+00
-7.368848516113724934e+00
-7.355852730293433339e+00
-7.342832240139268052e+00
-7.329796642188521894e+00
-7.316736465686675572e+00
-7.303661353456507577e+00
-7.290561788753661787e+00
-7.277447461056469002e+00
-7.264308807206433904e+00
-7.251155563712704755e+00
-7.237978120572932994e+00
-7.224786261708282531e+00
-7.211570329837360127e+00
-7.198340156680074209e+00
-7.185086037235432599e+00
-7.171817851414589384e+00
-7.158525846050941333e+00
-7.145219949645276181e+00
-7.131890360413600582e+00
-7.118547055850859451e+00
-7.105180185098183721e+00
-7.091799775055247501e+00
-7.078395925325033922e+00
-7.064978712628835922e+00
-7.051538186562246402e+00
-7.038084474091379050e+00
-7.024607574329161608e+00
-7.011117664916355352e+00
-6.997604694001735126e+00
-6.984078890337201528e+00
-6.970530150619604903e+00
-6.956968755155115147e+00
-6.943384548694708336e+00
-6.929787863548878768e+00
-6.916168492022119807e+00
-6.902536818886344072e+00
-6.888882583492409672e+00
-6.875216223537985449e+00
-6.861527424906284978e+00
-6.847826678692377378e+00
-6.834103616791032287e+00
-6.820368784173831855e+00
-6.806611758219160535e+00
-6.792843138261857483e+00
-6.779052446629005857e+00
-6.765250337513029955e+00
-6.751426277647604834e+00
-6.737590976584984404e+00
-6.723733844915648739e+00
-6.709865648062332433e+00
-6.695975739914948655e+00
-6.682074942285220587e+00
-6.668152551797635219e+00
-6.654219447179853475e+00
-6.640264867218097500e+00
-6.626299748091583730e+00
-6.612313270167144097e+00
-6.598316427619891122e+00
-6.584298341808299426e+00
-6.570270065456322861e+00
-6.556220660316567361e+00
-6.542161238224213804e+00
-6.528080800719734178e+00
-6.513990519321042783e+00
-6.499879334741732961e+00
-6.485758478763314017e+00
-6.471616830648689422e+00
-6.457465683033502657e+00
-6.443293853097167734e+00
-6.429112694929703054e+00
-6.414910962984892606e+00
-6.400700073417493918e+00
-6.386468717303886322e+00
-6.372228373484244202e+00
-6.357967668996066024e+00
-6.343698145995965376e+00
-6.329408366811159148e+00
-6.315109937556352193e+00
-6.300791355166992957e+00
-6.286464290368351193e+00
-6.272117174012223906e+00
-6.257761742098090885e+00
-6.243386358691510374e+00
-6.229002825741121185e+00
-6.214599439812888981e+00
-6.200188069491090026e+00
-6.185756943117606710e+00
-6.171317996610672374e+00
-6.156859389352291601e+00
-6.142393125304911550e+00
-6.127907294143297712e+00
-6.113413968596755232e+00
-6.098901167873497897e+00
-6.084381034204915828e+00
-6.069841515561186895e+00
-6.055294824423941513e+00
-6.040728836741387831e+00
-6.026155836006531707e+00
-6.011563625349115370e+00
-5.996964560048023252e+00
-5.982346369604932157e+00
-5.967721481872993117e+00
-5.953077551902785203e+00
-5.938427080923978529e+00
-5.923757648699592870e+00
-5.909081830652332279e+00
-5.894387130407122477e+00
-5.879686198411036457e+00
-5.864966461285953336e+00
-5.850240645349493285e+00
-5.835496099341049181e+00
-5.820745626310315224e+00
-5.805976496219782845e+00
-5.791201589728124155e+00
-5.776408097111164430e+00
-5.761608977529854236e+00
-5.746791340647657620e+00
-5.731968225037283204e+00
-5.717126658808179940e+00
-5.702279760871020287e+00
-5.687414476823049903e+00
-5.672544006856314880e+00
-5.657655213080658996e+00
-5.642761377930472833e+00
-5.627849279035701535e+00
-5.612932282051898980e+00
-5.597997079118885999e+00
-5.583057120110693106e+00
-5.568099010648331237e+00
-5.553136285840502673e+00
-5.538155463742177709e+00
-5.523170165732095960e+00
-5.508166821232843624e+00
-5.493159138948200848e+00
-5.478133458582208348e+00
-5.463103577239288633e+00
-5.448055743798572159e+00
-5.433003844861084453e+00
-5.417934037354149801e+00
-5.402860298492872637e+00
-5.387768692104401680e+00
-5.372673287156979782e+00
-5.357560053207612860e+00
-5.342443152139269458e+00
-5.327308458046222661e+00
-5.312170226910509996e+00
-5.297014236148362087e+00
-5.281854837048700624e+00
-5.266677709110701322e+00
-5.251497300162101922e+00
-5.236299190521689795e+00
-5.221097925812811624e+00
-5.205878985885715515e+00
-5.190657015441336064e+00
-5.175417392547675632e+00
-5.160174862291260212e+00
-5.144914699618028386e+00
-5.129651751334793452e+00
-5.114371187898372639e+00
-5.099087959198148390e+00
-5.083787129807220140e+00
-5.068483754087762527e+00
-5.053162789305974734e+00
-5.037839395716240176e+00
-5.022498421825327242e+00
-5.007155135228754439e+00
-4.991794274191183156e+00
-4.976431215128952701e+00
-4.961050584551049525e+00
-4.945667869205399469e+00
-4.930267582299882712e+00
-4.914865322457189656e+00
-4.899445488005873095e+00
-4.884023791019719063e+00
-4.868584513335884267e+00
-4.853143482089674166e+00
-4.837684860980216328e+00
-4.822224593849857577e+00
-4.806746724577108942e+00
-4.791267315393027637e+00
-4.775770288636217664e+00
-4.760271826645173121e+00
-4.744755728461487188e+00
-4.729238298288070297e+00
-4.713703210073162175e+00
-4.698166891680468638e+00
-4.682612890128482697e+00
-4.667057758778517140e+00
-4.651484915841431089e+00
-4.635911042054756237e+00
-4.620319424901112804e+00
-4.604726874415844051e+00
-4.589116545388701063e+00
-4.573505379118750547e+00
-4.557876395692836091e+00
-4.542246669685270355e+00
-4.526599084423141406e+00
-4.510950849814713948e+00
-4.495284710322186683e+00
-4.479618013294903278e+00
-4.463933362175128927e+00
-4.448248243910652100e+00
-4.432545118717460930e+00
-4.416841615350545425e+00
-4.401120048540117402e+00
-4.385398191110745358e+00
-4.369658209992383746e+00
-4.353918024396470798e+00
-4.338159651081962664e+00
-4.322401158021060397e+00
-4.306624409372200368e+00
-4.290847624301304286e+00
-4.275052511876388017e+00
-4.259257444950360849e+00
-4.243443974948602815e+00
-4.227630630967071923e+00
-4.211798804171410282e+00
-4.195967182521525451e+00
-4.180116994239669204e+00
-4.164267088837338981e+00
-4.148398528840592014e+00
-4.132530328069507597e+00
-4.116643380529684038e+00
-4.100756867178388276e+00
-4.084851510602431013e+00
-4.068946661798975128e+00
-4.053022868961213554e+00
-4.037099656105676893e+00
-4.021157393977621730e+00
-4.005215782671949221e+00
-3.989255012349549379e+00
-3.973294962324829260e+00
-3.957315638952791925e+00
-3.941337103993868052e+00
-3.925339176687195231e+00
-3.909342104554143660e+00
-3.893325516316578749e+00
-3.877309848663339054e+00
-3.861274536302544913e+00
-3.845240208592020537e+00
-3.829186102631342070e+00
-3.813133044047402276e+00
-3.797060068633975938e+00
-3.780988201989575526e+00
-3.764896274798763987e+00
-3.748805516440414820e+00
-3.732694548576148463e+00
-3.716584808284268959e+00
-3.700454704175177412e+00
-3.684325885060307559e+00
-3.668176542351427205e+00
-3.652028540746030227e+00
-3.635859850185807929e+00
-3.619692555531168310e+00
-3.603504400853593914e+00
-3.587317695582080912e+00
-3.571109953383487134e+00
-3.554903712795209003e+00
-3.538676252405705824e+00
-3.522450344540152489e+00
-3.506203027889267965e+00
-3.489957313390724902e+00
-3.473689994866751451e+00
-3.457424326843894224e+00
-3.441136853147097163e+00
-3.424851077025927726e+00
-3.408543287014705658e+00
-3.392237240384806896e+00
-3.375908964914812405e+00
-3.359582477368422193e+00
-3.343233539123990017e+00
-3.326886432087349466e+00
-3.310516645405030989e+00
-3.294148731961986432e+00
-3.277757902645480836e+00
-3.261368987352157855e+00
-3.244956912478415223e+00
-3.228546791169510044e+00
-3.212113258885302525e+00
-3.195681718470216204e+00
-3.179226507778636357e+00
-3.162773326028319953e+00
-3.146296206564618725e+00
-3.129821151887069774e+00
-3.113321883683493496e+00
-3.096824714888443797e+00
-3.080303048126699750e+00
-3.063783514178245682e+00
-3.047239188929743214e+00
-3.030697028686127226e+00
-3.014129774638404147e+00
-2.997564716578680066e+00
-2.980974252747822906e+00
-2.964386014683854764e+00
-2.947772049111506920e+00
-2.931160337885029943e+00
-2.914522567319473900e+00
-2.897887078482908052e+00
-2.881225188042750851e+00
-2.864565605522802816e+00
-2.847879268342428549e+00
-2.831195264085379470e+00
-2.814484140940956003e+00
-2.797775374538460369e+00
-2.781039113452915323e+00
-2.764305231746820635e+00
-2.747543467572797660e+00
-2.730784104237955923e+00
-2.713996458216774155e+00
-2.697211233319715351e+00
-2.680397312615200534e+00
-2.663585832147717269e+00
-2.646745229352423401e+00
-2.629907084737725942e+00
-2.613039377350252934e+00
-2.596174144919953797e+00
-2.579278894790878685e+00
-2.562386135230827033e+00
-2.545462887975050048e+00
-2.528542145737139979e+00
-2.511590430110261174e+00
-2.494641232788677332e+00
-2.477660560024068648e+00
-2.460682417692265034e+00
-2.443672280796861163e+00
-2.426664685302716951e+00
-2.409624558307378095e+00
-2.392586982523363659e+00
-2.375516319684329858e+00
-2.358448216708900702e+00
-2.341346451656980410e+00
-2.324247253963146687e+00
-2.307113798795684456e+00
-2.289982917322580747e+00
-2.272817161633673422e+00
-2.255653984816603508e+00
-2.238455294660325556e+00
-2.221259187393496592e+00
-2.204026904174318346e+00
-2.186797206700846541e+00
-2.169530645984839357e+00
-2.152266672707487505e+00
-2.134965122947122929e+00
-2.117666161152722104e+00
-2.100328882317580081e+00
-2.082994190807117896e+00
-2.065620412911468584e+00
-2.048249220527398329e+00
-2.030838142045209516e+00
-2.013429646085510782e+00
-1.995980432241523550e+00
-1.978533796750749918e+00
-1.961045577675980534e+00
-1.943559931599792900e+00
-1.926031800337341782e+00
-1.908506235527777095e+00
-1.890937245873914652e+00
-1.873370814929823602e+00
-1.855759979092654000e+00
-1.838151693017622268e+00
-1.820497979074312767e+00
-1.802846804733178043e+00
-1.785149133863129567e+00
-1.767453991214426035e+00
-1.749711234683870353e+00
-1.731970993763366051e+00
-1.714181969632267322e+00
-1.696395447259180900e+00
-1.678558916778415622e+00
-1.660724872951526931e+00
-1.642839536612787255e+00
-1.624956670559311700e+00
-1.607021163755187665e+00
-1.589088109589722242e+00
-1.571100997834352420e+00
-1.553116319778481635e+00
-1.535076093432400146e+00
-1.517038280538191897e+00
-1.498943348970986467e+00
-1.480850809282247660e+00
-1.462699494396191069e+00
-1.444550548470691753e+00
-1.426341077495834941e+00
-1.408133951198756284e+00
-1.389864448653562512e+00
-1.371597265116484277e+00
-1.353265743810342592e+00
-1.334936514431787291e+00
-1.316540865361507606e+00
-1.298147479701524443e+00
-1.279685460667153940e+00
-1.261225675060762441e+00
-1.242694897790674435e+00
-1.224166322470636281e+00
-1.205564238003690836e+00
-1.186964322479932887e+00
-1.168288204499402738e+00
-1.149614220890103455e+00
-1.130861146637150316e+00
-1.112110170578837209e+00
-1.093276998889730844e+00
-1.074445887570900204e+00
-1.055529233474104212e+00
-1.036614600228378702e+00
-1.017610805400423368e+00
-9.986089901578916184e-01
-9.795140883577242441e-01
-9.604211230742163430e-01
-9.412307994408128931e-01
-9.220423673897177874e-01
-9.027519101768997078e-01
-8.834632976777342384e-01
-8.640675405831274025e-01
-8.446735793227955202e-01
-8.251668320002859547e-01
-8.056618295372542926e-01
-7.860377931014387309e-01
-7.664154483603283774e-01
-7.466671115971870165e-01
-7.269204110677633945e-01
-7.070399215071555554e-01
-6.871610103036236428e-01
-6.671395120489660435e-01
-6.471195317232755206e-01
-6.269469585786114907e-01
-6.067758402285776675e-01
-5.864406475729634360e-01
-5.661068436930217773e-01
-5.455956546077463942e-01
-5.250857851876503668e-01
-5.043829135656923146e-01
-4.836812891635909328e-01
-4.627680812334335481e-01
-4.418560444541317356e-01
-4.207099431665967115e-01
-3.995649329883436129e-01
-3.781581022709771256e-01
-3.567522782200889808e-01
-3.350494937192742828e-01
-3.133476265018861895e-01
-2.913028686366325726e-01
-2.692589330343269083e-01
-2.468095027560054666e-01
-2.243607931462094363e-01
-2.014161980555117248e-01
-1.784722141413433993e-01
-1.548903544601446525e-01
-1.313089865506198994e-01
-1.068342416813252288e-01
-8.235985581262145194e-02
-5.639607691940239781e-02
-3.043250348158512558e-02
-3.783784599663744178e-15
