-1.699062019546978554e-16
-2.392109143828355933e+00
-4.666041586470396574e+00
-6.723574632954667507e+00
-8.499417981368926789e+00
-9.964254693395201201e+00
-1.111959431208838112e+01
-1.198855934819259872e+01
-1.260638660563601121e+01
-1.301280156658831189e+01
-1.324688912577953026e+01
-1.334418473537489014e+01
-1.333538603799927635e+01
-1.324609328437625955e+01
-1.309712123576327336e+01
-1.290507625126422475e+01
-1.268301298084053030e+01
-1.244107044487762082e+01
-1.218703966104031267e+01
-1.192684696891313401e+01
-1.166495271842506298e+01
-1.140467394051500172e+01
-1.114844133651083169e+01
-1.089800245608472373e+01
-1.065458067777677620e+01
-1.041899956031839736e+01
-1.019177919949604316e+01
-9.973211357520085585e+00
-9.763417385757703570e+00
-9.562393621730858939e+00
-9.370046395614336276e+00
-9.186219736650553358e+00
-9.010716221494716294e+00
-8.843312607881353316e+00
-8.683769585646874845e+00
-8.531837144514353710e+00
-8.387255468312689644e+00
-8.249753962979159638e+00
-8.119049034218214445e+00
-7.994843306994208199e+00
-7.876826050151577441e+00
-7.764676290635238232e+00
-7.658067015134258249e+00
-7.556671048476867547e+00
-7.460166479494150238e+00
-7.368242291592208559e+00
-7.280602320582752363e+00
-7.196968719042116547e+00
-7.117083436913618222e+00
-7.040709325148442055e+00
-6.967629544749462944e+00
-6.897647072644783606e+00
-6.830582946445579395e+00
-6.766275067639267782e+00
-6.704576068443424575e+00
-6.645352044227911925e+00
-6.588480510736238749e+00
-6.533849383910347086e+00
-6.481355220486455515e+00
-6.430902541482919510e+00
-6.382402382685582687e+00
-6.335771941677680985e+00
-6.290933389758513350e+00
-6.247813779351090169e+00
-6.206344049000703578e+00
-6.166459123860033920e+00
-6.128097051248072802e+00
-6.091199238426875162e+00
-6.055709670383951249e+00
-6.021575243967465241e+00
-5.988745033840668697e+00
-5.957170695068644051e+00
-5.926805754637443080e+00
-5.897606064369728784e+00
-5.869529103589274932e+00
-5.842534470976663563e+00
-5.816583189423310429e+00
-5.791638229818434347e+00
-5.767663812610209995e+00
-5.744625959248685021e+00
-5.722491787105538741e+00
-5.701230085950484749e+00
-5.680810604155114518e+00
-5.661204648557546015e+00
-5.642384360621145234e+00
-5.624323338608564704e+00
-5.606995902795751441e+00
-5.590377739202095242e+00
-5.574445153206295522e+00
-5.559175734266819546e+00
-5.544547597428701735e+00
-5.530540068578179813e+00
-5.517132913415244033e+00
-5.504307042853966436e+00
-5.492043729089852278e+00
-5.480325330803129447e+00
-5.469134495988830835e+00
-5.458454906652971061e+00
-5.448270468103349806e+00
-5.438566072857207168e+00
-5.429326776115579456e+00
-5.420538578624931603e+00
-5.412187588081736500e+00
-5.404260820713008506e+00
-5.396745348378507501e+00
-5.389629118656348084e+00
-5.382900087430775748e+00
-5.376547057288033393e+00
-5.370558795396807028e+00
-5.364924890038238914e+00
-5.359634853603199467e+00
-5.354678997097575888e+00
-5.350047518097309052e+00
-5.345731393085659811e+00
-5.341721450221960765e+00
-5.338009279382126770e+00
-5.334586289610705911e+00
-5.331444636749737676e+00
-5.328576265455880367e+00
-5.325973854314725031e+00
-5.323629842316537797e+00
-5.321537391363743374e+00
-5.319689397109233830e+00
-5.318079468774739027e+00
-5.316700924264826433e+00
-5.315547787222929088e+00
-5.314613766342298540e+00
-5.313893269594466950e+00
-5.313380367666097115e+00
-5.313069825301794502e+00
-5.312956048802339737e+00
-5.313034134430255406e+00
-5.313298799910985970e+00
-5.313745449855394654e+00
-5.314369091210759066e+00
-5.315165415659603987e+00
-5.316129698971844064e+00
-5.317257900344404931e+00
-5.318545545610273706e+00
-5.319988843486819441e+00
-5.321583552601635070e+00
-5.323326114621655947e+00
-5.325212505058381396e+00
-5.327239383253427718e+00
-5.329402926929138751e+00
-5.331699999008745472e+00
-5.334126965881185178e+00
-5.336680881036920177e+00
-5.339358287018022509e+00
-5.342156415853096085e+00
-5.345071974665940751e+00
-5.348102362895236439e+00
-5.351244441536917584e+00
-5.354495767136225659e+00
-5.357853344640713722e+00
-5.361314878154178842e+00
-5.364877507378464472e+00
-5.368539075120406068e+00
-5.372296847302358458e+00
-5.376148797214328034e+00
-5.380092309074234080e+00
-5.384125479019450822e+00
-5.388245802198515122e+00
-5.392451490496807942e+00
-5.396740143143199830e+00
-5.401110081165976240e+00
-5.405559001497974414e+00
-5.410085328159924600e+00
-5.414686849848929562e+00
-5.419362087847077625e+00
-5.424108917078531711e+00
-5.428925950742474527e+00
-5.433811144824569617e+00
-5.438763199453735098e+00
-5.443780146854717117e+00
-5.448860769428830686e+00
-5.454003171134704786e+00
-5.459206212293691074e+00
-5.464468064386549528e+00
-5.469787661584791572e+00
-5.475163238950986333e+00
-5.480593800698398965e+00
-5.486077641782998171e+00
-5.491613832893595948e+00
-5.497200725424322698e+00
-5.502837453198361928e+00
-5.508522420809282671e+00
-5.514254822081835705e+00
-5.520033111771430967e+00
-5.525856540765597735e+00
-5.531723611130681562e+00
-5.537633628058102886e+00
-5.543585138247983934e+00
-5.549577498604542747e+00
-5.555609297946024761e+00
-5.561679942454114567e+00
-5.567788060700087804e+00
-5.573933105853155823e+00
-5.580113744012566102e+00
-5.586329473180468241e+00
-5.592578994889872313e+00
-5.598861849947478042e+00
-5.605176773347670505e+00
-5.611523346791120304e+00
-5.617900336875113254e+00
-5.624307364393878572e+00
-5.630743225795214357e+00
-5.637207579269233548e+00
-5.643699249461413103e+00
-5.650217930356164153e+00
-5.656762473236620181e+00
-5.663332606369805511e+00
-5.669927206203522196e+00
-5.676546033859931839e+00
-5.683187989559807640e+00
-5.689852865931730896e+00
-5.696539585654169180e+00
-5.703247971587297016e+00
-5.709976967623265232e+00
-5.716726425648359644e+00
-5.723495309591547731e+00
-5.730283499224584354e+00
-5.737089977399313590e+00
-5.743914650693338508e+00
-5.750756519826431656e+00
-5.757615517159821117e+00
-5.764490660281661683e+00
-5.771381906368247883e+00
-5.778288288928894012e+00
-5.785209789036922068e+00
-5.792145455224562589e+00
-5.799095291591799040e+00
-5.806058360841548804e+00
-5.813034689275043299e+00
-5.820023352956872564e+00
-5.827024399606123950e+00
-5.834036917881296525e+00
-5.841060976175524111e+00
-5.848095675011798278e+00
-5.855141102750977211e+00
-5.862196371087399882e+00
-5.869261587678771264e+00
-5.876335874731768882e+00
-5.883419358563194201e+00
-5.890511171265509383e+00
-5.897611457208242314e+00
-5.904719357773466015e+00
-5.911835034806815159e+00
-5.918957638412588373e+00
-5.926087347363862889e+00
-5.933223319946859142e+00
-5.940365751339997225e+00
-5.947513807496924265e+00
-5.954667699504069489e+00
-5.961826600492376116e+00
-5.968990736982769718e+00
-5.976159288816113246e+00
-5.983332497496800073e+00
-5.990509549130003109e+00
-5.997690699773595036e+00
-6.004875141372163938e+00
-6.012063144127094638e+00
-6.019253905416898753e+00
-6.026447709195638325e+00
-6.033643757888655479e+00
-6.040842348829825070e+00
-6.048042689121693627e+00
-6.055245089122141877e+00
-6.062448760258020819e+00
-6.069654025571561640e+00
-6.076860100476596749e+00
-6.084067320375432963e+00
-6.091274904346626329e+00
-6.098483199842847036e+00
-6.105691429299035633e+00
-6.112899951922487141e+00
-6.120107993209843222e+00
-6.127315923840197520e+00
-6.134522972089872184e+00
-6.141729519839627116e+00
-6.148934797875535985e+00
-6.156139199021647634e+00
-6.163341956315528058e+00
-6.170543473277369628e+00
-6.177742984948800142e+00
-6.184940905309897374e+00
-6.192136471169336964e+00
-6.199330106740916335e+00
-6.206521050373290826e+00
-6.213709736297568398e+00
-6.220895404184794586e+00
-6.228078498076127900e+00
-6.235258258756417149e+00
-6.242435139878504735e+00
-6.249608383140857093e+00
-6.256778451618023595e+00
-6.263944587730182256e+00
-6.271107263791582120e+00
-6.278265722759881484e+00
-6.285420446014708951e+00
-6.292570676874344571e+00
-6.299716905616652873e+00
-6.306858375750825196e+00
-6.313995586292803885e+00
-6.321127780779582039e+00
-6.328255466811643970e+00
-6.335377887797242202e+00
-6.342495559774003588e+00
-6.349607725870902719e+00
-6.356714910421596976e+00
-6.363816356131087204e+00
-6.370912595493554598e+00
-6.378002870650868239e+00
-6.385087722127781085e+00
-6.392166391369286771e+00
-6.399239426805936937e+00
-6.406306069057142949e+00
-6.413366874339510026e+00
-6.420421082323022333e+00
-6.427469256895494532e+00
-6.434510636658234972e+00
-6.441545793059852976e+00
-6.448573963518255958e+00
-6.455595726936901535e+00
-6.462610319439773043e+00
-6.469618327283455983e+00
-6.476618985191501032e+00
-6.483612886675827802e+00
-6.490599264957013226e+00
-6.497578720708397704e+00
-6.504550485548720395e+00
-6.511515167222531986e+00
-6.518471995651348827e+00
-6.525421585564309623e+00
-6.532363165093787671e+00
-6.539297355870103523e+00
-6.546223384147870306e+00
-6.553141878378569096e+00
-6.560052062853417354e+00
-6.566954572768120002e+00
-6.573848630367955082e+00
-6.580734877518735537e+00
-6.587612534340252957e+00
-6.594482249297267451e+00
-6.601343240306942306e+00
-6.608196162364727400e+00
-6.615040231110858926e+00
-6.621876108005562145e+00
-6.628703006340412429e+00
-6.635521593977118826e+00
-6.642331081789205172e+00
-6.649132143979017862e+00
-6.655923988934908664e+00
-6.662707297141349905e+00
-6.669481274436705576e+00
-6.676246607531271415e+00
-6.683002499650692485e+00
-6.689749643676874413e+00
-6.696487240162040777e+00
-6.703215988107696255e+00
-6.709935085333997407e+00
-6.716645236911775285e+00
-6.723345637872266245e+00
-6.730036999307492884e+00
-6.736718513404780673e+00
-6.743390897230915115e+00
-6.750053340076044961e+00
-6.756706564937013937e+00
-6.763349758155161595e+00
-6.769983648614557481e+00
-6.776607419657727505e+00
-6.783221806014551269e+00
-6.789825987980315780e+00
-6.796420706090901653e+00
-6.803005137547451397e+00
-6.809580028653606121e+00
-6.816144553470719458e+00
-6.822699464033417094e+00
-6.829243931219155073e+00
-6.835778712758019182e+00
-6.842302976300712380e+00
-6.848817485238776648e+00
-6.855321403954556914e+00
-6.861815501468202960e+00
-6.868298938853334867e+00
-6.874772490727223406e+00
-6.881235314815518755e+00
-6.887688191302325791e+00
-6.894130274527215718e+00
-6.900562350211834506e+00
-6.906983569272803436e+00
-6.913394722941352377e+00
-6.919794958675018925e+00
-6.926185073187626884e+00
-6.932564210442781594e+00
-6.938933172610895816e+00
-6.945291100127704453e+00
-6.951638800595225653e+00
-6.957975410888268541e+00
-6.964301744016543338e+00
-6.970616933261686299e+00
-6.976921797018081683e+00
-6.983215464942944095e+00
-6.989498760793141585e+00
-6.995770810570994591e+00
-7.002032443374543114e+00
-7.008282781521645077e+00
-7.014522659431126961e+00
-7.020751195707308767e+00
-7.026969230070201355e+00
-7.033175877382575436e+00
-7.039371982646708936e+00
-7.045556656956357244e+00
-7.051730750578022011e+00
-7.057893370809620315e+00
-7.064045373164550057e+00
-7.070185861118878812e+00
-7.076315695416256268e+00
-7.082433975685376915e+00
-7.088541567884145245e+00
-7.094637567769113140e+00
-7.100722846497187213e+00
-7.106796495928471735e+00
-7.112859392404190295e+00
-7.118910623864383780e+00
-7.124951071820577297e+00
-7.130979820269596203e+00
-7.136997755879793459e+00
-7.143003958682216492e+00
-7.148999320489183518e+00
-7.154982917343880366e+00
-7.160955646190394042e+00
-7.166916579062390547e+00
-7.172866618023864937e+00
-7.178804831077978399e+00
-7.184732125397443880e+00
-7.190647564934234737e+00
-7.196552061958986890e+00
-7.202444676352327768e+00
-7.208326325472645735e+00
-7.214196065109397260e+00
-7.220054817698972727e+00
-7.225901634920331773e+00
-7.231737444278569349e+00
-7.237561293323126144e+00
-7.243374114619020254e+00
-7.249174951567667335e+00
-7.254964741785482119e+00
-7.260742524507648454e+00
-7.266509242394130652e+00
-7.272263930495912909e+00
-7.278007536508926734e+00
-7.283739091282532385e+00
-7.289459547541403239e+00
-7.295167931916131998e+00
-7.300865202153359768e+00
-7.306550380647987453e+00
-7.312224430162236111e+00
-7.317886368838805389e+00
-7.323537164449428261e+00
-7.329175830868353891e+00
-7.334803340871150823e+00
-7.340418704047610987e+00
-7.346022898171793436e+00
-7.351614928533408921e+00
-7.357195777899958600e+00
-7.362764447245607080e+00
-7.368321924326653338e+00
-7.373867205786496015e+00
-7.379401284365909142e+00
-7.384923152362644849e+00
-7.390433807497826635e+00
-7.395932237708869650e+00
-7.401419445693453447e+00
-7.406894415014291688e+00
-7.412358153342109013e+00
-7.417809639850642789e+00
-7.423249887180533690e+00
-7.428677870102480263e+00
-7.434094606224116220e+00
-7.439499065899336294e+00
-7.444892271700044972e+00
-7.450273189549780462e+00
-7.455642846982304839e+00
-7.461000205477366976e+00
-7.466346297528439813e+00
-7.471680080158271231e+00
-7.477002590818178085e+00
-7.482312782060818179e+00
-7.487611696293635433e+00
-7.492898281586376719e+00
-7.498173585301199928e+00
-7.503436551012196531e+00
-7.508688231035063332e+00
-7.513927564435657125e+00
-7.519155608482236630e+00
-7.524371297720039209e+00
-7.529575694369118999e+00
-7.534767728441787327e+00
-7.539948467109404362e+00
-7.545116835839293934e+00
-7.550273906753644404e+00
-7.555418600762877190e+00
-7.560551994939885390e+00
-7.565673005626344150e+00
-7.570782714845895711e+00
-7.575880034359681936e+00
-7.580966051142405071e+00
-7.586039672363081188e+00
-7.591101989947891759e+00
-7.596151906462287329e+00
-7.601190518784413541e+00
-7.606216724864879097e+00
-7.611231626534631367e+00
-7.616234117118063196e+00
-7.621225303400019691e+00
-7.626204074067436167e+00
-7.631171540860063551e+00
-7.636126587816581157e+00
-7.641070331632852763e+00
-7.646001651688242973e+00
-7.650921669636280953e+00
-7.655829260186098217e+00
-7.660725549950586633e+00
-7.665609408957840820e+00
-7.670481968781780679e+00
-7.675342094758921263e+00
-7.680190923426089888e+00
-7.685027315417518601e+00
-7.689852412235138601e+00
-7.694665069800290524e+00
-7.699466434582224572e+00
-7.704255357779053348e+00
-7.709032990829567389e+00
-7.713798180198214283e+00
-7.718552082295995653e+00
-7.723293538843376993e+00
-7.728023711226065906e+00
-7.732741436410242919e+00
-7.737447880759249053e+00
-7.742141876474844864e+00
-7.746824594900761696e+00
-7.751494863464174045e+00
-7.756153858492327302e+00
-7.760800402627695327e+00
-7.765435677184203023e+00
-7.770058500009663582e+00
-7.774670057407893964e+00
-7.779269162422015604e+00
-7.783857006349209406e+00
-7.788432397417985875e+00
-7.792996531922446124e+00
-7.797548213266535910e+00
-7.802088642744889668e+00
-7.806616618927159301e+00
-7.811133348112178965e+00
-7.815637624025533192e+00
-7.820130657974186050e+00
-7.824611238829796811e+00
-7.829080582911530861e+00
-7.833537474227332709e+00
-7.837983134112617378e+00
-7.842416341702013405e+00
-7.846838323351400746e+00
-7.851247853312399272e+00
-7.855646162965609136e+00
-7.860032021670071423e+00
-7.864406665835499410e+00
-7.868768859918711556e+00
-7.873119845363144798e+00
-7.877458381713743130e+00
-7.881785715452260810e+00
-7.886100601202280735e+00
-7.890404290488614691e+00
-7.894695533003861954e+00
-7.898975585320667570e+00
-7.903243192191276911e+00
-7.907499615241065705e+00
-7.911743594272270919e+00
-7.915976395968114865e+00
-7.920196755171434511e+00
-7.924405943628288540e+00
-7.928602691212603304e+00
-7.932788274738553191e+00
-7.936961419101728588e+00
-7.941123406189642964e+00
-7.945272955910091639e+00
-7.949411355229388576e+00
-7.953537319058043842e+00
-7.957652139446583561e+00
-7.961754526298953749e+00
-7.965845776755386076e+00
-7.969924595703779424e+00
-7.973992285379803313e+00
-7.978047545645800653e+00
-7.982091683838691054e+00
-7.986123394785888507e+00
-7.990143990931291462e+00
-7.994152162057967637e+00
-7.998149225722740674e+00
-8.002133866654954630e+00
-8.006107407530253184e+00
-8.010068528014933520e+00
-8.014018555909556696e+00
-8.017956165807815339e+00
-8.021882690641474412e+00
-8.025796799922220615e+00
-8.029699831719041114e+00
-8.033590450452379628e+00
-8.037469999334879489e+00
-8.041337137686124237e+00
-8.045193213868737203e+00
-8.049036882092211798e+00
-8.052869495875549788e+00
-8.056689704308597655e+00
-8.060498866073501745e+00
-8.064295625130950995e+00
-8.068081345332664966e+00
-8.071854665500856285e+00
-8.075616954663637159e+00
-8.079366846495162235e+00
-8.083105715206677644e+00
-8.086832189314842267e+00
-8.090547648220859145e+00
-8.094250715274521113e+00
-8.097942775073743604e+00
-8.101622445791972993e+00
-8.105291117231045561e+00
-8.108947402378303693e+00
-8.112592696246615276e+00
-8.116225606627786249e+00
-8.119847533752729163e+00
-8.123457080208277503e+00
-8.127055651450596940e+00
-8.130641844851878020e+00
-8.134217071100888319e+00
-8.137779922345648842e+00
-8.141331814514767728e+00
-8.144871334522560957e+00
-8.148399903544934375e+00
-8.151916103252760948e+00
-8.155421360076864801e+00
-8.158914250434962767e+00
-8.162396206020323675e+00
-8.165865797987962083e+00
-8.169324463301153472e+00
-8.172770767842497008e+00
-8.176206153853014413e+00
-8.179629181933153248e+00
-8.183041299609524089e+00
-8.186441062190590756e+00
-8.189829922496349113e+00
-8.193206430533674478e+00
-8.196572044423762193e+00
-8.199925308862090034e+00
-8.203267687279105047e+00
-8.206597719049048223e+00
-8.209916872919619024e+00
-8.213223682933955772e+00
-8.216519623165213559e+00
-8.219803222315469782e+00
-8.223075959791511735e+00
-8.226336358944591254e+00
-8.229585904523201378e+00
-8.232823114517842100e+00
-8.236049479027203191e+00
-8.239263510670907564e+00
-8.242466704906211916e+00
-8.245657568971981988e+00
-8.248837603692393827e+00
-8.252005310915507152e+00
-8.255162196841006050e+00
-8.258306757916052732e+00
-8.261440505724401362e+00
-8.264561931302237596e+00
-8.267672551625977917e+00
-8.270770852310775467e+00
-8.273858355734391878e+00
-8.276933542080744388e+00
-8.279997939137771823e+00
-8.283050021647971661e+00
-8.286091322818160521e+00
-8.289120311939202068e+00
-8.292138527645898094e+00
-8.295144433767088543e+00
-8.298139574374401306e+00
-8.301122407824440330e+00
-8.304094483634770540e+00
-8.307054254679353988e+00
-8.310003275930693434e+00
-8.312939994769761753e+00
-8.315865971633296994e+00
-8.318779648398795246e+00
-8.321682590976314131e+00
-8.324573235729459952e+00
-8.327453154051038808e+00
-8.330320776780231640e+00
-8.333177680801817644e+00
-8.336022291420007946e+00
-8.338856191021065456e+00
-8.341677799363683476e+00
-8.344488704344986019e+00
-8.347287320167509961e+00
-8.350075240248839847e+00
-8.352850873224678452e+00
-8.355615818042673837e+00
-8.358368477760951265e+00
-8.361110456866990503e+00
-8.363840152830482211e+00
-8.366559175688390582e+00
-8.369265917311366820e+00
-8.371961993295601090e+00
-8.374645789901745019e+00
-8.377318928295213851e+00
-8.379979789115740374e+00
-8.382629999107784613e+00
-8.385267933279301644e+00
-8.387895223963859337e+00
-8.390510240526536379e+00
-8.393114620900076872e+00
-8.395706728795742535e+00
-8.398288207755488344e+00
-8.400857415825646157e+00
-8.403416002167663379e+00
-8.405962319151754514e+00
-8.408498021569165815e+00
-8.411021456102744764e+00
-8.413534283183853546e+00
-8.416034843796833087e+00
-8.418524804023457264e+00
-8.421002499138277031e+00
-8.423469600883953134e+00
-8.425924438813945372e+00
-8.428368690342308511e+00
-8.430800679289943034e+00
-8.433222088752927448e+00
-8.435631236808221800e+00
-8.438029812244524308e+00
-8.440416127383338463e+00
-8.442791876716748689e+00
-8.445155366799264485e+00
-8.447508297837064362e+00
-8.449848970606071319e+00
-8.452179091037484326e+00
-8.454496954116949681e+00
-8.456804271511604298e+00
-8.459099332405084937e+00
-8.461383854211417699e+00
-8.463656120300543151e+00
-8.465917853844405982e+00
-8.468167332387384505e+00
-8.470406284870431790e+00
-8.472632983000604412e+00
-8.474849161499026451e+00
-8.477053086223373057e+00
-8.479246497686267148e+00
-8.481427655884065331e+00
-8.483598307132135474e+00
-8.485756705553448853e+00
-8.487904603277540261e+00
-8.490040248541905754e+00
-8.492165399301697448e+00
-8.494278297896739716e+00
-8.496380708119282588e+00
-8.498470866399326695e+00
-8.500550542377800056e+00
-8.502617966562588947e+00
-8.504674914454911416e+00
-8.506719610628168837e+00
-8.508753836455746011e+00
-8.510775810564091159e+00
-8.512787320210403408e+00
-8.514786578061848132e+00
-8.516775377271295966e+00
-8.518751924534045727e+00
-8.520718018910656610e+00
-8.522671861111884795e+00
-8.524615256117963114e+00
-8.526546398642548041e+00
-8.528467099597547119e+00
-8.530375547686821491e+00
-8.532273559766091253e+00
-8.534159318516580939e+00
-8.536034646750117361e+00
-8.537897721112457816e+00
-8.539750370383712763e+00
-8.541590765161320320e+00
-8.543420740206016717e+00
-8.545238460053999674e+00
-8.547045765458985755e+00
-8.548840814882803230e+00
-8.550625455084874815e+00
-8.552397838439453892e+00
-8.554159817724071857e+00
-8.555909539212365189e+00
-8.557648861712650046e+00
-8.559375925384719253e+00
-8.561092595080248557e+00
-8.562797004831905312e+00
-8.564491025547631864e+00
-8.566172785119489319e+00
-8.567844160524488828e+00
-8.569503273500725271e+00
-8.571152007107190940e+00
-8.572788476914531941e+00
-8.574414572076671348e+00
-8.576028401983137428e+00
-8.577631861896012566e+00
-8.579223055009956411e+00
-8.580803882708325503e+00
-8.582372441977311084e+00
-8.583930640334632045e+00
-8.585476568544258669e+00
-8.587012140271630400e+00
-8.588535440044505975e+00
-8.590048387689455112e+00
-8.591549061484126781e+00
-8.593039387429637799e+00
-8.594517437539503035e+00
-8.595985144002893819e+00
-8.597440572555081317e+00
-8.598885661586896489e+00
-8.600318470541278515e+00
-8.601740944024342639e+00
-8.603151135172369735e+00
-8.604550994820588272e+00
-8.605938569784321146e+00
-8.607315817141662606e+00
-8.608680777372640591e+00
-8.610035413812132887e+00
-8.611377760590347208e+00
-8.612709787312958554e+00
-8.614029521745736773e+00
-8.615338939779292105e+00
-8.616636062800353102e+00
-8.617922872998528661e+00
-8.619197385366829778e+00
-8.620461588408058873e+00
-8.621713490706779837e+00
-8.622955087093240323e+00
-8.624184379728667693e+00
-8.625403369785210828e+00
-8.626610052985773436e+00
-8.627806436858822536e+00
-8.628990510673949288e+00
-8.630164288330474776e+00
-8.631325752629599890e+00
-8.632476923856094331e+00
-8.633615778327493828e+00
-8.634744342728868816e+00
-8.635860586878763456e+00
-8.636966543877219848e+00
-8.638060177028560105e+00
-8.639143525862708728e+00
-8.640214547154171143e+00
-8.641275286877727169e+00
-8.642323695262671635e+00
-8.643361824743564625e+00
-8.644387618988876199e+00
-8.645403136908107911e+00
-8.646406315593191394e+00
-8.647399220443782397e+00
-8.648379781959423696e+00
-8.649350072045267623e+00
-8.650308014592617667e+00
-8.651255688027456259e+00
-8.652191009616901241e+00
-8.653116064323201684e+00
-8.654028762773245731e+00
-8.654931196481140177e+00
-8.655821269417332431e+00
-8.656701079663404741e+00
-8.657568524517239794e+00
-8.658425708643591179e+00
-8.659270522651409507e+00
-8.660105077804372442e+00
-8.660927258006140050e+00
-8.661739181135299503e+00
-8.662538724373600729e+00
-8.663328012230529396e+00
-8.664104915149382080e+00
-8.664871564286620753e+00
-8.665625823330346478e+00
-8.666369830100173033e+00
-8.667101441512240712e+00
-8.667822802065517251e+00
-8.668531761887409814e+00
-8.669230472172532842e+00
-8.669916776242528655e+00
-8.670592832004144768e+00
-8.671256475956141685e+00
-8.671909872734014257e+00
-8.672550851996458476e+00
-8.673181585124217108e+00
-8.673799894918746034e+00
-8.674407959522806522e+00
-8.675003594863159861e+00
-8.675588985861427460e+00
-8.676161941552166468e+00
-8.676724653652785335e+00
-8.677274924288202129e+00
-8.677814951988411352e+00
-8.678342531951047434e+00
-8.678859869535905602e+00
-8.679364752995500254e+00
-8.679859394536633133e+00
-8.680341575448808911e+00
-8.680813514803086051e+00
-8.681272986908043165e+00
-8.681722217716394852e+00
-8.682158974537674823e+00
-8.682585490223701186e+00
-8.682999525066806612e+00
-8.683403318835585694e+00
-8.683794624786804306e+00
-8.684175689623394589e+00
-8.684544259548317768e+00
-8.684902588216653285e+00
-8.685248414758914848e+00
-8.685583999800249089e+00
-8.685907075380182363e+00
-8.686219909111837723e+00
-8.686520225925010052e+00
-8.686810300438967403e+00
-8.687087850454968674e+00
-8.687355157616428514e+00
-8.687609932577204930e+00
-8.687854464023281764e+00
-8.688086455441972333e+00
-8.688308202580151018e+00
-8.688517401739446200e+00
-8.688716355746176845e+00
-8.688902753697009373e+00
-8.689078905516240070e+00
-8.689242493076241303e+00
-8.689395833417936643e+00
-8.689536601169876917e+00
-8.689667120508527631e+00
-8.689785058798957351e+00
-8.689892747372011783e+00
-8.689987846309589870e+00
-8.690072694115903218e+00
-8.690144943569917402e+00
-8.690206940368266686e+00
-8.690256329966961957e+00
-8.690295465274431308e+00
-8.690321984403521327e+00
-8.690338247493821555e+00
-8.690341885294904145e+00
-8.690335265196775794e+00
-8.690316010565476645e+00
-8.690286496061107258e+00
-8.690244337645635753e+00
-8.690191917268890620e+00
-8.690126843468247486e+00
-8.690051505502994544e+00
-8.689963504465231026e+00
-8.689865236943669302e+00
-8.689754296564219160e+00
-8.689633087265059785e+00
-8.689499195184989588e+00
-8.689355031631654569e+00
-8.689198175235738120e+00
-8.689031044694651484e+00
-8.688851211109723138e+00
-8.688661100588367603e+00
-8.688458276681284786e+00
-8.688245172926464477e+00
-8.688019345302427254e+00
-8.687783234798263976e+00
-8.687534389798749146e+00
-8.687275258764824315e+00
-8.687003382465766421e+00
-8.686721216855131544e+00
-8.686426295064874736e+00
-8.686121080562072549e+00
-8.685803098819416590e+00
-8.685474820838535948e+00
-8.685133764410633006e+00
-8.684782408093170147e+00
-8.684418261973613440e+00
-8.684043812186416744e+00
-8.683656561092920612e+00
-8.683259002426080286e+00
-8.682848630798595480e+00
-8.682427947563319037e+00
-8.681994439561592003e+00
-8.681550615787969605e+00
-8.681093955289579611e+00
-8.680626974724333422e+00
-8.680147145322250068e+00
-8.679656991426547563e+00
-8.679153976426983164e+00
-8.678640632374056807e+00
-8.678114414794015019e+00
-8.677577863466867214e+00
-8.677028426031922592e+00
-8.676468650020870754e+00
-8.675895975162568163e+00
-8.675312956762867955e+00
-8.674717026616452387e+00
-8.674110747825766410e+00
-8.673491544227509564e+00
-8.672861986743436447e+00
-8.672219491228204902e+00
-8.671566636445680487e+00
-8.670900830244283597e+00
-8.670224659252914634e+00
-8.669535523289486179e+00
-8.668836016870946182e+00
-8.668123531760208778e+00
-8.667400670385424277e+00
-8.666664816429982210e+00
-8.665918580256512627e+00
-8.665159337443910204e+00
-8.664389706312915607e+00
-8.663607054313033018e+00
-8.662814007746508338e+00
-8.662007925908397965e+00
-8.661191443106144305e+00
-8.660361910455186774e+00
-8.659521970291960358e+00
-8.658668965526668870e+00
-8.657805546548935638e+00
-8.656929048038083607e+00
-8.656042128460891050e+00
-8.655142114240177875e+00
-8.654231671944117466e+00
-8.653308119712965762e+00
-8.652374132240725046e+00
-8.651427019359006820e+00
-8.650469463912079604e+00
-8.649498767396696763e+00
-8.648517620832080866e+00
-8.647523317353529748e+00
-8.646518556180083692e+00
-8.645500622058992946e+00
-8.644472222433956077e+00
-8.643430633637377625e+00
-8.642378571362762329e+00
-8.641313303500547605e+00
-8.640237554019332578e+00
-8.639148582340412830e+00
-8.638049120732764763e+00
-8.636936420121209323e+00
-8.635813221100617554e+00
-8.634676766071731180e+00
-8.633529803981007333e+00
-8.632369568677376037e+00
-8.631198817484554198e+00
-8.630014775671789096e+00
-8.628820208965997551e+00
-8.627612334028611940e+00
-8.626393925015827691e+00
-8.625162189952835234e+00
-8.623919911451421783e+00
-8.622664288872053717e+00
-8.621398113308385902e+00
-8.620118575427394347e+00
-8.618828474831234487e+00
-8.617524993464419580e+00
-8.616210939464183483e+00
-8.614883486023558135e+00
-8.613545449841620183e+00
-8.612193995330478913e+00
-8.610831947778182283e+00
-8.609456462786335251e+00
-8.608070374258886659e+00
-8.606670828957341257e+00
-8.605260669428837161e+00
-8.603837033564653680e+00
-8.602402772582605550e+00
-8.600955015473598309e+00
-8.599496622153578684e+00
-8.598024712682713400e+00
-8.596542155702829646e+00
-8.595046062312677648e+00
-8.593539309907793466e+00
-8.592019000594712352e+00
-8.590488020550736792e+00
-8.588943462859036870e+00
-8.587388222506834978e+00
-8.585819383522625969e+00
-8.584239849731858385e+00
-8.582646696076924542e+00
-8.581042835249901302e+00
-8.579425333075269222e+00
-8.577797111140418096e+00
-8.576155226119862363e+00
-8.574502608525111924e+00
-8.572836305848458238e+00
-8.571159257554466393e+00
-8.569468501920807668e+00
-8.567766987394128009e+00
-8.566051743004683416e+00
-8.564325726210464396e+00
-8.562585956761424200e+00
-8.560835401156323243e+00
-8.559071069831558631e+00
-8.557295938356141107e+00
-8.555507007819507237e+00
-8.553707262890672069e+00
-8.551893695278350194e+00
-8.550069298781446392e+00
-8.548231055694010649e+00
-8.546381968974886334e+00
-8.544519011469125402e+00
-8.542645195325784258e+00
-8.540757483906475045e+00
-8.538858898580748757e+00
-8.536946393192081928e+00
-8.535022998361061042e+00
-8.533085658377864036e+00
-8.531137413144977089e+00
-8.529175197363990435e+00
-8.527202060249974735e+00
-8.525214926880510191e+00
-8.523216855814316872e+00
-8.521204762469039906e+00
-8.519181714778282455e+00
-8.517144618463682093e+00
-8.515096550865047575e+00
-8.513034407971570516e+00
-8.510961276560909283e+00
-8.508874042853124209e+00
-8.506775803095402821e+00
-8.504663433701747266e+00
-8.502540040420729639e+00
-8.500402489823137842e+00
-8.498253897190974016e+00
-8.496091119214252529e+00
-8.493917280740623355e+00
-8.491729228541576191e+00
-8.489530097062889524e+00
-8.487316723119334938e+00
-8.485092250787506174e+00
-8.482853506887034101e+00
-8.480603645158089066e+00
-8.478339482386543224e+00
-8.476064182009086068e+00
-8.473774550738866651e+00
-8.471473761742345232e+00
-8.469158611620594357e+00
-8.466832283303213913e+00
-8.464491563239654681e+00
-8.462139644156160045e+00
-8.459773302310802379e+00
-8.457395740260247763e+00
-8.455003724030923706e+00
-8.452600466043909577e+00
-8.450182722053483531e+00
-8.447753714379400591e+00
-8.445310188463082568e+00
-8.442855376557226066e+00
-8.440386013749261451e+00
-8.437905342259565344e+00
-8.435410086780210648e+00
-8.432903499534035063e+00
-8.430382294776000762e+00
-8.427849734766509116e+00
-8.425302523281459344e+00
-8.422743932654125132e+00
-8.420170656139028154e+00
-8.417585976177674567e+00
-8.414986575460750018e+00
-8.412375746573820479e+00
-8.409750161600697993e+00
-8.407113123307061286e+00
-8.404461293126617605e+00
-8.401797984041397882e+00
-8.399119846791585076e+00
-8.396430204611981196e+00
-8.393725697505427519e+00
-8.391009658996308573e+00
-8.388278718305979709e+00
-8.385536219285420145e+00
-8.382778780330108148e+00
-8.380009755655015269e+00
-8.377225752784937640e+00
-8.374430136336380670e+00
-8.371619502918543176e+00
-8.368797227587283061e+00
-8.365959895990913608e+00
-8.363110893662874190e+00
-8.360246795244938411e+00
-8.357370996786603001e+00
-8.354480061877247010e+00
-8.351577397121104696e+00
-8.348659555009144029e+00
-8.345729952739413093e+00
-8.342785131657908693e+00
-8.339828519596002465e+00
-8.336856646707920149e+00
-8.333872951498186410e+00
-8.330873952882257072e+00
-8.327863100077875558e+00
-8.324836900714471355e+00
-8.321798814763381458e+00
-8.318745338520505683e+00
-8.315679942751643239e+00
-8.312599112371332311e+00
-8.309506328980935663e+00
-8.306398066065600716e+00
-8.303277816103930675e+00
-8.300142041103196533e+00
-8.296994244461183499e+00
-8.293830876658777385e+00
-8.290655452055331054e+00
-8.287464409556513090e+00
-8.284261274525972496e+00
-8.281042474244999951e+00
-8.277811545124846404e+00
-8.274564902773079211e+00
-8.271306094692189248e+00
-8.268031524766488616e+00
-8.264744751633738673e+00
-8.261442167405213866e+00
-8.258127341898497065e+00
-8.254796655401802852e+00
-8.251453688957607113e+00
-8.248094810980768798e+00
-8.244723613784197269e+00
-8.241336453858863820e+00
-8.237936934834156233e+00
-8.234521401226531978e+00
-8.231093468028378268e+00
-8.227649467730715926e+00
-8.224193026735916234e+00
-8.220720465458608572e+00
-8.217235421758703140e+00
-8.213734203923076294e+00
-8.210220461317318197e+00
-8.206690490049181719e+00
-8.203147951038616270e+00
-8.199589128162553919e+00
-8.196017693944554594e+00
-8.192429919978927444e+00
-8.188829490442735448e+00
-8.185212664595661991e+00
-8.181583138318703874e+00
-8.177937158484816393e+00
-8.174278432729888522e+00
-8.170603195487865733e+00
-8.166915166201350829e+00
-8.163210566812757918e+00
-8.159493128623655167e+00
-8.155759061032366475e+00
-8.152012107252433637e+00
-8.148248464085327214e+00
-8.144471886710238806e+00
-8.140678559278887505e+00
-8.136872248990409062e+00
-8.133049127293851654e+00
-8.129212973463243230e+00
-8.125359946191856864e+00
-8.121493836884344120e+00
-8.117610791424979766e+00
-8.113714613405445419e+00
-8.109801435847620255e+00
-8.105875074587551410e+00
-8.101931649731110241e+00
-8.097974989416622194e+00
-8.094001200780498451e+00
-8.090014124321950106e+00
-8.086009854154227128e+00
-8.081992243196904013e+00
-8.077957372486380905e+00
-8.073909107422744924e+00
-8.069843515911610865e+00
-8.065764475894750873e+00
-8.061668042093058872e+00
-8.057558105051672470e+00
-8.053430706252793669e+00
-8.049289748907652253e+00
-8.045131261205529682e+00
-8.040959159087298858e+00
-8.036769457395072536e+00
-8.032566084863750788e+00
-8.028345042933914044e+00
-8.024110273199681842e+00
-8.019857763645797277e+00
-8.015591468791583907e+00
-8.011307363111518143e+00
-8.007009414117007395e+00
-8.002693582717723686e+00
-7.998363849485063959e+00
-7.994016161709169843e+00
-7.989654513090122201e+00
-7.985274837243915513e+00
-7.980881141068814522e+00
-7.976469344451923682e+00
-7.972043467560279595e+00
-7.967599416497137987e+00
-7.963141224769687554e+00
-7.958664784642456524e+00
-7.954174143035210420e+00
-7.949665178318550574e+00
-7.945141950898138461e+00
-7.940600325195578790e+00
-7.936044375176620314e+00
-7.931469951258628193e+00
-7.926881141042586343e+00
-7.922273780886271766e+00
-7.917651972102127012e+00
-7.913011536932762269e+00
-7.908356590479225012e+00
-7.903682940813358648e+00
-7.898994716902847379e+00
-7.894287712593150097e+00
-7.889566070797560116e+00
-7.884825571079266737e+00
-7.880070370377204370e+00
-7.875296233916343702e+00
-7.870507332742170625e+00
-7.865699417685343420e+00
-7.860876673979888984e+00
-7.856034838005802712e+00
-7.851178109268563965e+00
-7.846302209641072167e+00
-7.841411352984225758e+00
-7.836501246607086912e+00
-7.831576118810860798e+00
-7.826631662284075475e+00
-7.821672119854013339e+00
-7.816693169531542473e+00
-7.811699068757051556e+00
-7.806685480806444311e+00
-7.801656677820953512e+00
-7.796608308284080913e+00
-7.791544659126720340e+00
-7.786461363982226658e+00
-7.781362724660979779e+00
-7.776244359888158542e+00
-7.771110586444344825e+00
-7.765957008088307134e+00
-7.760787956662638543e+00
-7.755599020900965535e+00
-7.750394547800636857e+00
-7.745170111011356440e+00
-7.739930072778816950e+00
-7.734669991609501416e+00
-7.729394245092191973e+00
-7.724098376530559307e+00
-7.718786778952003047e+00
-7.713454980397452587e+00
-7.708107389429447842e+00
-7.702739518765840288e+00
-7.697355792601882740e+00
-7.691951708271494326e+00
-7.686531705700981654e+00
-7.681091266779246141e+00
-7.675634847263079763e+00
-7.670157913534516148e+00
-7.664664937281230550e+00
-7.659151369316263391e+00
-7.653621697359286102e+00
-7.648071356591779946e+00
-7.642504850867484656e+00
-7.636917599673152424e+00
-7.631314123099610214e+00
-7.625689824875078848e+00
-7.620049241431524401e+00
-7.614387760674218519e+00
-7.608709935481044795e+00
-7.603011137869448710e+00
-7.597295937268892629e+00
-7.591559689743445638e+00
-7.585806981380706304e+00
-7.580033152225079895e+00
-7.574242805129709488e+00
-7.568431264052536633e+00
-7.562603148720429047e+00
-7.556753766937142736e+00
-7.550887755412500013e+00
-7.545000405727673609e+00
-7.539096371685292119e+00
-7.533170928574874914e+00
-7.527228747402602949e+00
-7.521265087096301372e+00
-7.515284635977301342e+00
-7.509282636541023237e+00
-7.503263794536247921e+00
-7.497223335954288359e+00
-7.491165984084604546e+00
-7.485086948341873381e+00
-7.478990969670061162e+00
-7.472873240833865616e+00
-7.466738520546444491e+00
-7.460581984848012382e+00
-7.454408410336418989e+00
-7.448212956252060479e+00
-7.442000417193669115e+00
-7.435765935525346038e+00
-7.429514323963690714e+00
-7.423240707919147141e+00
-7.416949918343803461e+00
-7.410637063615873821e+00
-7.404306993041370966e+00
-7.397954797886726830e+00
-7.391585345930923978e+00
-7.385193711247840298e+00
-7.378784780209293181e+00
-7.372353609614608061e+00
-7.365905104549040239e+00
-7.359434304454298470e+00
-7.352946133250132021e+00
-7.346435612936297765e+00
-7.339907686388964514e+00
-7.333357358080408339e+00
-7.326789589965717830e+00
-7.320199368902742698e+00
-7.313591676048716295e+00
-7.306961480558871180e+00
-7.300313782916575178e+00
-7.293643534484743007e+00
-7.286955755197381812e+00
-7.280245378534305090e+00
-7.273517444005232591e+00
-7.266766867114520245e+00
-7.259998707073576973e+00
-7.253207861317295446e+00
-7.246399408885273452e+00
-7.239568229047837811e+00
-7.232719420799831767e+00
-7.225847845150180859e+00
-7.218958621176737367e+00
-7.212046591528742390e+00
-7.205116895495419449e+00
-7.198164357266525037e+00
-7.191194136471720455e+00
-7.184201038739665535e+00
-7.177190244170187583e+00
-7.170156539727845058e+00
-7.163105126112841781e+00
-7.156030771521003864e+00
-7.148938697383827368e+00
-7.141823653021860174e+00
-7.134690880729642082e+00
-7.127535110844386068e+00
-7.120361606655752240e+00
-7.113165079407764324e+00
-7.105950813518217224e+00
-7.098713501026299610e+00
-7.091458447611444171e+00
-7.084180325994652527e+00
-7.076884463251125190e+00
-7.069565512668561702e+00
-7.062228822852763876e+00
-7.054869027541129434e+00
-7.047491497005530903e+00
-7.040090845314179724e+00
-7.032672464541249724e+00
-7.025230948964995115e+00
-7.017771712598857903e+00
-7.010289329808383485e+00
-7.002789236683786278e+00
-6.995265987553433540e+00
-6.987725040722597925e+00
-6.980160930355841842e+00
-6.972579137112561831e+00
-6.964974174864988932e+00
-6.957351546766350481e+00
-6.949705746266024775e+00
-6.942042299151620632e+00
-6.934355678317020377e+00
-6.926651432325535929e+00
-6.918924013380991056e+00
-6.911178992964342349e+00
-6.903410802452738082e+00
-6.895625036387647455e+00
-6.887816105180728954e+00
-6.879989626577698303e+00
-6.872139989883751632e+00
-6.864272836193451965e+00
-6.856382533562475956e+00
-6.848474746579618966e+00
-6.840543821905860078e+00
-6.832595447770470010e+00
-6.824623949292441871e+00
-6.816635038488643161e+00
-6.808623018786536640e+00
-6.800593626138667247e+00
-6.792541142129211451e+00
-6.784471326795501689e+00
-6.776378439724438429e+00
-6.768268265188047472e+00
-6.760135040619831948e+00
-6.751984574677580397e+00
-6.743811082482700670e+00
-6.735620397230959178e+00
-6.727406711570932174e+00
-6.719175883389353565e+00
-6.710922082698880686e+00
-6.702651192231502186e+00
-6.694357359198531476e+00
-6.686046491332537478e+00
-6.677712712875640833e+00
-6.669361956717549944e+00
-6.660988323961175794e+00
-6.652597772810941557e+00
-6.644184381057957722e+00
-6.635754132380425219e+00
-6.627301081082769052e+00
-6.618831236476971469e+00
-6.610338629203531546e+00
-6.601829294369773393e+00
-6.593297238772395374e+00
-6.584748523476874560e+00
-6.576177131253961861e+00
-6.567589149291413797e+00
-6.558978536149397520e+00
-6.550351405303487695e+00
-6.541701690916076117e+00
-6.533035532917661925e+00
-6.524346840883178622e+00
-6.515641781366454666e+00
-6.506914239162867375e+00
-6.498170407619759281e+00
-6.489404146557991027e+00
-6.480621676290019728e+00
-6.471816831465134534e+00
-6.462995859533991805e+00
-6.454152569774393555e+00
-6.445293236950170090e+00
-6.436411644765202666e+00
-6.427514095473074285e+00
-6.418594346998552247e+00
-6.409658729263387755e+00
-6.400700974205610905e+00
-6.391727439595207727e+00
-6.382731831173060755e+00
-6.373720534739419463e+00
-6.364687229625066500e+00
-6.355638329844252254e+00
-6.346567488101898746e+00
-6.337481146812228516e+00
-6.328372931835862580e+00
-6.319249314174658849e+00
-6.310103892623692978e+00
-6.300943166962563069e+00
-6.291760708696697790e+00
-6.282563046575353916e+00
-6.273343724587665093e+00
-6.264109300646608425e+00
-6.254853290995395554e+00
-6.245582282907141014e+00
-6.236289764646707923e+00
-6.226982353045861451e+00
-6.217653508155969178e+00
-6.208309876568328001e+00
-6.198944889882446851e+00
-6.189565224652681330e+00
-6.180164283785584800e+00
-6.170748774004126247e+00
-6.161312069277935954e+00
-6.151860906706838605e+00
-6.142388631076534544e+00
-6.132902010074439580e+00
-6.123394359052295677e+00
-6.113872476498474207e+00
-6.104329648077750470e+00
-6.094772703295513239e+00
-6.085194897873342335e+00
-6.075603092552415596e+00
-6.065990512852001082e+00
-6.056364050970644008e+00
-6.046716901962846613e+00
-6.037055989708953518e+00
-6.027374478533193525e+00
-6.017679324225063908e+00
-6.007963660109803428e+00
-5.998234474116355130e+00
-5.988484868299033259e+00
-5.978721862959586630e+00
-5.968938528606087424e+00
-5.959141918149677863e+00
-5.949325070273671301e+00
-5.939495070738152194e+00
-5.929644926119709503e+00
-5.919781755270434154e+00
-5.909898532374830538e+00
-5.900002409623212429e+00
-5.890086328519193337e+00
-5.880157474841083420e+00
-5.870208757119207199e+00
-5.860247394972996737e+00
-5.850266263663749911e+00
-5.840272616908591452e+00
-5.830259296400403635e+00
-5.820233590214402675e+00
-5.810188306171839123e+00
-5.800130766969981977e+00
-5.790053746251820677e+00
-5.779964601604418384e+00
-5.769856072181868356e+00
-5.759735550732694165e+00
-5.749595741607834043e+00
-5.739444072992722745e+00
-5.729273214116962443e+00
-5.719090628882447014e+00
-5.708888951075329565e+00
-5.698675680597643733e+00
-5.688443415465884279e+00
-5.678199691870045918e+00
-5.667937071727022769e+00
-5.657663127806510595e+00
-5.647370385591665709e+00
-5.637066454728437037e+00
-5.626743823927574439e+00
-5.616410140012161101e+00
-5.606057854577976229e+00
-5.595694651930406494e+00
-5.585312946203393025e+00
-5.574920459494476788e+00
-5.564509568124319294e+00
-5.554088032297322286e+00
-5.543648190165061607e+00
-5.533197840358062614e+00
-5.522729282498501924e+00
-5.512250353967308669e+00
-5.501753315492220686e+00
-5.491246043533827503e+00
-5.480720759555758548e+00
-5.470185379432440875e+00
-5.459632084989028300e+00
-5.449068831853260519e+00
-5.438487761832386802e+00
-5.427896870652164196e+00
-5.417288259717746080e+00
-5.406669965202926420e+00
-5.396034047721384397e+00
-5.385388584250493160e+00
-5.374725594218023872e+00
-5.364053195766043558e+00
-5.353363366736629381e+00
-5.342664266803402562e+00
-5.331947831817653416e+00
-5.321222263357189064e+00
-5.310479454871935623e+00
-5.299727650222448183e+00
-5.288958700041186844e+00
-5.278180890855964869e+00
-5.267386030060166036e+00
-5.256582447239491529e+00
-5.245761906120587348e+00
-5.234932779744220888e+00
-5.224086787736828441e+00
-5.213232346997521915e+00
-5.202361132613179784e+00
-5.191481605751063988e+00
-5.180585396512973340e+00
-5.169681010750963424e+00
-5.158760033129724754e+00
-5.147831014609468347e+00
-5.136885493959724158e+00
-5.125932067678890647e+00
-5.114962228176599623e+00
-5.103984617926881739e+00
-5.092990682507925193e+00
-5.081989110813855959e+00
-5.070971301113310403e+00
-5.059945989172324410e+00
-5.048904525464742221e+00
-5.037855693087810671e+00
-5.026790794228451098e+00
-5.015718659781931876e+00
-5.004630543148815391e+00
-4.993535323497163780e+00
-4.982424204934172707e+00
-4.971306115383455015e+00
-4.960172209144428912e+00
-4.949031463387002283e+00
-4.937874982080558972e+00
-4.926711792140419099e+00
-4.915532946675932990e+00
-4.904347522855247554e+00
-4.893146522389538511e+00
-4.881939073215983527e+00
-4.870716125101067995e+00
-4.859486857276027472e+00
-4.848242167007864367e+00
-4.836991285355678016e+00
-4.825725056523510581e+00
-4.814452763941522662e+00
-4.803165198178487749e+00
-4.791871695588057811e+00
-4.780562992522432886e+00
-4.769248478820822257e+00
-4.757918836028270704e+00
-4.746583508041372745e+00
-4.735233120998027623e+00
-4.723877173434066989e+00
-4.712506235470478089e+00
-4.701129860874383226e+00
-4.689738563130394056e+00
-4.678341951839239954e+00
-4.666930483219444703e+00
-4.655513823318623956e+00
-4.644082370449045705e+00
-4.632645847729112809e+00
-4.621194594914324050e+00
-4.609738392828946374e+00
-4.598267522010159425e+00
-4.586791821634696120e+00
-4.575301512348644017e+00
-4.563806492339332443e+00
-4.552296921677802644e+00
-4.540782758232040806e+00
-4.529254100802329930e+00
-4.517720967619381689e+00
-4.506173395505157941e+00
-4.494621463747884960e+00
-4.483055146471166985e+00
-4.471484584728086631e+00
-4.459899689211545670e+00
-4.448310663459905001e+00
-4.436707353990072988e+00
-4.425100027559421001e+00
-4.413478465750345414e+00
-4.401852999286722579e+00
-4.390213344044490817e+00
-4.378569895475282081e+00
-4.366912302962904668e+00
-4.355251027462352376e+00
-4.343575651065245680e+00
-4.331896701020380824e+00
-4.320203691312603844e+00
-4.308507216289815922e+00
-4.296796721000712971e+00
-4.285082867712820764e+00
-4.273355031693920836e+00
-4.261623943967772554e+00
-4.249878909160714535e+00
-4.238130727905132566e+00
-4.226368633309460776e+00
-4.214603496483852574e+00
-4.202824478125649854e+00
-4.191042520708720076e+00
-4.179246711609343023e+00
-4.167448065568563287e+00
-4.155635595714037400e+00
-4.143820389975068963e+00
-4.131991386285486456e+00
-4.120159746702338310e+00
-4.108314333001843011e+00
-4.096466382326996225e+00
-4.084604679313858178e+00
-4.072740537168805908e+00
-4.060862662385863686e+00
-4.048982445231922078e+00
-4.037088513037168092e+00
-4.025192334146329820e+00
-4.013282455683683914e+00
-4.001370425109899820e+00
-3.989444708280089902e+00
-3.977516932830371665e+00
-3.965575482262038598e+00
-3.953632065467948209e+00
-3.941674982488613033e+00
-3.929716024577667888e+00
-3.917743407185064086e+00
-3.905769005052125209e+00
-3.893780947885156163e+00
-3.881791195063963862e+00
-3.869787789373903664e+00
-3.857782776008443548e+00
-3.845764109629975724e+00
-3.833743922445798535e+00
-3.821710079767846491e+00
-3.809674802043295561e+00
-3.797625863979839256e+00
-3.785575575517067914e+00
-3.773511619477632806e+00
-3.761446396573429052e+00
-3.749367496433452462e+00
-3.737287411849832264e+00
-3.725193637920638068e+00
-3.713098760855041647e+00
-3.700990179853574702e+00
-3.688880575908972670e+00
-3.676757250927059406e+00
-3.664632982081323043e+00
-3.652494972554592767e+00
-3.640356097129729740e+00
-3.628203458805933757e+00
-3.616050031436667478e+00
-3.603882816343711770e+00
-3.591714887945558488e+00
-3.579533144358621577e+00
-3.567350762095502947e+00
-3.555154534503811359e+00
-3.542957741754816592e+00
-3.530747070827522371e+00
-3.518535907153065079e+00
-3.506310829704579746e+00
-3.494085330811919743e+00
-3.481845879766163332e+00
-3.469606077473856853e+00
-3.457352281827986484e+00
-3.445098204029730216e+00
-3.432830088816548830e+00
-3.420561759443881300e+00
-3.408279345693559392e+00
-3.395996784677564939e+00
-3.383700089378217868e+00
-3.371403312610388614e+00
-3.359092348667254591e+00
-3.346781367958917119e+00
-3.334456144152751822e+00
-3.322130967193324125e+00
-3.309791488137206805e+00
-3.297452118451415615e+00
-3.285098384546166983e+00
-3.272744821449457220e+00
-3.260376828837860064e+00
-3.248009067390734472e+00
-3.235626807909924185e+00
-3.223244838870465756e+00
-3.210848300002862921e+00
-3.198452109777827346e+00
-3.186041274600251327e+00
-3.173630845194226779e+00
-3.161205692325256056e+00
-3.148781001288164738e+00
-3.136341504833488614e+00
-3.123902525205999758e+00
-3.111448654701841843e+00
-3.098995354958831161e+00
-3.086527075313106661e+00
-3.074059419305014806e+00
-3.061576690736256712e+00
-3.049094637628026572e+00
-3.036597415601968830e+00
-3.024100919809690868e+00
-3.011589154973338456e+00
-2.999078166098260834e+00
-2.986551804211198036e+00
-2.974026266971293353e+00
-2.961485248834204942e+00
-2.948945102992679423e+00
-2.936389364373067856e+00
-2.923834544664056789e+00
-2.911264016218682471e+00
-2.898694452269731769e+00
-2.886109059463841664e+00
-2.873524675715201759e+00
-2.860924338738300321e+00
-2.848325054358799235e+00
-2.835709688036707643e+00
-2.823095416835676552e+00
-2.810464930538994377e+00
-2.797835580874779904e+00
-2.785189878422859255e+00
-2.772545353106884658e+00
-2.759884332667980722e+00
-2.747224528864833371e+00
-2.734548082851556039e+00
-2.721872891974388420e+00
-2.709180906934284039e+00
-2.696490214535577135e+00
-2.683782571036954945e+00
-2.671076256694089324e+00
-2.658352829206391821e+00
-2.645630766402125467e+00
-2.632891423170759637e+00
-2.620153479168020105e+00
-2.607398082083296931e+00
-2.594644117794006721e+00
-2.581872522253821245e+00
-2.569102392101747068e+00
-2.556314446867624213e+00
-2.543527998644169674e+00
-2.530723545690574561e+00
-2.517920620404079823e+00
-2.505099494760062662e+00
-2.492279926477360519e+00
-2.479441956060498775e+00
-2.466605571741038894e+00
-2.453750577183176684e+00
-2.440897196504398625e+00
-2.428024990968677077e+00
-2.415154426143017119e+00
-2.402264815131320841e+00
-2.389376870713821877e+00
-2.376469651864837829e+00
-2.363564124550704193e+00
-2.350639087426992457e+00
-2.337715765839051052e+00
-2.324772691703504979e+00
-2.311831356168150275e+00
-2.298870017748231298e+00
-2.285910440059834237e+00
-2.272930601299625764e+00
-2.259952544472239033e+00
-2.246953960270743789e+00
-2.233957178276520406e+00
-2.220939594211996049e+00
-2.207923831705216333e+00
-2.194886983744208653e+00
-2.181851975770290331e+00
-2.168795589960477610e+00
-2.155741061648589696e+00
-2.142664853794307156e+00
-2.129590520032912604e+00
-2.116494195352191188e+00
-2.103399760445735289e+00
-2.090283013207734353e+00
-2.077168170513866929e+00
-2.064030683654769938e+00
-2.050895115200331631e+00
-2.037736559916826451e+00
-2.024579935990960422e+00
-2.011399971309303147e+00
-1.998221950032519123e+00
-1.985020222351456809e+00
-1.971820449218010918e+00
-1.958596591823767330e+00
-1.945374699216682490e+00
-1.932128331767255514e+00
-1.918883938442549342e+00
-1.905614666420095471e+00
-1.892347376958523952e+00
-1.879054791086282039e+00
-1.865764195310189999e+00
-1.852447870931309470e+00
-1.839133543283490546e+00
-1.825793039699383113e+00
-1.812454538580846375e+00
-1.799089398344867696e+00
-1.785726265408230207e+00
-1.772336013571421898e+00
-1.758947772966567014e+00
-1.745531916271297446e+00
-1.732118073838578409e+00
-1.718676099855467099e+00
-1.705236142262344323e+00
-1.691767518465735254e+00
-1.678300912281810886e+00
-1.664805085057871947e+00
-1.651311275762804787e+00
-1.637787669344491936e+00
-1.624266080262493306e+00
-1.610714095584441230e+00
-1.597164126738794598e+00
-1.583583140204474660e+00
-1.570004167084043001e+00
-1.556393529236560491e+00
-1.542784901466655256e+00
-1.529143935554219569e+00
-1.515504975461195558e+00
-1.501832975885991406e+00
-1.488162976945755167e+00
-1.474459207584875031e+00
-1.460757432743255313e+00
-1.447021125127603725e+00
-1.433286804978712414e+00
-1.419517156315275530e+00
-1.405749487123283181e+00
-1.391945658143163067e+00
-1.378143799689727667e+00
-1.364304912302849671e+00
-1.350467985540908078e+00
-1.336593120274736091e+00
-1.322720204766787200e+00
-1.308808397964017711e+00
-1.294898529079016702e+00
-1.280948769825388744e+00
-1.267000935665668626e+00
-1.253012162414459896e+00
-1.239025300439336563e+00
-1.224996397293995898e+00
-1.210969390601708273e+00
-1.196899183213088858e+00
-1.182830856436815958e+00
-1.168718107462887401e+00
-1.154607222229549368e+00
-1.140450626298318948e+00
-1.126295876190216427e+00
-1.112094054295841739e+00
-1.097894059245662080e+00
-1.083645552495649200e+00
-1.069398852532269739e+00
-1.055102115149384234e+00
-1.040807163398313362e+00
-1.026460554862358210e+00
-1.012115709685945442e+00
-9.977174858793449452e-01
-9.833210020205997992e-01
-9.688693052145835871e-01
-9.544193237815377096e-01
-9.399121712666808071e-01
-9.254067083607895317e-01
-9.108419794845896700e-01
-8.962789132360924338e-01
-8.816543345578008450e-01
-8.670313902779471782e-01
-8.523445184864293367e-01
-8.376592515825720398e-01
-8.229074537385168142e-01
-8.081572299531605275e-01
-7.933376605102694379e-01
-7.785196329388149872e-01
-7.636292068594392468e-01
-7.487402890618550799e-01
-7.337756501595404934e-01
-7.188124844984096207e-01
-7.037699678983494467e-01
-6.887288879944372111e-01
-6.736044752781948919e-01
-6.584814611491741632e-01
-6.432707263087800165e-01
-6.280613503169663048e-01
-6.127593940361898417e-01
-5.974587551620919035e-01
-5.820601240914348162e-01
-5.666627671996073978e-01
-5.511613536792678847e-01
-5.356611692310982997e-01
-5.200500851585667661e-01
-5.044401830671152442e-01
-4.887115989959764928e-01
-4.729841477100029667e-01
-4.571290843077878696e-01
-4.412751022512714227e-01
-4.252831550650826298e-01
-4.092922353805856228e-01
-3.931512039222172517e-01
-3.770111435278238887e-01
-3.607065191255849901e-01
-3.444028065312052522e-01
-3.279170446308378728e-01
-3.114321321924637398e-01
-2.947435823327841931e-01
-2.780558161660188210e-01
-2.611370814449229805e-01
-2.442190608052895451e-01
-2.270343480327263186e-01
-2.098502753455721848e-01
-1.923508184123068898e-01
-1.748519224552671225e-01
-1.569673382015016050e-01
-1.390832296722618600e-01
-1.207029958658167729e-01
-1.023231448222054890e-01
-8.324844526021653313e-02
-6.417402510341474464e-02
-4.394118828663053783e-02
-2.370851135975340571e-02
2.998975916382310332e-16
