2.150597527667243078e-16
-2.388645631429342941e+00
-4.659114051116604927e+00
-6.713182051316614718e+00
-8.485558815225664020e+00
-9.946926882904621792e+00
-1.109879527139773536e+01
-1.196428595396108641e+01
-1.257863519004921393e+01
-1.298156790071123723e+01
-1.321216840944369686e+01
-1.330597157470508485e+01
-1.329367443137081217e+01
-1.320087659314078365e+01
-1.304839216509524924e+01
-1.285282681265455373e+01
-1.262723446609360067e+01
-1.238175337825077094e+01
-1.212417376378576250e+01
-1.186042109783777576e+01
-1.159495481694479047e+01
-1.133109095853209958e+01
-1.107125916142885558e+01
-1.081720580543816368e+01
-1.057015299875101100e+01
-1.033092287933606457e+01
-1.010003396748664883e+01
-9.877776221645291344e+00
-9.664268924042293207e+00
-9.459505945585492626e+00
-9.263390641448358664e+00
-9.075763355023852341e+00
-8.896422164773618135e+00
-8.725138481079145691e+00
-8.561667074420752144e+00
-8.405751939360712299e+00
-8.257128009304569360e+00
-8.115521028554837812e+00
-7.980646165073541631e+00
-7.852207714635959235e+00
-7.729899726910328894e+00
-7.613408851846172887e+00
-7.502418053227032146e+00
-7.396611710196638434e+00
-7.295680293803652461e+00
-7.199325191356717113e+00
-7.107262076643541704e+00
-7.019223842482861464e+00
-6.934961822573503021e+00
-6.854246683260948991e+00
-6.776867858377797482e+00
-6.702633064633963578e+00
-6.631366735069443408e+00
-6.562908931299705095e+00
-6.497113454121312692e+00
-6.433846697568373685e+00
-6.372985840449050698e+00
-6.314417916626021920e+00
-6.258038254063114536e+00
-6.203749844561901483e+00
-6.151462053447544598e+00
-6.101090271673335508e+00
-6.052554854587628874e+00
-6.005781002106900246e+00
-5.960697867718768528e+00
-5.917238608712700909e+00
-5.875339611460199229e+00
-5.834940663486777979e+00
-5.795984253182181689e+00
-5.758415828206580933e+00
-5.722183140024497128e+00
-5.687236564313133513e+00
-5.653528470541054674e+00
-5.621013588458459331e+00
-5.589648389990698796e+00
-5.559391491694976040e+00
-5.530203040956777727e+00
-5.502045148087851167e+00
-5.474881271826350648e+00
-5.448676677129607349e+00
-5.423397816842713937e+00
-5.399012812689147900e+00
-5.375490831096793265e+00
-5.352802585758126064e+00
-5.330919706270252689e+00
-5.309815261149450016e+00
-5.289463118336153791e+00
-5.269838487852141817e+00
-5.250917273455375067e+00
-5.232676634310275965e+00
-5.215094327219683912e+00
-5.198149286791458046e+00
-5.181820957765976843e+00
-5.166089893236738284e+00
-5.150937076653306690e+00
-5.136344537707199898e+00
-5.122294663637010359e+00
-5.108770832430797881e+00
-5.095756713097480350e+00
-5.083236915872498152e+00
-5.071196281150457175e+00
-5.059620546410563691e+00
-5.048495623534699384e+00
-5.037808282196389875e+00
-5.027545415313570132e+00
-5.017694738669844057e+00
-5.008244044275566687e+00
-4.999181916012303439e+00
-4.990496970697646972e+00
-4.982178589565374516e+00
-4.974216146848699616e+00
-4.966599756927741360e+00
-4.959319490264702424e+00
-4.952366136067515079e+00
-4.945730405426933984e+00
-4.939403709361024575e+00
-4.933377349019006708e+00
-4.927643308986196402e+00
-4.922193434432624137e+00
-4.917020239570812024e+00
-4.912116071639725412e+00
-4.907473934419142481e+00
-4.903086638950528098e+00
-4.898947642022211113e+00
-4.895050183538514510e+00
-4.891388139899612852e+00
-4.887955147938553679e+00
-4.884745473128055515e+00
-4.881753120013345715e+00
-4.878972715185379450e+00
-4.876398604144236870e+00
-4.874025748985051365e+00
-4.871848811633023857e+00
-4.869863066194352719e+00
-4.868063468509248537e+00
-4.866445583125660335e+00
-4.865004639121447205e+00
-4.863736471663711924e+00
-4.862636564055832444e+00
-4.861701003848779123e+00
-4.860925511073107330e+00
-4.860306408872913764e+00
-4.859839637885340125e+00
-4.859521741371787940e+00
-4.859348865711143439e+00
-4.859317760004953080e+00
-4.859424762653719476e+00
-4.859666815415810248e+00
-4.860040436038372214e+00
-4.860542746752225973e+00
-4.861170432931010588e+00
-4.861920786006750816e+00
-4.862790648132915727e+00
-4.863777469507041928e+00
-4.864878239015284045e+00
-4.866090555950441043e+00
-4.867411546616739138e+00
-4.868838950433526769e+00
-4.870370022480686067e+00
-4.872002633979114705e+00
-4.873734160758570688e+00
-4.875562598107936019e+00
-4.877485435148127380e+00
-4.879500784045740502e+00
-4.881606240275202069e+00
-4.883800026190955101e+00
-4.886079837163095796e+00
-4.888443999504338500e+00
-4.890890302464720563e+00
-4.893417170510085512e+00
-4.896022481162161988e+00
-4.898704751626437925e+00
-4.901461942464162114e+00
-4.904292658568241592e+00
-4.907194938654650507e+00
-4.910167470585470539e+00
-4.913208366667705107e+00
-4.916316393323072909e+00
-4.919489732182843689e+00
-4.922727224104695765e+00
-4.926027116052191346e+00
-4.929388319459946821e+00
-4.932809142886722675e+00
-4.936288564730112682e+00
-4.939824951643052131e+00
-4.943417345599927515e+00
-4.947064168065898215e+00
-4.950764521416817665e+00
-4.954516878851636719e+00
-4.958320400168751974e+00
-4.962173607411468623e+00
-4.966075715003793078e+00
-4.970025291119786637e+00
-4.974021602181983859e+00
-4.978063259945095353e+00
-4.982149580360735186e+00
-4.986279216366451550e+00
-4.990451531120672968e+00
-4.994665216487790715e+00
-4.998919680647751385e+00
-5.003213652268187595e+00
-5.007546582493024978e+00
-5.011917234792886866e+00
-5.016325101337314685e+00
-5.020768978515004477e+00
-5.025248397694343616e+00
-5.029762186404481028e+00
-5.034309913489884103e+00
-5.038890435943405244e+00
-5.043503358460043273e+00
-5.048147565913547297e+00
-5.052822697314922173e+00
-5.057527663924159533e+00
-5.062262137619046420e+00
-5.067025054633375269e+00
-5.071816118342233004e+00
-5.076634288618262936e+00
-5.081479299039112441e+00
-5.086350131853469847e+00
-5.091246549617086004e+00
-5.096167555759881118e+00
-5.101112940656904904e+00
-5.106081727788214231e+00
-5.111073734251163181e+00
-5.116088002504606713e+00
-5.121124375329348055e+00
-5.126181913147855873e+00
-5.131260483439818110e+00
-5.136359163629135693e+00
-5.141477844961104715e+00
-5.146615620948415071e+00
-5.151772405716942949e+00
-5.156947308002279406e+00
-5.162140263971307874e+00
-5.167350396760411080e+00
-5.172577663780591806e+00
-5.177821201788582073e+00
-5.183080988682777779e+00
-5.188356174098780471e+00
-5.193646755703527518e+00
-5.198951895306791471e+00
-5.204271609661138775e+00
-5.209605072080453425e+00
-5.214952317753603239e+00
-5.220312530861336064e+00
-5.225685764411369227e+00
-5.231071212844908835e+00
-5.236468946401135582e+00
-5.241878169204564841e+00
-5.247298968166856703e+00
-5.252730556546059582e+00
-5.258173037394255900e+00
-5.263625632579466362e+00
-5.269088460787274997e+00
-5.274560751996799191e+00
-5.280042640044375624e+00
-5.285533362544502900e+00
-5.291033068024195707e+00
-5.296541001279693184e+00
-5.302057325090093087e+00
-5.307581291000702528e+00
-5.313113075624404935e+00
-5.318651936842579531e+00
-5.324198064703015376e+00
-5.329750723028909398e+00
-5.335310114922225289e+00
-5.340875509771497498e+00
-5.346447123369467924e+00
-5.352024230310432173e+00
-5.357607058730999405e+00
-5.363194888087418732e+00
-5.368787958528877802e+00
-5.374385554045124636e+00
-5.379987926481292426e+00
-5.385594364046398574e+00
-5.391205129979119270e+00
-5.396819516407314055e+00
-5.402437797673938391e+00
-5.408059269538104452e+00
-5.413684217170728452e+00
-5.419311939686870083e+00
-5.424942732820931646e+00
-5.430575898780563904e+00
-5.436211743610626534e+00
-5.441849572358937515e+00
-5.447489701138858997e+00
-5.453131437596564268e+00
-5.458775107682192207e+00
-5.464420021408598060e+00
-5.470066514340897967e+00
-5.475713898636573873e+00
-5.481362519263212718e+00
-5.487011690310006351e+00
-5.492661765943620544e+00
-5.498312061980554333e+00
-5.503962941591615810e+00
-5.509613722124737656e+00
-5.515264775567997546e+00
-5.520915420612673152e+00
-5.526566037885122462e+00
-5.532215947239309983e+00
-5.537865537768193569e+00
-5.543514130315112531e+00
-5.549162122274996278e+00
-5.554808835313959747e+00
-5.560454674971048838e+00
-5.566098963575215386e+00
-5.571742114658009726e+00
-5.577383451057407626e+00
-5.583023394152262675e+00
-5.588661267141728395e+00
-5.594297499112403926e+00
-5.599931413482438280e+00
-5.605563446912311676e+00
-5.611192922902508151e+00
-5.616820285558763892e+00
-5.622444858332304563e+00
-5.628067092650744563e+00
-5.633686311789398715e+00
-5.639302974379250877e+00
-5.644916403397885141e+00
-5.650527064565618929e+00
-5.656134280445007434e+00
-5.661738523736319806e+00
-5.667339116474074956e+00
-5.672936538233345871e+00
-5.678530110411728948e+00
-5.684120319358009432e+00
-5.689706485727954899e+00
-5.695289102546928994e+00
-5.700867489627801987e+00
-5.706442146579085772e+00
-5.712012392273201122e+00
-5.717578732812134135e+00
-5.723140486033778451e+00
-5.728698164447153296e+00
-5.734251084765076278e+00
-5.739799765820502664e+00
-5.745343523113618289e+00
-5.750882881721483209e+00
-5.756417155847193712e+00
-5.761946876734984180e+00
-5.767471357209451810e+00
-5.772991134608024488e+00
-5.778505520297992248e+00
-5.784015057638911550e+00
-5.789519056464762059e+00
-5.795018066088661435e+00
-5.800511394737864812e+00
-5.805999597613143770e+00
-5.811481981264083885e+00
-5.816959106715611227e+00
-5.822430278771034473e+00
-5.827896064218409222e+00
-5.833355766048455848e+00
-5.838809956753524766e+00
-5.844257937447641105e+00
-5.849700286270794081e+00
-5.855136302398192605e+00
-5.860566569563084194e+00
-5.865990384941926372e+00
-5.871408337808506239e+00
-5.876819723282491914e+00
-5.882225136127721576e+00
-5.887623869350797179e+00
-5.893016523156972220e+00
-5.898402388385334483e+00
-5.903782070635557488e+00
-5.909154858526482812e+00
-5.914521363007145816e+00
-5.919880870425051178e+00
-5.925233997034981215e+00
-5.930580026863669474e+00
-5.935919581429692116e+00
-5.941251942391061469e+00
-5.946577736489825128e+00
-5.951896242968660822e+00
-5.957208093754216449e+00
-5.962512565628851569e+00
-5.967810295666177822e+00
-5.973100558144463612e+00
-5.978383995248383265e+00
-5.983659878709620017e+00
-5.988928855788961059e+00
-5.994190195630450191e+00
-5.999444550537491594e+00
-6.004691187026449661e+00
-6.009930762411152649e+00
-6.015162540541402869e+00
-6.020387183710281143e+00
-6.025603953063427554e+00
-6.030813515843318484e+00
-6.036015130454642552e+00
-6.041209469060408566e+00
-6.046395787288902923e+00
-6.051574762195762069e+00
-6.056745646598294286e+00
-6.061909122418079221e+00
-6.067064439627742445e+00
-6.072212284989039865e+00
-6.077351905597208059e+00
-6.082483993029357272e+00
-6.087607791471533858e+00
-6.092723997292281091e+00
-6.097831851737518960e+00
-6.102932055944165768e+00
-6.108023848187923655e+00
-6.113107934352036033e+00
-6.118183549712479241e+00
-6.123251404877463777e+00
-6.128310732094900182e+00
-6.133362246677354968e+00
-6.138405177816745883e+00
-6.143440245510367603e+00
-6.148466675866932185e+00
-6.153485193549490972e+00
-6.158495021557251370e+00
-6.163496889200660966e+00
-6.168490016343624482e+00
-6.173475136926423801e+00
-6.178451467652561035e+00
-6.183419747075306283e+00
-6.188379188713185819e+00
-6.193330535716199847e+00
-6.198272998394058320e+00
-6.203207324477867601e+00
-6.208132721045174662e+00
-6.213049940393204906e+00
-6.217958186344526794e+00
-6.222858215748102495e+00
-6.227749229149257104e+00
-6.232631987934947659e+00
-6.237505689351483973e+00
-6.242371099310440208e+00
-6.247227411737985570e+00
-6.252075397057603290e+00
-6.256914245854508394e+00
-6.261744733051854084e+00
-6.266566045873645407e+00
-6.271378963731043754e+00
-6.276182670466933011e+00
-6.280977949969248186e+00
-6.285763982680445672e+00
-6.290541556954431179e+00
-6.295309849814120895e+00
-6.300069654069274883e+00
-6.304820143304694646e+00
-6.309562114775999042e+00
-6.314294738611724966e+00
-6.319018816503997549e+00
-6.323733515107229586e+00
-6.328439640541054345e+00
-6.333136355968263409e+00
-6.337824471927443248e+00
-6.342503148072694330e+00
-6.347173199353343342e+00
-6.351833781897925135e+00
-6.356485715058759034e+00
-6.361128151422415833e+00
-6.365761914736711269e+00
-6.370386154030117432e+00
-6.375001697438937853e+00
-6.379607690417569366e+00
-6.384204965484110872e+00
-6.388792664503487373e+00
-6.393371624369116546e+00
-6.397940983341102061e+00
-6.402501582682206482e+00
-6.407052557032722362e+00
-6.411594752019023069e+00
-6.416127298646856048e+00
-6.420651046900823111e+00
-6.425165124137584449e+00
-6.429670384694833096e+00
-6.434165952266037714e+00
-6.438652685537100240e+00
-6.443129704524206858e+00
-6.447597872257086138e+00
-6.452056305060836827e+00
-6.456505870304697581e+00
-6.460945680609205155e+00
-6.465376607679072407e+00
-6.469797760416963861e+00
-6.474210014859375306e+00
-6.478612476177958435e+00
-6.483006024737516526e+00
-6.487389761965755675e+00
-6.491764572552639834e+00
-6.496129554169156606e+00
-6.500485595827381502e+00
-6.504831791429136700e+00
-6.509169034305891444e+00
-6.513496414577837790e+00
-6.517814829893445072e+00
-6.522123366579011261e+00
-6.526422926597725827e+00
-6.530712592470009348e+00
-6.534993270471690430e+00
-6.539264039305413334e+00
-6.543525809557857897e+00
-6.547777656102169885e+00
-6.552020493834195491e+00
-6.556253393786067640e+00
-6.560477275161328947e+00
-6.564691205139713048e+00
-6.568896107231270598e+00
-6.573091044751936174e+00
-6.577276945517268381e+00
-6.581452868968281855e+00
-6.585619747225240239e+00
-6.589776635843166197e+00
-6.593924471246281449e+00
-6.598062305092845747e+00
-6.602191078110547728e+00
-6.606309838050002270e+00
-6.610419529942186401e+00
-6.614519197619328494e+00
-6.618609790415472816e+00
-6.622690348234100632e+00
-6.626761824712303017e+00
-6.630823255814242145e+00
-6.634875599480343666e+00
-6.638917887725107825e+00
-6.642951082792688311e+00
-6.646974212737621457e+00
-6.650988244108265057e+00
-6.654992200989141793e+00
-6.658987054233415748e+00
-6.662971823945519567e+00
-6.666947485284319797e+00
-6.670913054364095096e+00
-6.674869510650407456e+00
-6.678815866257600042e+00
-6.682753104958920609e+00
-6.686680234858894067e+00
-6.690598244039858145e+00
-6.694506136586831246e+00
-6.698404904892482747e+00
-6.702293549012622975e+00
-6.706173065651915621e+00
-6.710042450827390148e+00
-6.713902705557295292e+00
-6.717752821810348607e+00
-6.721593804920165560e+00
-6.725424642797729113e+00
-6.729246345093900850e+00
-6.733057895652645009e+00
-6.736860308444056145e+00
-6.740652563235593142e+00
-6.744435678318914995e+00
-6.748208629375697321e+00
-6.751972439021384886e+00
-6.755726078842686277e+00
-6.759470575781165280e+00
-6.763204897319496034e+00
-6.766930074727797617e+00
-6.770645071375589907e+00
-6.774350922864238456e+00
-6.778046588440982845e+00
-6.781733108041240854e+00
-6.785409436780853731e+00
-6.789076618932136320e+00
-6.792733605470641756e+00
-6.796381445008466748e+00
-6.800019084371965228e+00
-6.803647576516076434e+00
-6.807265864109067088e+00
-6.810875004451789394e+00
-6.814473936045612135e+00
-6.818063720540648021e+00
-6.821643292262429270e+00
-6.825213717213684639e+00
-6.828773925535382538e+00
-6.832324987586354759e+00
-6.835865829314154318e+00
-6.839397525437207470e+00
-6.842918997701093353e+00
-6.846431325187445793e+00
-6.849933425431039780e+00
-6.853426381880526108e+00
-6.856909107851274499e+00
-6.860382691162718594e+00
-6.863846040902106260e+00
-6.867300249263659673e+00
-6.870744221097888627e+00
-6.874179052977750892e+00
-6.877603645508419739e+00
-6.881019099645754977e+00
-6.884424311740918512e+00
-6.887820387136846634e+00
-6.891206217922213106e+00
-6.894582913831260207e+00
-6.897949362681599084e+00
-6.901306678603147837e+00
-6.904653745133846776e+00
-6.907991680803800882e+00
-6.911319364862803738e+00
-6.914637920245590763e+00
-6.917946221905229898e+00
-6.921245397185789017e+00
-6.924534316735111439e+00
-6.927814112311166284e+00
-6.931083650248220707e+00
-6.934344066722871958e+00
-6.937594223747147737e+00
-6.940835261921362687e+00
-6.944066038926766993e+00
-6.947287699792051185e+00
-6.950499097859450970e+00
-6.953701382591155777e+00
-6.956893402981668473e+00
-6.960076312931711584e+00
-6.963248957079763102e+00
-6.966412493770180347e+00
-6.969565763276803771e+00
-6.972709928393041601e+00
-6.975843825019607536e+00
-6.978968620404023326e+00
-6.982083146065555468e+00
-6.985188573711337945e+00
-6.988283730470549848e+00
-6.991369792515374826e+00
-6.994445582576462428e+00
-6.997512281296538461e+00
-7.000568706999331425e+00
-7.003616044803541385e+00
-7.006653108617511450e+00
-7.009681088041774366e+00
-7.012698792560536631e+00
-7.015707416261918183e+00
-7.018705764197625818e+00
-7.021695034949029690e+00
-7.024674029126884989e+00
-7.027643949811683832e+00
-7.030603593164657994e+00
-7.033554166771329719e+00
-7.036494462334968780e+00
-7.039425691952047259e+00
-7.042346642859319772e+00
-7.045258531670343771e+00
-7.048160141146714963e+00
-7.051052692425274770e+00
-7.053934963783846435e+00
-7.056808180888693549e+00
-7.059671117525428308e+00
-7.062525003895949283e+00
-7.065368609284968571e+00
-7.068203168436393291e+00
-7.071027446125434324e+00
-7.073842681644459063e+00
-7.076647635250457924e+00
-7.079443550790615269e+00
-7.082229183995271349e+00
-7.085005783272870339e+00
-7.087772099818307581e+00
-7.090529386608001694e+00
-7.093276390292780675e+00
-7.096014368423525731e+00
-7.098742063098304911e+00
-7.101460736449265454e+00
-7.104169126012902957e+00
-7.106868498509430587e+00
-7.109557586905130400e+00
-7.112237662514924175e+00
-7.114907453726151410e+00
-7.117568236455491970e+00
-7.120218734502441471e+00
-7.122860228392339010e+00
-7.125491437328109967e+00
-7.128113646450753293e+00
-7.130725570357713927e+00
-7.133328498812787188e+00
-7.135921141799164147e+00
-7.138504793710415797e+00
-7.141078159906659728e+00
-7.143642539418435078e+00
-7.146196632973883744e+00
-7.148741744247798735e+00
-7.151276569327328581e+00
-7.153802416538892928e+00
-7.156317977319757162e+00
-7.158824564655137834e+00
-7.161320865323490992e+00
-7.163808196976479081e+00
-7.166285241724576593e+00
-7.168753321893267305e+00
-7.171211114916106411e+00
-7.173659947800008929e+00
-7.176098493292516700e+00
-7.178528083089468659e+00
-7.180947385243335646e+00
-7.183357736146674277e+00
-7.185757799147681091e+00
-7.188148915343243850e+00
-7.190529743368183624e+00
-7.192901629031580590e+00
-7.195263226245683263e+00
-7.197615885539524250e+00
-7.199958256093502484e+00
-7.202291693164579733e+00
-7.204614841192154451e+00
-7.206929060168969059e+00
-7.209232989784047696e+00
-7.211527994773997641e+00
-7.213812710068188139e+00
-7.216088505155129340e+00
-7.218354010195166204e+00
-7.220610599436902532e+00
-7.222856898262203451e+00
-7.225094285687852391e+00
-7.227321382307999365e+00
-7.229539571915807095e+00
-7.231747470308124370e+00
-7.233946466062927350e+00
-7.236135170170244102e+00
-7.238314976001140266e+00
-7.240484489729344553e+00
-7.242645109527468428e+00
-7.244795436743277861e+00
-7.246936874359433567e+00
-7.249068018888226383e+00
-7.251190278130772882e+00
-7.253302243754235157e+00
-7.255405328386867581e+00
-7.257498118840945089e+00
-7.259582032580565780e+00
-7.261655651553333257e+00
-7.263720398067878392e+00
-7.265774849197464746e+00
-7.267820432103921924e+00
-7.269855718976366177e+00
-7.271882141838690750e+00
-7.273898267986032451e+00
-7.275905534313217515e+00
-7.277902503211403307e+00
-7.279890616455376495e+00
-7.281868431522433127e+00
-7.283837395076234067e+00
-7.285796059670273550e+00
-7.287745876866105199e+00
-7.289685394283426767e+00
-7.291616068390822214e+00
-7.293536441864029385e+00
-7.295447976087936048e+00
-7.297349208784212671e+00
-7.299241606263233706e+00
-7.301123701282461020e+00
-7.302996965086998138e+00
-7.304859925459968650e+00
-7.306714058590580763e+00
-7.308557887277278731e+00
-7.310392892662775921e+00
-7.312217592550640965e+00
-7.314033473046567480e+00
-7.315839046948816815e+00
-7.317635805335602761e+00
-7.319422255989551651e+00
-7.321199894970944477e+00
-7.322967225036313366e+00
-7.324725747237700091e+00
-7.326473959295050520e+00
-7.328213367261881217e+00
-7.329942463811007336e+00
-7.331662760007114699e+00
-7.333372743465402799e+00
-7.335073930271583720e+00
-7.336764802972510324e+00
-7.338446882684792172e+00
-7.340118646876315545e+00
-7.341781621704615901e+00
-7.343434279547796706e+00
-7.345078151614209183e+00
-7.346711705181538932e+00
-7.348336476519037319e+00
-7.349950927793048372e+00
-7.351556600343897685e+00
-7.353151951215692428e+00
-7.354738526830017165e+00
-7.356314779097792744e+00
-7.357882259532118496e+00
-7.359439414899804355e+00
-7.360987801815714882e+00
-7.362525861891438872e+00
-7.364055156854084849e+00
-7.365574123148919128e+00
-7.367084327625642359e+00
-7.368584201552109469e+00
-7.370075316911087526e+00
-7.371556099781884086e+00
-7.373028127290821132e+00
-7.374489820317271516e+00
-7.375942761141999426e+00
-7.377385365433064557e+00
-7.378819220636128051e+00
-7.380242737196714309e+00
-7.381657507736194113e+00
-7.383061937466112390e+00
-7.384457624194260106e+00
-7.385842967886702581e+00
-7.387219571548671482e+00
-7.388585829889116496e+00
-7.389943351121569748e+00
-7.391290524686376706e+00
-7.392628964016356719e+00
-7.393957053271580371e+00
-7.395276411115204951e+00
-7.396585416415230263e+00
-7.397885693076399427e+00
-7.399175614662827805e+00
-7.400456810331978552e+00
-7.401727648332338205e+00
-7.402989763085242814e+00
-7.404241517511699122e+00
-7.405484551308309626e+00
-7.406717222056507843e+00
-7.407941174739594459e+00
-7.409154761587435800e+00
-7.410359632881503344e+00
-7.411554135487995687e+00
-7.412739924997990393e+00
-7.413915342901908012e+00
-7.415082050112077106e+00
-7.416238382730955259e+00
-7.417386007003701209e+00
-7.418523253632472780e+00
-7.419651794207070772e+00
-7.420769954017058190e+00
-7.421879410008536126e+00
-7.422978482046143078e+00
-7.424068852444202449e+00
-7.425148835629812538e+00
-7.426220119297493483e+00
-7.427281012424288065e+00
-7.428333208096922213e+00
-7.429375009829794152e+00
-7.430408116113818906e+00
-7.431430824988114026e+00
-7.432444840359916149e+00
-7.433448454780365644e+00
-7.434443377585181700e+00
-7.435427895824694211e+00
-7.436403724275415961e+00
-7.437369144474006433e+00
-7.438325876650059953e+00
-7.439272196813630167e+00
-7.440209830659838985e+00
-7.441137048659114406e+00
-7.442055581984567070e+00
-7.442963695553892478e+00
-7.443863126030812793e+00
-7.444752132767114006e+00
-7.445632457929674430e+00
-7.446502355291234387e+00
-7.447363572534558607e+00
-7.448214357839911592e+00
-7.449056464418730705e+00
-7.449888134845604526e+00
-7.450711127873355544e+00
-7.451523680457425414e+00
-7.452327556904973171e+00
-7.453120988538779912e+00
-7.453905745233364577e+00
-7.454680052665186629e+00
-7.455445686289215779e+00
-7.456200866121973192e+00
-7.456947373211955998e+00
-7.457683421902040699e+00
-7.458410798847406653e+00
-7.459127712703526925e+00
-7.459835955745589331e+00
-7.460533730927633833e+00
-7.461222836158256655e+00
-7.461901468676227722e+00
-7.462571432036892993e+00
-7.463230917749722693e+00
-7.463881735030266640e+00
-7.464522069644580426e+00
-7.465153736482122326e+00
-7.465774915551251389e+00
-7.466387427428933243e+00
-7.466989446351623982e+00
-7.467582798597605986e+00
-7.468165652616983508e+00
-7.468739840403143759e+00
-7.469303524605459543e+00
-7.469858542946274049e+00
-7.470403052259804610e+00
-7.470938896011269925e+00
-7.471464225205091125e+00
-7.471980889063436493e+00
-7.472487032746252034e+00
-7.472984511246839823e+00
-7.473471463865869246e+00
-7.473949751381924855e+00
-7.474417507221629897e+00
-7.474876597963149294e+00
-7.475325151144065927e+00
-7.475765039156568648e+00
-7.476194383634144458e+00
-7.476615062797417721e+00
-7.477025192360830630e+00
-7.477426656387808457e+00
-7.477817564658586491e+00
-7.478199807094125795e+00
-7.478571487525076833e+00
-7.478934501744666008e+00
-7.479286947618627224e+00
-7.479630726827157794e+00
-7.479963931255682041e+00
-7.480288468486294917e+00
-7.480602424408499651e+00
-7.480907712521172925e+00
-7.481202412702337767e+00
-7.481488444382795144e+00
-7.481763881413303174e+00
-7.482030649171557357e+00
-7.482286815465394092e+00
-7.482534311634678303e+00
-7.482771199428269959e+00
-7.482999416163538697e+00
-7.483217017514448344e+00
-7.483425946791151695e+00
-7.483624253576683927e+00
-7.483813887189501024e+00
-7.483992891105510914e+00
-7.484163220666911087e+00
-7.484322913226272078e+00
-7.484473930165287392e+00
-7.484614302696761534e+00
-7.484745998257529287e+00
-7.484867041904212925e+00
-7.484979407144662922e+00
-7.485081112862732589e+00
-7.485174138653187370e+00
-7.485256497210468929e+00
-7.485330174232232459e+00
-7.485393176206777355e+00
-7.485447494950734360e+00
-7.485491130729437614e+00
-7.485526081494630724e+00
-7.485550341271760999e+00
-7.485565914163927026e+00
-7.485570787939680670e+00
-7.485566972869833080e+00
-7.485552450448803796e+00
-7.485529237131719249e+00
-7.485495308121576485e+00
-7.485452686074279605e+00
-7.485399339884157399e+00
-7.485337298424431296e+00
-7.485264524263330443e+00
-7.485183052508229018e+00
-7.485090839383616412e+00
-7.484989926247837211e+00
-7.484878262964048012e+00
-7.484757897158406337e+00
-7.484626772314969756e+00
-7.484486942344826588e+00
-7.484336344335003943e+00
-7.484177038498646795e+00
-7.484006955507751968e+00
-7.483828161894679809e+00
-7.483638581898399700e+00
-7.483440288387797068e+00
-7.483231199150603530e+00
-7.483013393409600589e+00
-7.482784782482957198e+00
-7.482547451964948415e+00
-7.482299306685718854e+00
-7.482042438628636383e+00
-7.481774746117292096e+00
-7.481498327541820537e+00
-7.481211074700683028e+00
-7.480915092408609190e+00
-7.480608265920049682e+00
-7.480292706492264188e+00
-7.479966292816961015e+00
-7.479631142611839145e+00
-7.479285127986803339e+00
-7.478930373138281240e+00
-7.478564743575184970e+00
-7.478190369990810993e+00
-7.477805111273903016e+00
-7.477411104632964545e+00
-7.477006202317322270e+00
-7.476592548069024069e+00
-7.476167987478422816e+00
-7.475734670839762508e+00
-7.475290437064836091e+00
-7.474837443018676808e+00
-7.474373520914802782e+00
-7.473900834207816146e+00
-7.473417208393176914e+00
-7.472924813533801114e+00
-7.472421468387140386e+00
-7.471909349643501841e+00
-7.471386269302182193e+00
-7.470854410699891091e+00
-7.470311579057601570e+00
-7.469759964377637118e+00
-7.469197365082298923e+00
-7.468625977858756926e+00
-7.468043594310200817e+00
-7.467452417828107869e+00
-7.466850233175915896e+00
-7.466239250468884592e+00
-7.465617247609973361e+00
-7.464986441457884148e+00
-7.464344603034237302e+00
-7.463693955960888360e+00
-7.463032264357146950e+00
-7.462361758627805486e+00
-7.461680195968769524e+00
-7.460989813587780795e+00
-7.460288361735956109e+00
-7.459578084444154378e+00
-7.458856724997323440e+00
-7.458126534269499786e+00
-7.457385248558000335e+00
-7.456635125600310943e+00
-7.455873894684493131e+00
-7.455103820431896899e+00
-7.454322625099332633e+00
-7.453532580212720582e+00
-7.452731400975667775e+00
-7.451921365839149658e+00
-7.451100182931610583e+00
-7.450270137649821045e+00
-7.449428931024696610e+00
-7.448578855419801137e+00
-7.447717604746075359e+00
-7.446847478354818861e+00
-7.445966163014531958e+00
-7.445075965085381497e+00
-7.444174564170636721e+00
-7.443264273660579633e+00
-7.442342765970439977e+00
-7.441412361541959619e+00
-7.440470725579299227e+00
-7.439520185597158886e+00
-7.438558399565415868e+00
-7.437587702093368947e+00
-7.436605743893343501e+00
-7.435614866690849034e+00
-7.434612713917196913e+00
-7.433601634436022287e+00
-7.432579264373884165e+00
-7.431547959754585264e+00
-7.430505349376184121e+00
-7.429453796444564162e+00
-7.428390922405404773e+00
-7.427319097668908299e+00
-7.426235936304216523e+00
-7.425143815948238135e+00
-7.424040343269152409e+00
-7.422927903153095919e+00
-7.421804094842920030e+00
-7.420671310496451234e+00
-7.419527141906559820e+00
-7.418373988525589269e+00
-7.417209434671514501e+00
-7.416035887114015068e+00
-7.414850922671311295e+00
-7.413656955453297392e+00
-7.412451554753197946e+00
-7.411237142044351245e+00
-7.410011279069637524e+00
-7.408776394688930900e+00
-7.407530043069325387e+00
-7.406274660480623773e+00
-7.405007793488344703e+00
-7.403731885795727941e+00
-7.402444476340838797e+00
-7.401148016283920050e+00
-7.399840036909525409e+00
-7.398522996858666545e+00
-7.397194419736078608e+00
-7.395856771687391529e+00
-7.394507568611116355e+00
-7.393149284181500747e+00
-7.391779426564137445e+00
-7.390400476986019207e+00
-7.389009935852978828e+00
-7.387610291968988108e+00
-7.386199037953183222e+00
-7.384778670210835116e+00
-7.383346673547053207e+00
-7.381905551993060755e+00
-7.380452782512461063e+00
-7.378990876787047348e+00
-7.377517303911300672e+00
-7.376034583242344844e+00
-7.374540175977753798e+00
-7.373036609174888234e+00
-7.371521336106252598e+00
-7.369996891554525753e+00
-7.368460720838971412e+00
-7.366915366492767347e+00
-7.365358265853417130e+00
-7.363791969229850132e+00
-7.362213905949176684e+00
-7.360626634121622658e+00
-7.359027575034882140e+00
-7.357419294626066808e+00
-7.355799206114400413e+00
-7.354169883289632281e+00
-7.352528731273083373e+00
-7.350878331733019522e+00
-7.349216081663328737e+00
-7.347544570636787675e+00
-7.345861187490093869e+00
-7.344168529726685435e+00
-7.342463977995908664e+00
-7.340750137758332627e+00
-7.339024381445706346e+00
-7.337289322501956867e+00
-7.335542325110882445e+00
-7.333786010726440985e+00
-7.332017735253637980e+00
-7.330240128183223902e+00
-7.328450537110466456e+00
-7.326651599589744102e+00
-7.324840654875401924e+00
-7.323020348612526043e+00
-7.321188011683036123e+00
-7.319346297849922856e+00
-7.317492529591033801e+00
-7.315629368814487776e+00
-7.313754129562259898e+00
-7.311869481915067581e+00
-7.309972731446751304e+00
-7.308066556438266304e+00
-7.306148253962946093e+00
-7.304220510529838783e+00
-7.302280614678995363e+00
-7.300331261175545983e+00
-7.298369729993356536e+00
-7.296398724181684337e+00
-7.294415515115133530e+00
-7.292422814155276711e+00
-7.290417884044036789e+00
-7.288403444483865457e+00
-7.286376749550199428e+00
-7.284340527314964397e+00
-7.282292023153241978e+00
-7.280233973535109371e+00
-7.278163615101230555e+00
-7.276083692748763099e+00
-7.273991434349416529e+00
-7.271889593256595674e+00
-7.269775388538311844e+00
-7.267651582033543001e+00
-7.265515383971705710e+00
-7.263369564706751547e+00
-7.261211325594260302e+00
-7.259043445532845418e+00
-7.256863116968796490e+00
-7.254673127375256492e+00
-7.252470660253377943e+00
-7.250258511680909734e+00
-7.248033856177928946e+00
-7.245799498457041743e+00
-7.243552604020928598e+00
-7.241295986247361149e+00
-7.239026801585294102e+00
-7.236747872108347579e+00
-7.234456345174775649e+00
-7.232155051584958194e+00
-7.229841129569432034e+00
-7.227517418686407957e+00
-7.225181048001447337e+00
-7.222834865861773146e+00
-7.220475992130419129e+00
-7.218107283975190747e+00
-7.215725852018772812e+00
-7.213334562281192852e+00
-7.210930516106746957e+00
-7.208516588399777270e+00
-7.206089871187781881e+00
-7.203653248291571387e+00
-7.201203802383274954e+00
-7.198744426232649651e+00
-7.196272193117625449e+00
-7.193790004789652137e+00
-7.191294925093342449e+00
-7.188789864794763673e+00
-7.186271878265955593e+00
-7.183743885320722278e+00
-7.181202930819043928e+00
-7.178651943656023882e+00
-7.176087959139622718e+00
-7.173513915280086195e+00
-7.170926837793269115e+00
-7.168329673838671923e+00
-7.165719439499768306e+00
-7.163099091119636164e+00
-7.160465635108837823e+00
-7.157822037028646278e+00
-7.155165293576023267e+00
-7.152498379565415121e+00
-7.149818281939149145e+00
-7.147127984800150102e+00
-7.144424465294896720e+00
-7.141710716850459661e+00
-7.138983706775961835e+00
-7.136246437858582148e+00
-7.133495867528461432e+00
-7.130735007969193795e+00
-7.127960806690104789e+00
-7.125176285307818880e+00
-7.122378381368711153e+00
-7.119570125959535645e+00
-7.116748446621402380e+00
-7.113916383948608591e+00
-7.111070855434541649e+00
-7.108214911218788679e+00
-7.105345458704276140e+00
-7.102465557614102032e+00
-7.099572105217909268e+00
-7.096668170860829683e+00
-7.093750641636125565e+00
-7.090822596550053980e+00
-7.087880912476131279e+00
-7.084928678121207746e+00
-7.081962760095664500e+00
-7.078986256846768299e+00
-7.075996024678148366e+00
-7.072995171817807680e+00
-7.069980544218845253e+00
-7.066955259930769451e+00
-7.063916154512185130e+00
-7.060866355875334399e+00
-7.057802689140264540e+00
-7.054728292123655820e+00
-7.051639979462747121e+00
-7.048540898920824027e+00
-7.045427854607897444e+00
-7.042304004276667584e+00
-7.039166141465272197e+00
-7.036017433959091072e+00
-7.032854664679730305e+00
-7.029681011488881026e+00
-7.026493246646830393e+00
-7.023294558135979138e+00
-7.020081707510292368e+00
-7.016857892917665929e+00
-7.013619865160640288e+00
-7.010370832598037616e+00
-7.007107535235792994e+00
-7.003833191689667892e+00
-7.000544531123606973e+00
-6.997244782456824019e+00
-6.993930663965920225e+00
-6.990605414920683103e+00
-6.987265742664841461e+00
-6.983914896866509459e+00
-6.980549573890900028e+00
-6.977173033852832162e+00
-6.973781962093235975e+00
-6.970379629222716922e+00
-6.966962709511996366e+00
-6.963534484117131385e+00
-6.960091616192776165e+00
-6.956637397490653463e+00
-6.953168480003361296e+00
-6.949688166129264211e+00
-6.946193096652818255e+00
-6.942686584670625827e+00
-6.939165259712804179e+00
-6.935632445626556120e+00
-6.932084760641416210e+00
-6.928525539408100009e+00
-6.924951388809295061e+00
-6.921365654352965358e+00
-6.917764931528478378e+00
-6.914152576755496327e+00
-6.910525174083578470e+00
-6.906886090899265973e+00
-6.903231899765694735e+00
-6.899565979092182388e+00
-6.895884889908855619e+00
-6.892192021704384608e+00
-6.888483923929260122e+00
-6.884763997208771080e+00
-6.881028779367032833e+00
-6.877281682224183790e+00
-6.873519231931001450e+00
-6.869744851561381260e+00
-6.865955055545966523e+00
-6.862153278271942547e+00
-6.858336022402894194e+00
-6.854506733699801124e+00
-6.850661903012079890e+00
-6.846804987535699105e+00
-6.842932466258851321e+00
-6.839047807874521823e+00
-6.835147479462394315e+00
-6.831234961275361783e+00
-6.827306708437356875e+00
-6.823366212824750754e+00
-6.819409917558381551e+00
-6.815441326202479999e+00
-6.811456869827352989e+00
-6.807460063750484736e+00
-6.803447326943981466e+00
-6.799422186544630264e+00
-6.795381049378717897e+00
-6.791327454469253233e+00
-6.787257796448999514e+00
-6.783175626294872806e+00
-6.779077326398185832e+00
-6.774966459758362092e+00
-6.770839396477351890e+00
-6.766699711646385396e+00
-6.762543763029966293e+00
-6.758375137881445838e+00
-6.754190181579539320e+00
-6.749992493610785793e+00
-6.745778406919737513e+00
-6.741551533298093091e+00
-6.737308193207609541e+00
-6.733052010817900168e+00
-6.728779294059327398e+00
-6.724493679552904446e+00
-6.720191462648664071e+00
-6.715876292493600630e+00
-6.711544451808280520e+00
-6.707199602340927491e+00
-6.702838014133341460e+00
-6.698463361611112887e+00
-6.694071902087837422e+00
-6.689667322743404476e+00
-6.685245868113460332e+00
-6.680811238209976466e+00
-6.676359664740708411e+00
-6.671894860628400536e+00
-6.667413044702579228e+00
-6.662917942876275035e+00
-6.658405761050366856e+00
-6.653880238208356168e+00
-6.649337567271728311e+00
-6.644781500375644079e+00
-6.640208217411030844e+00
-6.635621483746636962e+00
-6.631017466191502230e+00
-6.626399943430626216e+00
-6.621765069139487814e+00
-6.617116635402970459e+00
-6.612450782710769914e+00
-6.607771316631988689e+00
-6.603074364418184850e+00
-6.598363745207890041e+00
-6.593635572961482616e+00
-6.588893680473001169e+00
-6.584134168358394490e+00
-6.579360883153865025e+00
-6.574569912077307343e+00
-6.569765115494561769e+00
-6.564942567171316412e+00
-6.560106141391337964e+00
-6.555251898413463785e+00
-6.550383726528550277e+00
-6.545497672433357117e+00
-6.540597638515659895e+00
-6.535679657854461588e+00
-6.530747647025057390e+00
-6.525797625432560700e+00
-6.520833523931052866e+00
-6.515851348194933834e+00
-6.510855043449184976e+00
-6.505840601580204385e+00
-6.500811982276560208e+00
-6.495765163578645307e+00
-6.490704119732239263e+00
-6.485624814873061972e+00
-6.480531237898279784e+00
-6.475419338979731876e+00
-6.470293121760906097e+00
-6.465148522389736918e+00
-6.459989559351636323e+00
-6.454812154710024785e+00
-6.449620341888555153e+00
-6.444410028804639090e+00
-6.439185263917184265e+00
-6.433941940935431703e+00
-6.428684123451140486e+00
-6.423407690902550371e+00
-6.418116722112499950e+00
-6.412807082184334817e+00
-6.407482865271059147e+00
-6.402139922076538703e+00
-6.396782362183448534e+00
-6.391406021830674078e+00
-6.386015026130860583e+00
-6.380605196791560907e+00
-6.375180674556229832e+00
-6.369737266533707754e+00
-6.364279129199781337e+00
-6.358802054996406383e+00
-6.353310216233716723e+00
-6.347799390617557158e+00
-6.342273766395146950e+00
-6.336729106465960548e+00
-6.331169615117621774e+00
-6.325591040372017915e+00
-6.319997602661027614e+00
-6.314385035056645279e+00
-6.308757574239419519e+00
-6.303110938258152274e+00
-6.297449380147158493e+00
-6.291768602857496617e+00
-6.286072875882791067e+00
-6.280357887000791450e+00
-6.274627922270718194e+00
-6.268878654220126023e+00
-6.263114385580567323e+00
-6.257330773551564640e+00
-6.251532137644191245e+00
-6.245714119650764395e+00
-6.239881055969872747e+00
-6.234028572906094467e+00
-6.228161023853912681e+00
-6.222274019548597934e+00
-6.216371930489508202e+00
-6.210450351759612353e+00
-6.204513671072580117e+00
-6.198557467774874041e+00
-6.192586146904534239e+00
-6.186595271985898314e+00
-6.180589265492006490e+00
-6.174563675038041488e+00
-6.168522940643209829e+00
-6.162462593925224219e+00
-6.156387092561075747e+00
-6.150291952081306412e+00
-6.144181647932929202e+00
-6.138051679467999122e+00
-6.131906540016427876e+00
-6.125741712659170446e+00
-6.119561708722303983e+00
-6.113361994921458376e+00
-6.107147100692885466e+00
-6.100912476291257214e+00
-6.094662669377363784e+00
-6.088393113647752486e+00
-6.082108375102773579e+00
-6.075803870782138461e+00
-6.069484185141327259e+00
-6.063144718462949001e+00
-6.056790073773705707e+00
-6.050415634497223749e+00
-6.044026022348170102e+00
-6.037616603787662406e+00
-6.031192019335763987e+00
-6.024747618385872805e+00
-6.018288060381237869e+00
-6.011808677540874335e+00
-6.005314148349844672e+00
-5.998799787744126810e+00
-5.992270293369774237e+00
-5.985720962769653930e+00
-5.979156512870517304e+00
-5.972572223710230332e+00
-5.965972831616751293e+00
-5.959353599009189928e+00
-5.952719281737858914e+00
-5.946065124487839526e+00
-5.939395902753378031e+00
-5.932706843368420913e+00
-5.926002741593651812e+00
-5.919278806292904704e+00
-5.912539852616466973e+00
-5.905781071337207422e+00
-5.899007297618996226e+00
-5.892213704021104448e+00
-5.885405145845604480e+00
-5.878576777313707424e+00
-5.871733473991052499e+00
-5.864870371634565593e+00
-5.857992366199485268e+00
-5.851094574850304042e+00
-5.844181914058844463e+00
-5.837249482267024447e+00
-5.830302216591030096e+00
-5.823335196618245391e+00
-5.816353380237754500e+00
-5.809351828048559874e+00
-5.802335518842081541e+00
-5.795299494092924775e+00
-5.788248753625335752e+00
-5.781178319651791853e+00
-5.774093213160456983e+00
-5.766988436961836939e+00
-5.759869033340291544e+00
-5.752729985562599069e+00
-5.745576357342442542e+00
-5.738403112258958494e+00
-5.731215335589364024e+00
-5.724007971079451806e+00
-5.716786125704976129e+00
-5.709544723230473906e+00
-5.702288892466635950e+00
-5.695013537046772711e+00
-5.687723807753662264e+00
-5.680414587937440807e+00
-5.673091050491486875e+00
-5.665748058328669678e+00
-5.658390806592376698e+00
-5.651014137602088816e+00
-5.643623268891987621e+00
-5.636213022029834541e+00
-5.628788637082479340e+00
-5.621344914705544760e+00
-5.613887117641810143e+00
-5.606410025472130521e+00
-5.598918923759509170e+00
-5.591408570845467274e+00
-5.583884275259078045e+00
-5.576340773935389628e+00
-5.568783398516659489e+00
-5.561206864362515212e+00
-5.553616526376812246e+00
-5.546007078172407567e+00
-5.538383898064639155e+00
-5.530741657746138351e+00
-5.523085759095096137e+00
-5.515410851708002937e+00
-5.507722361178847947e+00
-5.500014914829979951e+00
-5.492293962125574858e+00
-5.484554107933479195e+00
-5.476800825744027712e+00
-5.469028697788123061e+00
-5.461243221739676024e+00
-5.453438957007667121e+00
-5.445621425609100896e+00
-5.437785163943739342e+00
-5.429935718532506783e+00
-5.422067602576365886e+00
-5.414186387263048239e+00
-5.406286562402643270e+00
-5.398373724014240871e+00
-5.390442338322725568e+00
-5.382498026344913811e+00
-5.374535230523645346e+00
-5.366559597041807628e+00
-5.358565544361000299e+00
-5.350558744000313283e+00
-5.342533590238590868e+00
-5.334495780103273077e+00
-5.326439683486085208e+00
-5.318371023097349770e+00
-5.310284144235002834e+00
-5.302184795468388501e+00
-5.294067297292607499e+00
-5.285937424314494315e+00
-5.277789472014535299e+00
-5.269629241217711701e+00
-5.261451002175652647e+00
-5.253260582114316790e+00
-5.245052225839562432e+00
-5.236831787163604979e+00
-5.228593485226872062e+00
-5.220343200615323198e+00
-5.212075126581897422e+00
-5.203795170676190907e+00
-5.195497500038702476e+00
-5.187188049375056842e+00
-5.178860959485696469e+00
-5.170522192427157826e+00
-5.162165862429539231e+00
-5.153797959097610182e+00
-5.145412569858045515e+00
-5.137015712063934814e+00
-5.128601446102501349e+00
-5.120175817277946351e+00
-5.111732858699292059e+00
-5.103278643827197314e+00
-5.094807178250801094e+00
-5.086324563795539433e+00
-5.077824778286092133e+00
-5.069313952123711609e+00
-5.060786035121055626e+00
-5.052247186469279505e+00
-5.043691327718413220e+00
-5.035124647066473003e+00
-5.026541037547367807e+00
-5.017946716585863776e+00
-5.009335548443154984e+00
-5.000713779993979813e+00
-4.992075246466876948e+00
-4.983426224412808025e+00
-4.974760519764843458e+00
-4.966084438979667226e+00
-4.957391758428618012e+00
-4.948688814706939887e+00
-4.939969354354889042e+00
-4.931239744342372333e+00
-4.922493701105818076e+00
-4.913737622229406909e+00
-4.904965193769661447e+00
-4.896182844168194492e+00
-4.887384228822020837e+00
-4.878575807276833487e+00
-4.869751203987320309e+00
-4.860916909853429502e+00
-4.852066518101035619e+00
-4.843206551238501412e+00
-4.834330570972676711e+00
-4.825445131678210764e+00
-4.816543763249241827e+00
-4.807633052188323042e+00
-4.798706496279610434e+00
-4.789770714419078423e+00
-4.780819171979682203e+00
-4.771858520520562585e+00
-4.762882192698493000e+00
-4.753896873009471058e+00
-4.744895961085224378e+00
-4.735886174636539714e+00
-4.726860879957225592e+00
-4.717826828255041960e+00
-4.708777352169067676e+00
-4.699719236690484081e+00
-4.690645780482666005e+00
-4.681563802611290015e+00
-4.672466567438782192e+00
-4.663360928400693162e+00
-4.654240115229266728e+00
-4.645111016029948026e+00
-4.635966825571010475e+00
-4.626814466932573033e+00
-4.617647099580818981e+00
-4.608471681880073056e+00
-4.599281337651803803e+00
-4.590083060858916930e+00
-4.580869939330956875e+00
-4.571649002948880991e+00
-4.562413303198326275e+00
-4.553169906202747974e+00
-4.543911826747266680e+00
-4.534646167527430549e+00
-4.525365906266449301e+00
-4.516078182566740651e+00
-4.506775936723045106e+00
-4.497466345585163339e+00
-4.488142311647767890e+00
-4.478811049353677021e+00
-4.469465423020946737e+00
-4.460112685036672353e+00
-4.450745661160405042e+00
-4.441371642080650162e+00
-4.431983414611027072e+00
-4.422588308104269395e+00
-4.413179070035452511e+00
-4.403763068790182089e+00
-4.394333012106623748e+00
-4.384896307778221924e+00
-4.375445623402007378e+00
-4.365988406560268764e+00
-4.356517284299091131e+00
-4.347039744376818504e+00
-4.337548372872771729e+00
-4.328050698114969563e+00
-4.318539264794080346e+00
-4.309021642208059610e+00
-4.299490333230783889e+00
-4.289952948537001376e+00
-4.280401948749322116e+00
-4.270844986333070636e+00
-4.261274479218617017e+00
-4.251698122082518516e+00
-4.242108289715259772e+00
-4.232512719432458326e+00
-4.222903742430397678e+00
-4.213289139098697511e+00
-4.203661196578181602e+00
-4.194027738774921410e+00
-4.184381008305857463e+00
-4.174728873043502375e+00
-4.165063530605351616e+00
-4.155392893287972456e+00
-4.145709113226448750e+00
-4.136020147606958020e+00
-4.126318102591583603e+00
-4.116610980729636715e+00
-4.106890841712009355e+00
-4.097165733932846443e+00
-4.087427670105667765e+00
-4.077684744959598540e+00
-4.067928923716448431e+00
-4.058168347939118625e+00
-4.048394934835032544e+00
-4.038616873308308541e+00
-4.028826032021045833e+00
-4.019030647734853190e+00
-4.009222540026715187e+00
-3.999409994041437599e+00
-3.989584779722168406e+00
-3.979755231131680393e+00
-3.969913068021698521e+00
-3.960066673917247648e+00
-3.950207717811689889e+00
-3.940344633246528616e+00
-3.930469037879984473e+00
-3.920589415834263125e+00
-3.910697332846174490e+00
-3.900801324192898267e+00
-3.890892903093592814e+00
-3.880980656565018005e+00
-3.871056044702166243e+00
-3.861127706856906538e+00
-3.851187049382909233e+00
-3.841242764573486568e+00
-3.831286204413229868e+00
-3.821326114754356684e+00
-3.811353792573579646e+00
-3.801378037910973617e+00
-3.791390092085193508e+00
-3.781398809964844343e+00
-3.771395376548897005e+00
-3.761388702186966526e+00
-3.751369914884911339e+00
-3.741347981138186007e+00
-3.731313971273706009e+00
-3.721276908610332335e+00
-3.711227805097826238e+00
-3.701175741568678124e+00
-3.691111670884640095e+00
-3.681044732095128502e+00
-3.670965818249776191e+00
-3.660884127332011850e+00
-3.650790491841796381e+00
-3.640694169427163729e+00
-3.630585931287115375e+00
-3.620475095479342098e+00
-3.610352371136269056e+00
-3.600227137484584894e+00
-3.590090040810212990e+00
-3.579950522283210645e+00
-3.569799164547941217e+00
-3.559645471507355996e+00
-3.549479961354040647e+00
-3.539312201529156265e+00
-3.529132644947423625e+00
-3.518950923409441600e+00
-3.508757423709935708e+00
-3.498561842846800829e+00
-3.488354500635939104e+00
-3.478145160127209312e+00
-3.467924073281912989e+00
-3.457701070073860183e+00
-3.447466333716523668e+00
-3.437229761997449007e+00
-3.426981468470960301e+00
-3.416731419646484635e+00
-3.406469658489461594e+00
-3.396206221158040162e+00
-3.385931079079941508e+00
-3.375654339008374194e+00
-3.365365899864924071e+00
-3.355075939963821252e+00
-3.344774284732132674e+00
-3.334471185031466334e+00
-3.324156391785340947e+00
-3.313840229409972693e+00
-3.303512373295032667e+00
-3.293183222440114299e+00
-3.282842375648833411e+00
-3.272500307555108456e+00
-3.262146539301811643e+00
-3.251791622230761014e+00
-3.241424998726329942e+00
-3.231057297935207906e+00
-3.220677882361633326e+00
-3.210297460078242793e+00
-3.199905312562851822e+00
-3.189512227959986568e+00
-3.179107405549623788e+00
-3.168701714719429852e+00
-3.158284271354009132e+00
-3.147866027281756907e+00
-3.137436013767646248e+00
-3.127005266305330267e+00
-3.116562730288196637e+00
-3.106119526127615327e+00
-3.095664512065002594e+00
-3.085208894710407712e+00
-3.074741443843574285e+00
-3.064273453583881146e+00
-3.053793603909301879e+00
-3.043313277789589932e+00
-3.032821064029713742e+00
-3.022328435822244863e+00
-3.011823889395783826e+00
-3.001318989570436635e+00
-2.990802138561692303e+00
-2.980284994255451902e+00
-2.969755863383255257e+00
-2.959226498369316172e+00
-2.948685108954780087e+00
-2.938143543610453712e+00
-2.927589913544148548e+00
-2.917036164818117783e+00
-2.906470308526352131e+00
-2.895904389905057830e+00
-2.885326318314785254e+00
-2.874748239787725979e+00
-2.864157960290938831e+00
-2.853567728314812868e+00
-2.842965244731496810e+00
-2.832362862193593234e+00
-2.821748174733540448e+00
-2.811133640913422660e+00
-2.800506746136953051e+00
-2.789880056667424224e+00
-2.779240947444582055e+00
-2.768602094270948832e+00
-2.757950759739435043e+00
-2.747299731077541551e+00
-2.736636156599168146e+00
-2.725972936891863263e+00
-2.715297104007284190e+00
-2.704621673879419763e+00
-2.693933560261414950e+00
-2.683245896473023695e+00
-2.672545475877987631e+00
-2.661845551275839661e+00
-2.651132793493257367e+00
-2.640420576960592847e+00
-2.629695447760789673e+00
-2.618970904164955371e+00
-2.608233365244661428e+00
-2.597496455382863889e+00
-2.586746464308729454e+00
-2.575997144851386089e+00
-2.565234655001114472e+00
-2.554472878433233340e+00
-2.543697838934330768e+00
-2.532923553494233815e+00
-2.522135909160218681e+00
-2.511349058775888654e+00
-2.500548750039945478e+00
-2.489749274262448520e+00
-2.478936237108167795e+00
-2.468124071042654855e+00
-2.457298236931739766e+00
-2.446473311165171527e+00
-2.435634606962163495e+00
-2.424796847487933338e+00
-2.413945195381687281e+00
-2.403094523521117853e+00
-2.392229840942546648e+00
-2.381366173262710717e+00
-2.370488372799111509e+00
-2.359611621027168926e+00
-2.348720610332699632e+00
-2.337830681266232169e+00
-2.326926362968060324e+00
-2.316023158381413261e+00
-2.305105429981884058e+00
-2.294188846528165016e+00
-2.283257600302222023e+00
-2.272327529410775870e+00
-2.261382652298733031e+00
-2.250438980067817507e+00
-2.239480353562929960e+00
-2.228522960647342011e+00
-2.217550460678212154e+00
-2.206579222171627386e+00
-2.195592718978709446e+00
-2.184607504290168478e+00
-2.173606862296641573e+00
-2.162607535021382255e+00
-2.151592612697428741e+00
-2.140579030480940670e+00
-2.129549680201437312e+00
-2.118521694597405247e+00
-2.107477762492463214e+00
-2.096435218813060608e+00
-2.085376544611260208e+00
-2.074319281770297785e+00
-2.063245698633641378e+00
-2.052173548981616857e+00
-2.041084883332381139e+00
-2.029997672482982463e+00
-2.018893743821291054e+00
-2.007791290469246537e+00
-1.996671911181345349e+00
-1.985554026910285597e+00
-1.974419002066599482e+00
-1.963285491147235051e+00
-1.952134618289693702e+00
-1.940985277466914960e+00
-1.929818346384747807e+00
-1.918652964653385640e+00
-1.907469757146759148e+00
-1.896288115515128103e+00
-1.885088405145817658e+00
-1.873890276386213527e+00
-1.862673828214240768e+00
-1.851458976599473560e+00
-1.840225546905058795e+00
-1.828993727930404933e+00
-1.817743063919894375e+00
-1.806494024008736377e+00
-1.795225863503988606e+00
-1.783959339696941537e+00
-1.772673410805946759e+00
-1.761389130431636030e+00
-1.750085151200118316e+00
-1.738782831526465733e+00
-1.727460509568529590e+00
-1.716139857433350624e+00
-1.704798889539650864e+00
-1.693459600958449052e+00
-1.682099672680499092e+00
-1.670741432430683293e+00
-1.659362217638847392e+00
-1.647984698817688054e+00
-1.636585859231714180e+00
-1.625188722786432338e+00
-1.613769907475728793e+00
-1.602352801703603502e+00
-1.590913646554807492e+00
-1.579476206570789021e+00
-1.568016333720583466e+00
-1.556558180889689336e+00
-1.545077198119458650e+00
-1.533597939451055936e+00
-1.522095439540290140e+00
-1.510594667041553318e+00
-1.499070227076789719e+00
-1.487547517061107660e+00
-1.476000697696047803e+00
-1.464455610043084333e+00
-1.452885954706176763e+00
-1.441318032068967581e+00
-1.429725066113227916e+00
-1.418133833067861005e+00
-1.406517062857960410e+00
-1.394902024990183342e+00
-1.383260936920942319e+00
-1.371621579844488181e+00
-1.359955639284095463e+00
-1.348291427583310664e+00
-1.336600077734079406e+00
-1.324910453824610590e+00
-1.313193114493341751e+00
-1.301477497391889449e+00
-1.289733563660328652e+00
-1.277991347654738874e+00
-1.266220188440357663e+00
-1.254450741649973056e+00
-1.242651698145075922e+00
-1.230854360959260818e+00
-1.219026744935761908e+00
-1.207200828318344632e+00
-1.195343920283183703e+00
-1.183488703927372931e+00
-1.171601751112343548e+00
-1.159716481429691415e+00
-1.147798695595967144e+00
-1.135882583520583244e+00
-1.123933138556813205e+00
-1.111985357142757369e+00
-1.100003386431694707e+00
-1.088023068218856748e+00
-1.076007661744088351e+00
-1.063993895864143058e+00
-1.051944097023828739e+00
-1.039895926013333360e+00
-1.027810728103431881e+00
-1.015727144386130210e+00
-1.003605486708840644e+00
-9.914854287032065505e-01
-9.793261922493647909e-01
-9.671685400499829832e-01
-9.549705426958384757e-01
-9.427741132691207504e-01
-9.305361044166808870e-01
-9.182996462401576965e-01
-9.060203008189079421e-01
-8.937424878815648510e-01
-8.814203996127841778e-01
-8.690998246781566072e-01
-8.567334984854551028e-01
-8.443686655005244734e-01
-8.319565089265418267e-01
-8.195458244369667744e-01
-8.070861378981671885e-01
-7.946279013012185199e-01
-7.821188669771824697e-01
-7.696112594090996906e-01
-7.570509285181161729e-01
-7.444920001275190380e-01
-7.318782782847867985e-01
-7.192659335884070693e-01
-7.065965638707127905e-01
-6.939285448155536606e-01
-6.812010880651906408e-01
-6.684749543292674012e-01
-6.556867661102897538e-01
-6.428998720556745594e-01
-6.300480755189192816e-01
-6.171975430527549822e-01
-6.042789967590976863e-01
-5.913616831527845896e-01
-5.783729426257248063e-01
-5.653854020623674259e-01
-5.523226734630298784e-01
-5.392611107068246978e-01
-5.261201945035697269e-01
-5.129804085629786625e-01
-4.997566303385559960e-01
-4.865339452655285113e-01
-4.732220697653113928e-01
-4.599112486948392364e-01
-4.465053717133721789e-01
-4.331005087390346064e-01
-4.195939192046598265e-01
-4.060883014507190025e-01
-3.924733026752137421e-01
-3.788592315304025182e-01
-3.651269052937436421e-01
-3.513954604770654910e-01
-3.375353491004765005e-01
-3.236760707099340384e-01
-3.096757380716527730e-01
-2.956761875697411224e-01
-2.815205953629646429e-01
-2.673657317945419831e-01
-2.530363223636850067e-01
-2.387075851389960368e-01
-2.241808753077425831e-01
-2.096547779569943315e-01
-1.949000877307907054e-01
-1.801459465012039962e-01
-1.651214762404600023e-01
-1.500974871097955909e-01
-1.347429082744842632e-01
-1.193887374377194666e-01
-1.036093165686373524e-01
-8.783022395799232329e-02
-7.145554704966260162e-02
-5.508110974880584682e-02
-3.771374397023882080e-02
-2.034651529882919654e-02
-1.209285653751909208e-15
