4.000000000000115463e+00
3.966946050361794818e+00
3.871190827721390448e+00
3.722067782198184016e+00
3.532600067914466013e+00
3.316870518762082387e+00
3.087875917228368738e+00
2.856272553609712883e+00
2.629966423436493450e+00
2.414276445070025812e+00
2.212381199684353206e+00
2.025839914668809527e+00
1.855071387654868564e+00
1.699743552760788257e+00
1.559066577736622605e+00
1.432001113761421252e+00
1.317399324175952069e+00
1.214096010986182694e+00
1.120964362110035584e+00
1.036947515834632183e+00
9.610741313485340331e-01
8.924637376439941150e-01
8.303258153050711021e-01
7.739552547097677815e-01
7.227259161757945138e-01
6.760833890597722773e-01
6.335376244539704382e-01
5.946558368490282298e-01
5.590558873955231434e-01
5.264002410145959265e-01
4.963905082967141058e-01
4.687625305179379809e-01
4.432819444026439570e-01
4.197401772506837436e-01
3.979508647845236835e-01
3.777467280744059575e-01
3.589769625162483879e-01
3.415051672211892320e-01
3.252077877472188683e-01
3.099729848799011589e-01
2.956998021660857123e-01
2.822974971268287780e-01
2.696849225766150826e-01
2.577898829891739352e-01
2.465484323706140235e-01
2.359041142450709616e-01
2.258071662499262500e-01
2.162137213565868132e-01
2.070850376114324598e-01
1.983867822349371923e-01
1.900883873163790871e-01
1.821624856657546587e-01
1.745844280760603662e-01
1.673318779025887160e-01
1.603844755019363799e-01
1.537235633948798308e-01
1.473319626061394549e-01
1.411937910709844257e-01
1.352943159301944198e-01
1.296198326919228150e-01
1.241575654380951549e-01
1.188955833801943196e-01
1.138227300648893547e-01
1.089285623700421146e-01
1.042032971165752775e-01
9.963776366469331847e-02
9.522336128285530110e-02
9.095202039694602614e-02
8.681616706383750437e-02
8.280869018780301349e-02
7.892291112297819544e-02
7.515255539442841637e-02
7.149172633286936251e-02
6.793488046114255774e-02
6.447680450062234780e-02
6.111259388599265402e-02
5.783763269079984781e-02
5.464757487586201223e-02
5.153832677979286458e-02
4.850603077576538802e-02
4.554705002311392609e-02
4.265795424571113686e-02
3.983550647245667070e-02
3.707665067810749643e-02
3.437850026578533752e-02
3.173832733541043227e-02
2.915355268522294707e-02
2.662173649652949808e-02
2.414056965460897181e-02
2.170786566156968078e-02
1.932155309969200291e-02
1.697966860644280207e-02
1.468035032485968949e-02
1.242183179552144162e-02
1.020243625858054809e-02
8.020571336595803957e-03
5.874724070818862498e-03
3.763456285862616657e-03
1.685400259111576038e-03
-3.607453267123611473e-04
-2.376219168073526178e-03
-4.362200880765144950e-03
-6.319814313045228615e-03
-8.250130647705286591e-03
-1.015417130783178440e-02
-1.203291068002797920e-02
-1.388727866773127595e-02
-1.571816308634357839e-02
-1.752641191109166607e-02
-1.931283538764208552e-02
-2.107820801481713469e-02
-2.282327040799494305e-02
-2.454873105128655558e-02
-2.625526794579485096e-02
-2.794353016096852438e-02
-2.961413929530008760e-02
-3.126769085238240153e-02
-3.290475553780449619e-02
-3.452588048195332632e-02
-3.613159039353548707e-02
-3.772238864817092224e-02
-3.929875831619757814e-02
-4.086116313349880819e-02
-4.241004841888092181e-02
-4.394584194135187083e-02
-4.546895474035224372e-02
-4.697978190183151742e-02
-4.847870329281853130e-02
-4.996608425704073680e-02
-5.144227627384683615e-02
-5.290761758271509546e-02
-5.436243377524572346e-02
-5.580703835669914570e-02
-5.724173327869939293e-02
-5.866680944489723049e-02
-6.008254719107826436e-02
-6.148921674115700314e-02
-6.288707864049382368e-02
-6.427638416777249619e-02
-6.565737572660662602e-02
-6.703028721804399348e-02
-6.839534439505566554e-02
-6.975276519986292612e-02
-7.110276008522442570e-02
-7.244553232037843904e-02
-7.378127828259561927e-02
-7.511018773501368373e-02
-7.643244409155583452e-02
-7.774822466957179157e-02
-7.905770093085850991e-02
-8.036103871166182244e-02
-8.165839844223216071e-02
-8.294993535647998684e-02
-8.423579969220812425e-02
-8.551613688243972500e-02
-8.679108773826854639e-02
-8.806078862364531690e-02
-8.932537162252625340e-02
-9.058496469876539670e-02
-9.183969184907932182e-02
-9.308967324943367982e-02
-9.433502539519333929e-02
-9.557586123534167477e-02
-9.681229030098283117e-02
-9.804441882849813938e-02
-9.927234987755094442e-02
-1.004961834442067020e-01
-1.017160165693714174e-01
-1.029319434428040275e-01
-1.041440555028893822e-01
-1.053524415323442986e-01
-1.065571877501117481e-01
-1.077583778995334224e-01
-1.089560933330281922e-01
-1.101504130934184145e-01
-1.113414139920343160e-01
-1.125291706837975997e-01
-1.137137557393137210e-01
-1.148952397142538884e-01
-1.160736912159903989e-01
-1.172491769677191514e-01
-1.184217618701171870e-01
-1.195915090606884668e-01
-1.207584799708352197e-01
-1.219227343808070158e-01
-1.230843304726138981e-01
-1.242433248809499263e-01
-1.253997727422424546e-01
-1.265537277419003515e-01
-1.277052421598479370e-01
-1.288543669143949744e-01
-1.300011516044979887e-01
-1.311456445505357893e-01
-1.322878928336004289e-01
-1.334279423334110426e-01
-1.345658377648441262e-01
-1.357016227132209762e-01
-1.368353396683291978e-01
-1.379670300572561903e-01
-1.390967342760926484e-01
-1.402244917205380803e-01
-1.413503408154393737e-01
-1.424743190433455653e-01
-1.435964629720411501e-01
-1.447168082812010648e-01
-1.458353897881198846e-01
-1.469522414725551451e-01
-1.480673965007881232e-01
-1.491808872488323279e-01
-1.502927453249256473e-01
-1.514030015912264104e-01
-1.525116861848421212e-01
-1.536188285381407947e-01
-1.547244573984309646e-01
-1.558286008469721706e-01
-1.569312863173920047e-01
-1.580325406135180688e-01
-1.591323899266258723e-01
-1.602308598521415550e-01
-1.613279754058257742e-01
-1.624237610394372588e-01
-1.635182406559074486e-01
-1.646114376240473132e-01
-1.657033747927900424e-01
-1.667940745049855955e-01
-1.678835586108052835e-01
-1.689718484806866650e-01
-1.700589650179080980e-01
-1.711449286708024708e-01
-1.722297594445350022e-01
-1.733134769126178920e-01
-1.743961002279872385e-01
-1.754776481338104765e-01
-1.765581389739662999e-01
-1.776375907031674251e-01
-1.787160208968449349e-01
-1.797934467607041065e-01
-1.808698851400049601e-01
-1.819453525285992246e-01
-1.830198650776600489e-01
-1.840934386041869764e-01
-1.851660885992814365e-01
-1.862378302361413218e-01
-1.873086783778672437e-01
-1.883786475850240116e-01
-1.894477521229945283e-01
-1.905160059691305974e-01
-1.915834228196930111e-01
-1.926500160965999020e-01
-1.937157989540118364e-01
-1.947807842846737969e-01
-1.958449847261552745e-01
-1.969084126668699530e-01
-1.979710802519262514e-01
-1.990329993888655669e-01
-2.000941817531887157e-01
-2.011546387937693803e-01
-2.022143817381031883e-01
-2.032734215974274505e-01
-2.043317691716841078e-01
-2.053894350543847558e-01
-2.064464296372992558e-01
-2.075027631150635210e-01
-2.085584454896395601e-01
-2.096134865746706044e-01
-2.106678959997105305e-01
-2.117216832143603011e-01
-2.127748574922655456e-01
-2.138274279350585449e-01
-2.148794034761470351e-01
-2.159307928844432511e-01
-2.169816047679721804e-01
-2.180318475774108977e-01
-2.190815296095215692e-01
-2.201306590104876726e-01
-2.211792437791958443e-01
-2.222272917704157524e-01
-2.232748106979020597e-01
-2.243218081374032391e-01
-2.253682915296526257e-01
-2.264142681831922133e-01
-2.274597452772200157e-01
-2.285047298643030911e-01
-2.295492288730665020e-01
-2.305932491107649251e-01
-2.316367972658660568e-01
-2.326798799104833060e-01
-2.337225035028406839e-01
-2.347646743895828447e-01
-2.358063988081201545e-01
-2.368476828888567698e-01
-2.378885326573799974e-01
-2.389289540366191233e-01
-2.399689528489253876e-01
-2.410085348181155995e-01
-2.420477055714579939e-01
-2.430864706416369092e-01
-2.441248354686296751e-01
-2.451628054015823344e-01
-2.462003857006174745e-01
-2.472375815386049780e-01
-2.482743980028826736e-01
-2.493108400969634986e-01
-2.503469127421743545e-01
-2.513826207792785317e-01
-2.524179689700353224e-01
-2.534529619987767046e-01
-2.544876044738705878e-01
-2.555219009292211685e-01
-2.565558558256935129e-01
-2.575894735525330326e-01
-2.586227584287305037e-01
-2.596557147043688785e-01
-2.606883465619320717e-01
-2.617206581176080848e-01
-2.627526534225265165e-01
-2.637843364639957389e-01
-2.648157111667110430e-01
-2.658467813939079383e-01
-2.668775509485474817e-01
-2.679080235744122906e-01
-2.689382029572225941e-01
-2.699680927257029905e-01
-2.709976964526432108e-01
-2.720270176559247965e-01
-2.730560597995385086e-01
-2.740848262945599911e-01
-2.751133205001285997e-01
-2.761415457243807103e-01
-2.771695052253821956e-01
-2.781972022120350885e-01
-2.792246398449699241e-01
-2.802518212373921735e-01
-2.812787494559669810e-01
-2.823054275216240749e-01
-2.833318584103843851e-01
-2.843580450541524640e-01
-2.853839903415139601e-01
-2.864096971184773577e-01
-2.874351681892461374e-01
-2.884604063169453059e-01
-2.894854142243283857e-01
-2.905101945945061104e-01
-2.915347500716276574e-01
-2.925590832615425629e-01
-2.935831967324854519e-01
-2.946070930157159151e-01
-2.956307746061537234e-01
-2.966542439630115990e-01
-2.976775035103869094e-01
-2.987005556378889981e-01
-2.997234027012056212e-01
-3.007460470226835381e-01
-3.017684908918942810e-01
-3.027907365661887118e-01
-3.038127862712373672e-01
-3.048346422015678625e-01
-3.058563065210798126e-01
-3.068777813635521490e-01
-3.078990688331503245e-01
-3.089201710049307437e-01
-3.099410899252967866e-01
-3.109618276124918590e-01
-3.119823860570513085e-01
-3.130027672222646107e-01
-3.140229730446177370e-01
-3.150430054342379105e-01
-3.160628662753171558e-01
-3.170825574265203062e-01
-3.181020807214289259e-01
-3.191214379689200631e-01
-3.201406309535785311e-01
-3.211596614360826552e-01
-3.221785311535835805e-01
-3.231972418200838026e-01
-3.242157951268208049e-01
-3.252341927425980161e-01
-3.262524363141658390e-01
-3.272705274665699271e-01
-3.282884678034808656e-01
-3.293062589075302360e-01
-3.303239023406540076e-01
-3.313413996444097842e-01
-3.323587523402927180e-01
-3.333759619300469268e-01
-3.343930298959784109e-01
-3.354099577012475963e-01
-3.364267467901777553e-01
-3.374433985885346710e-01
-3.384599145038136303e-01
-3.394762959255111512e-01
-3.404925442254349011e-01
-3.415086607579229661e-01
-3.425246468601502170e-01
-3.435405038523686172e-01
-3.445562330381694571e-01
-3.455718357047335432e-01
-3.465873131230791659e-01
-3.476026665483030742e-01
-3.486178972198272774e-01
-3.496330063616177597e-01
-3.506479951824333918e-01
-3.516628648760356524e-01
-3.526776166214215524e-01
-3.536922515830432934e-01
-3.547067709110061084e-01
-3.557211757413021314e-01
-3.567354671960114576e-01
-3.577496463834996532e-01
-3.587637143986073807e-01
-3.597776723228841567e-01
-3.607915212247436720e-01
-3.618052621596782870e-01
-3.628188961704354454e-01
-3.638324242872045811e-01
-3.648458475277910340e-01
-3.658591668978116163e-01
-3.668723833908513754e-01
-3.678854979886497234e-01
-3.688985116612584769e-01
-3.699114253672098895e-01
-3.709242400536910123e-01
-3.719369566566931851e-01
-3.729495761011723531e-01
-3.739620993012061634e-01
-3.749745271601495067e-01
-3.759868605707826217e-01
-3.769991004154619185e-01
-3.780112475662578131e-01
-3.790233028851097141e-01
-3.800352672239522556e-01
-3.810471414248717270e-01
-3.820589263202311403e-01
-3.830706227328034563e-01
-3.840822314759094191e-01
-3.850937533535457868e-01
-3.861051891605152830e-01
-3.871165396825466676e-01
-3.881278056964228562e-01
-3.891389879701040444e-01
-3.901500872628450578e-01
-3.911611043253082620e-01
-3.921720398996961787e-01
-3.931828947198517388e-01
-3.941936695113695266e-01
-3.952043649917121315e-01
-3.962149818703288306e-01
-3.972255208487425748e-01
-3.982359826206693376e-01
-3.992463678721202558e-01
-4.002566772815039364e-01
-4.012669115197201597e-01
-4.022770712502724000e-01
-4.032871571293515367e-01
-4.042971698059451557e-01
-4.053071099219247575e-01
-4.063169781121410140e-01
-4.073267750045101443e-01
-4.083365012201179423e-01
-4.093461573732928294e-01
-4.103557440717061633e-01
-4.113652619164552826e-01
-4.123747115021459408e-01
-4.133840934169712433e-01
-4.143934082428087362e-01
-4.154026565552961237e-01
-4.164118389238982143e-01
-4.174209559120078405e-01
-4.184300080770061436e-01
-4.194389959703470616e-01
-4.204479201376274955e-01
-4.214567811186766266e-01
-4.224655794476082638e-01
-4.234743156529045538e-01
-4.244829902574858704e-01
-4.254916037787874750e-01
-4.265001567288062012e-01
-4.275086496142015968e-01
-4.285170829363300626e-01
-4.295254571913362240e-01
-4.305337728702072764e-01
-4.315420304588302725e-01
-4.325502304380727248e-01
-4.335583732838242943e-01
-4.345664594670823888e-01
-4.355744894539844148e-01
-4.365824637058948743e-01
-4.375903826794430018e-01
-4.385982468266010903e-01
-4.396060565947124688e-01
-4.406138124265843170e-01
-4.416215147605088709e-01
-4.426291640303381403e-01
-4.436367606655407525e-01
-4.446443050912371464e-01
-4.456517977282721810e-01
-4.466592389932450557e-01
-4.476666292985891915e-01
-4.486739690525864410e-01
-4.496812586594508554e-01
-4.506884985193573834e-01
-4.516956890284937187e-01
-4.527028305791164220e-01
-4.537099235595794533e-01
-4.547169683544001195e-01
-4.557239653442988758e-01
-4.567309149062329654e-01
-4.577378174134576483e-01
-4.587446732355542900e-01
-4.597514827384843183e-01
-4.607582462846353533e-01
-4.617649642328436332e-01
-4.627716369384569095e-01
-4.637782647533640334e-01
-4.647848480260309278e-01
-4.657913871015609830e-01
-4.667978823217154294e-01
-4.678043340249408155e-01
-4.688107425464460021e-01
-4.698171082182043823e-01
-4.708234313690049522e-01
-4.718297123244903357e-01
-4.728359514071822645e-01
-4.738421489365351458e-01
-4.748483052289573791e-01
-4.758544205978418873e-01
-4.768604953536212943e-01
-4.778665298037813591e-01
-4.788725242528977799e-01
-4.798784790026838776e-01
-4.808843943520012543e-01
-4.818902705969030364e-01
-4.828961080306746756e-01
-4.839019069438501575e-01
-4.849076676242412565e-01
-4.859133903569813895e-01
-4.869190754245518726e-01
-4.879247231068090107e-01
-4.889303336810011946e-01
-4.899359074218199717e-01
-4.909414446014160327e-01
-4.919469454894310201e-01
-4.929524103530181223e-01
-4.939578394568827635e-01
-4.949632330632951493e-01
-4.959685914321204647e-01
-4.969739148208570101e-01
-4.979792034846558524e-01
-4.989844576763292627e-01
-4.999896776464071158e-01
-5.009948636431317270e-01
-5.020000159125093120e-01
-5.030051346983148708e-01
-5.040102202421211652e-01
-5.050152727833319144e-01
-5.060202925591897882e-01
-5.070252798048111575e-01
-5.080302347532080764e-01
-5.090351576352977192e-01
-5.100400486799536726e-01
-5.110449081139930572e-01
-5.120497361622231569e-01
-5.130545330474484134e-01
-5.140592989905029553e-01
-5.150640342102653646e-01
-5.160687389236764400e-01
-5.170734133457732806e-01
-5.180780576896903966e-01
-5.190826721666904620e-01
-5.200872569861879624e-01
-5.210918123557602977e-01
-5.220963384811679875e-01
-5.231008355663758769e-01
-5.241053038135783382e-01
-5.251097434232080419e-01
-5.261141545939490571e-01
-5.271185375227758207e-01
-5.281228924049550244e-01
-5.291272194340633783e-01
-5.301315188020079283e-01
-5.311357906990493705e-01
-5.321400353138110439e-01
-5.331442528332976938e-01
-5.341484434429116801e-01
-5.351526073264741834e-01
-5.361567446662350855e-01
-5.371608556428876247e-01
-5.381649404356000366e-01
-5.391689992220101146e-01
-5.401730321782459709e-01
-5.411770394789559013e-01
-5.421810212973078302e-01
-5.431849778050061861e-01
-5.441889091723219884e-01
-5.451928155680758614e-01
-5.461966971596878828e-01
-5.472005541131671480e-01
-5.482043865931434112e-01
-5.492081947628603134e-01
-5.502119787842090215e-01
-5.512157388177334472e-01
-5.522194750226344651e-01
-5.532231875568015544e-01
-5.542268765768240124e-01
-5.552305422379736344e-01
-5.562341846942620016e-01
-5.572378040984302672e-01
-5.582414006019493780e-01
-5.592449743550529373e-01
-5.602485255067481962e-01
-5.612520542048240468e-01
-5.622555605958462488e-01
-5.632590448252020598e-01
-5.642625070370890228e-01
-5.652659473745220708e-01
-5.662693659793684997e-01
-5.672727629923451920e-01
-5.682761385530237241e-01
-5.692794927998423571e-01
-5.702828258701384545e-01
-5.712861379001337170e-01
-5.722894290249527227e-01
-5.732926993786462422e-01
-5.742959490941685896e-01
-5.752991783034423490e-01
-5.763023871373065266e-01
-5.773055757255659559e-01
-5.783087441970049536e-01
-5.793118926793651147e-01
-5.803150212993820611e-01
-5.813181301827919922e-01
-5.823212194543224696e-01
-5.833242892377301647e-01
-5.843273396557829846e-01
-5.853303708302954877e-01
-5.863333828821039040e-01
-5.873363759311273080e-01
-5.883393500963057798e-01
-5.893423054956805629e-01
-5.903452422463562055e-01
-5.913481604645217660e-01
-5.923510602654696866e-01
-5.933539417635904645e-01
-5.943568050723817553e-01
-5.953596503044682464e-01
-5.963624775716011017e-01
-5.973652869846642899e-01
-5.983680786536933471e-01
-5.993708526878603893e-01
-6.003736091955196308e-01
-6.013763482841780750e-01
-6.023790700605149429e-01
-6.033817746304053209e-01
-6.043844620989041738e-01
-6.053871325702672168e-01
-6.063897861479528029e-01
-6.073924229346381320e-01
-6.083950430322164760e-01
-6.093976465418030619e-01
-6.104002335637588317e-01
-6.114028041976721228e-01
-6.124053585423806512e-01
-6.134078966959890522e-01
-6.144104187558502295e-01
-6.154129248185822298e-01
-6.164154149800925575e-01
-6.174178893355533049e-01
-6.184203479794355696e-01
-6.194227910054989072e-01
-6.204252185068063197e-01
-6.214276305757200358e-01
-6.224300273039199416e-01
-6.234324087824075766e-01
-6.244347751014981407e-01
-6.254371263508561318e-01
-6.264394626194583759e-01
-6.274417839956450971e-01
-6.284440905670914956e-01
-6.294463824208371694e-01
-6.304486596432669065e-01
-6.314509223201559829e-01
-6.324531705366245316e-01
-6.334554043771770671e-01
-6.344576239257063710e-01
-6.354598292654921599e-01
-6.364620204791996416e-01
-6.374641976488953921e-01
-6.384663608560494641e-01
-6.394685101815453798e-01
-6.404706457056745794e-01
-6.414727675081408620e-01
-6.424748756680869199e-01
-6.434769702640751321e-01
-6.444790513741051052e-01
-6.454811190756067907e-01
-6.464831734454622447e-01
-6.474852145599995223e-01
-6.484872424950044456e-01
-6.494892573257081692e-01
-6.504912591268114941e-01
-6.514932479724853120e-01
-6.524952239363682738e-01
-6.534971870915740055e-01
-6.544991375106986586e-01
-6.555010752658211315e-01
-6.565030004285130616e-01
-6.575049130698318312e-01
-6.585068132603431046e-01
-6.595087010701145003e-01
-6.605105765687057096e-01
-6.615124398252013593e-01
-6.625142909081969123e-01
-6.635161298858015533e-01
-6.645179568256524005e-01
-6.655197717949160596e-01
-6.665215748602791868e-01
-6.675233660879734687e-01
-6.685251455437656309e-01
-6.695269132929642097e-01
-6.705286694004199965e-01
-6.715304139305429132e-01
-6.725321469472913538e-01
-6.735338685141769588e-01
-6.745355786942829335e-01
-6.755372775502429539e-01
-6.765389651442753616e-01
-6.775406415381579617e-01
-6.785423067932465635e-01
-6.795439609704807538e-01
-6.805456041303774573e-01
-6.815472363330417060e-01
-6.825488576381650851e-01
-6.835504681050353915e-01
-6.845520677925361896e-01
-6.855536567591455910e-01
-6.865552350629471334e-01
-6.875568027616320022e-01
-6.885583599124962539e-01
-6.895599065724506982e-01
-6.905614427980191206e-01
-6.915629686453486080e-01
-6.925644841702034427e-01
-6.935659894279679882e-01
-6.945674844736664522e-01
-6.955689693619381275e-01
-6.965704441470706998e-01
-6.975719088829783754e-01
-6.985733636232182020e-01
-6.995748084209889583e-01
-7.005762433291347069e-01
-7.015776684001501229e-01
-7.025790836861719457e-01
-7.035804892389969645e-01
-7.045818851100809077e-01
-7.055832713505324483e-01
-7.065846480111233063e-01
-7.075860151422930233e-01
-7.085873727941474076e-01
-7.095887210164556480e-01
-7.105900598586682992e-01
-7.115913893698987414e-01
-7.125927095989552651e-01
-7.135940205943110959e-01
-7.145953224041274865e-01
-7.155966150762506084e-01
-7.165978986582129950e-01
-7.175991731972379828e-01
-7.186004387402453730e-01
-7.196016953338337796e-01
-7.206029430243192646e-01
-7.216041818577069167e-01
-7.226054118797052839e-01
-7.236066331357238202e-01
-7.246078456708844318e-01
-7.256090495300092647e-01
-7.266102447576460177e-01
-7.276114313980349690e-01
-7.286126094951520527e-01
-7.296137790926751077e-01
-7.306149402340107457e-01
-7.316160929622814724e-01
-7.326172373203443389e-01
-7.336183733507667393e-01
-7.346195010958579408e-01
-7.356206205976518753e-01
-7.366217318979120243e-01
-7.376228350381454080e-01
-7.386239300595796031e-01
-7.396250170031993809e-01
-7.406260959097215046e-01
-7.416271668195926203e-01
-7.426282297730265602e-01
-7.436292848099720354e-01
-7.446303319701225165e-01
-7.456313712929272253e-01
-7.466324028175808092e-01
-7.476334265830443249e-01
-7.486344426280220343e-01
-7.496354509909769481e-01
-7.506364517101399292e-01
-7.516374448235001449e-01
-7.526384303687984056e-01
-7.536394083835573632e-01
-7.546403789050480926e-01
-7.556413419703275069e-01
-7.566422976162139324e-01
-7.576432458792904390e-01
-7.586441867959293761e-01
-7.596451204022667270e-01
-7.606460467342145426e-01
-7.616469658274721555e-01
-7.626478777175059731e-01
-7.636487824395753465e-01
-7.646496800287198026e-01
-7.656505705197584888e-01
-7.666514539473054946e-01
-7.676523303457515324e-01
-7.686531997492884738e-01
-7.696540621918929181e-01
-7.706549177073367396e-01
-7.716557663291844227e-01
-7.726566080907906198e-01
-7.736574430253166934e-01
-7.746582711657195031e-01
-7.756590925447524043e-01
-7.766599071949704669e-01
-7.776607151487403558e-01
-7.786615164382173493e-01
-7.796623110953768698e-01
-7.806630991519963869e-01
-7.816638806396563055e-01
-7.826646555897616153e-01
-7.836654240335104715e-01
-7.846661860019249479e-01
-7.856669415258407119e-01
-7.866676906359035826e-01
-7.876684333625827428e-01
-7.886691697361543074e-01
-7.896698997867301895e-01
-7.906706235442259034e-01
-7.916713410383917626e-01
-7.926720522987896755e-01
-7.936727573548210124e-01
-7.946734562356947418e-01
-7.956741489704651782e-01
-7.966748355879951227e-01
-7.976755161169943875e-01
-7.986761905859952604e-01
-7.996768590233558349e-01
-8.006775214572787736e-01
-8.016781779157968746e-01
-8.026788284267725171e-01
-8.036794730179078750e-01
-8.046801117167483586e-01
-8.056807445506745102e-01
-8.066813715468943435e-01
-8.076819927324814241e-01
-8.086826081343261308e-01
-8.096832177791836171e-01
-8.106838216936356201e-01
-8.116844199041214347e-01
-8.126850124369201511e-01
-8.136855993181599800e-01
-8.146861805738193629e-01
-8.156867562297241969e-01
-8.166873263115487225e-01
-8.176878908448286243e-01
-8.186884498549390488e-01
-8.196890033671180298e-01
-8.206895514064567188e-01
-8.216900939979020491e-01
-8.226906311662497417e-01
-8.236911629361653997e-01
-8.246916893321617481e-01
-8.256922103786262790e-01
-8.266927260997922744e-01
-8.276932365197601227e-01
-8.286937416624947650e-01
-8.296942415518204772e-01
-8.306947362114313060e-01
-8.316952256648757480e-01
-8.326957099355846159e-01
-8.336961890468410630e-01
-8.346966630218056737e-01
-8.356971318835074714e-01
-8.366975956548329263e-01
-8.376980543585562655e-01
-8.386985080173120499e-01
-8.396989566536133820e-01
-8.406994002898446894e-01
-8.416998389482589493e-01
-8.427002726509936759e-01
-8.437007014200587074e-01
-8.447011252773364287e-01
-8.457015442445871001e-01
-8.467019583434596264e-01
-8.477023675954648008e-01
-8.487027720220109428e-01
-8.497031716443755878e-01
-8.507035664837129252e-01
-8.517039565610837748e-01
-8.527043418974032951e-01
-8.537047225134878348e-01
-8.547050984300327281e-01
-8.557054696676189565e-01
-8.567058362467140364e-01
-8.577061981876736851e-01
-8.587065555107395998e-01
-8.597069082360404568e-01
-8.607072563835980183e-01
-8.617075999733223579e-01
-8.627079390250159685e-01
-8.637082735583611059e-01
-8.647086035929484327e-01
-8.657089291482548132e-01
-8.667092502436473112e-01
-8.677095668983852983e-01
-8.687098791316366642e-01
-8.697101869624475068e-01
-8.707104904097717757e-01
-8.717107894924557288e-01
-8.727110842292439274e-01
-8.737113746387770163e-01
-8.747116607395959420e-01
-8.757119425501485033e-01
-8.767122200887705885e-01
-8.777124933737021628e-01
-8.787127624230892664e-01
-8.797130272549770202e-01
-8.807132878873172865e-01
-8.817135443379546800e-01
-8.827137966246498824e-01
-8.837140447650586594e-01
-8.847142887767501795e-01
-8.857145286771920256e-01
-8.867147644837662934e-01
-8.877149962137512729e-01
-8.887152238843418761e-01
-8.897154475126389794e-01
-8.907156671156489791e-01
-8.917158827102954488e-01
-8.927160943133989335e-01
-8.937163019417040388e-01
-8.947165056118618898e-01
-8.957167053404234691e-01
-8.967169011438727022e-01
-8.977170930385891534e-01
-8.987172810408730061e-01
-8.997174651669440637e-01
-9.007176454329254289e-01
-9.017178218548582702e-01
-9.027179944487030427e-01
-9.037181632303326051e-01
-9.047183282155351058e-01
-9.057184894200246417e-01
-9.067186468594227167e-01
-9.077188005492696776e-01
-9.087189505050312643e-01
-9.097190967420816232e-01
-9.107192392757282873e-01
-9.117193781211911929e-01
-9.127195132936081201e-01
-9.137196448080445732e-01
-9.147197726794781270e-01
-9.157198969228224072e-01
-9.167200175529013340e-01
-9.177201345844637759e-01
-9.187202480321868814e-01
-9.197203579106676408e-01
-9.207204642344319900e-01
-9.217205670179245969e-01
-9.227206662755182975e-01
-9.237207620215127646e-01
-9.247208542701343958e-01
-9.257209430355340940e-01
-9.267210283317894870e-01
-9.277211101729049281e-01
-9.287211885728224869e-01
-9.297212635453916407e-01
-9.307213351044139049e-01
-9.317214032636051968e-01
-9.327214680366215926e-01
-9.337215294370367902e-01
-9.347215874783609824e-01
-9.357216421740377488e-01
-9.367216935374433895e-01
-9.377217415818751567e-01
-9.387217863205751245e-01
-9.397218277667118702e-01
-9.407218659333855815e-01
-9.417219008336302766e-01
-9.427219324804125833e-01
-9.437219608866412868e-01
-9.447219860651480117e-01
-9.457220080287036534e-01
-9.467220267900136044e-01
-9.477220423617235268e-01
-9.487220547564072515e-01
-9.497220639865795455e-01
-9.507220700646867861e-01
-9.517220730031215048e-01
-9.527220728142010708e-01
-9.537220695101860102e-01
-9.547220631032766747e-01
-9.557220536056061366e-01
-9.567220410292510691e-01
-9.577220253862206434e-01
-9.587220066884685199e-01
-9.597219849478826337e-01
-9.607219601762918559e-01
-9.617219323854684365e-01
-9.627219015871153474e-01
-9.637218677928812705e-01
-9.647218310143625963e-01
-9.657217912630774448e-01
-9.667217485504977503e-01
-9.677217028880382710e-01
-9.687216542870412672e-01
-9.697216027588096976e-01
-9.707215483145621437e-01
-9.717214909654837696e-01
-9.727214307226909051e-01
-9.737213675972319349e-01
-9.747213016001112784e-01
-9.757212327422738474e-01
-9.767211610345920558e-01
-9.777210864878955743e-01
-9.787210091129513456e-01
-9.797209289204651395e-01
-9.807208459210865481e-01
-9.817207601254122062e-01
-9.827206715439681384e-01
-9.837205801872296318e-01
-9.847204860656186831e-01
-9.857203891894875669e-01
-9.867202895691377096e-01
-9.877201872148090311e-01
-9.887200821366824988e-01
-9.897199743448760190e-01
-9.907198638494610909e-01
-9.917197506604287227e-01
-9.927196347877266236e-01
-9.937195162412342242e-01
-9.947193950307740007e-01
-9.957192711661003726e-01
-9.967191446569156899e-01
-9.977190155128471405e-01
-9.987188837434661792e-01
-9.997187493582871953e-01
-1.000718612366743976e+00
-1.001718472778221347e+00
-1.002718330602025310e+00
-1.003718185847404243e+00
-1.004718038523537027e+00
-1.005717888639531044e+00
-1.006717736204423286e+00
-1.007717581227185466e+00
-1.008717423716717132e+00
-1.009717263681836119e+00
-1.010717101131299422e+00
-1.011716936073778994e+00
-1.012716768517872623e+00
-1.013716598472099051e+00
-1.014716425944904410e+00
-1.015716250944636023e+00
-1.016716073479575266e+00
-1.017715893557910478e+00
-1.018715711187742068e+00
-1.019715526377080961e+00
-1.020715339133852151e+00
-1.021715149465879602e+00
-1.022714957380895573e+00
-1.023714762886532625e+00
-1.024714565990321846e+00
-1.025714366699687741e+00
-1.026714165021953562e+00
-1.027713960964328876e+00
-1.028713754533907121e+00
-1.029713545737666269e+00
-1.030713334582469942e+00
-1.031713121075052975e+00
-1.032712905222022748e+00
-1.033712687029858968e+00
-1.034712466504894568e+00
-1.035712243653337694e+00
-1.036712018481241504e+00
-1.037711790994509276e+00
-1.038711561198897293e+00
-1.039711329099995307e+00
-1.040711094703232087e+00
-1.041710858013861873e+00
-1.042710619036963715e+00
-1.043710377777433695e+00
-1.044710134239984267e+00
-1.045709888429130263e+00
-1.046709640349173354e+00
-1.047709390004219809e+00
-1.048709137398144531e+00
-1.049708882534618137e+00
-1.050708625417055231e+00
-1.051708366048646148e+00
-1.052708104432318992e+00
-1.053707840570755172e+00
-1.054707574466353437e+00
-1.055707306121244970e+00
-1.056707035537271411e+00
-1.057706762715973525e+00
-1.058706487658579443e+00
-1.059706210366004209e+00
-1.060705930838819366e+00
-1.061705649077259395e+00
-1.062705365081210163e+00
-1.063705078850159635e+00
-1.064704790383242727e+00
-1.065704499679181572e+00
-1.066704206736287519e+00
-1.067703911552444485e+00
-1.068703614125096069e+00
-1.069703314451224019e+00
-1.070703012527342235e+00
-1.071702708349464128e+00
-1.072702401913106174e+00
-1.073702093213236619e+00
-1.074701782244300130e+00
-1.075701469000155397e+00
-1.076701153474087569e+00
-1.077700835658774725e+00
-1.078700515546252570e+00
-1.079700193127925756e+00
-1.080699868394509489e+00
-1.081699541336038406e+00
-1.082699211941809736e+00
-1.083698880200382630e+00
-1.084698546099546412e+00
-1.085698209626286159e+00
-1.086697870766765828e+00
-1.087697529506297389e+00
-1.088697185829301306e+00
-1.089696839719298538e+00
-1.090696491158852810e+00
-1.091696140129557513e+00
-1.092695786612000619e+00
-1.093695430585731154e+00
-1.094695072029213234e+00
-1.095694710919815185e+00
-1.096694347233731825e+00
-1.097693980946001568e+00
-1.098693612030415823e+00
-1.099693240459524546e+00
-1.100692866204551645e+00
-1.101692489235393424e+00
-1.102692109520539532e+00
-1.103691727027066305e+00
-1.104691341720559050e+00
-1.105690953565083845e+00
-1.106690562523130916e+00
-1.107690168555572896e+00
-1.108689771621613529e+00
-1.109689371678731273e+00
-1.110688968682628897e+00
-1.111688562587179074e+00
-1.112688153344373765e+00
-1.113687740904274026e+00
-1.114687325214915425e+00
-1.115686906222298713e+00
-1.116686483870297897e+00
-1.117686058100602509e+00
-1.118685628852663205e+00
-1.119685196063611832e+00
-1.120684759668204133e+00
-1.121684319598759361e+00
-1.122683875785067453e+00
-1.123683428154341968e+00
-1.124682976631125264e+00
-1.125682521137236769e+00
-1.126682061591674167e+00
-1.127681597910543898e+00
-1.128681130006991884e+00
-1.129680657791104714e+00
-1.130680181169844367e+00
-1.131679700046942738e+00
-1.132679214322833472e+00
-1.133678723894544937e+00
-1.134678228655636723e+00
-1.135677728496077732e+00
-1.136677223302171358e+00
-1.137676712956458669e+00
-1.138676197337603169e+00
-1.139675676320312192e+00
-1.140675149775232322e+00
-1.141674617568825711e+00
-1.142674079563299250e+00
-1.143673535616452908e+00
-1.144672985581616009e+00
-1.145672429307498241e+00
-1.146671866638103943e+00
-1.147671297412600655e+00
-1.148670721465199218e+00
-1.149670138625050964e+00
-1.150669548716102719e+00
-1.151668951557001774e+00
-1.152668346960934898e+00
-1.153667734735531747e+00
-1.154667114682718987e+00
-1.155666486598592391e+00
-1.156665850273271623e+00
-1.157665205490784777e+00
-1.158664552028902728e+00
-1.159663889659028557e+00
-1.160663218146029241e+00
-1.161662537248099092e+00
-1.162661846716615877e+00
-1.163661146295984272e+00
-1.164660435723485321e+00
-1.165659714729131657e+00
-1.166658983035492536e+00
-1.167658240357559274e+00
-1.168657486402554735e+00
-1.169656720869800548e+00
-1.170655943450529479e+00
-1.171655153827726226e+00
-1.172654351675967543e+00
-1.173653536661223074e+00
-1.174652708440714566e+00
-1.175651866662710709e+00
-1.176651010966371258e+00
-1.177650140981549187e+00
-1.178649256328616612e+00
-1.179648356618279603e+00
-1.180647441451389001e+00
-1.181646510418751905e+00
-1.182645563100933384e+00
-1.183644599068077063e+00
-1.184643617879694411e+00
-1.185642619084483318e+00
-1.186641602220108505e+00
-1.187640566813013887e+00
-1.188639512378214969e+00
-1.189638438419090782e+00
-1.190637344427178057e+00
-1.191636229881966713e+00
-1.192635094250673378e+00
-1.193633936988035993e+00
-1.194632757536103984e+00
-1.195631555324010220e+00
-1.196630329767762735e+00
-1.197629080270010027e+00
-1.198627806219828784e+00
-1.199626506992489183e+00
-1.200625181949244613e+00
-1.201623830437087426e+00
-1.202622451788523339e+00
-1.203621045321350724e+00
-1.204619610338403035e+00
-1.205618146127348300e+00
-1.206616651960418007e+00
-1.207615127094200158e+00
-1.208613570769381029e+00
-1.209611982210500924e+00
-1.210610360625743009e+00
-1.211608705206651981e+00
-1.212607015127911803e+00
-1.213605289547101895e+00
-1.214603527604440458e+00
-1.215601728422542660e+00
-1.216599891106168174e+00
-1.217598014741983148e+00
-1.218596098398293082e+00
-1.219594141124803466e+00
-1.220592141952361764e+00
-1.221590099892717607e+00
-1.222588013938243678e+00
-1.223585883061706570e+00
-1.224583706216001211e+00
-1.225581482333894190e+00
-1.226579210327776837e+00
-1.227576889089392775e+00
-1.228574517489609441e+00
-1.229572094378121205e+00
-1.230569618583240432e+00
-1.231567088911595942e+00
-1.232564504147906526e+00
-1.233561863054713159e+00
-1.234559164372123652e+00
-1.235556406817545749e+00
-1.236553589085458205e+00
-1.237550709847122121e+00
-1.238547767750345807e+00
-1.239544761419227648e+00
-1.240541689453887653e+00
-1.241538550430236754e+00
-1.242535342899697692e+00
-1.243532065388982533e+00
-1.244528716399803336e+00
-1.245525294408659223e+00
-1.246521797866564141e+00
-1.247518225198800623e+00
-1.248514574804676425e+00
-1.249510845057283603e+00
-1.250507034303236287e+00
-1.251503140862453956e+00
-1.252499163027891438e+00
-1.253495099065312646e+00
-1.254490947213061425e+00
-1.255486705681798432e+00
-1.256482372654298629e+00
-1.257477946285186166e+00
-1.258473424700729870e+00
-1.259468805998594565e+00
-1.260464088247629233e+00
-1.261459269487635426e+00
-1.262454347729137671e+00
-1.263449320953190069e+00
-1.264444187111115392e+00
-1.265438944124337439e+00
-1.266433589884136568e+00
-1.267428122251459843e+00
-1.268422539056700327e+00
-1.269416838099503675e+00
-1.270411017148564969e+00
-1.271405073941433983e+00
-1.272399006184307790e+00
-1.273392811551869119e+00
-1.274386487687068970e+00
-1.275380032200956082e+00
-1.276373442672501302e+00
-1.277366716648415279e+00
-1.278359851642975942e+00
-1.279352845137861960e+00
-1.280345694581978666e+00
-1.281338397391313721e+00
-1.282330950948764370e+00
-1.283323352603999767e+00
-1.284315599673290009e+00
-1.285307689439383116e+00
-1.286299619151361817e+00
-1.287291386024493445e+00
-1.288282987240113142e+00
-1.289274419945494410e+00
-1.290265681253722985e+00
-1.291256768243583153e+00
-1.292247677959445840e+00
-1.293238407411160029e+00
-1.294228953573946628e+00
-1.295219313388317417e+00
-1.296209483759950931e+00
-1.297199461559638722e+00
-1.298189243623184996e+00
-1.299178826751339999e+00
-1.300168207709712309e+00
-1.301157383228719988e+00
-1.302146350003527964e+00
-1.303135104693978308e+00
-1.304123643924561593e+00
-1.305111964284360715e+00
-1.306100062327007816e+00
-1.307087934570676957e+00
-1.308075577498021724e+00
-1.309062987556190771e+00
-1.310050161156783632e+00
-1.311037094675855164e+00
-1.312023784453923980e+00
-1.313010226795951141e+00
-1.313996417971373010e+00
-1.314982354214099702e+00
-1.315968031722547504e+00
-1.316953446659658855e+00
-1.317938595152947645e+00
-1.318923473294530968e+00
-1.319908077141170200e+00
-1.320892402714343605e+00
-1.321876446000290528e+00
-1.322860202950075559e+00
-1.323843669479672913e+00
-1.324826841470036820e+00
-1.325809714767186342e+00
-1.326792285182299747e+00
-1.327774548491817752e+00
-1.328756500437537902e+00
-1.329738136726728470e+00
-1.330719453032251920e+00
-1.331700444992690135e+00
-1.332681108212461440e+00
-1.333661438261974697e+00
-1.334641430677767193e+00
-1.335621080962640095e+00
-1.336600384585850954e+00
-1.337579336983242273e+00
-1.338557933557430468e+00
-1.339536169677972621e+00
-1.340514040681562991e+00
-1.341491541872208870e+00
-1.342468668521435315e+00
-1.343445415868482318e+00
-1.344421779120517968e+00
-1.345397753452861389e+00
-1.346373334009187461e+00
-1.347348515901769517e+00
-1.348323294211709600e+00
-1.349297663989184493e+00
-1.350271620253679750e+00
-1.351245157994267920e+00
-1.352218272169837476e+00
-1.353190957709388131e+00
-1.354163209512290855e+00
-1.355135022448564097e+00
-1.356106391359167107e+00
-1.357077311056279267e+00
-1.358047776323612954e+00
-1.359017781916702861e+00
-1.359987322563227963e+00
-1.360956392963311945e+00
-1.361924987789849828e+00
-1.362893101688845698e+00
-1.363860729279730899e+00
-1.364827865155700870e+00
-1.365794503884076194e+00
-1.366760640006633443e+00
-1.367726268039962223e+00
-1.368691382475847096e+00
-1.369655977781598422e+00
-1.370620048400450042e+00
-1.371583588751918548e+00
-1.372546593232202516e+00
-1.373509056214553103e+00
-1.374470972049666839e+00
-1.375432335066095746e+00
-1.376393139570624813e+00
-1.377353379848701875e+00
-1.378313050164835518e+00
-1.379272144763010521e+00
-1.380230657867108413e+00
-1.381188583681339566e+00
-1.382145916390651097e+00
-1.383102650161188940e+00
-1.384058779140717954e+00
-1.385014297459049804e+00
-1.385969199228518134e+00
-1.386923478544403121e+00
-1.387877129485410643e+00
-1.388830146114082398e+00
-1.389782522477319926e+00
-1.390734252606782961e+00
-1.391685330519418340e+00
-1.392635750217873225e+00
-1.393585505691018911e+00
-1.394534590914389138e+00
-1.395482999850687245e+00
-1.396430726450255788e+00
-1.397377764651565268e+00
-1.398324108381707065e+00
-1.399269751556875496e+00
-1.400214688082866976e+00
-1.401158911855584055e+00
-1.402102416761531689e+00
-1.403045196678295747e+00
-1.403987245475083245e+00
-1.404928557013198631e+00
-1.405869125146569587e+00
-1.406808943722235972e+00
-1.407748006580889832e+00
-1.408686307557353246e+00
-1.409623840481120993e+00
-1.410560599176862606e+00
-1.411496577464941504e+00
-1.412431769161921258e+00
-1.413366168081120477e+00
-1.414299768033078220e+00
-1.415232562826133744e+00
-1.416164546266890589e+00
-1.417095712160788112e+00
-1.418026054312597761e+00
-1.418955566526941103e+00
-1.419884242608841385e+00
-1.420812076364211141e+00
-1.421739061600415965e+00
-1.422665192126753908e+00
-1.423590461755019021e+00
-1.424514864300004069e+00
-1.425438393580026553e+00
-1.426361043417455399e+00
-1.427282807639231654e+00
-1.428203680077386739e+00
-1.429123654569568691e+00
-1.430042724959565970e+00
-1.430960885097805946e+00
-1.431878128841909126e+00
-1.432794450057178315e+00
-1.433709842617113761e+00
-1.434624300403942287e+00
-1.435537817309132658e+00
-1.436450387233891846e+00
-1.437362004089682843e+00
-1.438272661798735141e+00
-1.439182354294547883e+00
-1.440091075522406117e+00
-1.440998819439858636e+00
-1.441905580017241784e+00
-1.442811351238174833e+00
-1.443716127100047819e+00
-1.444619901614513369e+00
-1.445522668807993627e+00
-1.446424422722160985e+00
-1.447325157414417029e+00
-1.448224866958382817e+00
-1.449123545444385597e+00
-1.450021186979931320e+00
-1.450917785690173156e+00
-1.451813335718397546e+00
-1.452707831226477397e+00
-1.453601266395358804e+00
-1.454493635425502029e+00
-1.455384932537349796e+00
-1.456275151971789583e+00
-1.457164287990598162e+00
-1.458052334876890788e+00
-1.458939286935558188e+00
-1.459825138493741736e+00
-1.460709883901226691e+00
-1.461593517530900721e+00
-1.462476033779185336e+00
-1.463357427066453775e+00
-1.464237691837456223e+00
-1.465116822561733478e+00
-1.465994813734039504e+00
-1.466871659874749989e+00
-1.467747355530258035e+00
-1.468621895273381606e+00
-1.469495273703763205e+00
-1.470367485448257350e+00
-1.471238525161328470e+00
-1.472108387525401962e+00
-1.472977067251307615e+00
-1.473844559078572924e+00
-1.474710857775862083e+00
-1.475575958141285060e+00
-1.476439855002820156e+00
-1.477302543218599551e+00
-1.478164017677315201e+00
-1.479024273298533698e+00
-1.479883305033053098e+00
-1.480741107863222439e+00
-1.481597676803296570e+00
-1.482453006899737691e+00
-1.483307093231550189e+00
-1.484159930910591729e+00
-1.485011515081889666e+00
-1.485861840923927479e+00
-1.486710903648975846e+00
-1.487558698503374632e+00
-1.488405220767794912e+00
-1.489250465757576691e+00
-1.490094428822966277e+00
-1.490937105349410929e+00
-1.491778490757819320e+00
-1.492618580504830650e+00
-1.493457370083072000e+00
-1.494294855021407242e+00
-1.495131030885196166e+00
-1.495965893276518521e+00
-1.496799437834429369e+00
-1.497631660235189788e+00
-1.498462556192479367e+00
-1.499292121457627802e+00
-1.500120351819830056e+00
-1.500947243106358409e+00
-1.501772791182761413e+00
-1.502596991953072614e+00
-1.503419841359997067e+00
-1.504241335385104517e+00
-1.505061470049012806e+00
-1.505880241411564624e+00
-1.506697645572005140e+00
-1.507513678669144985e+00
-1.508328336881523679e+00
-1.509141616427564836e+00
-1.509953513565742034e+00
-1.510764024594706489e+00
-1.511573145853433164e+00
-1.512380873721368424e+00
-1.513187204618544390e+00
-1.513992135005721718e+00
-1.514795661384486181e+00
-1.515597780297398334e+00
-1.516398488328067451e+00
-1.517197782101278536e+00
-1.517995658283091132e+00
-1.518792113580919922e+00
-1.519587144743636875e+00
-1.520380748561656503e+00
-1.521172921867009808e+00
-1.521963661533414891e+00
-1.522752964476354665e+00
-1.523540827653139917e+00
-1.524327248062964379e+00
-1.525112222746962676e+00
-1.525895748788259620e+00
-1.526677823312018401e+00
-1.527458443485471662e+00
-1.528237606517967029e+00
-1.529015309660986199e+00
-1.529791550208191575e+00
-1.530566325495420488e+00
-1.531339632900713843e+00
-1.532111469844348983e+00
-1.532881833788801273e+00
-1.533650722238788289e+00
-1.534418132741253604e+00
-1.535184062885349476e+00
-1.535948510302448611e+00
-1.536711472666109302e+00
-1.537472947692066549e+00
-1.538232933138206304e+00
-1.538991426804542817e+00
-1.539748426533168901e+00
-1.540503930208244388e+00
-1.541257935755935948e+00
-1.542010441144385569e+00
-1.542761444383647262e+00
-1.543510943525659318e+00
-1.544258936664154369e+00
-1.545005421934630974e+00
-1.545750397514268348e+00
-1.546493861621869526e+00
-1.547235812517772757e+00
-1.547976248503807328e+00
-1.548715167923181646e+00
-1.549452569160415738e+00
-1.550188450641251103e+00
-1.550922810832566334e+00
-1.551655648242275198e+00
-1.552386961419233602e+00
-1.553116748953138337e+00
-1.553845009474421834e+00
-1.554571741654146910e+00
-1.555296944203896414e+00
-1.556020615875650215e+00
-1.556742755461691274e+00
-1.557463361794451773e+00
-1.558182433746426954e+00
-1.558899970230015253e+00
-1.559615970197405277e+00
-1.560330432640448572e+00
-1.561043356590521292e+00
-1.561754741118357437e+00
-1.562464585333965816e+00
-1.563172888386429760e+00
-1.563879649463796540e+00
-1.564584867792913503e+00
-1.565288542639275526e+00
-1.565990673306871361e+00
-1.566691259138045300e+00
-1.567390299513306218e+00
-1.568087793851184575e+00
-1.568783741608077875e+00
-1.569478142278058819e+00
-1.570170995392718760e+00
-1.570862300521014054e+00
-1.571552057269059999e+00
-1.572240265279978511e+00
-1.572926924233713386e+00
-1.573612033846852221e+00
-1.574295593872449883e+00
-1.574977604099824902e+00
-1.575658064354411803e+00
-1.576336974497522414e+00
-1.577014334426213971e+00
-1.577690144073047307e+00
-1.578364403405928984e+00
-1.579037112427893907e+00
-1.579708271176930801e+00
-1.580377879725767265e+00
-1.581045938181679045e+00
-1.581712446686282858e+00
-1.582377405415344551e+00
-1.583040814578565270e+00
-1.583702674419379175e+00
-1.584362985214757158e+00
-1.585021747274977244e+00
-1.585678960943437854e+00
-1.586334626596435537e+00
-1.586988744642961358e+00
-1.587641315524473962e+00
-1.588292339714704404e+00
-1.588941817719428995e+00
-1.589589750076255248e+00
-1.590236137354415380e+00
-1.590880980154528279e+00
-1.591524279108402551e+00
-1.592166034878803593e+00
-1.592806248159234883e+00
-1.593444919673729254e+00
-1.594082050176604870e+00
-1.594717640452260721e+00
-1.595351691314951026e+00
-1.595984203608554530e+00
-1.596615178206346242e+00
-1.597244616010792262e+00
-1.597872517953306870e+00
-1.598498884994026259e+00
-1.599123718121593818e+00
-1.599747018352920103e+00
-1.600368786732957904e+00
-1.600989024334496635e+00
-1.601607732257890104e+00
-1.602224911630874882e+00
-1.602840563608303182e+00
-1.603454689371937469e+00
-1.604067290130223533e+00
-1.604678367118038684e+00
-1.605287921596477263e+00
-1.605895954852628593e+00
-1.606502468199329403e+00
-1.607107462974948220e+00
-1.607710940543144895e+00
-1.608312902292651003e+00
-1.608913349637031587e+00
-1.609512284014463779e+00
-1.610109706887493664e+00
-1.610705619742823558e+00
-1.611300024091072425e+00
-1.611892921466541839e+00
-1.612484313427004823e+00
-1.613074201553462705e+00
-1.613662587449910202e+00
-1.614249472743130243e+00
-1.614834859082443064e+00
-1.615418748139484384e+00
-1.616001141607999347e+00
-1.616582041203579845e+00
-1.617161448663456014e+00
-1.617739365746277524e+00
-1.618315794231878657e+00
-1.618890735921050039e+00
-1.619464192635312161e+00
-1.620036166216705098e+00
-1.620606658527561361e+00
-1.621175671450257649e+00
-1.621743206887023003e+00
-1.622309266759704771e+00
-1.622873853009548117e+00
-1.623436967596964431e+00
-1.623998612501327932e+00
-1.624558789720744079e+00
-1.625117501271837073e+00
-1.625674749189529811e+00
-1.626230535526814514e+00
-1.626784862354556660e+00
-1.627337731761261397e+00
-1.627889145852866593e+00
-1.628439106752529231e+00
-1.628987616600392041e+00
-1.629534677553408750e+00
-1.630080291785088953e+00
-1.630624461485320253e+00
-1.631167188860125128e+00
-1.631708476131491281e+00
-1.632248325537123401e+00
-1.632786739330252201e+00
-1.633323719779436356e+00
-1.633859269168333572e+00
-1.634393389795522733e+00
-1.634926083974263200e+00
-1.635457354032329835e+00
-1.635987202311778743e+00
-1.636515631168766083e+00
-1.637042642973335793e+00
-1.637568240109225526e+00
-1.638092424973661920e+00
-1.638615199977167869e+00
-1.639136567543364009e+00
-1.639656530108770882e+00
-1.640175090122618196e+00
-1.640692250046642986e+00
-1.641208012354906431e+00
-1.641722379533597787e+00
-1.642235354080838539e+00
-1.642746938506495891e+00
-1.643257135332000685e+00
-1.643765947090152224e+00
-1.644273376324933533e+00
-1.644779425591324840e+00
-1.645284097455122607e+00
-1.645787394492753242e+00
-1.646289319291088349e+00
-1.646789874447269764e+00
-1.647289062568528584e+00
-1.647786886271999540e+00
-1.648283348184550245e+00
-1.648778450942600227e+00
-1.649272197191954836e+00
-1.649764589587614960e+00
-1.650255630793616479e+00
-1.650745323482844640e+00
-1.651233670336891279e+00
-1.651720674045848547e+00
-1.652206337308167017e+00
-1.652690662830467616e+00
-1.653173653327403514e+00
-1.653655311521464055e+00
-1.654135640142829766e+00
-1.654614641929203822e+00
-1.655092319625650843e+00
-1.655568675984422145e+00
-1.656043713764838721e+00
-1.656517435733078969e+00
-1.656989844662055678e+00
-1.657460943331253045e+00
-1.657930734526571470e+00
-1.658399221040160354e+00
-1.658866405670290201e+00
-1.659332291221192301e+00
-1.659796880502889316e+00
-1.660260176331076920e+00
-1.660722181526950836e+00
-1.661182898917079376e+00
-1.661642331333243572e+00
-1.662100481612299951e+00
-1.662557352596036653e+00
-1.663012947131029096e+00
-1.663467268068506755e+00
-1.663920318264198839e+00
-1.664372100578208391e+00
-1.664822617874878841e+00
-1.665271873022632576e+00
-1.665719868893870359e+00
-1.666166608364814339e+00
-1.666612094315379045e+00
-1.667056329629042377e+00
-1.667499317192722375e+00
-1.667941059896628886e+00
-1.668381560634161653e+00
-1.668820822301746887e+00
-1.669258847798759327e+00
-1.669695640027354377e+00
-1.670131201892362638e+00
-1.670565536301172660e+00
-1.670998646163598389e+00
-1.671430534391763256e+00
-1.671861203899984050e+00
-1.672290657604647013e+00
-1.672718898424095935e+00
-1.673145929278517130e+00
-1.673571753089811320e+00
-1.673996372781507036e+00
-1.674419791278612513e+00
-1.674842011507537087e+00
-1.675263036395967298e+00
-1.675682868872746978e+00
-1.676101511867783334e+00
-1.676518968311942803e+00
-1.676935241136931820e+00
-1.677350333275200889e+00
-1.677764247659830676e+00
-1.678176987224442085e+00
-1.678588554903081675e+00
-1.678998953630145063e+00
-1.679408186340234588e+00
-1.679816255968105354e+00
-1.680223165448538447e+00
-1.680628917716254112e+00
-1.681033515705818493e+00
-1.681436962351543274e+00
-1.681839260587392193e+00
-1.682240413346900443e+00
-1.682640423563059873e+00
-1.683039294168255484e+00
-1.683437028094149301e+00
-1.683833628271612426e+00
-1.684229097630634886e+00
-1.684623439100219500e+00
-1.685016655608318370e+00
-1.685408750081735185e+00
-1.685799725446056385e+00
-1.686189584625553906e+00
-1.686578330543094362e+00
-1.686965966120085758e+00
-1.687352494276383119e+00
-1.687737917930199227e+00
-1.688122239998038010e+00
-1.688505463394626815e+00
-1.688887591032816049e+00
-1.689268625823517000e+00
-1.689648570675634121e+00
-1.690027428495983752e+00
-1.690405202189212641e+00
-1.690781894657737316e+00
-1.691157508801681919e+00
-1.691532047518782278e+00
-1.691905513704343278e+00
-1.692277910251144268e+00
-1.692649240049402648e+00
-1.693019505986674611e+00
-1.693388710947820064e+00
-1.693756857814908479e+00
-1.694123949467180257e+00
-1.694489988780963241e+00
-1.694854978629626086e+00
-1.695218921883500984e+00
-1.695581821409845702e+00
-1.695943680072752979e+00
-1.696304500733118559e+00
-1.696664286248558584e+00
-1.697023039473392947e+00
-1.697380763258521164e+00
-1.697737460451435698e+00
-1.698093133896127815e+00
-1.698447786433032070e+00
-1.698801420899003212e+00
-1.699154040127214493e+00
-1.699505646947162107e+00
-1.699856244184558385e+00
-1.700205834661317361e+00
-1.700554421195507926e+00
-1.700902006601267447e+00
-1.701248593688783783e+00
-1.701594185264250658e+00
-1.701938784129803262e+00
-1.702282393083466516e+00
-1.702625014919144419e+00
-1.702966652426531002e+00
-1.703307308391087460e+00
-1.703646985594022611e+00
-1.703985686812187206e+00
-1.704323414818097460e+00
-1.704660172379846683e+00
-1.704995962261092624e+00
-1.705330787221002842e+00
-1.705664650014227179e+00
-1.705997553390828259e+00
-1.706329500096286367e+00
-1.706660492871425516e+00
-1.706990534452401898e+00
-1.707319627570649923e+00
-1.707647774952848474e+00
-1.707974979320897813e+00
-1.708301243391869395e+00
-1.708626569877985668e+00
-1.708950961486564113e+00
-1.709274420920020576e+00
-1.709596950875795551e+00
-1.709918554046355732e+00
-1.710239233119136060e+00
-1.710558990776537502e+00
-1.710877829695879537e+00
-1.711195752549354854e+00
-1.711512762004037569e+00
-1.711828860721824608e+00
-1.712144051359423047e+00
-1.712458336568319472e+00
-1.712771718994744230e+00
-1.713084201279654328e+00
-1.713395786058711234e+00
-1.713706475962245346e+00
-1.714016273615240227e+00
-1.714325181637290418e+00
-1.714633202642608767e+00
-1.714940339239975131e+00
-1.715246594032719729e+00
-1.715551969618716699e+00
-1.715856468590343242e+00
-1.716160093534463194e+00
-1.716462847032411920e+00
-1.716764731659974119e+00
-1.717065749987354728e+00
-1.717365904579176039e+00
-1.717665197994437509e+00
-1.717963632786516426e+00
-1.718261211503149255e+00
-1.718557936686388787e+00
-1.718853810872620125e+00
-1.719148836592518714e+00
-1.719443016371053234e+00
-1.719736352727449402e+00
-1.720028848175194192e+00
-1.720320505222009633e+00
-1.720611326369836380e+00
-1.720901314114821057e+00
-1.721190470947315143e+00
-1.721478799351840339e+00
-1.721766301807090782e+00
-1.722052980785908849e+00
-1.722338838755286039e+00
-1.722623878176341661e+00
-1.722908101504311507e+00
-1.723191511188538527e+00
-1.723474109672469723e+00
-1.723755899393623059e+00
-1.724036882783607227e+00
-1.724317062268084788e+00
-1.724596440266788822e+00
-1.724875019193474746e+00
-1.725152801455963836e+00
-1.725429789456093710e+00
-1.725705985589726543e+00
-1.725981392246733304e+00
-1.726256011811003521e+00
-1.726529846660411982e+00
-1.726802899166836935e+00
-1.727075171696144329e+00
-1.727346666608171377e+00
-1.727617386256734555e+00
-1.727887332989615166e+00
-1.728156509148566000e+00
-1.728424917069296685e+00
-1.728692559081463465e+00
-1.728959437508676311e+00
-1.729225554668497145e+00
-1.729490912872424735e+00
-1.729755514425894258e+00
-1.730019361628283070e+00
-1.730282456772890720e+00
-1.730544802146952499e+00
-1.730806400031627001e+00
-1.731067252702012116e+00
-1.731327362427113714e+00
-1.731586731469864304e+00
-1.731845362087113260e+00
-1.732103256529641033e+00
-1.732360417042130507e+00
-1.732616845863194532e+00
-1.732872545225355720e+00
-1.733127517355063540e+00
-1.733381764472682329e+00
-1.733635288792483520e+00
-1.733888092522667845e+00
-1.734140177865355570e+00
-1.734391547016584934e+00
-1.734642202166313041e+00
-1.734892145498426741e+00
-1.735141379190731303e+00
-1.735389905414964407e+00
-1.735637726336793252e+00
-1.735884844115802350e+00
-1.736131260905533047e+00
-1.736376978853447994e+00
-1.736622000100951357e+00
-1.736866326783394809e+00
-1.737109961030073535e+00
-1.737352904964233558e+00
-1.737595160703066410e+00
-1.737836730357736670e+00
-1.738077616033357531e+00
-1.738317819829007904e+00
-1.738557343837752622e+00
-1.738796190146611353e+00
-1.739034360836591464e+00
-1.739271857982688241e+00
-1.739508683653885113e+00
