4.000000000000115463e+00
3.966946050361794818e+00
3.871190827721390448e+00
3.722067782198184016e+00
3.532600067914466013e+00
3.316870518762082387e+00
3.087875917228368738e+00
2.856272553609712883e+00
2.629966423436493450e+00
2.414276445070025812e+00
2.212381199684353206e+00
2.025839914668809527e+00
1.855071387654868564e+00
1.699743552760788257e+00
1.559066577736622605e+00
1.432001113761421252e+00
1.317399324175952069e+00
1.214096010986182694e+00
1.120964362110035584e+00
1.036947515834632183e+00
9.610741313485340331e-01
8.924637376439941150e-01
8.303258153050709911e-01
7.739552547097650059e-01
7.227259161756900419e-01
6.760833890574829974e-01
6.335376244218615671e-01
5.946558365387742962e-01
5.590558852024724024e-01
5.264002291044508341e-01
4.963904565553085568e-01
4.687623446068193700e-01
4.432813763633053905e-01
4.197386666657726417e-01
3.979472995795136914e-01
3.777391360946621424e-01
3.589621705710446808e-01
3.414784827161984060e-01
3.251627614919626597e-01
3.099013009360973570e-01
2.955913167960707577e-01
2.821404221437743831e-01
2.694661261048771350e-01
2.574952671661711601e-01
2.461633437096967247e-01
2.354137464781565214e-01
2.251969244981889828e-01
2.154695274172861996e-01
2.061935666535768541e-01
1.973356298385257335e-01
1.888661719824725194e-01
1.807588956910347877e-01
1.729902234040756881e-01
1.655388577563177421e-01
1.583854217909564654e-01
1.515121685196583190e-01
1.449027486880981042e-01
1.385420260489382271e-01
1.324159305193902125e-01
1.265113409699329949e-01
1.208159908232081942e-01
1.153183909937682966e-01
1.100077658941383263e-01
1.048739992397155762e-01
9.990758720384024238e-02
9.509959712060890580e-02
9.044163042969115274e-02
8.592578893147664876e-02
8.154464369543376612e-02
7.729120616346710215e-02
7.315890112966502712e-02
6.914154137503877862e-02
6.523330380131564521e-02
6.142870695062058878e-02
5.772258982562396279e-02
5.411009194147372442e-02
5.058663455069133813e-02
4.714790298759841819e-02
4.378983008181792924e-02
4.050858059130248850e-02
3.730053660619166156e-02
3.416228387488388918e-02
3.109059900423342959e-02
2.808243748616363195e-02
2.513492250392070776e-02
2.224533447223925320e-02
1.941110126701030281e-02
1.662978910166670876e-02
1.389909400915212423e-02
1.121683389023443722e-02
8.580941090854499187e-03
5.989455473173137257e-03
3.440517946920802761e-03
9.323644296958463751e-04
-1.536679793281786610e-03
-3.968205337525225473e-03
-6.363723641669802311e-03
-8.724671567780173387e-03
-1.105241570222045833e-02
-1.334825637784040064e-02
-1.561343143702394881e-02
-1.784911975354334934e-02
-2.005644453010105993e-02
-2.223647638708532021e-02
-2.439023625695131703e-02
-2.651869809770272812e-02
-2.862279143786181090e-02
-3.070340376443696229e-02
-3.276138276462930987e-02
-3.479753843115340750e-02
-3.681264504039313823e-02
-3.880744301186888484e-02
-4.078264065701812241e-02
-4.273891582451801868e-02
-4.467691744909675633e-02
-4.659726701002808724e-02
-4.850055990527510352e-02
-5.038736674672417842e-02
-5.225823458154075368e-02
-5.411368804443136837e-02
-5.595423044513910676e-02
-5.778034479528881134e-02
-5.959249477837599146e-02
-6.139112566641059809e-02
-6.317666518655233598e-02
-6.494952434077766457e-02
-6.671009818146028669e-02
-6.845876654550624163e-02
-7.019589474958920494e-02
-7.192183424873546671e-02
-7.363692326053394854e-02
-7.534148735686516107e-02
-7.703584002520684482e-02
-7.872028320113103050e-02
-8.039510777378484907e-02
-8.206059406583660065e-02
-8.371701228932593164e-02
-8.536462297885341610e-02
-8.700367740334399858e-02
-8.863441795755246100e-02
-9.025707853447748064e-02
-9.187188487977027140e-02
-9.347905492898964108e-02
-9.507879912882481743e-02
-9.667132074298019628e-02
-9.825681614367676175e-02
-9.983547508944030924e-02
-1.014074809899787599e-01
-1.029730111587857100e-01
-1.045322370541279938e-01
-1.060853245090170593e-01
-1.076324339507376826e-01
-1.091737206104788915e-01
-1.107093347235444530e-01
-1.122394217206608980e-01
-1.137641224108098120e-01
-1.152835731559979648e-01
-1.167979060383912832e-01
-1.183072490201936555e-01
-1.198117260965998465e-01
-1.213114574421709640e-01
-1.228065595509746089e-01
-1.242971453707954060e-01
-1.257833244316287902e-01
-1.272652029688302044e-01
-1.287428840411128650e-01
-1.302164676436620983e-01
-1.316860508165677568e-01
-1.331517277488315498e-01
-1.346135898781355145e-01
-1.360717259865436013e-01
-1.375262222923920030e-01
-1.389771625384580711e-01
-1.404246280766356103e-01
-1.418686979492581046e-01
-1.433094489672004923e-01
-1.447469557849598021e-01
-1.461812909727457643e-01
-1.476125250858601190e-01
-1.490407267313302864e-01
-1.504659626320299926e-01
-1.518882976883351721e-01
-1.533077950374683307e-01
-1.547245161105682554e-01
-1.561385206876378662e-01
-1.575498669504563076e-01
-1.589586115335014371e-01
-1.603648095729974521e-01
-1.617685147541633173e-01
-1.631697793567447041e-01
-1.645686542988837320e-01
-1.659651891793796907e-01
-1.673594323184633692e-01
-1.687514307970877647e-01
-1.701412304948413945e-01
-1.715288761264775752e-01
-1.729144112772018349e-01
-1.742978784366926159e-01
-1.756793190319346498e-01
-1.770587734589218198e-01
-1.784362811132621518e-01
-1.798118804197164355e-01
-1.811856088607523285e-01
-1.825575030040776647e-01
-1.839275985292948001e-01
-1.852959302536298369e-01
-1.866625321567754181e-01
-1.880274374049517305e-01
-1.893906783741142741e-01
-1.907522866724461752e-01
-1.921122931620538876e-01
-1.934707279799955937e-01
-1.948276205585929288e-01
-1.961829996451102398e-01
-1.975368933207651279e-01
-1.988893290191456886e-01
-2.002403335440417487e-01
-2.015899330866930961e-01
-2.029381532424920365e-01
-2.042850190271669752e-01
-2.056305548924459714e-01
-2.069747847412314601e-01
-2.083177319423066831e-01
-2.096594193445786292e-01
-2.109998692908721662e-01
-2.123391036313348745e-01
-2.136771437363815807e-01
-2.150140105092691600e-01
-2.163497243983098783e-01
-2.176843054086494145e-01
-2.190177731137812611e-01
-2.203501466666238362e-01
-2.216814448103274771e-01
-2.230116858887548070e-01
-2.243408878566030551e-01
-2.256690682892885380e-01
-2.269962443925025719e-01
-2.283224330114916878e-01
-2.296476506400946527e-01
-2.309719134294725695e-01
-2.322952371966130469e-01
-2.336176374326066063e-01
-2.349391293106400103e-01
-2.362597276938040447e-01
-2.375794471426534715e-01
-2.388983019225617288e-01
-2.402163060108718495e-01
-2.415334731038359106e-01
-2.428498166233639122e-01
-2.441653497236083159e-01
-2.454800852973067493e-01
-2.467940359820212648e-01
-2.481072141661587738e-01
-2.494196319948209228e-01
-2.507313013755427811e-01
-2.520422339838189196e-01
-2.533524412685172478e-01
-2.546619344571277033e-01
-2.559707245608821569e-01
-2.572788223797173868e-01
-2.585862385071398539e-01
-2.598929833349147844e-01
-2.611990670576733176e-01
-2.625044996773732153e-01
-2.638092910076532127e-01
-2.651134506780632449e-01
-2.664169881382003058e-01
-2.677199126617061942e-01
-2.690222333502094720e-01
-2.703239591371144335e-01
-2.716250987913300108e-01
-2.729256609208778328e-01
-2.742256539764316714e-01
-2.755250862547510282e-01
-2.768239659020162446e-01
-2.781223009171110983e-01
-2.794200991548027035e-01
-2.807173683288431421e-01
-2.820141160149781667e-01
-2.833103496539388644e-01
-2.846060765542648419e-01
-2.859013038951518371e-01
-2.871960387291648265e-01
-2.884902879849265966e-01
-2.897840584696900201e-01
-2.910773568719207116e-01
-2.923701897637301372e-01
-2.936625636033405873e-01
-2.949544847373949397e-01
-2.962459594033018395e-01
-2.975369937314636948e-01
-2.988275937474665356e-01
-3.001177653742377882e-01
-3.014075144341272217e-01
-3.026968466509504241e-01
-3.039857676519741037e-01
-3.052742829698814608e-01
-3.065623980446481878e-01
-3.078501182254191892e-01
-3.091374487723159703e-01
-3.104243948582072199e-01
-3.117109615704294345e-01
-3.129971539124945523e-01
-3.142829768057285866e-01
-3.155684350908935509e-01
-3.168535335297478217e-01
-3.181382768066223776e-01
-3.194226695298842400e-01
-3.207067162334368282e-01
-3.219904213781440427e-01
-3.232737893532505735e-01
-3.245568244777464750e-01
-3.258395310017135893e-01
-3.271219131076354980e-01
-3.284039749116990925e-01
-3.296857204650333051e-01
-3.309671537549460085e-01
-3.322482787061313836e-01
-3.335290991818247730e-01
-3.348096189849862347e-01
-3.360898418593978310e-01
-3.373697714907791800e-01
-3.386494115078543810e-01
-3.399287654834124983e-01
-3.412078369353345741e-01
-3.424866293276106477e-01
-3.437651460713160301e-01
-3.450433905255895772e-01
-3.463213659985671100e-01
-3.475990757483139459e-01
-3.488765229837315629e-01
-3.501537108654504404e-01
-3.514306425066751061e-01
-3.527073209740707593e-01
-3.539837492885662962e-01
-3.552599304261823687e-01
-3.565358673188232519e-01
-3.578115628550739835e-01
-3.590870198809429370e-01
-3.603622412006329823e-01
-3.616372295772689593e-01
-3.629119877336039468e-01
-3.641865183527484007e-01
-3.654608240788509987e-01
-3.667349075177610551e-01
-3.680087712377131948e-01
-3.692824177699661203e-01
-3.705558496094397691e-01
-3.718290692153463639e-01
-3.731020790117830499e-01
-3.743748813883587823e-01
-3.756474787007613725e-01
-3.769198732713369693e-01
-3.781920673896569940e-01
-3.794640633130720309e-01
-3.807358632672525056e-01
-3.820074694467256449e-01
-3.832788840153908971e-01
-3.845501091070270272e-01
-3.858211468257990440e-01
-3.870919992467634629e-01
-3.883626684163232756e-01
-3.896331563527216102e-01
-3.909034650464938698e-01
-3.921735964609290859e-01
-3.934435525325131744e-01
-3.947133351713731364e-01
-3.959829462617008300e-01
-3.972523876621608663e-01
-3.985216612063347541e-01
-3.997907687030992641e-01
-4.010597119370392649e-01
-4.023284926688325824e-01
-4.035971126356304173e-01
-4.048655735514349874e-01
-4.061338771074839427e-01
-4.074020249725802123e-01
-4.086700187934741990e-01
-4.099378601952113899e-01
-4.112055507814622590e-01
-4.124730921348583879e-01
-4.137404858173353572e-01
-4.150077333704509375e-01
-4.162748363156998366e-01
-4.175417961548263945e-01
-4.188086143701360564e-01
-4.200752924247895259e-01
-4.213418317631099086e-01
-4.226082338108627101e-01
-4.238744999755432730e-01
-4.251406316466478930e-01
-4.264066301959841820e-01
-4.276724969778902263e-01
-4.289382333295406191e-01
-4.302038405711873792e-01
-4.314693200064216305e-01
-4.327346729224240685e-01
-4.339999005902128726e-01
-4.352650042648848472e-01
-4.365299851858617242e-01
-4.377948445771097652e-01
-4.390595836473873415e-01
-4.403242035904560980e-01
-4.415887055853127130e-01
-4.428530907964094987e-01
-4.441173603738516884e-01
-4.453815154536313048e-01
-4.466455571578281658e-01
-4.479094865948080595e-01
-4.491733048594113153e-01
-4.504370130331875610e-01
-4.517006121845503763e-01
-4.529641033689920659e-01
-4.542274876292599628e-01
-4.554907659955435006e-01
-4.567539394856477419e-01
-4.580170091051898873e-01
-4.592799758477545957e-01
-4.605428406950812237e-01
-4.618056046172215878e-01
-4.630682685727079972e-01
-4.643308335087273364e-01
-4.655933003612707788e-01
-4.668556700552944361e-01
-4.681179435048756221e-01
-4.693801216133696719e-01
-4.706422052735563244e-01
-4.719041953677921564e-01
-4.731660927681474171e-01
-4.744278983365614044e-01
-4.756896129249689742e-01
-4.769512373754561385e-01
-4.782127725203859647e-01
-4.794742191825315247e-01
-4.807355781752131740e-01
-4.819968503024278372e-01
-4.832580363589782380e-01
-4.845191371305928030e-01
-4.857801533940548366e-01
-4.870410859173242568e-01
-4.883019354596560557e-01
-4.895627027717122104e-01
-4.908233885956954090e-01
-4.920839936654483604e-01
-4.933445187065660376e-01
-4.946049644365106412e-01
-4.958653315647315596e-01
-4.971256207927516324e-01
-4.983858328142868332e-01
-4.996459683153484099e-01
-5.009060279743446920e-01
-5.021660124621754040e-01
-5.034259224423441870e-01
-5.046857585710418093e-01
-5.059455214972561343e-01
-5.072052118628579409e-01
-5.084648303026984006e-01
-5.097243774446938991e-01
-5.109838539099295085e-01
-5.122432603127342610e-01
-5.135025972607789591e-01
-5.147618653551614409e-01
-5.160210651904869605e-01
-5.172801973549490118e-01
-5.185392624304248077e-01
-5.197982609925523301e-01
-5.210571936107960545e-01
-5.223160608485488687e-01
-5.235748632631918031e-01
-5.248336014061792953e-01
-5.260922758231074692e-01
-5.273508870538059501e-01
-5.286094356323884913e-01
-5.298679220873371287e-01
-5.311263469415723470e-01
-5.323847107125292411e-01
-5.336430139122048111e-01
-5.349012570472581052e-01
-5.361594406190460793e-01
-5.374175651237129703e-01
-5.386756310522463620e-01
-5.399336388905328077e-01
-5.411915891194397643e-01
-5.424494822148576700e-01
-5.437073186477829889e-01
-5.449650988843536270e-01
-5.462228233859338644e-01
-5.474804926091529911e-01
-5.487381070059834665e-01
-5.499956670237680090e-01
-5.512531731053147421e-01
-5.525106256889149581e-01
-5.537680252084209442e-01
-5.550253720933016055e-01
-5.562826667686771032e-01
-5.575399096553924627e-01
-5.587971011700466617e-01
-5.600542417250731209e-01
-5.613113317287538040e-01
-5.625683715853028177e-01
-5.638253616948947222e-01
-5.650823024537178219e-01
-5.663391942540277890e-01
-5.675960374841795275e-01
-5.688528325286895670e-01
-5.701095797682789179e-01
-5.713662795799042682e-01
-5.726229323368212665e-01
-5.738795384086112783e-01
-5.751360981612355650e-01
-5.763926119570818019e-01
-5.776490801549859500e-01
-5.789055031102962046e-01
-5.801618811749009730e-01
-5.814182146972667331e-01
-5.826745040224962091e-01
-5.839307494923509090e-01
-5.851869514452774368e-01
-5.864431102164847642e-01
-5.876992261379457849e-01
-5.889552995384500500e-01
-5.902113307436398504e-01
-5.914673200760369731e-01
-5.927232678550957701e-01
-5.939791743972246962e-01
-5.952350400158167298e-01
-5.964908650213042174e-01
-5.977466497211734175e-01
-5.990023944199995842e-01
-6.002580994194961495e-01
-6.015137650185246043e-01
-6.027693915131382418e-01
-6.040249791966224580e-01
-6.052805283595110719e-01
-6.065360392896159691e-01
-6.077915122720708441e-01
-6.090469475893565132e-01
-6.103023455213293369e-01
-6.115577063452382056e-01
-6.128130303357745001e-01
-6.140683177650883007e-01
-6.153235689028215827e-01
-6.165787840161277567e-01
-6.178339633697121913e-01
-6.190891072258449812e-01
-6.203442158443912557e-01
-6.215992894828491488e-01
-6.228543283963700050e-01
-6.241093328377660399e-01
-6.253643030575674056e-01
-6.266192393040157516e-01
-6.278741418231176263e-01
-6.291290108586481411e-01
-6.303838466521799466e-01
-6.316386494431166510e-01
-6.328934194687010351e-01
-6.341481569640496918e-01
-6.354028621621741202e-01
-6.366575352939918275e-01
-6.379121765883765116e-01
-6.391667862721450710e-01
-6.404213645701049007e-01
-6.416759117050602201e-01
-6.429304278978453802e-01
-6.441849133673389627e-01
-6.454393683304816554e-01
-6.466937930023106684e-01
-6.479481875959604009e-01
-6.492025523226934158e-01
-6.504568873919245320e-01
-6.517111930112308160e-01
-6.529654693863728987e-01
-6.542197167213154030e-01
-6.554739352182533674e-01
-6.567281250776187962e-01
-6.579822864980960917e-01
-6.592364196766594686e-01
-6.604905248085756186e-01
-6.617446020874215851e-01
-6.629986517051039696e-01
-6.642526738518836904e-01
-6.655066687163839756e-01
-6.667606364856097922e-01
-6.680145773449632784e-01
-6.692684914782655037e-01
-6.705223790677669049e-01
-6.717762402941601652e-01
-6.730300753366137423e-01
-6.742838843727649856e-01
-6.755376675787427843e-01
-6.767914251291948791e-01
-6.780451571972893055e-01
-6.792988639547306029e-01
-6.805525455717897909e-01
-6.818062022172872716e-01
-6.830598340586433448e-01
-6.843134412618667728e-01
-6.855670239915879760e-01
-6.868205824110498181e-01
-6.880741166821439103e-01
-6.893276269654141641e-01
-6.905811134200611212e-01
-6.918345762039747049e-01
-6.930880154737438792e-01
-6.943414313846405506e-01
-6.955948240906763003e-01
-6.968481937445921703e-01
-6.981015404978593297e-01
-6.993548645007111597e-01
-7.006081659021549113e-01
-7.018614448499800318e-01
-7.031147014907511705e-01
-7.043679359698565845e-01
-7.056211484314934834e-01
-7.068743390186764675e-01
-7.081275078732733874e-01
-7.093806551360007928e-01
-7.106337809464303712e-01
-7.118868854430001614e-01
-7.131399687630478601e-01
-7.143930310427951680e-01
-7.156460724173664412e-01
-7.168990930208121171e-01
-7.181520929860870650e-01
-7.194050724451136469e-01
-7.206580315287313132e-01
-7.219109703667440092e-01
-7.231638890879368287e-01
-7.244167878200510335e-01
-7.256696666898220238e-01
-7.269225258229866649e-01
-7.281753653442718521e-01
-7.294281853774344793e-01
-7.306809860452424532e-01
-7.319337674695104434e-01
-7.331865297710747909e-01
-7.344392730698540150e-01
-7.356919974847885291e-01
-7.369447031339199095e-01
-7.381973901343523714e-01
-7.394500586022746402e-01
-7.407027086529799353e-01
-7.419553404008579767e-01
-7.432079539594068640e-01
-7.444605494412511737e-01
-7.457131269581421806e-01
-7.469656866209636314e-01
-7.482182285397511734e-01
-7.494707528236768113e-01
-7.507232595810950926e-01
-7.519757489195125766e-01
-7.532282209456087063e-01
-7.544806757652587903e-01
-7.557331134835171271e-01
-7.569855342046403202e-01
-7.582379380320859452e-01
-7.594903250685317575e-01
-7.607426954158708066e-01
-7.619950491752182087e-01
-7.632473864469347946e-01
-7.644997073306094570e-01
-7.657520119250792456e-01
-7.670043003284490180e-01
-7.682565726380717885e-01
-7.695088289505659374e-01
-7.707610693618384134e-01
-7.720132939670615313e-01
-7.732655028607063885e-01
-7.745176961365323187e-01
-7.757698738876025457e-01
-7.770220362062794095e-01
-7.782741831842422409e-01
-7.795263149124934676e-01
-7.807784314813476234e-01
-7.820305329804693173e-01
-7.832826194988353752e-01
-7.845346911247863542e-01
-7.857867479459970106e-01
-7.870387900495069422e-01
-7.882908175217012703e-01
-7.895428304483550486e-01
-7.907948289145886323e-01
-7.920468130049063138e-01
-7.932987828032006528e-01
-7.945507383927520317e-01
-7.958026798562248816e-01
-7.970546072756864442e-01
-7.983065207326064394e-01
-7.995584203078682783e-01
-8.008103060817637342e-01
-8.020621781339963841e-01
-8.033140365437089203e-01
-8.045658813894637218e-01
-8.058177127492601732e-01
-8.070695307005292252e-01
-8.083213353201516016e-01
-8.095731266844560237e-01
-8.108249048692282024e-01
-8.120766699496997365e-01
-8.133284220005707610e-01
-8.145801610960121675e-01
-8.158318873096629398e-01
-8.170836007146367042e-01
-8.183353013835299450e-01
-8.195869893884205615e-01
-8.208386648008810793e-01
-8.220903276919684366e-01
-8.233419781322482978e-01
-8.245936161917887253e-01
-8.258452419401489664e-01
-8.270968554464137590e-01
-8.283484567791785658e-01
-8.296000460065526827e-01
-8.308516231961728948e-01
-8.321031884152063629e-01
-8.333547417303392990e-01
-8.346062832078033900e-01
-8.358578129133655832e-01
-8.371093309123345261e-01
-8.383608372695603439e-01
-8.396123320494537356e-01
-8.408638153159727624e-01
-8.421152871326289535e-01
-8.433667475625058474e-01
-8.446181966682365649e-01
-8.458696345120400029e-01
-8.471210611556938552e-01
-8.483724766605534873e-01
-8.496238810875590408e-01
-8.508752744972272186e-01
-8.521266569496628307e-01
-8.533780285045580172e-01
-8.546293892212000198e-01
-8.558807391584728474e-01
-8.571320783748540562e-01
-8.583834069284279611e-01
-8.596347248768848592e-01
-8.608860322775214735e-01
-8.621373291872483913e-01
-8.633886156625893982e-01
-8.646398917596914702e-01
-8.658911575343191114e-01
-8.671424130418564635e-01
-8.683936583373279561e-01
-8.696448934753726601e-01
-8.708961185102782609e-01
-8.721473334959592982e-01
-8.733985384859723755e-01
-8.746497335335167156e-01
-8.759009186914359368e-01
-8.771520940122251586e-01
-8.784032595480207872e-01
-8.796544153506193897e-01
-8.809055614714772497e-01
-8.821566979617029292e-01
-8.834078248720678150e-01
-8.846589422530116709e-01
-8.859100501546405271e-01
-8.871611486267231284e-01
-8.884122377187100295e-01
-8.896633174797152765e-01
-8.909143879585464942e-01
-8.921654492036769080e-01
-8.934165012632682146e-01
-8.946675441851663635e-01
-8.959185780169036661e-01
-8.971696028057039030e-01
-8.984206185984864312e-01
-8.996716254418499759e-01
-9.009226233821108210e-01
-9.021736124652741662e-01
-9.034245927370476714e-01
-9.046755642428419009e-01
-9.059265270277783166e-01
-9.071774811366790647e-01
-9.084284266140915109e-01
-9.096793635042564885e-01
-9.109302918511495983e-01
-9.121812116984489016e-01
-9.134321230895604549e-01
-9.146830260676075408e-01
-9.159339206754466556e-01
-9.171848069556454153e-01
-9.184356849505134202e-01
-9.196865547020838250e-01
-9.209374162521207774e-01
-9.221882696421306314e-01
-9.234391149133417409e-01
-9.246899521067383221e-01
-9.259407812630374712e-01
-9.271916024226857234e-01
-9.284424156258964667e-01
-9.296932209126193003e-01
-9.309440183225468068e-01
-9.321948078951292072e-01
-9.334455896695600385e-01
-9.346963636848009127e-01
-9.359471299795562027e-01
-9.371978885922889191e-01
-9.384486395612292586e-01
-9.396993829243672769e-01
-9.409501187194436733e-01
-9.422008469839802114e-01
-9.434515677552489654e-01
-9.447022810703064044e-01
-9.459529869659708545e-01
-9.472036854788254967e-01
-9.484543766452425695e-01
-9.497050605013582780e-01
-9.509557370830844514e-01
-9.522064064261203109e-01
-9.534570685659328193e-01
-9.547077235377805504e-01
-9.559583713767033641e-01
-9.572090121175209632e-01
-9.584596457948466597e-01
-9.597102724430716103e-01
-9.609608920963874645e-01
-9.622115047887707107e-01
-9.634621105539934449e-01
-9.647127094256203739e-01
-9.659633014370054838e-01
-9.672138866213106922e-01
-9.684644650114928588e-01
-9.697150366403050059e-01
-9.709656015403024254e-01
-9.722161597438516711e-01
-9.734667112831081326e-01
-9.747172561900471210e-01
-9.759677944964462171e-01
-9.772183262338858256e-01
-9.784688514337704923e-01
-9.797193701272992605e-01
-9.809698823454935379e-01
-9.822203881191891028e-01
-9.834708874790318855e-01
-9.847213804554910688e-01
-9.859718670788425454e-01
-9.872223473791986725e-01
-9.884728213864744095e-01
-9.897232891304205138e-01
-9.909737506405987828e-01
-9.922242059464100317e-01
-9.934746550770643392e-01
-9.947250980616152427e-01
-9.959755349289254323e-01
-9.972259657077052752e-01
-9.984763904264865042e-01
-9.997268091136279899e-01
-1.000977221797331396e+00
-1.002227628505630186e+00
-1.003478029266386518e+00
-1.004728424107302676e+00
-1.005978813055924403e+00
-1.007229196139630911e+00
-1.008479573385631989e+00
-1.009729944820999981e+00
-1.010980310472625820e+00
-1.012230670367264329e+00
-1.013481024531497576e+00
-1.014731372991764413e+00
-1.015981715774344263e+00
-1.017232052905365558e+00
-1.018482384410806407e+00
-1.019732710316492375e+00
-1.020983030648098255e+00
-1.022233345431159846e+00
-1.023483654691051958e+00
-1.024733958453012184e+00
-1.025984256742132672e+00
-1.027234549583359469e+00
-1.028484837001488961e+00
-1.029735119021186307e+00
-1.030985395666964344e+00
-1.032235666963210896e+00
-1.033485932934158580e+00
-1.034736193603908339e+00
-1.035986448996425002e+00
-1.037236699135532847e+00
-1.038486944044925586e+00
-1.039737183748152161e+00
-1.040987418268643161e+00
-1.042237647629681740e+00
-1.043487871854428928e+00
-1.044738090965912747e+00
-1.045988304987020445e+00
-1.047238513940526028e+00
-1.048488717849064056e+00
-1.049738916735147853e+00
-1.050989110621161959e+00
-1.052239299529358352e+00
-1.053489483481875766e+00
-1.054739662500723485e+00
-1.055989836607783783e+00
-1.057240005824816809e+00
-1.058490170173472356e+00
-1.059740329675260107e+00
-1.060990484351589158e+00
-1.062240634223736491e+00
-1.063490779312856738e+00
-1.064740919640010608e+00
-1.065991055226112705e+00
-1.067241186091980376e+00
-1.068491312258308401e+00
-1.069741433745677428e+00
-1.070991550574555529e+00
-1.072241662765298420e+00
-1.073491770338147244e+00
-1.074741873313231455e+00
-1.075991971710571926e+00
-1.077242065550079619e+00
-1.078492154851556473e+00
-1.079742239634684742e+00
-1.080992319919055422e+00
-1.082242395724144934e+00
-1.083492467069320897e+00
-1.084742533973842349e+00
-1.085992596456876846e+00
-1.087242654537470932e+00
-1.088492708234578998e+00
-1.089742757567045972e+00
-1.090992802553617969e+00
-1.092242843212934522e+00
-1.093492879563536579e+00
-1.094742911623872716e+00
-1.095992939412278044e+00
-1.097242962946993083e+00
-1.098492982246163763e+00
-1.099742997327835203e+00
-1.100993008209958379e+00
-1.102243014910379237e+00
-1.103493017446857793e+00
-1.104743015837049702e+00
-1.105993010098524243e+00
-1.107243000248749221e+00
-1.108492986305106287e+00
-1.109742968284874287e+00
-1.110992946205247689e+00
-1.112242920083327480e+00
-1.113492889936120056e+00
-1.114742855780549435e+00
-1.115992817633435052e+00
-1.117242775511521957e+00
-1.118492729431461719e+00
-1.119742679409804875e+00
-1.120992625463035353e+00
-1.122242567607532937e+00
-1.123492505859597479e+00
-1.124742440235448449e+00
-1.125992370751210059e+00
-1.127242297422922146e+00
-1.128492220266545498e+00
-1.129742139297953640e+00
-1.130992054532933944e+00
-1.132241965987200283e+00
-1.133491873676374384e+00
-1.134741777615996927e+00
-1.135991677821532653e+00
-1.137241574308356817e+00
-1.138491467091775400e+00
-1.139741356187009336e+00
-1.140991241609195850e+00
-1.142241123373400224e+00
-1.143491001494600035e+00
-1.144740875987708906e+00
-1.145990746867550758e+00
-1.147240614148872906e+00
-1.148490477846354274e+00
-1.149740337974590298e+00
-1.150990194548107359e+00
-1.152240047581349014e+00
-1.153489897088688654e+00
-1.154739743084425063e+00
-1.155989585582784640e+00
-1.157239424597917843e+00
-1.158489260143901856e+00
-1.159739092234740143e+00
-1.160988920884375331e+00
-1.162238746106655451e+00
-1.163488567915381688e+00
-1.164738386324269293e+00
-1.165988201346974007e+00
-1.167238012997068308e+00
-1.168487821288061834e+00
-1.169737626233397609e+00
-1.170987427846450712e+00
-1.172237226140516952e+00
-1.173487021128838403e+00
-1.174736812824580978e+00
-1.175986601240845308e+00
-1.177236386390662748e+00
-1.178486168286998925e+00
-1.179735946942761071e+00
-1.180985722370778923e+00
-1.182235494583821156e+00
-1.183485263594592274e+00
-1.184735029415735053e+00
-1.185984792059820769e+00
-1.187234551539361638e+00
-1.188484307866801926e+00
-1.189734061054531056e+00
-1.190983811114862734e+00
-1.192233558060054932e+00
-1.193483301902303229e+00
-1.194733042653738142e+00
-1.195982780326431127e+00
-1.197232514932387248e+00
-1.198482246483554947e+00
-1.199731974991817607e+00
-1.200981700468997548e+00
-1.202231422926861582e+00
-1.203481142377106350e+00
-1.204730858831373652e+00
-1.205980572301251996e+00
-1.207230282798251286e+00
-1.208479990333835685e+00
-1.209729694919410292e+00
-1.210979396566308042e+00
-1.212229095285820568e+00
-1.213478791089156017e+00
-1.214728483987487229e+00
-1.215978173991917322e+00
-1.217227861113481469e+00
-1.218477545363168879e+00
-1.219727226751909477e+00
-1.220976905290557912e+00
-1.222226580989926203e+00
-1.223476253860762197e+00
-1.224725923913751791e+00
-1.225975591159522260e+00
-1.227225255608646259e+00
-1.228474917271625833e+00
-1.229724576158909510e+00
-1.230974232280891201e+00
-1.232223885647892647e+00
-1.233473536270182747e+00
-1.234723184157968667e+00
-1.235972829321394295e+00
-1.237222471770538679e+00
-1.238472111515431795e+00
-1.239721748566021242e+00
-1.240971382932208211e+00
-1.242221014623821951e+00
-1.243470643650633312e+00
-1.244720270022338982e+00
-1.245969893748583690e+00
-1.247219514838930232e+00
-1.248469133302882783e+00
-1.249718749149885566e+00
-1.250968362389296207e+00
-1.252217973030419262e+00
-1.253467581082475135e+00
-1.254717186554622943e+00
-1.255966789455945420e+00
-1.257216389795448475e+00
-1.258465987582062295e+00
-1.259715582824644242e+00
-1.260965175531973292e+00
-1.262214765712740494e+00
-1.263464353375567173e+00
-1.264713938528982728e+00
-1.265963521181433293e+00
-1.267213101341279069e+00
-1.268462679016796324e+00
-1.269712254216153191e+00
-1.270961826947443196e+00
-1.272211397218655282e+00
-1.273460965037678694e+00
-1.274710530412302312e+00
-1.275960093350215985e+00
-1.277209653858995653e+00
-1.278459211946112228e+00
-1.279708767618922272e+00
-1.280958320884665547e+00
-1.282207871750460360e+00
-1.283457420223306000e+00
-1.284706966310070309e+00
-1.285956510017489007e+00
-1.287206051352159930e+00
-1.288455590320549238e+00
-1.289705126928971435e+00
-1.290954661183592478e+00
-1.292204193090426889e+00
-1.293453722655318439e+00
-1.294703249883960794e+00
-1.295952774781865102e+00
-1.297202297354365763e+00
-1.298451817606621983e+00
-1.299701335543592906e+00
-1.300950851170048050e+00
-1.302200364490547324e+00
-1.303449875509440359e+00
-1.304699384230859183e+00
-1.305948890658711337e+00
-1.307198394796669660e+00
-1.308447896648150754e+00
-1.309697396216332743e+00
-1.310946893504116417e+00
-1.312196388514153433e+00
-1.313445881248786140e+00
-1.314695371710084437e+00
-1.315944859899800701e+00
-1.317194345819385326e+00
-1.318443829469946982e+00
-1.319693310852265933e+00
-1.320942789966769615e+00
-1.322192266813518868e+00
-1.323441741392192172e+00
-1.324691213702083203e+00
-1.325940683742068638e+00
-1.327190151510608151e+00
-1.328439617005733764e+00
-1.329689080224994324e+00
-1.330938541165498368e+00
-1.332187999823850166e+00
-1.333437456196147730e+00
-1.334686910277964378e+00
-1.335936362064329419e+00
-1.337185811549704395e+00
-1.338435258727971977e+00
-1.339684703592398884e+00
-1.340934146135636107e+00
-1.342183586349662061e+00
-1.343433024225802130e+00
-1.344682459754663162e+00
-1.345931892926138351e+00
-1.347181323729370606e+00
-1.348430752152709688e+00
-1.349680178183721990e+00
-1.350929601809121028e+00
-1.352179023014774106e+00
-1.353428441785639036e+00
-1.354677858105754584e+00
-1.355927271958206060e+00
-1.357176683325081568e+00
-1.358426092187448919e+00
-1.359675498525317883e+00
-1.360924902317592888e+00
-1.362174303542058373e+00
-1.363423702175312613e+00
-1.364673098192747291e+00
-1.365922491568502872e+00
-1.367171882275428185e+00
-1.368421270285025360e+00
-1.369670655567429618e+00
-1.370920038091322457e+00
-1.372169417823940751e+00
-1.373418794730973502e+00
-1.374668168776560728e+00
-1.375917539923196209e+00
-1.377166908131717049e+00
-1.378416273361213529e+00
-1.379665635569010007e+00
-1.380914994710577881e+00
-1.382164350739494729e+00
-1.383413703607376366e+00
-1.384663053263821109e+00
-1.385912399656347826e+00
-1.387161742730326885e+00
-1.388411082428913979e+00
-1.389660418692986399e+00
-1.390909751461073096e+00
-1.392159080669294724e+00
-1.393408406251254172e+00
-1.394657728138009478e+00
-1.395907046257969686e+00
-1.397156360536817798e+00
-1.398405670897445940e+00
-1.399654977259854105e+00
-1.400904279541078212e+00
-1.402153577655111949e+00
-1.403402871512797301e+00
-1.404652161021759271e+00
-1.405901446086291529e+00
-1.407150726607287572e+00
-1.408400002482122382e+00
-1.409649273604562492e+00
-1.410898539864678058e+00
-1.412147801148722737e+00
-1.413397057339047302e+00
-1.414646308313974421e+00
-1.415895553947706498e+00
-1.417144794110199557e+00
-1.418394028667073314e+00
-1.419643257479469289e+00
-1.420892480403952218e+00
-1.422141697292386153e+00
-1.423390907991799015e+00
-1.424640112344275789e+00
-1.425889310186830627e+00
-1.427138501351255639e+00
-1.428387685664024076e+00
-1.429636862946113585e+00
-1.430886033012911840e+00
-1.432135195674042016e+00
-1.433384350733248214e+00
-1.434633497988234696e+00
-1.435882637230516234e+00
-1.437131768245287100e+00
-1.438380890811242763e+00
-1.439630004700456212e+00
-1.440879109678185443e+00
-1.442128205502742233e+00
-1.443377291925316719e+00
-1.444626368689815088e+00
-1.445875435532681053e+00
-1.447124492182743971e+00
-1.448373538361023227e+00
-1.449622573780577239e+00
-1.450871598146302288e+00
-1.452120611154759100e+00
-1.453369612493991658e+00
-1.454618601843333137e+00
-1.455867578873218049e+00
-1.457116543244997064e+00
-1.458365494610726509e+00
-1.459614432612988955e+00
-1.460863356884666509e+00
-1.462112267048766956e+00
-1.463361162718192832e+00
-1.464610043495540692e+00
-1.465858908972901276e+00
-1.467107758731613254e+00
-1.468356592342082934e+00
-1.469605409363531345e+00
-1.470854209343796626e+00
-1.472102991819089990e+00
-1.473351756313774796e+00
-1.474600502340136732e+00
-1.475849229398146667e+00
-1.477097936975225068e+00
-1.478346624545996191e+00
-1.479595291572060267e+00
-1.480843937501732821e+00
-1.482092561769814631e+00
-1.483341163797322171e+00
-1.484589742991248684e+00
-1.485838298744308172e+00
-1.487086830434670937e+00
-1.488335337425710669e+00
-1.489583819065744663e+00
-1.490832274687754477e+00
-1.492080703609128589e+00
-1.493329105131397716e+00
-1.494577478539950599e+00
-1.495825823103774432e+00
-1.497074138075162431e+00
-1.498322422689445377e+00
-1.499570676164702743e+00
-1.500818897701494459e+00
-1.502067086482558711e+00
-1.503315241672531055e+00
-1.504563362417665084e+00
-1.505811447845514461e+00
-1.507059497064676901e+00
-1.508307509164462212e+00
-1.509555483214626959e+00
-1.510803418265054709e+00
-1.512051313345454506e+00
-1.513299167465085970e+00
-1.514546979612420019e+00
-1.515794748754855092e+00
-1.517042473838410288e+00
-1.518290153787407837e+00
-1.519537787504172011e+00
-1.520785373868709822e+00
-1.522032911738414596e+00
-1.523280399947734454e+00
-1.524527837307871003e+00
-1.525775222606455594e+00
-1.527022554607251115e+00
-1.528269832049804711e+00
-1.529517053649159353e+00
-1.530764218095520546e+00
-1.532011324053938139e+00
-1.533258370163995910e+00
-1.534505355039474050e+00
-1.535752277268055410e+00
-1.536999135410968664e+00
-1.538245928002710095e+00
-1.539492653550680767e+00
-1.540739310534895212e+00
-1.541985897407650574e+00
-1.543232412593203540e+00
-1.544478854487444597e+00
-1.545725221457599163e+00
-1.546971511841879421e+00
-1.548217723949183444e+00
-1.549463856058775235e+00
-1.550709906419950102e+00
-1.551955873251743112e+00
-1.553201754742586482e+00
-1.554447549050022026e+00
-1.555693254300350770e+00
-1.556938868588356506e+00
-1.558184389976971840e+00
-1.559429816496967325e+00
-1.560675146146650372e+00
-1.561920376891559936e+00
-1.563165506664142779e+00
-1.564410533363477462e+00
-1.565655454854943729e+00
-1.566900268969933840e+00
-1.568144973505567696e+00
-1.569389566224367316e+00
-1.570634044853996603e+00
-1.571878407086937379e+00
-1.573122650580228932e+00
-1.574366772955159588e+00
-1.575610771796999821e+00
-1.576854644654715143e+00
-1.578098389040677674e+00
-1.579342002430422109e+00
-1.580585482262326646e+00
-1.581828825937396044e+00
-1.583072030818959863e+00
-1.584315094232431331e+00
-1.585558013465037330e+00
-1.586800785765572375e+00
-1.588043408344146146e+00
-1.589285878371938132e+00
-1.590528192980943611e+00
-1.591770349263761819e+00
-1.593012344273335934e+00
-1.594254175022732811e+00
-1.595495838484922935e+00
-1.596737331592555931e+00
-1.597978651237743408e+00
-1.599219794271849127e+00
-1.600460757505276721e+00
-1.601701537707281853e+00
-1.602942131605762377e+00
-1.604182535887080485e+00
-1.605422747195857980e+00
-1.606662762134812183e+00
-1.607902577264582744e+00
-1.609142189103544229e+00
-1.610381594127656246e+00
-1.611620788770306678e+00
-1.612859769422150258e+00
-1.614098532430967126e+00
-1.615337074101524273e+00
-1.616575390695438541e+00
-1.617813478431045171e+00
-1.619051333483293220e+00
-1.620288951983596348e+00
-1.621526330019760209e+00
-1.622763463635858994e+00
-1.624000348832151719e+00
-1.625236981564973426e+00
-1.626473357746674786e+00
-1.627709473245540162e+00
-1.628945323885704344e+00
-1.630180905447116579e+00
-1.631416213665465742e+00
-1.632651244232135035e+00
-1.633885992794180453e+00
-1.635120454954266389e+00
-1.636354626270674739e+00
-1.637588502257255829e+00
-1.638822078383430636e+00
-1.640055350074201890e+00
-1.641288312710128539e+00
-1.642520961627365272e+00
-1.643753292117662301e+00
-1.644985299428405323e+00
-1.646216978762639060e+00
-1.647448325279126102e+00
-1.648679334092383320e+00
-1.649910000272738708e+00
-1.651140318846415544e+00
-1.652370284795592781e+00
-1.653599893058482539e+00
-1.654829138529437138e+00
-1.656058016059034355e+00
-1.657286520454187562e+00
-1.658514646478261190e+00
-1.659742388851197736e+00
-1.660969742249640557e+00
-1.662196701307073310e+00
-1.663423260613974497e+00
-1.664649414717972453e+00
-1.665875158123996114e+00
-1.667100485294463308e+00
-1.668325390649453732e+00
-1.669549868566883033e+00
-1.670773913382734399e+00
-1.671997519391228648e+00
-1.673220680845052488e+00
-1.674443391955574789e+00
-1.675665646893084171e+00
-1.676887439787015932e+00
-1.678108764726201407e+00
-1.679329615759122429e+00
-1.680549986894169789e+00
-1.681769872099923901e+00
-1.682989265305415705e+00
-1.684208160400423981e+00
-1.685426551235766679e+00
-1.686644431623605556e+00
-1.687861795337743276e+00
-1.689078636113964249e+00
-1.690294947650330615e+00
-1.691510723607539957e+00
-1.692725957609259479e+00
-1.693940643242465738e+00
-1.695154774057814784e+00
-1.696368343569990778e+00
-1.697581345258093011e+00
-1.698793772566004279e+00
-1.700005618902785676e+00
-1.701216877643059622e+00
-1.702427542127414428e+00
-1.703637605662824628e+00
-1.704847061523052876e+00
-1.706055902949068059e+00
-1.707264123149497603e+00
-1.708471715301040028e+00
-1.709678672548914591e+00
-1.710884988007332463e+00
-1.712090654759917951e+00
-1.713295665860197436e+00
-1.714500014332058120e+00
-1.715703693170235855e+00
-1.716906695340787659e+00
-1.718109013781579320e+00
-1.719310641402794548e+00
-1.720511571087413483e+00
-1.721711795691746483e+00
-1.722911308045929513e+00
-1.724110100954447722e+00
-1.725308167196658804e+00
-1.726505499527331011e+00
-1.727702090677159852e+00
-1.728897933353337413e+00
-1.730093020240079937e+00
-1.731287343999170725e+00
-1.732480897270540776e+00
-1.733673672672809474e+00
-1.734865662803876329e+00
-1.736056860241445010e+00
-1.737247257543660606e+00
-1.738436847249627881e+00
-1.739625621880052098e+00
-1.740813573937776138e+00
-1.742000695908415331e+00
-1.743186980260922114e+00
-1.744372419448209532e+00
-1.745557005907740100e+00
-1.746740732062139978e+00
-1.747923590319811593e+00
-1.749105573075540265e+00
-1.750286672711114599e+00
-1.751466881595955538e+00
-1.752646192087740307e+00
-1.753824596533000157e+00
-1.755002087267792055e+00
-1.756178656618298861e+00
-1.757354296901481039e+00
-1.758529000425694822e+00
-1.759702759491359458e+00
-1.760875566391561176e+00
-1.762047413412727970e+00
-1.763218292835257328e+00
-1.764388196934165043e+00
-1.765557117979722923e+00
-1.766725048238141138e+00
-1.767891979972164407e+00
-1.769057905441782097e+00
-1.770222816904822638e+00
-1.771386706617656293e+00
-1.772549566835819990e+00
-1.773711389814667472e+00
-1.774872167810054302e+00
-1.776031893078950263e+00
-1.777190557880140354e+00
-1.778348154474830967e+00
-1.779504675127347335e+00
-1.780660112105764803e+00
-1.781814457682566077e+00
-1.782967704135300258e+00
-1.784119843747233203e+00
-1.785270868807995237e+00
-1.786420771614238179e+00
-1.787569544470291039e+00
-1.788717179688785963e+00
-1.789863669591342354e+00
-1.791009006509187040e+00
-1.792153182783796428e+00
-1.793296190767556642e+00
-1.794438022824404344e+00
-1.795578671330451792e+00
-1.796718128674635206e+00
-1.797856387259347821e+00
-1.798993439501072933e+00
-1.800129277831024277e+00
-1.801263894695752432e+00
-1.802397282557789859e+00
-1.803529433896273737e+00
-1.804660341207557472e+00
-1.805789997005826208e+00
-1.806918393823723878e+00
-1.808045524212961386e+00
-1.809171380744912794e+00
-1.810295956011227059e+00
-1.811419242624436876e+00
-1.812541233218549763e+00
-1.813661920449635367e+00
-1.814781296996429427e+00
-1.815899355560903761e+00
-1.817016088868869561e+00
-1.818131489670537171e+00
-1.819245550741092288e+00
-1.820358264881280164e+00
-1.821469624917956720e+00
-1.822579623704654761e+00
-1.823688254122128427e+00
-1.824795509078942057e+00
-1.825901381511970012e+00
-1.827005864386965994e+00
-1.828108950699099955e+00
-1.829210633473485226e+00
-1.830310905765704987e+00
-1.831409760662335628e+00
-1.832507191281468550e+00
-1.833603190773223091e+00
-1.834697752320243458e+00
-1.835790869138206105e+00
-1.836882534476318440e+00
-1.837972741617805328e+00
-1.839061483880402470e+00
-1.840148754616804050e+00
-1.841234547215202300e+00
-1.842318855099671415e+00
-1.843401671730701352e+00
-1.844482990605596839e+00
-1.845562805258991190e+00
-1.846641109263218228e+00
-1.847717896228809442e+00
-1.848793159804891229e+00
-1.849866893679630975e+00
-1.850939091580637630e+00
-1.852009747275400020e+00
-1.853078854571669210e+00
-1.854146407317876166e+00
-1.855212399403518120e+00
-1.856276824759554689e+00
-1.857339677358772256e+00
-1.858400951216186536e+00
-1.859460640389400066e+00
-1.860518738978937936e+00
-1.861575241128655689e+00
-1.862630141026045294e+00
-1.863683432902601300e+00
-1.864735111034146131e+00
-1.865785169741166039e+00
-1.866833603389133067e+00
-1.867880406388817915e+00
-1.868925573196609680e+00
-1.869969098314802514e+00
-1.871010976291908046e+00
-1.872051201722944702e+00
-1.873089769249709269e+00
-1.874126673561060441e+00
-1.875161909393189941e+00
-1.876195471529885195e+00
-1.877227354802784465e+00
-1.878257554091629311e+00
-1.879286064324503291e+00
-1.880312880478071769e+00
-1.881337997577811949e+00
-1.882361410698232707e+00
-1.883383114963096627e+00
-1.884403105545624957e+00
-1.885421377668700993e+00
-1.886437926605064375e+00
-1.887452747677517584e+00
-1.888465836259086483e+00
-1.889477187773203060e+00
-1.890486797693889054e+00
-1.891494661545900735e+00
-1.892500774904903205e+00
-1.893505133397599183e+00
-1.894507732701904423e+00
-1.895508568547051631e+00
-1.896507636713742784e+00
-1.897504933034271923e+00
-1.898500453392631959e+00
-1.899494193724636126e+00
-1.900486150018027010e+00
-1.901476318312567138e+00
-1.902464694700132464e+00
-1.903451275324804515e+00
-1.904436056382950104e+00
-1.905419034123290167e+00
-1.906400204846974589e+00
-1.907379564907641711e+00
-1.908357110711476068e+00
-1.909332838717254344e+00
-1.910306745436394227e+00
-1.911278827432984606e+00
-1.912249081323839306e+00
-1.913217503778492645e+00
-1.914184091519236075e+00
-1.915148841321152595e+00
-1.916111750012079673e+00
-1.917072814472655651e+00
-1.918032031636300427e+00
-1.918989398489200360e+00
-1.919944912070314036e+00
-1.920898569471335415e+00
-1.921850367836679618e+00
-1.922800304363451840e+00
-1.923748376301416485e+00
-1.924694580952940548e+00
-1.925638915672973406e+00
-1.926581377868973544e+00
-1.927521965000871473e+00
-1.928460674580988465e+00
-1.929397504173998579e+00
-1.930332451396825633e+00
-1.931265513918596355e+00
-1.932196689460542016e+00
-1.933125975795923379e+00
-1.934053370749923673e+00
-1.934978872199587530e+00
-1.935902478073685318e+00
-1.936824186352628541e+00
-1.937743995068357261e+00
-1.938661902304231965e+00
-1.939577906194908996e+00
-1.940492004926222425e+00
-1.941404196735059040e+00
-1.942314479909226899e+00
-1.943222852787321431e+00
-1.944129313758589106e+00
-1.945033861262775776e+00
-1.945936493790003441e+00
-1.946837209880584174e+00
-1.947736008124907769e+00
-1.948632887163246341e+00
-1.949527845685608884e+00
-1.950420882431584735e+00
-1.951311996190166820e+00
-1.952201185799552707e+00
-1.953088450147028698e+00
-1.953973788168726911e+00
-1.954857198849484501e+00
-1.955738681222640718e+00
-1.956618234369844833e+00
-1.957495857420865404e+00
-1.958371549553412860e+00
-1.959245309992906803e+00
-1.960117138012295035e+00
-1.960987032931857499e+00
-1.961854994118971574e+00
-1.962721020987913345e+00
-1.963585112999663540e+00
-1.964447269661655504e+00
-1.965307490527580692e+00
-1.966165775197157739e+00
-1.967022123315911974e+00
-1.967876534574951597e+00
-1.968729008710720985e+00
-1.969579545504800189e+00
-1.970428144783628266e+00
-1.971274806418316983e+00
-1.972119530324365044e+00
-1.972962316461450927e+00
-1.973803164833165535e+00
-1.974642075486791271e+00
-1.975479048513037572e+00
-1.976314084045796227e+00
-1.977147182261890235e+00
-1.977978343380827120e+00
-1.978807567664534028e+00
-1.979634855417107042e+00
-1.980460206984560934e+00
-1.981283622754549834e+00
-1.982105103156125869e+00
-1.982924648659463607e+00
-1.983742259775608252e+00
-1.984557937056191879e+00
-1.985371681093184071e+00
-1.986183492518615035e+00
-1.986993372004302705e+00
-1.987801320261596949e+00
-1.988607338041082473e+00
-1.989411426132332128e+00
-1.990213585363614257e+00
-1.991013816601622022e+00
-1.991812120751208948e+00
-1.992608498755087831e+00
-1.993402951593573835e+00
-1.994195480284298494e+00
-1.994986085881927274e+00
-1.995774769477873578e+00
-1.996561532200035849e+00
-1.997346375212501357e+00
-1.998129299715261320e+00
-1.998910306943937787e+00
-1.999689398169491428e+00
-2.000466574697937538e+00
-2.001241837870079809e+00
-2.002015189061189471e+00
-2.002786629680756381e+00
-2.003556161172173056e+00
-2.004323785012469106e+00
-2.005089502712024796e+00
-2.005853315814265070e+00
-2.006615225895385990e+00
-2.007375234564076294e+00
-2.008133343461211417e+00
-2.008889554259581267e+00
-2.009643868663591348e+00
-2.010396288408986543e+00
-2.011146815262555343e+00
-2.011895451021850967e+00
-2.012642197514889819e+00
-2.013387056599882818e+00
-2.014130030164938745e+00
-2.014871120127769810e+00
-2.015610328435428311e+00
-2.016347657064000654e+00
-2.017083108018318249e+00
-2.017816683331698613e+00
-2.018548385065629613e+00
-2.019278215309496805e+00
-2.020006176180318302e+00
-2.020732269822425931e+00
-2.021456498407200097e+00
-2.022178864132793574e+00
-2.022899369223841060e+00
-2.023618015931173630e+00
-2.024334806531538966e+00
-2.025049743327330010e+00
-2.025762828646304303e+00
-2.026474064841282896e+00
-2.027183454289897657e+00
-2.027890999394303506e+00
-2.028596702580904854e+00
-2.029300566300066055e+00
-2.030002593025852953e+00
-2.030702785255746878e+00
-2.031401145510378647e+00
-2.032097676333251890e+00
-2.032792380290460166e+00
-2.033485259970436942e+00
-2.034176317983666049e+00
-2.034865556962424549e+00
-2.035552979560511400e+00
-2.036238588452962350e+00
-2.036922386335821678e+00
-2.037604375925835765e+00
-2.038284559960217290e+00
-2.038962941196356127e+00
-2.039639522411590189e+00
-2.040314306402911448e+00
-2.040987295986718131e+00
-2.041658493998566914e+00
-2.042327903292892266e+00
-2.042995526742775070e+00
-2.043661367239656190e+00
-2.044325427693112207e+00
-2.044987711030578748e+00
-2.045648220197113343e+00
-2.046306958155135636e+00
-2.046963927884182244e+00
-2.047619132380650964e+00
-2.048272574657563627e+00
-2.048924257744311195e+00
-2.049574184686410838e+00
-2.050222358545267909e+00
-2.050868782397922363e+00
-2.051513459336819611e+00
-2.052156392469564938e+00
-2.052797584918681029e+00
-2.053437039821373045e+00
-2.054074760329299920e+00
-2.054710749608334552e+00
-2.055345010838325326e+00
-2.055977547212872736e+00
-2.056608361939095797e+00
-2.057237458237400674e+00
-2.057864839341252861e+00
-2.058490508496955140e+00
-2.059114468963421540e+00
-2.059736724011946407e+00
-2.060357276925993908e+00
-2.060976131000964884e+00
-2.061593289543993457e+00
-2.062208755873709887e+00
-2.062822533320038954e+00
-2.063434625223969032e+00
-2.064045034937366907e+00
-2.064653765822732190e+00
-2.065260821253007251e+00
-2.065866204611352508e+00
-2.066469919290966573e+00
-2.067071968694843775e+00
-2.067672356235594755e+00
-2.068271085335232851e+00
-2.068868159424972930e+00
-2.069463581945017339e+00
-2.070057356344400912e+00
-2.070649486080734736e+00
-2.071239974620047164e+00
-2.071828825436581312e+00
-2.072416042012599657e+00
-2.073001627838180205e+00
-2.073585586411049952e+00
-2.074167921236387269e+00
-2.074748635826611842e+00
-2.075327733701233246e+00
-2.075905218386640438e+00
-2.076481093415933454e+00
-2.077055362328732446e+00
-2.077628028671002269e+00
-2.078199095994869960e+00
-2.078768567858451988e+00
-2.079336447825677503e+00
-2.079902739466105821e+00
-2.080467446354760330e+00
-2.081030572071966400e+00
-2.081592120203151541e+00
-2.082152094338712622e+00
-2.082710498073825356e+00
-2.083267335008282206e+00
-2.083822608746328964e+00
-2.084376322896514644e+00
-2.084928481071500972e+00
-2.085479086887937150e+00
-2.086028143966260462e+00
-2.086575655930588358e+00
-2.087121626408518171e+00
-2.087666059030992560e+00
-2.088208957432148072e+00
-2.088750325249158379e+00
-2.089290166122081516e+00
-2.089828483693718653e+00
-2.090365281609456893e+00
-2.090900563517133381e+00
-2.091434333066887863e+00
-2.091966593911002814e+00
-2.092497349703794196e+00
-2.093026604101435151e+00
-2.093554360761843647e+00
-2.094080623344534597e+00
-2.094605395510475532e+00
-2.095128680921960473e+00
-2.095650483242482043e+00
-2.096170806136584464e+00
-2.096689653269742326e+00
-2.097207028308218479e+00
-2.097722934918953896e+00
-2.098237376769418461e+00
-2.098750357527519483e+00
-2.099261880861425400e+00
-2.099771950439495161e+00
-2.100280569930117913e+00
-2.100787743001611751e+00
-2.101293473322100258e+00
-2.101797764559389492e+00
-2.102300620380851193e+00
-2.102802044453321084e+00
-2.103302040442958987e+00
-2.103800612015164440e+00
-2.104297762834432817e+00
-2.104793496564274946e+00
-2.105287816867095874e+00
-2.105780727404070518e+00
-2.106272231835061071e+00
-2.106762333818494426e+00
-2.107251037011272921e+00
-2.107738345068661090e+00
-2.108224261644164432e+00
-2.108708790389468124e+00
-2.109191934954312231e+00
-2.109673698986388679e+00
-2.110154086131254214e+00
-2.110633100032240694e+00
-2.111110744330336519e+00
-2.111587022664111579e+00
-2.112061938669619998e+00
-2.112535495980309097e+00
-2.113007698226916808e+00
-2.113478549037392629e+00
-2.113948052036818570e+00
-2.114416210847295474e+00
-2.114883029087882615e+00
-2.115348510374486235e+00
-2.115812658319807582e+00
-2.116275476533224786e+00
-2.116736968620740900e+00
-2.117197138184878646e+00
-2.117655988824619140e+00
-2.118113524135306402e+00
-2.118569747708583861e+00
-2.119024663132301978e+00
-2.119478273990464512e+00
-2.119930583863125939e+00
-2.120381596326339491e+00
-2.120831314952062563e+00
-2.121279743308128296e+00
-2.121726884958102133e+00
-2.122172743461284039e+00
-2.122617322372601922e+00
-2.123060625242538801e+00
-2.123502655617096835e+00
-2.123943417037688075e+00
-2.124382913041117149e+00
-2.124821147159466683e+00
-2.125258122920071990e+00
-2.125693843845455344e+00
-2.126128313453233609e+00
-2.126561535256082713e+00
-2.126993512761686134e+00
-2.127424249472656292e+00
-2.127853748886468832e+00
-2.128282014495444852e+00
-2.128709049786648322e+00
-2.129134858241851447e+00
-2.129559443337505353e+00
-2.129982808544624628e+00
-2.130404957328796200e+00
-2.130825893150086525e+00
-2.131245619463014052e+00
-2.131664139716484385e+00
-2.132081457353756537e+00
-2.132497575812359436e+00
-2.132912498524091482e+00
-2.133326228914933065e+00
-2.133738770405026131e+00
-2.134150126408616011e+00
-2.134560300334000793e+00
-2.134969295583507787e+00
-2.135377115553427352e+00
-2.135783763633987142e+00
-2.136189243209289934e+00
-2.136593557657305631e+00
-2.136996710349789996e+00
-2.137398704652277104e+00
-2.137799543924018941e+00
-2.138199231517968535e+00
-2.138597770780728879e+00
-2.138995165052499203e+00
-2.139391417667077189e+00
-2.139786531951789250e+00
-2.140180511227476767e+00
-2.140573358808454341e+00
-2.140965078002468491e+00
-2.141355672110673236e+00
-2.141745144427604330e+00
-2.142133498241132195e+00
-2.142520736832446371e+00
-2.142906863476000900e+00
-2.143291881439520985e+00
-2.143675793983942146e+00
-2.144058604363388909e+00
-2.144440315825165921e+00
-2.144820931609704662e+00
-2.145200454950549229e+00
-2.145578889074331030e+00
-2.145956237200743466e+00
-2.146332502542507736e+00
-2.146707688305364847e+00
-2.147081797688029869e+00
-2.147454833882189273e+00
-2.147826800072476949e+00
-2.148197699436428021e+00
-2.148567535144488172e+00
-2.148936310359969237e+00
-2.149304028239047870e+00
-2.149670691930726463e+00
-2.150036304576829149e+00
-2.150400869311978713e+00
-2.150764389263568166e+00
-2.151126867551752753e+00
-2.151488307289439295e+00
-2.151848711582251550e+00
-2.152208083528526217e+00
-2.152566426219288509e+00
-2.152923742738249935e+00
-2.153280036161779432e+00
-2.153635309558896260e+00
-2.153989565991251798e+00
-2.154342808513125540e+00
-2.154695040171391351e+00
-2.155046264005533008e+00
-2.155396483047602896e+00
-2.155745700322241554e+00
-2.156093918846621715e+00
-2.156441141630493608e+00
-2.156787371676129883e+00
-2.157132611978334946e+00
-2.157476865524425858e+00
-2.157820135294240771e+00
-2.158162424260102519e+00
-2.158503735386838152e+00
-2.158844071631753625e+00
-2.159183435944628027e+00
-2.159521831267713132e+00
-2.159859260535713421e+00
-2.160195726675801620e+00
-2.160531232607594276e+00
-2.160865781243143768e+00
-2.161199375486945407e+00
-2.161532018235931218e+00
-2.161863712379459734e+00
-2.162194460799304885e+00
-2.162524266369673764e+00
-2.162853131957174657e+00
-2.163181060420836133e+00
-2.163508054612091058e+00
-2.163834117374795696e+00
-2.164159251545193285e+00
-2.164483459951936251e+00
-2.164806745416072431e+00
-2.165129110751063291e+00
-2.165450558762751054e+00
-2.165771092249387575e+00
-2.166090714001617012e+00
-2.166409426802486937e+00
-2.166727233427442112e+00
-2.167044136644311614e+00
-2.167360139213337256e+00
-2.167675243887156711e+00
-2.167989453410810619e+00
-2.168302770521736367e+00
-2.168615197949782303e+00
-2.168926738417198852e+00
-2.169237394638648286e+00
-2.169547169321207392e+00
-2.169856065164353254e+00
-2.170164084860002340e+00
-2.170471231092477638e+00
-2.170777506538529522e+00
-2.171082913867341979e+00
-2.171387455740529049e+00
-2.171691134812143709e+00
-2.171993953728672544e+00
-2.172295915129065946e+00
-2.172597021644714577e+00
-2.172897275899462244e+00
-2.173196680509637879e+00
-2.173495238084014236e+00
-2.173792951223850523e+00
-2.174089822522888404e+00
-2.174385854567356446e+00
