2.776770292205032190e-16
-3.008169902430505083e+00
-5.862609229808568578e+00
-8.437165374968296661e+00
-1.065046548094289847e+01
-1.246881312849506962e+01
-1.389800737076647330e+01
-1.497036708338613487e+01
-1.573216370988467006e+01
-1.623404950403685021e+01
-1.652494288790595078e+01
-1.664876353382484453e+01
-1.664313070506047154e+01
-1.653924598552949021e+01
-1.636239903238659466e+01
-1.613273971842416188e+01
-1.586610992742755677e+01
-1.557482865711485687e+01
-1.526838265571108977e+01
-1.495400978962967464e+01
-1.463717809956533067e+01
-1.432197283201975146e+01
-1.401140454980603955e+01
-1.370765302537505015e+01
-1.341225835606317141e+01
-1.312627089214396925e+01
-1.285036768691488263e+01
-1.258494368778688965e+01
-1.233018225420481429e+01
-1.208611077965534975e+01
-1.185264376014550436e+01
-1.162961717876472001e+01
-1.141681441872017722e+01
-1.121398573293070022e+01
-1.102086007151131675e+01
-1.083715122371959083e+01
-1.066255800359544459e+01
-1.049676209697083706e+01
-1.033942436763676298e+01
-1.019018340692253233e+01
-1.004865594107000959e+01
-9.914441181631897138e+00
-9.787126802624362298e+00
-9.666297366101819222e+00
-9.551542138490063394e+00
-9.442463225193586496e+00
-9.338681332329150209e+00
-9.239840833985020652e+00
-9.145612010883841236e+00
-9.055692752572911175e+00
-8.969807837945159790e+00
-8.887708351692927167e+00
-8.809169295232369024e+00
-8.733987990857341899e+00
-8.661981142946164169e+00
-8.592983130323633034e+00
-8.526843185460371899e+00
-8.463424029045436114e+00
-8.402599442896832471e+00
-8.344253384629510606e+00
-8.288277992788831483e+00
-8.234573153683603763e+00
-8.183044870446709140e+00
-8.133605192792774830e+00
-8.086170853383437773e+00
-8.040663465396288956e+00
-7.997008337896644115e+00
-7.955134862511913596e+00
-7.914975439707892413e+00
-7.876465997001414365e+00
-7.839544978357780636e+00
-7.804153954888575662e+00
-7.770236645840600254e+00
-7.737739596605512915e+00
-7.706611211372068837e+00
-7.676802482805026528e+00
-7.648266024148032471e+00
-7.620956841100918311e+00
-7.594831356045809834e+00
-7.569848216481572578e+00
-7.545967307022392490e+00
-7.523150591045222768e+00
-7.501361107869073841e+00
-7.480563845609493612e+00
-7.460724721958794881e+00
-7.441811487002080838e+00
-7.423792686586599743e+00
-7.406638594276930831e+00
-7.390320156614619052e+00
-7.374809953621490166e+00
-7.360081125421082504e+00
-7.346108360825414962e+00
-7.332866804883553691e+00
-7.320333075157287261e+00
-7.308484149816369957e+00
-7.297298411250910277e+00
-7.286754514366856839e+00
-7.276832457212367267e+00
-7.267512429151914866e+00
-7.258775908207012684e+00
-7.250604488809387682e+00
-7.242981005576878850e+00
-7.235888340366227744e+00
-7.229310572225468690e+00
-7.223231763485877366e+00
-7.217637135652180902e+00
-7.212511834293041879e+00
-7.207842130648944412e+00
-7.203614165099689437e+00
-7.199815174288976216e+00
-7.196432212965398811e+00
-7.193453406440696085e+00
-7.190866650617937950e+00
-7.188660889617958460e+00
-7.186824793824401425e+00
-7.185348062528802870e+00
-7.184220079838088857e+00
-7.183431242202871658e+00
-7.182971592047093345e+00
-7.182832170058474297e+00
-7.183003626412407527e+00
-7.183477597715911322e+00
-7.184245295710203649e+00
-7.185298908770735515e+00
-7.186630167983193651e+00
-7.188231773113074929e+00
-7.190095935959370799e+00
-7.192215830716647496e+00
-7.194584114519357421e+00
-7.197194402127422563e+00
-7.200039763582633867e+00
-7.203114223156469542e+00
-7.206411234046457004e+00
-7.209925201531869554e+00
-7.213649934644925210e+00
-7.217580193486094586e+00
-7.221710117809881702e+00
-7.226034798457675379e+00
-7.230548682803039640e+00
-7.235247170264680783e+00
-7.240124994561109695e+00
-7.245177843270283802e+00
-7.250400716847857474e+00
-7.255789572204467852e+00
-7.261339658444660117e+00
-7.267047184436831841e+00
-7.272907631233367809e+00
-7.278917443611275573e+00
-7.285072319136959074e+00
-7.291368923658479773e+00
-7.297803156981044204e+00
-7.304371892294737378e+00
-7.311071218429060714e+00
-7.317898203201917084e+00
-7.324849112223793313e+00
-7.331921196156443443e+00
-7.339110886038791470e+00
-7.346415604445489578e+00
-7.353831937308605404e+00
-7.361357468968048323e+00
-7.368988930464363207e+00
-7.376724058474636081e+00
-7.384559720053196052e+00
-7.392493795448175753e+00
-7.400523279267804178e+00
-7.408646187174052322e+00
-7.416859633453748657e+00
-7.425161761586828391e+00
-7.433549798201877223e+00
-7.442022007518175108e+00
-7.450575721666213624e+00
-7.459209319003258010e+00
-7.467920230780255686e+00
-7.476706943331890010e+00
-7.485566981072088844e+00
-7.494498932559399584e+00
-7.503500409804610527e+00
-7.512570098213910974e+00
-7.521705692190967518e+00
-7.530905968961714159e+00
-7.540168700454540129e+00
-7.549492751010182801e+00
-7.558875965524433305e+00
-7.568317291047313766e+00
-7.577814641172835763e+00
-7.587367041532585787e+00
-7.596972470417093781e+00
-7.606630028169599100e+00
-7.616337754023964735e+00
-7.626094819404499070e+00
-7.635899320965956250e+00
-7.645750497805940959e+00
-7.655646500692326661e+00
-7.665586633195212940e+00
-7.675569097087642234e+00
-7.685593257404125467e+00
-7.695657364000791922e+00
-7.705760840548248503e+00
-7.715901982236883505e+00
-7.726080268712391508e+00
-7.736294037912156085e+00
-7.746542822951953511e+00
-7.756825002079758669e+00
-7.767140159522240239e+00
-7.777486711542021425e+00
-7.787864291253447924e+00
-7.798271350769557131e+00
-7.808707569996170328e+00
-7.819171434855261893e+00
-7.829662670066885433e+00
-7.840179793435249955e+00
-7.850722572628593632e+00
-7.861289555514323624e+00
-7.871880550946719346e+00
-7.882494135137908309e+00
-7.893130156463821656e+00
-7.903787217857016323e+00
-7.914465205641821655e+00
-7.925162747935512897e+00
-7.935879767523267070e+00
-7.946614916254085337e+00
-7.957368151966747405e+00
-7.968138148866914072e+00
-7.978924898515169062e+00
-7.989727096171602483e+00
-8.000544765857702245e+00
-8.011376622654427848e+00
-8.022222721849669114e+00
-8.033081797176190975e+00
-8.043953934056350619e+00
-8.054837883766305495e+00
-8.065733760789838058e+00
-8.076640332894829299e+00
-8.087557742608932898e+00
-8.098484773193982633e+00
-8.109421594255813659e+00
-8.120367003602924072e+00
-8.131321197002883139e+00
-8.142282985911137416e+00
-8.153252591386808135e+00
-8.164228837677342199e+00
-8.175211970306893505e+00
-8.186200825502353950e+00
-8.197195672467465499e+00
-8.208195358635871131e+00
-8.219200176144253689e+00
-8.230208982898105319e+00
-8.241222093257020376e+00
-8.252238374898828610e+00
-8.263258163730757389e+00
-8.274280336537117364e+00
-8.285305250130095445e+00
-8.296331789766362874e+00
-8.307360332551279924e+00
-8.318389771609721706e+00
-8.329420503757956951e+00
-8.340451429413123563e+00
-8.351482964547470189e+00
-8.362514016321703991e+00
-8.373545019335256967e+00
-8.384574886968907848e+00
-8.395604071945538038e+00
-8.406631493366406360e+00
-8.417657621597472328e+00
-8.428681380983837457e+00
-8.439703259076411612e+00
-8.450722185009013288e+00
-8.461738663080451417e+00
-8.472751626778771694e+00
-8.483761596733499388e+00
-8.494767510371721286e+00
-8.505769904255663150e+00
-8.516767719354559674e+00
-8.527761507783308659e+00
-8.538750213674035194e+00
-8.549734404331221782e+00
-8.560713026687130522e+00
-8.571686662889193897e+00
-8.582654262322717997e+00
-8.593616421646688153e+00
-8.604572092367565261e+00
-8.615521885339116892e+00
-8.626464753871191604e+00
-8.637401322709466811e+00
-8.648330546662894136e+00
-8.659253064079662110e+00
-8.670167830976323486e+00
-8.681075499026579934e+00
-8.691975025175393554e+00
-8.702867074157042637e+00
-8.713750603577333109e+00
-8.724626290977536058e+00
-8.735493094367763334e+00
-8.746351703853722626e+00
-8.757201077603779638e+00
-8.768041918055661910e+00
-8.778873183300172300e+00
-8.789695587884573058e+00
-8.800508089595616923e+00
-8.811311414877140535e+00
-8.822104520994646037e+00
-8.832888146084256320e+00
-8.843661246681628896e+00
-8.854424572419747008e+00
-8.865177078904103780e+00
-8.875919527077110516e+00
-8.886650871421569065e+00
-8.897371884009714904e+00
-8.908081518016951250e+00
-8.918780556472995613e+00
-8.929467951068106757e+00
-8.940144495624450016e+00
-8.950809140176241741e+00
-8.961462689179821695e+00
-8.972104090849077451e+00
-8.982734160122577194e+00
-8.993351843235833698e+00
-9.003957965463962765e+00
-9.014551470912108400e+00
-9.025133195052113422e+00
-9.035702079712365276e+00
-9.046258970427317081e+00
-9.056802806607690215e+00
-9.067334443721854598e+00
-9.077852818627102138e+00
-9.088358796602195255e+00
-9.098851311820373766e+00
-9.109331239252044909e+00
-9.119797510260546858e+00
-9.130251009394052986e+00
-9.140690665084536093e+00
-9.151117371348609808e+00
-9.161530053569951093e+00
-9.171929615128613378e+00
-9.182314978247113402e+00
-9.192687055567986931e+00
-9.203044766043825931e+00
-9.213389031482865477e+00
-9.223718767462681711e+00
-9.234034904864190096e+00
-9.244336355788584925e+00
-9.254624060100100635e+00
-9.264896926325683069e+00
-9.275155903226997012e+00
-9.285399895662346026e+00
-9.295629861208217548e+00
-9.305844700963154636e+00
-9.316045381239117518e+00
-9.326230799286648221e+00
-9.336401930077039779e+00
-9.346557666927759911e+00
-9.356698993396109998e+00
-9.366824798784090689e+00
-9.376936075164788775e+00
-9.387031707745022047e+00
-9.397112697046029695e+00
-9.407177924102455790e+00
-9.417228397818661279e+00
-9.427262994982745781e+00
-9.437282732819621600e+00
-9.447286483798654544e+00
-9.457275273405427285e+00
-9.467247969720766321e+00
-9.477205606433150464e+00
-9.487147047167352909e+00
-9.497073333759226799e+00
-9.506983325312079458e+00
-9.516878071755856539e+00
-9.526756427609003097e+00
-9.536619450844304069e+00
-9.546465991333899836e+00
-9.556297115044172230e+00
-9.566111667141379726e+00
-9.575910721538273052e+00
-9.585693118637452770e+00
-9.595459940252519360e+00
-9.605210021966495759e+00
-9.614944453450107176e+00
-9.624662065412378453e+00
-9.634363955339312113e+00
-9.644048949013194871e+00
-9.653718151694882010e+00
-9.663370384188850082e+00
-9.673006759492059459e+00
-9.682626093381383470e+00
-9.692229506552749285e+00
-9.701815809707188265e+00
-9.711386131203845196e+00
-9.720939276620955027e+00
-9.730476381946607134e+00
-9.739996247590680056e+00
-9.749500017137222585e+00
-9.758986485783502474e+00
-9.768456804677892791e+00
-9.777909763761938322e+00
-9.787346521718047754e+00
-9.796765863190035617e+00
-9.806168954365279689e+00
-9.815554574549153699e+00
-9.824923897405982487e+00
-9.834275696863024052e+00
-9.843611154034832111e+00
-9.852929037431740866e+00
-9.862230535592958702e+00
-9.871514411574372261e+00
-9.880781861315098169e+00
-9.890031642379856436e+00
-9.899264958084156518e+00
-9.908480560465866560e+00
-9.917679660194234970e+00
-9.926861003745408141e+00
-9.936025809120833330e+00
-9.945172817200949922e+00
-9.954303253298670384e+00
-9.963415852665555406e+00
-9.972511847906245563e+00
-9.981589968611086050e+00
-9.990651454657527353e+00
-9.999695029943048041e+00
-1.000872194159983586e+01
-1.001773090780178244e+01
-1.002672318291848796e+01
-1.003569747937008749e+01
-1.004465505874713216e+01
-1.005359462768665679e+01
-1.006251745498433614e+01
-1.007142224146531717e+01
-1.008031026311557277e+01
-1.008918021492014816e+01
-1.009803338004096851e+01
-1.010686844759560010e+01
-1.011568670790826374e+01
-1.012448684420209233e+01
-1.013327015395076458e+01
-1.014203531445665796e+01
-1.015078363033056874e+01
-1.015951377292829072e+01
-1.016822705398619497e+01
-1.017692213888822650e+01
-1.018560034648523782e+01
-1.019426033616466221e+01
-1.020290343388125720e+01
-1.021152829300170062e+01
-1.022013624657491171e+01
-1.022872594192302920e+01
-1.023729871917965717e+01
-1.024585321959913209e+01
-1.025439079039095880e+01
-1.026291006671887196e+01
-1.027141240285996027e+01
-1.027989642786476132e+01
-1.028836350307037328e+01
-1.029681225139211698e+01
-1.030524404121960202e+01
-1.031365748931144566e+01
-1.032205397110294953e+01
-1.033043209717468436e+01
-1.033879325000137861e+01
-1.034713603396466830e+01
-1.035546183857276681e+01
-1.036376926198781945e+01
-1.037205970074607464e+01
-1.038033174677000758e+01
-1.038858680361880715e+01
-1.039682345695546140e+01
-1.040504311735742959e+01
-1.041324436420863364e+01
-1.042142861510063412e+01
-1.042959444311901329e+01
-1.043774327286551085e+01
-1.044587367110847964e+01
-1.045398706945636746e+01
-1.046208202834160161e+01
-1.047015998637619383e+01
-1.047821949763831029e+01
-1.048626200774073958e+01
-1.049428606438920397e+01
-1.050229312019492056e+01
-1.051028171647329224e+01
-1.051825331283181875e+01
-1.052620644417797990e+01
-1.053414257711386171e+01
-1.054206024012152909e+01
-1.054996090679628651e+01
-1.055784309917755692e+01
-1.056570829785268728e+01
-1.057355501840166845e+01
-1.058138474840302479e+01
-1.058919599696040237e+01
-1.059699025864303579e+01
-1.060476603606179680e+01
-1.061252483077639219e+01
-1.062026513888844192e+01
-1.062798846894813565e+01
-1.063569331053179745e+01
-1.064338117918039828e+01
-1.065105055792882638e+01
-1.065870296930956407e+01
-1.066633688980026662e+01
-1.067395384892565602e+01
-1.068155231659051019e+01
-1.068913382931294720e+01
-1.069669685040928719e+01
-1.070424292339243166e+01
-1.071177050497491301e+01
-1.071928114566596513e+01
-1.072677329555911996e+01
-1.073424851216179476e+01
-1.074170523893345219e+01
-1.074914504038176410e+01
-1.075656635331707811e+01
-1.076397074924962993e+01
-1.077135665832600608e+01
-1.077872565906138824e+01
-1.078607617492381365e+01
-1.079340979143628054e+01
-1.080072492537370898e+01
-1.080802316926971507e+01
-1.081530293319166525e+01
-1.082256581668709750e+01
-1.082981022310129227e+01
-1.083703775899905075e+01
-1.084424682098941517e+01
-1.085143902265797067e+01
-1.085861275386331393e+01
-1.086576963521551775e+01
-1.087290804980869297e+01
-1.088002962528138795e+01
-1.088713273794924241e+01
-1.089421902248328777e+01
-1.090128684840684059e+01
-1.090833785742779050e+01
-1.091537041226323979e+01
-1.092238616166241982e+01
-1.092938346152245011e+01
-1.093636396763854002e+01
-1.094332602907425844e+01
-1.095027130867560672e+01
-1.095719814865881325e+01
-1.096410821892583165e+01
-1.097099985483203177e+01
-1.097787473334034480e+01
-1.098473118293192208e+01
-1.099157088763594459e+01
-1.099839216904586792e+01
-1.100519671826266865e+01
-1.101198284997875909e+01
-1.101875226237254957e+01
-1.102550326322200647e+01
-1.103223755778879500e+01
-1.103895344692319114e+01
-1.104565264297609950e+01
-1.105233343985683447e+01
-1.105899755701156018e+01
-1.106564328139557318e+01
-1.107227233955649304e+01
-1.107888301148239130e+01
-1.108547703082876801e+01
-1.109205267060339928e+01
-1.109861167157614403e+01
-1.110515229976137519e+01
-1.111167630305004117e+01
-1.111818194045005725e+01
-1.112467096698028790e+01
-1.113114163462904749e+01
-1.113759570555007983e+01
-1.114403142469926600e+01
-1.115045056137217117e+01
-1.115685135347924550e+01
-1.116323557746514261e+01
-1.116960146418193567e+01
-1.117595079723065687e+01
-1.118228180039206698e+01
-1.118859626443110145e+01
-1.119489240604417546e+01
-1.120117202316774119e+01
-1.120743332540113357e+01
-1.121367811785985680e+01
-1.121990460303319637e+01
-1.122611459322379623e+01
-1.123230628379788243e+01
-1.123848149425307419e+01
-1.124463841281981580e+01
-1.125077886619872558e+01
-1.125690103547154663e+01
-1.126300675455016886e+01
-1.126909419735478579e+01
-1.127516520501674080e+01
-1.128121794428187563e+01
-1.128725426350946215e+01
-1.129327232225804600e+01
-1.129927397612340023e+01
-1.130525737746389048e+01
-1.131122438912037964e+01
-1.131717315623828668e+01
-1.132310554891237331e+01
-1.132901970506206624e+01
-1.133491750204491133e+01
-1.134079707054154440e+01
-1.134666029518127672e+01
-1.135250529939302666e+01
-1.135833397508694986e+01
-1.136414443842731536e+01
-1.136993858861436557e+01
-1.137571453453478298e+01
-1.138147418268815159e+01
-1.138721563467069053e+01
-1.139294080429071165e+01
-1.139864778584105665e+01
-1.140433850044822783e+01
-1.141001103508873271e+01
-1.141566731821689018e+01
-1.142130542947984218e+01
-1.142692730466946038e+01
-1.143253101609057154e+01
-1.143811850688238785e+01
-1.144368784199435396e+01
-1.144924097192293111e+01
-1.145477595424912209e+01
-1.146029474683680149e+01
-1.146579539988539942e+01
-1.147127987863616028e+01
-1.147674622589393856e+01
-1.148219641428759807e+01
-1.148762847921428687e+01
-1.149304440070081945e+01
-1.149844220672341777e+01
-1.150382388471726181e+01
-1.150918745522452902e+01
-1.151453491309922050e+01
-1.151986427143622116e+01
-1.152517753251902199e+01
-1.153047270198200636e+01
-1.153575178954872804e+01
-1.154101279337984565e+01
-1.154625773064985417e+01
-1.155148459203225997e+01
-1.155669540216339009e+01
-1.156188814421631150e+01
-1.156706485030013098e+01
-1.157222349607410905e+01
-1.157736612113123087e+01
-1.158249069360347683e+01
-1.158759926057884648e+01
-1.159268978264868721e+01
-1.159776431440725375e+01
-1.160282080889162692e+01
-1.160786132821378303e+01
-1.161288381784304669e+01
-1.161789034742042936e+01
-1.162287885483400096e+01
-1.162785141726537219e+01
-1.163280596500763231e+01
-1.163774458279466550e+01
-1.164266519331097349e+01
-1.164756988885433842e+01
-1.165245658448698585e+01
-1.165732738008246727e+01
-1.166218018306689608e+01
-1.166701710090151600e+01
-1.167183603336256681e+01
-1.167663909551092871e+01
-1.168142417945908562e+01
-1.168619340787972227e+01
-1.169094466520764186e+01
-1.169568008173936491e+01
-1.170039753421822581e+01
-1.170509916057685018e+01
-1.170978282985301888e+01
-1.171445068762779229e+01
-1.171910059521940717e+01
-1.172373470586980559e+01
-1.172835087316349956e+01
-1.173295125801591610e+01
-1.173753370626366355e+01
-1.174210038650823229e+01
-1.174664913682418899e+01
-1.175118213351171548e+01
-1.175569720686907793e+01
-1.176019654090804245e+01
-1.176467795813615247e+01
-1.176914365028960852e+01
-1.177359143207100622e+01
-1.177802350295384848e+01
-1.178243766982124718e+01
-1.178683613989720946e+01
-1.179121671223094836e+01
-1.179558160180995330e+01
-1.179992859983496167e+01
-1.180425992907032828e+01
-1.180857337285371678e+01
-1.181287116173950125e+01
-1.181715107118764330e+01
-1.182141533955610058e+01
-1.182566173441226631e+01
-1.182989250193115360e+01
-1.183410540177291814e+01
-1.183830268794314122e+01
-1.184248211217985158e+01
-1.184664593633290330e+01
-1.185079190420335138e+01
-1.185492228549903260e+01
-1.185903481606901266e+01
-1.186313177349297376e+01
-1.186721088565290572e+01
-1.187127443801438531e+01
-1.187532015047721501e+01
-1.187935031640672889e+01
-1.188336264770550521e+01
-1.188735944565276270e+01
-1.189133841413850590e+01
-1.189530186237012366e+01
-1.189924748620967954e+01
-1.190317760280702331e+01
-1.190708989998101686e+01
-1.191098670283829719e+01
-1.191486569113890859e+01
-1.191872919796086983e+01
-1.192257489498998346e+01
-1.192640512329004387e+01
-1.193021754645710786e+01
-1.193401451355542520e+01
-1.193779368007560571e+01
-1.194155740309703440e+01
-1.194530332998914801e+01
-1.194903382586143081e+01
-1.195274652994619480e+01
-1.195644381539795909e+01
-1.196012331329609779e+01
-1.196378740485508629e+01
-1.196743371298549974e+01
-1.197106462697685281e+01
-1.197467776155476393e+01
-1.197827551409905844e+01
-1.198185549113440018e+01
-1.198542009814603304e+01
-1.198896693344151032e+01
-1.199249841062699140e+01
-1.199601211977648063e+01
-1.199951048263262088e+01
-1.200299108101961920e+01
-1.200645634483195145e+01
-1.200990384762766006e+01
-1.201333602746882967e+01
-1.201675044963069716e+01
-1.202014956035871229e+01
-1.202353091662885554e+01
-1.202689697288561455e+01
-1.203024527778906005e+01
-1.203357829399878831e+01
-1.203689356184215775e+01
-1.204019355220976806e+01
-1.204347579707950011e+01
-1.204674277558910767e+01
-1.204999201135009024e+01
-1.205322599176356668e+01
-1.205644223205762700e+01
-1.205964322791305499e+01
-1.206282648615743192e+01
-1.206599451076759522e+01
-1.206914480015353774e+01
-1.207227986660457120e+01
-1.207539720009583739e+01
-1.207849932124576320e+01
-1.208158371157724176e+01
-1.208465290005449688e+01
-1.208770435973078428e+01
-1.209074062793287929e+01
-1.209375916922694039e+01
-1.209676252931910412e+01
-1.209974816427076050e+01
-1.210271862818443900e+01
-1.210567136859916815e+01
-1.210860894803086829e+01
-1.211152880547830080e+01
-1.211443351188806439e+01
-1.211732049770085062e+01
-1.212019234231101805e+01
-1.212304646758327031e+01
-1.212588546137716605e+01
-1.212870673696332169e+01
-1.213151289068388650e+01
-1.213430132719729748e+01
-1.213707465134590002e+01
-1.213983025915761083e+01
-1.214257076399260349e+01
-1.214529355323009518e+01
-1.214800124876571452e+01
-1.215069122931148193e+01
-1.215336612531649685e+01
-1.215602330680695253e+01
-1.215866541280336044e+01
-1.216128980462752551e+01
-1.216389912988932309e+01
-1.216649074118758733e+01
-1.216906729473961946e+01
-1.217162613440236818e+01
-1.217416992501901696e+01
-1.217669600168563626e+01
-1.217920703788952430e+01
-1.218170035994699774e+01
-1.218417865000787792e+01
-1.218663922558959989e+01
-1.218908477752311725e+01
-1.219151261450768153e+01
-1.219392543607401969e+01
-1.219632054208403638e+01
-1.219870064078695648e+01
-1.220106302318774993e+01
-1.220341040627313234e+01
-1.220574007217161139e+01
-1.220805474662638979e+01
-1.221035170286987004e+01
-1.221263367542071165e+01
-1.221489792859567558e+01
-1.221714720570793133e+01
-1.221937876213868179e+01
-1.222159535001508956e+01
-1.222379421576279945e+01
-1.222597812034229925e+01
-1.222814430120362061e+01
-1.223029552816015553e+01
-1.223242902966613777e+01
-1.223454758440740697e+01
-1.223664841182220542e+01
-1.223873429948853975e+01
-1.224080245780826282e+01
-1.224285568327138840e+01
-1.224489117722289144e+01
-1.224691174508472535e+01
-1.224891457912437431e+01
-1.225090249371580420e+01
-1.225287267202827657e+01
-1.225482793740794563e+01
-1.225676546390507582e+01
-1.225868808385820152e+01
-1.226059296217769656e+01
-1.226248294021485208e+01
-1.226435517371909079e+01
-1.226621251307495619e+01
-1.226805210484970488e+01
-1.226987680848192852e+01
-1.227168376133531069e+01
-1.227347583192309699e+01
-1.227525014838414386e+01
-1.227700958832717859e+01
-1.227875127064470107e+01
-1.228047808206190794e+01
-1.228218713220321767e+01
-1.228388131693139762e+01
-1.228555773658111150e+01
-1.228721929617379516e+01
-1.228886308673249772e+01
-1.229049202245866645e+01
-1.229210318504170196e+01
-1.229369949788445560e+01
-1.229527803332060110e+01
-1.229684172397594999e+01
-1.229838763280620562e+01
-1.229991870168183254e+01
-1.230143198415805550e+01
-1.230293043137180753e+01
-1.230441108745553969e+01
-1.230587691283440144e+01
-1.230732494219535944e+01
-1.230875814527396450e+01
-1.231017354728889934e+01
-1.231157412730825307e+01
-1.231295690105957696e+01
-1.231432485696568158e+01
-1.231567500124008596e+01
-1.231701033168272552e+01
-1.231832784496981503e+01
-1.231963054830099757e+01
-1.232091542879203416e+01
-1.232218550306483884e+01
-1.232343774865127806e+01
-1.232467519161826885e+01
-1.232589479989035652e+01
-1.232709960900236013e+01
-1.232828657724777166e+01
-1.232945874965236932e+01
-1.233061307485478153e+01
-1.233175260739493950e+01
-1.233287428623264503e+01
-1.233398117544517447e+01
-1.233507020428953460e+01
-1.233614444640379126e+01
-1.233720082131789653e+01
-1.233824241225421758e+01
-1.233926612899130859e+01
-1.234027506435953647e+01
-1.234126611836154908e+01
-1.234224239345955354e+01
-1.234320077985571373e+01
-1.234414438966784466e+01
-1.234507010327290644e+01
-1.234598104246851413e+01
-1.234687407778148405e+01
-1.234775234071330985e+01
-1.234861269191563515e+01
-1.234945827261827667e+01
-1.235028593357249527e+01
-1.235109882576078633e+01
-1.235189379000875043e+01
-1.235267398707620323e+01
-1.235343624783753391e+01
-1.235418374285469234e+01
-1.235491329302517549e+01
-1.235562807873784230e+01
-1.235632491088771268e+01
-1.235700697971550355e+01
-1.235767108608770926e+01
-1.235832043012221426e+01
-1.235895180263088022e+01
-1.235956841363394609e+01
-1.236016704386248044e+01
-1.236075091326450881e+01
-1.236131679246394199e+01
-1.236186791136215213e+01
-1.236240103044932681e+01
-1.236291938960594905e+01
-1.236341973916171888e+01
-1.236390532900215078e+01
-1.236437289926958094e+01
-1.236482570988056828e+01
-1.236526049076314138e+01
-1.236568051189093964e+01
-1.236608249295053952e+01
-1.236646971399902917e+01
-1.236683888445415924e+01
-1.236719329448288818e+01
-1.236752964320668724e+01
-1.236785123092897720e+01
-1.236815474644726720e+01
-1.236844350022822070e+01
-1.236871417071754564e+01
-1.236897007857200670e+01
-1.236920789185761826e+01
-1.236943094144822552e+01
-1.236963588500195321e+01
-1.236982606363698523e+01
-1.236999812457529480e+01
-1.237015541920668049e+01
-1.237029458428841089e+01
-1.237041898150953045e+01
-1.237052523713392915e+01
-1.237061672317745220e+01
-1.237069005538181088e+01
-1.237074861611756837e+01
-1.237078901057515701e+01
-1.237081463150780714e+01
-1.237082207352557184e+01
-1.237081473979242219e+01
-1.237078921430875589e+01
-1.237074891067749505e+01
-1.237069040225975236e+01
-1.237061711312603762e+01
-1.237052560596842632e+01
-1.237041931535348560e+01
-1.237029479327448556e+01
-1.237015548482284544e+01
-1.236999793126286207e+01
-1.236982558823972056e+01
-1.236963498625855706e+01
-1.236942959154744948e+01
-1.236920592382184658e+01
-1.236896745992194013e+01
-1.236871070874298972e+01
-1.236843915776669789e+01
-1.236814930503722820e+01
-1.236784464870742539e+01
-1.236752167593938090e+01
-1.236718389558683207e+01
-1.236682778389852366e+01
-1.236645686045909187e+01
-1.236606759057258031e+01
-1.236566350458452668e+01
-1.236524105682271291e+01
-1.236480378842385797e+01
-1.236434814270768356e+01
-1.236387767163250651e+01
-1.236338880747810798e+01
-1.236288511305496485e+01
-1.236236300957062895e+01
-1.236182607071860673e+01
-1.236127070660192118e+01
-1.236070050182796720e+01
-1.236011185536259482e+01
-1.235950836275836906e+01
-1.235888641181109548e+01
-1.235824960904981573e+01
-1.235759433106736616e+01
-1.235692419540065856e+01
-1.235623556740641682e+01
-1.235553207566099942e+01
-1.235481007425171818e+01
-1.235407320282627097e+01
-1.235331780416874636e+01
-1.235254752903032305e+01
-1.235175870885799121e+01
-1.235095500553861392e+01
-1.235013273914813325e+01
-1.234929558274135708e+01
-1.234843984498894898e+01
-1.234756921014625419e+01
-1.234667997544414142e+01
-1.234577583637127418e+01
-1.234485307868396298e+01
-1.234391540913721208e+01
-1.234295910197782931e+01
-1.234198787526017504e+01
-1.234099799168646250e+01
-1.233999318064382500e+01
-1.233896969325440374e+01
-1.233793127027153602e+01
-1.233687415120175324e+01
-1.233580208819832791e+01
-1.233471130911624769e+01
-1.233360557754265230e+01
-1.233248110964492383e+01
-1.233134168047811841e+01
-1.233018349448562390e+01
-1.232901033822472492e+01
-1.232781840437838738e+01
-1.232661149104039211e+01
-1.232538577909652311e+01
-1.232414507821181360e+01
-1.232288555743772029e+01
-1.232161103804541291e+01
-1.232031767721475468e+01
-1.231900930785806381e+01
-1.231768207524606851e+01
-1.231633982396750504e+01
-1.231497868734608225e+01
-1.231360252168255087e+01
-1.231220744831555436e+01
-1.231079733529331222e+01
-1.230936829193118065e+01
-1.230792419806078364e+01
-1.230646115093558990e+01
-1.230498304220661154e+01
-1.230348595702661640e+01
-1.230197379890231346e+01
-1.230044264084660810e+01
-1.229889639825839431e+01
-1.229733113197137406e+01
-1.229575076931321576e+01
-1.229415135889887978e+01
-1.229253684002162039e+01
-1.229090324903770792e+01
-1.228925453724309591e+01
-1.228758672869515145e+01
-1.228590378672988415e+01
-1.228420172306527469e+01
-1.228248451311474199e+01
-1.228074815621624793e+01
-1.227899663989833101e+01
-1.227722595107786141e+01
-1.227544008943642240e+01
-1.227363502942836249e+01
-1.227181478292654582e+01
-1.226997531188123958e+01
-1.226812064039473604e+01
-1.226624671787144294e+01
-1.226435758068155302e+01
-1.226244916564139942e+01
-1.226052552142787100e+01
-1.225858257222670211e+01
-1.225662437906044744e+01
-1.225464685344141280e+01
-1.225265406877696961e+01
-1.225064192386288653e+01
-1.224861450453077438e+01
-1.224656769681643631e+01
-1.224450559901528202e+01
-1.224242408435939033e+01
-1.224032726364786505e+01
-1.223821099726492889e+01
-1.223607940855337795e+01
-1.223392834500528714e+01
-1.223176194254739180e+01
-1.222957603573490815e+01
-1.222737477311890864e+01
-1.222515397627272904e+01
-1.222291780641246284e+01
-1.222066207208427002e+01
-1.221839094721016217e+01
-1.221610022726333966e+01
-1.221379409891291701e+01
-1.221146834451308294e+01
-1.220912716352138183e+01
-1.220676632512661186e+01
-1.220439004161636198e+01
-1.220199406896729855e+01
-1.219958263233877460e+01
-1.219715147444827963e+01
-1.219470483336899314e+01
-1.219223843851179190e+01
-1.218975654090585792e+01
-1.218725485660772634e+01
-1.218473764964502770e+01
-1.218220062267175230e+01
-1.217964805275677165e+01
-1.217707562910298513e+01
-1.217448764186342380e+01
-1.217187976674093441e+01
-1.216925630701597250e+01
-1.216661292484210222e+01
-1.216395393667045433e+01
-1.216127499105574650e+01
-1.215858041766345288e+01
-1.215586585139938336e+01
-1.215313563518722262e+01
-1.215038539023348463e+01
-1.214761947276413956e+01
-1.214483349023559278e+01
-1.214203181222056926e+01
-1.213921003237416407e+01
-1.213637253366028013e+01
-1.213351489588120558e+01
-1.213064151543694003e+01
-1.212774795822491036e+01
-1.212483863412630747e+01
-1.212190909508134951e+01
-1.211896376449769264e+01
-1.211599818030559383e+01
-1.211301677948479849e+01
-1.211001508590238807e+01
-1.210699755015596857e+01
-1.210395968199589412e+01
-1.210090594568374911e+01
-1.209783183679913954e+01
-1.209474183331399644e+01
-1.209163141658273943e+01
-1.208850507833418852e+01
-1.208535828564279768e+01
-1.208219554404120188e+01
-1.207901230626858435e+01
-1.207581309170852890e+01
-1.207259333870928231e+01
-1.206935758055279884e+01
-1.206610124114031279e+01
-1.206282886769976770e+01
-1.205953586962888835e+01
-1.205622680814964909e+01
-1.205289707809930633e+01
-1.204955125474207733e+01
-1.204618471829730630e+01
-1.204280205812007587e+01
-1.203939863975407931e+01
-1.203597906669405582e+01
-1.203253868974969443e+01
-1.202908212660466880e+01
-1.202560471327604752e+01
-1.202211108168570775e+01
-1.201859655299904261e+01
-1.201506577342599691e+01
-1.201151404922075727e+01
-1.200794604093135121e+01
-1.200435703984067715e+01
-1.200075172088540398e+01
-1.199712536031677423e+01
-1.199348264751073323e+01
-1.198981884362606287e+01
-1.198613865252905875e+01
-1.198243732022474539e+01
-1.197871956512126346e+01
-1.197498061800811620e+01
-1.197122521188711275e+01
-1.196744856227010700e+01
-1.196365541680467715e+01
-1.195984097566244664e+01
-1.195601000118936597e+01
-1.195215767815378527e+01
-1.194828878365284375e+01
-1.194439848698831597e+01
-1.194049158006182410e+01
-1.193656321664463249e+01
-1.193261820349660418e+01
-1.192865167879415900e+01
-1.192466846420953885e+01
-1.192066368225971118e+01
-1.191664216958366573e+01
-1.191259903297383360e+01
-1.190853912409102833e+01
-1.190445753393752426e+01
-1.190035912925142370e+01
-1.189623898517886680e+01
-1.189210198359100623e+01
-1.188794318371160408e+01
-1.188376748260127513e+01
-1.187956992349457686e+01
-1.187535541869830880e+01
-1.187111899539072901e+01
-1.186686558118219992e+01
-1.186259018712706137e+01
-1.185829775619704129e+01
-1.185398328325470629e+01
-1.184965172669139122e+01
-1.184529806510960093e+01
-1.184092727237913145e+01
-1.183653431077378926e+01
-1.183212416970123115e+01
-1.182769179503739210e+01
-1.182324219178789093e+01
-1.181877028936130358e+01
-1.181428110842175805e+01
-1.180976956184075810e+01
-1.180524068600191434e+01
-1.180068937716966104e+01
-1.179612068750886422e+01
-1.179152949660631400e+01
-1.178692087247052811e+01
-1.178228967793986293e+01
-1.177764099692949884e+01
-1.177296967545814432e+01
-1.176828081341136389e+01
-1.176356923991678904e+01
-1.175884007089464767e+01
-1.175408811850972768e+01
-1.174931851478193678e+01
-1.174452605484115786e+01
-1.173971588687276224e+01
-1.173488278889923819e+01
-1.173003192533787775e+01
-1.172515805703125302e+01
-1.172026636469564309e+01
-1.171535159192075781e+01
-1.171041893578991022e+01
-1.170546312256664656e+01
-1.170048936577013876e+01
-1.169549237426419630e+01
-1.169047737807340326e+01
-1.168543906858812953e+01
-1.168038269240872395e+01
-1.167530292337806586e+01
-1.167020502474352739e+01
-1.166508365272629888e+01
-1.165994408729272358e+01
-1.165478096696786814e+01
-1.164959958851004451e+01
-1.164439457267342348e+01
-1.163917123308217683e+01
-1.163392417264461898e+01
-1.162865872192555017e+01
-1.162336946591232767e+01
-1.161806175218599968e+01
-1.161273014773767009e+01
-1.160738001724129020e+01
-1.160200590961619938e+01
-1.159661320670684326e+01
-1.159119643928504928e+01
-1.158576100644441986e+01
-1.158030142073337565e+01
-1.157482309857429392e+01
-1.156932053421607520e+01
-1.156379916149053777e+01
-1.155825345627094514e+01
-1.155268886988013222e+01
-1.154709985973937059e+01
-1.154149189474528292e+01
-1.153585941379055235e+01
-1.153020790342950086e+01
-1.152453178394963373e+01
-1.151883655964781283e+01
-1.151311663212951153e+01
-1.150737752352022625e+01
-1.150161361666645377e+01
-1.149583045160959394e+01
-1.149002239236004641e+01
-1.148419499696343493e+01
-1.147834261051683491e+01
-1.147247080915964546e+01
-1.146657391899835687e+01
-1.146065753435681600e+01
-1.145471596227346822e+01
-1.144875481534845996e+01
-1.144276838147468922e+01
-1.143676229162177549e+01
-1.143073081445928985e+01
-1.142467959942077904e+01
-1.141860289587470056e+01
-1.141250637181402361e+01
-1.140638425722821836e+01
-1.140024223876667087e+01
-1.139407452696171674e+01
-1.138788682721728662e+01
-1.138167333053056929e+01
-1.137543976115935784e+01
-1.136918029048744749e+01
-1.136290066172735713e+01
-1.135659502657093611e+01
-1.135026914728749325e+01
-1.134391715579853965e+01
-1.133754483353349940e+01
-1.133114629256482253e+01
-1.132472733358681616e+01
-1.131828204874410737e+01
-1.131181625810197033e+01
-1.130532403379827322e+01
-1.129881121537656874e+01
-1.129227185488891472e+01
-1.128571181146601532e+01
-1.127912511699478770e+01
-1.127251765030330510e+01
-1.126588342303391954e+01
-1.125922833382347754e+01
-1.125254637399033086e+01
-1.124584346209299390e+01
-1.123911356904601533e+01
-1.123236263344378294e+01
-1.122558460571708494e+01
-1.121878544461205784e+01
-1.121195907999539898e+01
-1.120511149088200398e+01
-1.119823658649412579e+01
-1.119134036623394124e+01
-1.118441671859867448e+01
-1.117747166349747978e+01
-1.117049906862163233e+01
-1.116350497450871870e+01
-1.115648322796279679e+01
-1.114943989027253402e+01
-1.114236878727328062e+01
-1.113527600112887228e+01
-1.112815533662421252e+01
-1.112101289692375872e+01
-1.111384246567982181e+01
-1.110665016718433762e+01
-1.109942976387457669e+01
-1.109218740129826486e+01
-1.108491682059470662e+01
-1.107762418869718601e+01
-1.107030322536362554e+01
-1.106296011904393772e+01
-1.105558856803119738e+01
-1.104819478242424147e+01
-1.104077243896711380e+01
-1.103332776954150418e+01
-1.102585442925770920e+01
-1.101835867191551088e+01
-1.101083413090640128e+01
-1.100328708208476414e+01
-1.099571113703761149e+01
-1.098811259381190375e+01
-1.098048504210391840e+01
-1.097283480229249975e+01
-1.096515544209637305e+01
-1.095745330436689535e+01
-1.094972193475777900e+01
-1.094196769873480868e+01
-1.093418411979867955e+01
-1.092637758617288668e+01
-1.091854159911626176e+01
-1.091068256975458972e+01
-1.090279397701531217e+01
-1.089488225507252039e+01
-1.088694086043197551e+01
-1.087897625046312378e+01
-1.087098185915905901e+01
-1.086296416723305036e+01
-1.085491658607361032e+01
-1.084684561988772700e+01
-1.083874465736632686e+01
-1.083062022636107002e+01
-1.082246569277190851e+01
-1.081428760824722346e+01
-1.080607931580132863e+01
-1.079784739103284785e+01
-1.078958515397494544e+01
-1.078129920433107536e+01
-1.077298283905646770e+01
-1.076464268211544173e+01
-1.075627200728767008e+01
-1.074787746295531043e+01
-1.073945229962364856e+01
-1.073100319025087579e+01
-1.072252336196804201e+01
-1.071401951246875051e+01
-1.070548484540866419e+01
-1.069692608337726902e+01
-1.068833640645254057e+01
-1.067972256228152617e+01
-1.067107770726079607e+01
-1.066240861425777098e+01
-1.065370841588274331e+01
-1.064498391038728187e+01
-1.063622820648906853e+01
-1.062744812798883487e+01
-1.061863675960402098e+01
-1.060980095085041164e+01
-1.060093376233608176e+01
-1.059204206945898363e+01
-1.058311890860718663e+01
-1.057417118122890543e+01
-1.056519189938005354e+01
-1.055618799072829361e+01
-1.054715244288360765e+01
-1.053809220990318529e+01
-1.052900025483581814e+01
-1.051988355829944410e+01
-1.051073505866455093e+01
-1.050156176328196800e+01
-1.049235658572519547e+01
-1.048312656025109391e+01
-1.047386457551566608e+01
-1.046457769285593464e+01
-1.045525877588817032e+01
-1.044591491320457166e+01
-1.043653894325751175e+01
-1.042713798207046771e+01
-1.041770484280583808e+01
-1.040824666909550977e+01
-1.039875624868392912e+01
-1.038924075298903560e+01
-1.037969294420758359e+01
-1.037012002172253844e+01
-1.036051472205093482e+01
-1.035088427272053480e+01
-1.034122138443459527e+01
-1.033153331304633049e+01
-1.032181274330924658e+01
-1.031206695958362829e+01
-1.030228862053485273e+01
-1.029248503921287572e+01
-1.028264884805447110e+01
-1.027278738898262844e+01
-1.026289326806304913e+01
-1.025297385627603752e+01
-1.024302173317109421e+01
-1.023304429897119938e+01
-1.022303410656245504e+01
-1.021299858559664031e+01
-1.020293026214678456e+01
-1.019283659548056065e+01
-1.018271008470602723e+01
-1.017255821889469836e+01
-1.016237347003512248e+01
-1.015216335719151530e+01
-1.014192032507619423e+01
-1.013165192293588213e+01
-1.012135056804712185e+01
-1.011102384002990640e+01
-1.010066412856314955e+01
-1.009027904383180996e+01
-1.007986094775250940e+01
-1.006941748126793179e+01
-1.005894097836520196e+01
-1.004843911093821873e+01
-1.003790418487494307e+01
-1.002734390321507085e+01
-1.001675054357475503e+01
-1.000613184033510983e+01
-9.995480042665304765e+00
-9.984802916484312618e+00
-9.974092682336321403e+00
-9.963357137875810565e+00
-9.952588474841229882e+00
-9.941794522821071567e+00
-9.930967444564382518e+00
-9.920115101793447465e+00
-9.909229628081350327e+00
-9.898318917484894897e+00
-9.887375074211901094e+00
-9.876406024855413079e+00
-9.865403844065703254e+00
-9.854376491175061759e+00
-9.843316011080908368e+00
-9.832230396058861288e+00
-9.821111661055244468e+00
-9.809967831494283530e+00
-9.798790892169908062e+00
-9.787588901861424162e+00
-9.776353815006023851e+00
-9.765093723945843962e+00
-9.753800552553970604e+00
-9.742482426944178542e+00
-9.731131240215020739e+00
-9.719755152462221659e+00
-9.708346025796126710e+00
-9.696912054505972378e+00
-9.685445069497044202e+00
-9.673953299465081201e+00
-9.662428543890367649e+00
-9.650879066089382619e+00
-9.639296633894243627e+00
-9.627689545458030906e+00
-9.616049536738138670e+00
-9.604384940941457671e+00
-9.592687461921086012e+00
-9.580965468156451337e+00
-9.569210631163253211e+00
-9.557431354913864752e+00
-9.545619278350264025e+00
-9.533782841159638366e+00
-9.521913649470654661e+00
-9.510020178908849431e+00
-9.498094002546530135e+00
-9.486143632172835183e+00
-9.474160607557292835e+00
-9.462153476879734626e+00
-9.450113746356961997e+00
-9.438050000788326344e+00
-9.425953712584584920e+00
-9.413833503395352409e+00
-9.401680811568510876e+00
-9.389504295836401226e+00
-9.377295360223893539e+00
-9.365062700780496741e+00
-9.352797686944288813e+00
-9.340509052318578753e+00
-9.328188131487037182e+00
-9.315843695845488881e+00
-9.303467044852446577e+00
-9.291066987936758892e+00
-9.278634789157230500e+00
-9.266179296218805206e+00
-9.253691737502286685e+00
-9.241180999233824522e+00
-9.228638273834555150e+00
-9.216072486299259126e+00
-9.203474792803731930e+00
-9.190854157361355803e+00
-9.178201699613435238e+00
-9.165526422844111565e+00
-9.152819409867255729e+00
-9.140089703492536799e+00
-9.127328349409653541e+00
-9.114544430211264370e+00
-9.101728954162298990e+00
-9.088891043898348343e+00
-9.076021669955254723e+00
-9.063129995274227468e+00
-9.050206952353883949e+00
-9.037261744706434285e+00
-9.024285266481168577e+00
-9.011286762029744324e+00
-8.998257086836009222e+00
-8.985205526362344486e+00
-8.972122897107233541e+00
-8.959018525917969100e+00
-8.945883189983730333e+00
-8.932726257814090687e+00
-8.919538466960929668e+00
-8.906329227876566890e+00
-8.893089238143573994e+00
-8.879827950440770223e+00
-8.866536022045293564e+00
-8.853222948149333860e+00
-8.839879345384497711e+00
-8.826514751746847409e+00
-8.813119742877837837e+00
-8.799703899871344603e+00
-8.786257757030162097e+00
-8.772790938843360919e+00
-8.759293937922159046e+00
-8.745776422451999821e+00
-8.732228842995224838e+00
-8.718660911738517427e+00
-8.705063036833925239e+00
-8.691444974777919441e+00
-8.677797090946414826e+00
-8.664129186458156440e+00
-8.650431583542619762e+00
-8.636714128257375833e+00
-8.622967099310658412e+00
-8.609200388019395689e+00
-8.595404229191306200e+00
-8.581588559727547860e+00
-8.567743570151298727e+00
-8.553879243277044964e+00
-8.539985724954901158e+00
-8.526073044246007981e+00
-8.512131301934278582e+00
-8.498170573665392524e+00
-8.484180914758981729e+00
-8.470172447787701842e+00
-8.456135182204199907e+00
-8.442079287855218439e+00
-8.427994727918683537e+00
-8.413891719867192975e+00
-8.399760180191474745e+00
-8.385610374346663676e+00
-8.371432171718650395e+00
-8.357235886106805012e+00
-8.343011339369597934e+00
-8.328768894017185787e+00
-8.314498323952918213e+00
-8.300210040769659514e+00
-8.285893769982617840e+00
-8.271559972644496384e+00
-8.257198325444084830e+00
-8.242819339276508117e+00
-8.228412641560543861e+00
-8.213988793421664880e+00
-8.199537372559678516e+00
-8.185068990724015947e+00
-8.170573175440905445e+00
-8.156060589483107748e+00
-8.141520709743165440e+00
-8.126964250422327396e+00
-8.112380637313505005e+00
-8.097780636457596160e+00
-8.083153622076364897e+00
-8.068510412467523096e+00
-8.053840329804154763e+00
-8.039154245064182192e+00
-8.024441427888641343e+00
-8.009712802365230644e+00
-7.994957585113497522e+00
-7.980186753767045893e+00
-7.965389471428293788e+00
-7.950576769719515546e+00
-7.935737757723949848e+00
-7.920883521501931313e+00
-7.906003115609324894e+00
-7.891107681000797847e+00
-7.876186217189890648e+00
-7.861249920488833531e+00
-7.846287734847552819e+00
-7.831310912405986535e+00
-7.816308341022485173e+00
-7.801291329142276076e+00
-7.786248707996962004e+00
-7.771191842822086748e+00
-7.756109507680731596e+00
-7.741013125091050107e+00
-7.725891411398548847e+00
-7.710755846904285171e+00
-7.695595089680004719e+00
-7.680420678317304350e+00
-7.665221212050782995e+00
-7.650008288278629109e+00
-7.634770446827026547e+00
-7.619519344424827700e+00
-7.604243460911147778e+00
-7.588954512877782221e+00
-7.573640919590326703e+00
-7.558314458044272932e+00
-7.542963486337312062e+00
-7.527599842417918907e+00
-7.512211822613407364e+00
-7.496811326383491014e+00
-7.481386587674268007e+00
-7.465949568023783733e+00
-7.450488438377736777e+00
-7.435015222928774037e+00
-7.419518028994473546e+00
-7.404008944007594017e+00
-7.388476011021084311e+00
-7.372931381302842091e+00
-7.357363032995664298e+00
-7.341783181807442382e+00
-7.326179740316154820e+00
-7.310564989284242365e+00
-7.294926775061066238e+00
-7.279277444088271487e+00
-7.263604775813104375e+00
-7.247921182991436950e+00
-7.232214377485207457e+00
-7.216496839010015485e+00
-7.200756211149411889e+00
-7.185005041234774126e+00
-7.169230903868154314e+00
-7.153446414663828357e+00
-7.137639078528716929e+00
-7.121821580038072419e+00
-7.105981353679612589e+00
-7.090131153679216425e+00
-7.074258343370449786e+00
-7.058375747330869920e+00
-7.042470656993838674e+00
-7.026555968001662045e+00
-7.010618899130318660e+00
-6.994672417811722553e+00
-6.978703669395684095e+00
-6.962725693841192331e+00
-6.946725562291327982e+00
-6.930716387981929572e+00
-6.914685167056658699e+00
-6.898645086791191261e+00
-6.882583067524754128e+00
-6.866512371348521881e+00
-6.850419841979928925e+00
-6.834318817114921174e+00
-6.818196063018498343e+00
-6.802064993794483705e+00
-6.785912297411679006e+00
-6.769751465198671880e+00
-6.753569105971066300e+00
-6.737378789113251720e+00
-6.721167043416621745e+00
-6.704947517167228810e+00
-6.688706658247157932e+00
-6.672458194704749879e+00
-6.656188492613141605e+00
-6.639911360658869555e+00
-6.623613082191881496e+00
-6.607307547428165506e+00
-6.590980956064976581e+00
-6.574647280755229417e+00
-6.558292636598277880e+00
-6.541931079607577360e+00
-6.525548639323766942e+00
-6.509159456060937821e+00
-6.492749472823857282e+00
-6.476332915184436878e+00
-6.459895638617673796e+00
-6.443451954927979841e+00
-6.426987631049647653e+00
-6.410517066011859555e+00
-6.394025937179765862e+00
-6.377528731818047802e+00
-6.361011036676310404e+00
-6.344487428283772879e+00
-6.327943401709936744e+00
-6.311393623796746510e+00
-6.294823496850090905e+00
-6.278247779092339442e+00
-6.261651778962973758e+00
-6.245050347152458770e+00
-6.228428697111314527e+00
-6.211801773106158997e+00
-6.195154692455728807e+00
-6.178502494131913991e+00
-6.161830198157907112e+00
-6.145152939361281597e+00
-6.128455639284899448e+00
-6.111753529784414773e+00
-6.095031432715449782e+00
-6.078304678156573715e+00
-6.061557987047061502e+00
-6.044806788906329054e+00
-6.028035702504985771e+00
-6.011260258044806903e+00
-5.994464970851935526e+00
-5.977665473076228864e+00
-5.960846175299287175e+00
-5.944022812909605769e+00
-5.927179690419246860e+00
-5.910332647771348036e+00
-5.893465882057920879e+00
-5.876595339118829919e+00
-5.859705107249436828e+00
-5.842811239555041780e+00
-5.825897714130728211e+00
-5.808980692743664243e+00
-5.792044041857288050e+00
-5.775104033325054509e+00
-5.758144420519168527e+00
-5.741181586832731831e+00
-5.724199171057891000e+00
-5.707213669610474938e+00
-5.690208605183739721e+00
-5.673200588729724991e+00
-5.656173025293133705e+00
-5.639142641907122666e+00
-5.622092724386595464e+00
-5.605040117422699808e+00
-5.587967985986626474e+00
-5.570893294037625232e+00
-5.553799084055808244e+00
-5.536702440912367962e+00
-5.519586282914647590e+00
-5.502467817524551386e+00
-5.485329837159477862e+00
-5.468189673586605792e+00
-5.451029991579666500e+00
-5.433868248962895109e+00
-5.416686981075120144e+00
-5.399503773586789457e+00
-5.382301030572373968e+00
-5.365096467376873512e+00
-5.347872354940853334e+00
-5.330646540152431001e+00
-5.313401158907901767e+00
-5.296154191548138712e+00
-5.278887636972865671e+00
-5.261619610927962043e+00
-5.244331973320600859e+00
-5.227042977297683635e+00
-5.209734341733357255e+00
-5.192424459216406163e+00
-5.175094905501534726e+00
-5.157764214706626049e+00
-5.140413817332929902e+00
-5.123062391162698681e+00
-5.105691219260663161e+00
-5.088319125257733333e+00
-5.070927242548854075e+00
-5.053534542848656663e+00
-5.036122007596901540e+00
-5.018708758879263598e+00
-5.001275623841300977e+00
-4.983841877281110833e+00
-4.966388189655483565e+00
-4.948933990871974054e+00
-4.931459792247131269e+00
-4.913985181252219725e+00
-4.896490507552924143e+00
-4.878995518697903044e+00
-4.861480400130537838e+00
-4.843965062051533543e+00
-4.826429523047558234e+00
-4.808893858609283534e+00
-4.791337917767388710e+00
-4.773781944005498268e+00
-4.756205614031666862e+00
-4.738629342093076069e+00
-4.721032629739245756e+00
-4.703436064820786022e+00
-4.685818970821017615e+00
-4.668202112106066615e+00
-4.650564631111127945e+00
-4.632927471704164191e+00
-4.615269592213543604e+00
-4.597612119072417514e+00
-4.579933823364283008e+00
-4.562256017230300387e+00
-4.544557281288734707e+00
-4.526859116614056155e+00
-4.509139910053892031e+00
-4.491421354926560028e+00
-4.473681640915324387e+00
-4.455942656981230598e+00
-4.438182392158338985e+00
-4.420422934540530591e+00
-4.402642068933134922e+00
-4.384862086147957250e+00
-4.367060563083900782e+00
-4.349259996953807494e+00
-4.331437752970806798e+00
-4.313616538533886491e+00
-4.295773503285467143e+00
-4.277931568701172971e+00
-4.260067664858446790e+00
-4.242204931309778715e+00
-4.224320074459570584e+00
-4.206436456050962391e+00
-4.188530554589372734e+00
-4.170625958240685272e+00
-4.152698913262516278e+00
-4.134773238598058676e+00
-4.116824943781400847e+00
-4.098878083014885654e+00
-4.080908424500724330e+00
-4.062940262314710615e+00
-4.044949118581444125e+00
-4.026959532002080344e+00
-4.008946773734411551e+00
-3.990935632000274680e+00
-3.972901121952433723e+00
-3.954868286377767106e+00
-3.936811879230739830e+00
-3.918757203062432026e+00
-3.900678745274457793e+00
-3.882602073542965382e+00
-3.864501403193384643e+00
-3.846402572556320454e+00
-3.828279519182527846e+00
-3.810158357761470160e+00
-3.792012742187799823e+00
-3.773869069397532972e+00
-3.755700703556628106e+00
-3.737534329926051058e+00
-3.719343016671632807e+00
-3.701153743656651951e+00
-3.682939276567194220e+00
-3.664726896354472352e+00
-3.646489059527808330e+00
-3.628253354829222399e+00
-3.609991922666973885e+00
-3.591732666503837379e+00
-3.573447403485420004e+00
-3.555164358962538795e+00
-3.536855019407961986e+00
-3.518547939476219799e+00
-3.500214267296969162e+00
-3.481882894504487069e+00
-3.463524622942144582e+00
-3.445168689172293242e+00
-3.426785540523805462e+00
-3.408404766720558587e+00
-3.389996452049206965e+00
-3.371590547928155601e+00
-3.353156766759935348e+00
-3.334725430504251964e+00
-3.316265870508025682e+00
-3.297808788448781225e+00
-3.279323125099958158e+00
-3.260839971379246194e+00
-3.242327867605067748e+00
-3.223818303821657238e+00
-3.205279409627821430e+00
-3.186743084463023568e+00
-3.168177036539513214e+00
-3.149613585363375545e+00
-3.131020006669006595e+00
-3.112429051124303125e+00
-3.093807550447905896e+00
-3.075188698011184663e+00
-3.056538869507984924e+00
-3.037891713025930862e+00
-3.019213135727692787e+00
-3.000537252926888776e+00
-2.981829490223899093e+00
-2.963124443192420188e+00
-2.944387042284712930e+00
-2.925652376923479903e+00
-2.906884868240387831e+00
-2.888120113682096868e+00
-2.869322010266311729e+00
-2.850526678259499125e+00
-2.831697475114269391e+00
-2.812871059370155358e+00
-2.794010232766194868e+00
-2.775152208265117437e+00
-2.756259215004388086e+00
-2.737369037259440141e+00
-2.718443313892307422e+00
-2.699520418166204916e+00
-2.680561380158600571e+00
-2.661605180630323808e+00
-2.642612221476637213e+00
-2.623622110354161041e+00
-2.604594600631803925e+00
-2.585569947206054486e+00
-2.566507233566429846e+00
-2.547447383202086968e+00
-2.528348787293128286e+00
-2.509253060350694842e+00
-2.490117877664901780e+00
-2.470985568348147865e+00
-2.451813066989783962e+00
-2.432643442112613741e+00
-2.413432861476624058e+00
-2.394225159141482706e+00
-2.374975708496868343e+00
-2.355729136677612523e+00
-2.336439993645651025e+00
-2.317153728665338974e+00
-2.297824037583965140e+00
-2.278497222478352402e+00
-2.259126092640613148e+00
-2.239757835396431584e+00
-2.220344339152059643e+00
-2.200933710807668309e+00
-2.181476881513499499e+00
-2.162022914108659322e+00
-2.142521743912856991e+00
-2.123023428272385438e+00
-2.103476865715493638e+00
-2.083933149049565170e+00
-2.064340096463286756e+00
-2.044749879765384026e+00
-2.025109190447141660e+00
-2.005471325667650184e+00
-1.985781800806347919e+00
-1.966095087777635309e+00
-1.946355473103162925e+00
-1.926618656188057610e+00
-1.906827638312399431e+00
-1.887039402744270955e+00
-1.867195605158206817e+00
-1.847354573036755543e+00
-1.827456551721101441e+00
-1.807561277622071527e+00
-1.787607516225205861e+00
-1.767656482377214511e+00
-1.747645386904999265e+00
-1.727636997877735947e+00
-1.707566890832175499e+00
-1.687499467673765130e+00
-1.667368581566906149e+00
-1.647240355316405003e+00
-1.627046825474499414e+00
-1.606855929964316365e+00
-1.586597786522377485e+00
-1.566342250371001832e+00
-1.546017409340123772e+00
-1.525695147017728015e+00
-1.505301400287891500e+00
-1.484910202116800804e+00
-1.464445206230742258e+00
-1.443982727157387957e+00
-1.423443990661479530e+00
-1.402907737604471849e+00
-1.382292606743343422e+00
-1.361679924285570165e+00
-1.340985566760020342e+00
-1.320293620903493004e+00
-1.299517007352585685e+00
-1.278742766997381874e+00
-1.257880649791306205e+00
-1.237020865524696367e+00
-1.216069754361527755e+00
-1.195120934050811545e+00
-1.174077067731122526e+00
-1.153035448293733500e+00
-1.131894761893836643e+00
-1.110756276465613146e+00
-1.089514362931262248e+00
-1.068274602454447164e+00
-1.046926667375779108e+00
-1.025580835367799315e+00
-1.004121643351634674e+00
-9.826645022700041254e-01
-9.610883128606739767e-01
-9.395141200156718053e-01
-9.178146104868497579e-01
-8.961170408238802176e-01
-8.742872122944004287e-01
-8.524592644990534041e-01
-8.304913266116117354e-01
-8.085252077752677069e-01
-7.864104354435489386e-01
-7.642974177958311577e-01
-7.420259710153402910e-01
-7.197562117167578544e-01
-6.973169057059278586e-01
-6.748792169680740693e-01
-6.522592242508540306e-01
-6.296407753925579165e-01
-6.068252326067075098e-01
-5.840111568306197709e-01
-5.609826348489441727e-01
-5.379554993226421944e-01
-5.146932716130802055e-01
-4.914323457781326066e-01
-4.679113488334661897e-01
-4.443915647686797477e-01
-4.205808695003117603e-01
-3.967712932268653847e-01
-3.726317613448032473e-01
-3.484932490836059049e-01
-3.239737476009102446e-01
-2.994551601012225284e-01
-2.744860232891317975e-01
-2.495176875177729792e-01
-2.239983681467996590e-01
-1.984797280991748292e-01
-1.722523374077791491e-01
-1.460254933080844808e-01
-1.188060082908720810e-01
-9.158692228239151412e-02
-6.271295522490363816e-02
-3.383921651076547688e-02
-1.152501246496409050e-15
