5.000000000000056843e+00
4.957888486603470035e+00
4.836123277419879685e+00
4.647134964849407801e+00
4.408042355735616979e+00
4.137038849341580615e+00
3.850588060365737419e+00
3.561916213429275224e+00
3.280637870018280111e+00
3.013087566294541109e+00
2.762958880230852898e+00
2.531990233821124203e+00
2.320567436351006041e+00
2.128199308124616884e+00
1.953868006641154675e+00
1.796274144490681790e+00
1.654000920690744669e+00
1.525619260594390347e+00
1.409751657723906648e+00
1.305108019930846464e+00
1.210503096473142248e+00
1.124862170455960708e+00
1.047219569804562989e+00
9.767130318378191012e-01
9.125759010962305462e-01
8.541284200730187015e-01
8.007688891726713054e-01
7.519651525203043807e-01
7.072466572259860085e-01
6.661971972634719297e-01
6.284483632379170848e-01
5.936736623879300678e-01
5.615832469035428876e-01
5.319191939738034947e-01
5.044513101746400663e-01
4.789734655784243511e-01
4.553004763006107680e-01
4.332655372084415202e-01
4.127181666966587281e-01
3.935225820997949597e-01
3.755563961021188835e-01
3.587095203601043392e-01
3.428831802253999306e-01
3.279889747339961303e-01
3.139479484075662352e-01
3.006896681135812210e-01
2.881513156064592351e-01
2.762768143450211045e-01
2.650160098144901943e-01
2.543239186658249329e-01
2.441600560771681194e-01
2.344878447036223001e-01
2.252741035043517026e-01
2.164886110751340076e-01
2.081037358923561731e-01
2.000941248754560531e-01
1.924364415906550385e-01
1.851091459407828432e-01
1.780923080517350099e-01
1.713674500796871503e-01
1.649174106878264212e-01
1.587262278959689910e-01
1.527790368479681749e-01
1.470619797541077023e-01
1.415621258511550185e-01
1.362673996923683406e-01
1.311665164494116853e-01
1.262489231947343249e-01
1.215047453525834459e-01
1.169247376735658844e-01
1.125002392137259000e-01
1.082231318938854936e-01
1.040858022866097826e-01
1.000811063325272171e-01
9.620233672908012901e-02
9.244319276712811839e-02
8.879775241626282345e-02
8.526044648020794647e-02
8.182603466059683306e-02
7.848958338184992833e-02
7.524644524206962337e-02
7.209223996593727701e-02
6.902283674513769174e-02
6.603433786092599567e-02
6.312306349111417025e-02
6.028553761160931890e-02
5.751847490911754512e-02
5.481876862820036361e-02
5.218347928164378258e-02
4.960982415855019062e-02
4.709516756974488350e-02
4.463701177455139252e-02
4.223298853760564658e-02
3.988085126816606762e-02
3.757846769822057592e-02
3.532381305909366997e-02
3.311496371939603306e-02
3.095009125009196005e-02
2.882745688517519139e-02
2.674540634888711993e-02
2.470236502266589390e-02
2.269683342719180236e-02
2.072738299673933943e-02
1.879265212481754516e-02
1.689134246181737964e-02
1.502221544673027626e-02
1.318408905644292972e-02
1.137583475745097134e-02
9.596374645830359207e-03
7.844678762549676942e-03
6.119762572025413960e-03
4.420684592854051687e-03
2.746544170436411580e-03
1.096479381893736282e-03
-5.303349354257372306e-04
-2.134689040144480132e-03
-3.717340035276212040e-03
-5.279013515900113362e-03
-6.820405122648282026e-03
-8.342182007029949609e-03
-9.844984214266432054e-03
-1.132942598878788898e-02
-1.279609700738055383e-02
-1.424556354438399897e-02
-1.567836957323109903e-02
-1.709503780826170105e-02
-1.849607069034722717e-02
-1.988195131995537657e-02
-2.125314434057712365e-02
-2.261009677569836979e-02
-2.395323882191581488e-02
-2.528298460094853539e-02
-2.659973287279450427e-02
-2.790386771241226693e-02
-2.919575915197897970e-02
-3.047576379075694897e-02
-3.174422537431945829e-02
-3.300147534501002983e-02
-3.424783336511308396e-02
-3.548360781436607492e-02
-3.670909626320700836e-02
-3.792458592305476134e-02
-3.913035407495572132e-02
-4.032666847771378127e-02
-4.151378775664744253e-02
-4.269196177398816572e-02
-4.386143198194344950e-02
-4.502243175928578867e-02
-4.617518673240091076e-02
-4.731991508155565518e-02
-4.845682783316919429e-02
-4.958612913883508194e-02
-5.070801654176156081e-02
-5.182268123125190196e-02
-5.293030828586101078e-02
-5.403107690578172473e-02
-5.512516063502401892e-02
-5.621272757385763208e-02
-5.729394058203696183e-02
-5.836895747324565703e-02
-5.943793120119272855e-02
-6.050101003776274522e-02
-6.155833774361038624e-02
-6.261005373156287857e-02
-6.365629322317960248e-02
-6.469718739876186009e-02
-6.573286354117253982e-02
-6.676344517372748144e-02
-6.778905219241629365e-02
-6.880980099277544948e-02
-6.982580459158110875e-02
-7.083717274369905059e-02
-7.184401205418285141e-02
-7.284642608597100000e-02
-7.384451546331387284e-02
-7.483837797107953382e-02
-7.582810865021930025e-02
-7.681379988951991811e-02
-7.779554151375635274e-02
-7.877342086849847824e-02
-7.974752290164123514e-02
-8.071793024182399856e-02
-8.168472327391529397e-02
-8.264798021160056629e-02
-8.360777716728848286e-02
-8.456418821939251651e-02
-8.551728547711187622e-02
-8.646713914283266078e-02
-8.741381757223752602e-02
-8.835738733220531438e-02
-8.929791325662259083e-02
-9.023545850016373437e-02
-9.117008459015127353e-02
-9.210185147653510151e-02
-9.303081758014571101e-02
-9.395703983914741042e-02
-9.488057375394998161e-02
-9.580147343047992758e-02
-9.671979162196553403e-02
-9.763557976927465798e-02
-9.854888803984457324e-02
-9.945976536527700862e-02
-1.003682594776420245e-01
-1.012744169445817521e-01
-1.021782832031462585e-01
-1.030799025925741852e-01
-1.039793183859088616e-01
-1.048765728205924702e-01
-1.057717071280278864e-01
-1.066647615621671430e-01
-1.075557754271574268e-01
-1.084447871040652434e-01
-1.093318340767647084e-01
-1.102169529569414497e-01
-1.111001795083088606e-01
-1.119815486700544288e-01
-1.128610945795165132e-01
-1.137388505941319961e-01
-1.146148493127189666e-01
-1.154891225960452406e-01
-1.163617015867915161e-01
-1.172326167288377241e-01
-1.181018977860037455e-01
-1.189695738601628944e-01
-1.198356734088184827e-01
-1.207002242621340732e-01
-1.215632536394419677e-01
-1.224247881652335834e-01
-1.232848538846985920e-01
-1.241434762787407969e-01
-1.250006802786053639e-01
-1.258564902800094198e-01
-1.267109301568800916e-01
-1.275640232746783342e-01
-1.284157925033379277e-01
-1.292662602297912355e-01
-1.301154483701644216e-01
-1.309633783815939700e-01
-1.318100712737004243e-01
-1.326555476197429362e-01
-1.334998275674237067e-01
-1.343429308494148711e-01
-1.351848767935542872e-01
-1.360256843327816156e-01
-1.368653720147500474e-01
-1.377039580112016659e-01
-1.385414601270705259e-01
-1.393778958093138953e-01
-1.402132821555143183e-01
-1.410476359222298803e-01
-1.418809735331275357e-01
-1.427133110868665788e-01
-1.435446643647985965e-01
-1.443750488384243913e-01
-1.452044796766497892e-01
-1.460329717528918159e-01
-1.468605396519151174e-01
-1.476871976765363748e-01
-1.485129598541521379e-01
-1.493378399430426162e-01
-1.501618514385626990e-01
-1.509850075791395740e-01
-1.518073213521089204e-01
-1.526288054994153764e-01
-1.534494725231370094e-01
-1.542693346908981522e-01
-1.550884040411026066e-01
-1.559066923880571276e-01
-1.567242113269746995e-01
-1.575409722387953459e-01
-1.583569862949458229e-01
-1.591722644619306681e-01
-1.599868175058291597e-01
-1.608006559966697058e-01
-1.616137903127066455e-01
-1.624262306445626025e-01
-1.632379869992826860e-01
-1.640490692043065635e-01
-1.648594869112942618e-01
-1.656692495998970671e-01
-1.664783665814222602e-01
-1.672868470023892717e-01
-1.680946998480525589e-01
-1.689019339457485114e-01
-1.697085579682499346e-01
-1.705145804369863072e-01
-1.713200097252041143e-01
-1.721248540610439137e-01
-1.729291215305452378e-01
-1.737328200805811074e-01
-1.745359575217254322e-01
-1.753385415310358963e-01
-1.761405796547850233e-01
-1.769420793111373402e-01
-1.777430477927353647e-01
-1.785434922692285820e-01
-1.793434197897803561e-01
-1.801428372854672610e-01
-1.809417515716493785e-01
-1.817401693502695426e-01
-1.825380972121417866e-01
-1.833355416391160564e-01
-1.841325090062470859e-01
-1.849290055839023783e-01
-1.857250375398135644e-01
-1.865206109410847690e-01
-1.873157317561574553e-01
-1.881104058567091286e-01
-1.889046390195713021e-01
-1.896984369285137639e-01
-1.904918051760743636e-01
-1.912847492652826886e-01
-1.920772746113892926e-01
-1.928693865435300303e-01
-1.936610903063768485e-01
-1.944523910617231288e-01
-1.952432938900574566e-01
-1.960338037920882903e-01
-1.968239256902518108e-01
-1.976136644301731693e-01
-1.984030247820944837e-01
-1.991920114422813248e-01
-1.999806290343955906e-01
-2.007688821108388200e-01
-2.015567751540534303e-01
-2.023443125778240370e-01
-2.031314987285328943e-01
-2.039183378863706764e-01
-2.047048342665783449e-01
-2.054909920205890139e-01
-2.062768152372121966e-01
-2.070623079437335645e-01
-2.078474741070487075e-01
-2.086323176347326391e-01
-2.094168423761179343e-01
-2.102010521232965667e-01
-2.109849506121714013e-01
-2.117685415234449031e-01
-2.125518284835797023e-01
-2.133348150657817521e-01
-2.141175047908922824e-01
-2.148999011283684590e-01
-2.156820074971099177e-01
-2.164638272663974294e-01
-2.172453637567237639e-01
-2.180266202406370424e-01
-2.188075999435937780e-01
-2.195883060447423873e-01
-2.203687416777392605e-01
-2.211489099314983275e-01
-2.219288138509968866e-01
-2.227084564379876730e-01
-2.234878406517424032e-01
-2.242669694097885746e-01
-2.250458455885830378e-01
-2.258244720242345016e-01
-2.266028515131540411e-01
-2.273809868127355249e-01
-2.281588806420062898e-01
-2.289365356822633535e-01
-2.297139545776870628e-01
-2.304911399359833579e-01
-2.312680943289573687e-01
-2.320448202931210402e-01
-2.328213203302718359e-01
-2.335975969080529291e-01
-2.343736524605183891e-01
-2.351494893886741377e-01
-2.359251100610236795e-01
-2.367005168140821070e-01
-2.374757119529069260e-01
-2.382506977515946311e-01
-2.390254764537782795e-01
-2.398000502731208738e-01
-2.405744213937955900e-01
-2.413485919709400240e-01
-2.421225641311469667e-01
-2.428963399728912009e-01
-2.436699215669819729e-01
-2.444433109569992546e-01
-2.452165101597329755e-01
-2.459895211655784564e-01
-2.467623459389782226e-01
-2.475349864188096660e-01
-2.483074445187819501e-01
-2.490797221278359952e-01
-2.498518211105232867e-01
-2.506237433073855159e-01
-2.513954905353198988e-01
-2.521670645879423023e-01
-2.529384672359556996e-01
-2.537097002274786850e-01
-2.544807652884167881e-01
-2.552516641227745020e-01
-2.560223984130070574e-01
-2.567929698203421651e-01
-2.575633799850859940e-01
-2.583336305269592903e-01
-2.591037230453961948e-01
-2.598736591198467227e-01
-2.606434403100781894e-01
-2.614130681564774128e-01
-2.621825441803187773e-01
-2.629518698840599411e-01
-2.637210467516272194e-01
-2.644900762486769308e-01
-2.652589598228746737e-01
-2.660276989041413520e-01
-2.667962949049464960e-01
-2.675647492205244782e-01
-2.683330632291568429e-01
-2.691012382923963497e-01
-2.698692757553278199e-01
-2.706371769468021715e-01
-2.714049431796579093e-01
-2.721725757509698140e-01
-2.729400759422604406e-01
-2.737074450197403697e-01
-2.744746842345108795e-01
-2.752417948227827149e-01
-2.760087780060963558e-01
-2.767756349915235226e-01
-2.775423669718827258e-01
-2.783089751259129607e-01
-2.790754606185157360e-01
-2.798418246009075072e-01
-2.806080682108370583e-01
-2.813741925727681337e-01
-2.821401987980590165e-01
-2.829060879851564847e-01
-2.836718612197675071e-01
-2.844375195750413199e-01
-2.852030641117303533e-01
-2.859684958783800801e-01
-2.867338159114830587e-01
-2.874990252356601772e-01
-2.882641248637949904e-01
-2.890291157972308400e-01
-2.897939990258965315e-01
-2.905587755284852469e-01
-2.913234462725957097e-01
-2.920880122148844515e-01
-2.928524743012106413e-01
-2.936168334667859092e-01
-2.943810906363266144e-01
-2.951452467241731381e-01
-2.959093026344535304e-01
-2.966732592611949215e-01
-2.974371174884838931e-01
-2.982008781905873263e-01
-2.989645422320662549e-01
-2.997281104679391239e-01
-3.004915837437842074e-01
-3.012549628958647308e-01
-3.020182487512634295e-01
-3.027814421279984014e-01
-3.035445438351302982e-01
-3.043075546728982728e-01
-3.050704754328225077e-01
-3.058333068978305036e-01
-3.065960498423428437e-01
-3.073587050324225189e-01
-3.081212732258472586e-01
-3.088837551722344865e-01
-3.096461516131445713e-01
-3.104084632821854095e-01
-3.111706909051075720e-01
-3.119328351999117177e-01
-3.126948968769452386e-01
-3.134568766390040673e-01
-3.142187751814193297e-01
-3.149805931921597635e-01
-3.157423313519310271e-01
-3.165039903342460326e-01
-3.172655708055415191e-01
-3.180270734252482745e-01
-3.187884988458922764e-01
-3.195498477131683557e-01
-3.203111206660387289e-01
-3.210723183368054401e-01
-3.218334413512011771e-01
-3.225944903284762022e-01
-3.233554658814539184e-01
-3.241163686166540492e-01
-3.248771991343180066e-01
-3.256379580285261865e-01
-3.263986458872613072e-01
-3.271592632924816835e-01
-3.279198108201966666e-01
-3.286802890405318700e-01
-3.294406985178137126e-01
-3.302010398106412503e-01
-3.309613134719335270e-01
-3.317215200490268856e-01
-3.324816600837217084e-01
-3.332417341123705135e-01
-3.340017426659137589e-01
-3.347616862699688278e-01
-3.355215654448890361e-01
-3.362813807058262494e-01
-3.370411325627858945e-01
-3.378008215207026210e-01
-3.385604480794803806e-01
-3.393200127340755823e-01
-3.400795159745390595e-01
-3.408389582860820721e-01
-3.415983401491294869e-01
-3.423576620393765646e-01
-3.431169244278497454e-01
-3.438761277809594952e-01
-3.446352725605514311e-01
-3.453943592239490101e-01
-3.461533882240426796e-01
-3.469123600092986481e-01
-3.476712750238384886e-01
-3.484301337074715010e-01
-3.491889364957683206e-01
-3.499476838200852868e-01
-3.507063761076172348e-01
-3.514650137814720465e-01
-3.522235972606764243e-01
-3.529821269602575473e-01
-3.537406032912632781e-01
-3.544990266608319951e-01
-3.552573974722173511e-01
-3.560157161248411195e-01
-3.567739830143362711e-01
-3.575321985325844998e-01
-3.582903630677773954e-01
-3.590484770044262142e-01
-3.598065407234370405e-01
-3.605645546021262748e-01
-3.613225190142741461e-01
-3.620804343301640693e-01
-3.628383009166182283e-01
-3.635961191370291057e-01
-3.643538893514112198e-01
-3.651116119164455331e-01
-3.658692871854795081e-01
-3.666269155086078757e-01
-3.673844972326820169e-01
-3.681420327013568694e-01
-3.688995222551194608e-01
-3.696569662313327620e-01
-3.704143649642578362e-01
-3.711717187850989697e-01
-3.719290280220300948e-01
-3.726862930002394214e-01
-3.734435140419383736e-01
-3.742006914664244843e-01
-3.749578255900860024e-01
-3.757149167264526857e-01
-3.764719651862183936e-01
-3.772289712772648462e-01
-3.779859353047146375e-01
-3.787428575709309020e-01
-3.794997383755746023e-01
-3.802565780156129671e-01
-3.810133767853636222e-01
-3.817701349765097452e-01
-3.825268528781424204e-01
-3.832835307767706312e-01
-3.840401689563637810e-01
-3.847967676983795604e-01
-3.855533272817807111e-01
-3.863098479830530119e-01
-3.870663300762665071e-01
-3.878227738330585206e-01
-3.885791795226962164e-01
-3.893355474120648863e-01
-3.900918777657331193e-01
-3.908481708459421999e-01
-3.916044269126508492e-01
-3.923606462235540437e-01
-3.931168290341069960e-01
-3.938729755975335367e-01
-3.946290861648834580e-01
-3.953851609850230764e-01
-3.961412003046644315e-01
-3.968972043684049766e-01
-3.976531734187301326e-01
-3.984091076960423750e-01
-3.991650074386854929e-01
-3.999208728829566906e-01
-4.006767042631375064e-01
-4.014325018115030286e-01
-4.021882657583663589e-01
-4.029439963320617379e-01
-4.036996937589978907e-01
-4.044553582636580269e-01
-4.052109900686332589e-01
-4.059665893946273196e-01
-4.067221564604884820e-01
-4.074776914832130559e-01
-4.082331946779831910e-01
-4.089886662581755927e-01
-4.097441064353728457e-01
-4.104995154193936124e-01
-4.112548934182992943e-01
-4.120102406384242300e-01
-4.127655572843780263e-01
-4.135208435590833620e-01
-4.142760996637621096e-01
-4.150313257979872383e-01
-4.157865221596711014e-01
-4.165416889450990756e-01
-4.172968263489338914e-01
-4.180519345642363938e-01
-4.188070137824951300e-01
-4.195620641936045891e-01
-4.203170859859345354e-01
-4.210720793462920386e-01
-4.218270444599729330e-01
-4.225819815107539901e-01
-4.233368906809284460e-01
-4.240917721512976191e-01
-4.248466261012133205e-01
-4.256014527085625332e-01
-4.263562521497928359e-01
-4.271110245999404365e-01
-4.278657702326252865e-01
-4.286204892200738414e-01
-4.293751817331284415e-01
-4.301298479412595799e-01
-4.308844880125861643e-01
-4.316391021138801243e-01
-4.323936904105870616e-01
-4.331482530668309128e-01
-4.339027902454377639e-01
-4.346573021079315202e-01
-4.354117888145633275e-01
-4.361662505243068533e-01
-4.369206873948980885e-01
-4.376750995828049273e-01
-4.384294872432831780e-01
-4.391838505303544138e-01
-4.399381895968400014e-01
-4.406925045943545505e-01
-4.414467956733366671e-01
-4.422010629830382955e-01
-4.429553066715520848e-01
-4.437095268858169406e-01
-4.444637237716340672e-01
-4.452178974736579198e-01
-4.459720481354368937e-01
-4.467261758994010012e-01
-4.474802809068799681e-01
-4.482343632981065085e-01
-4.489884232122478003e-01
-4.497424607873815594e-01
-4.504964761605392276e-01
-4.512504694676957584e-01
-4.520044408437815520e-01
-4.527583904226997191e-01
-4.535123183373314659e-01
-4.542662247195402014e-01
-4.550201097001876360e-01
-4.557739734091424966e-01
-4.565278159752862441e-01
-4.572816375265236766e-01
-4.580354381897893679e-01
-4.587892180910665973e-01
-4.595429773553758590e-01
-4.602967161068092783e-01
-4.610504344685196765e-01
-4.618041325627257332e-01
-4.625578105107491234e-01
-4.633114684329825983e-01
-4.640651064489385025e-01
-4.648187246772184644e-01
-4.655723232355538088e-01
-4.663259022407926224e-01
-4.670794618089135208e-01
-4.678330020550430790e-01
-4.685865230934446179e-01
-4.693400250375389104e-01
-4.700935079999124522e-01
-4.708469720923200152e-01
-4.716004174256868686e-01
-4.723538441101313157e-01
-4.731072522549553683e-01
-4.738606419686621773e-01
-4.746140133589630827e-01
-4.753673665327831643e-01
-4.761207015962565792e-01
-4.768740186547490434e-01
-4.776273178128621621e-01
-4.783805991744368713e-01
-4.791338628425540480e-01
-4.798871089195513306e-01
-4.806403375070267270e-01
-4.813935487058449425e-01
-4.821467426161339942e-01
-4.828999193373145760e-01
-4.836530789680762443e-01
-4.844062216064095594e-01
-4.851593473495973696e-01
-4.859124562942280789e-01
-4.866655485361971456e-01
-4.874186241707144651e-01
-4.881716832923085336e-01
-4.889247259948388824e-01
-4.896777523714971325e-01
-4.904307625148091043e-01
-4.911837565166444208e-01
-4.919367344682198384e-01
-4.926896964601189532e-01
-4.934426425822652784e-01
-4.941955729239644879e-01
-4.949484875738844880e-01
-4.957013866200730701e-01
-4.964542701499601307e-01
-4.972071382503576165e-01
-4.979599910074697933e-01
-4.987128285068977984e-01
-4.994656508336565159e-01
-5.002184580721499296e-01
-5.009712503062017097e-01
-5.017240276190575443e-01
-5.024767900933703180e-01
-5.032295378112370265e-01
-5.039822708541678020e-01
-5.047349893031275458e-01
-5.054876932385089505e-01
-5.062403827401484868e-01
-5.069930578873440563e-01
-5.077457187588357845e-01
-5.084983654328298908e-01
-5.092509979869950243e-01
-5.100036164984615983e-01
-5.107562210438415518e-01
-5.115088116992168032e-01
-5.122613885401507972e-01
-5.130139516416905021e-01
-5.137665010783806219e-01
-5.145190369242470529e-01
-5.152715592528164246e-01
-5.160240681371316418e-01
-5.167765636497130277e-01
-5.175290458626123913e-01
-5.182815148473898237e-01
-5.190339706751224691e-01
-5.197864134164044136e-01
-5.205388431413632278e-01
-5.212912599196479757e-01
-5.220436638204424273e-01
-5.227960549124728296e-01
-5.235484332639973593e-01
-5.243007989428188909e-01
-5.250531520162917687e-01
-5.258054925513256928e-01
-5.265578206143772810e-01
-5.273101362714671669e-01
-5.280624395881690081e-01
-5.288147306296301364e-01
-5.295670094605626765e-01
-5.303192761452559800e-01
-5.310715307475698532e-01
-5.318237733309479909e-01
-5.325760039584050975e-01
-5.333282226925579739e-01
-5.340804295956004255e-01
-5.348326247293216928e-01
-5.355848081551082274e-01
-5.363369799339399169e-01
-5.370891401264044074e-01
-5.378412887926909969e-01
-5.385934259925918566e-01
-5.393455517855191284e-01
-5.400976662304975973e-01
-5.408497693861643585e-01
-5.416018613107730362e-01
-5.423539420622091045e-01
-5.431060116979836705e-01
-5.438580702752249252e-01
-5.446101178507015694e-01
-5.453621544808204824e-01
-5.461141802216200603e-01
-5.468661951287727696e-01
-5.476181992576072410e-01
-5.483701926630883960e-01
-5.491221753998337674e-01
-5.498741475221023967e-01
-5.506261090838218131e-01
-5.513780601385684932e-01
-5.521300007395664178e-01
-5.528819309397251525e-01
-5.536338507915991025e-01
-5.543857603474137141e-01
-5.551376596590703594e-01
-5.558895487781306821e-01
-5.566414277558408008e-01
-5.573932966431202063e-01
-5.581451554905595414e-01
-5.588970043484445815e-01
-5.596488432667368063e-01
-5.604006722950819475e-01
-5.611524914828190935e-01
-5.619043008789789129e-01
-5.626561005322795461e-01
-5.634078904911407060e-01
-5.641596708036750174e-01
-5.649114415176986759e-01
-5.656632026807311142e-01
-5.664149543399937814e-01
-5.671666965424106976e-01
-5.679184293346217771e-01
-5.686701527629796082e-01
-5.694218668735384625e-01
-5.701735717120854918e-01
-5.709252673241045350e-01
-5.716769537548163083e-01
-5.724286310491568663e-01
-5.731802992517781581e-01
-5.739319584070724511e-01
-5.746836085591541243e-01
-5.754352497518597787e-01
-5.761868820287637805e-01
-5.769385054331734874e-01
-5.776901200081386856e-01
-5.784417257964314940e-01
-5.791933228405784506e-01
-5.799449111828385295e-01
-5.806964908652176849e-01
-5.814480619294641883e-01
-5.821996244170764001e-01
-5.829511783692981064e-01
-5.837027238271257357e-01
-5.844542608313101351e-01
-5.852057894223522405e-01
-5.859573096405088499e-01
-5.867088215258031703e-01
-5.874603251180056107e-01
-5.882118204566521014e-01
-5.889633075810484231e-01
-5.897147865302503345e-01
-5.904662573430990991e-01
-5.912177200581855141e-01
-5.919691747138825511e-01
-5.927206213483333652e-01
-5.934720599994353085e-01
-5.942234907048937753e-01
-5.949749135021620283e-01
-5.957263284284873839e-01
-5.964777355208832343e-01
-5.972291348161588020e-01
-5.979805263508887192e-01
-5.987319101614501093e-01
-5.994832862839870602e-01
-6.002346547544435973e-01
-6.009860156085509164e-01
-6.017373688818248301e-01
-6.024887146095747603e-01
-6.032400528269034057e-01
-6.039913835687137356e-01
-6.047427068696922259e-01
-6.054940227643346162e-01
-6.062453312869243716e-01
-6.069966324715523331e-01
-6.077479263521127217e-01
-6.084992129622994739e-01
-6.092504923356037994e-01
-6.100017645053336102e-01
-6.107530295045980884e-01
-6.115042873663142364e-01
-6.122555381232158700e-01
-6.130067818078335229e-01
-6.137580184525248672e-01
-6.145092480894547293e-01
-6.152604707505970882e-01
-6.160116864677522841e-01
-6.167628952725332514e-01
-6.175140971963707370e-01
-6.182652922705130782e-01
-6.190164805260381931e-01
-6.197676619938341513e-01
-6.205188367046293729e-01
-6.212700046889552130e-01
-6.220211659771915924e-01
-6.227723205995266964e-01
-6.235234685859873949e-01
-6.242746099664301385e-01
-6.250257447705327429e-01
-6.257768730278165936e-01
-6.265279947676334338e-01
-6.272791100191611458e-01
-6.280302188114184059e-01
-6.287813211732611318e-01
-6.295324171333797070e-01
-6.302835067203085284e-01
-6.310345899624119070e-01
-6.317856668879082704e-01
-6.325367375248398538e-01
-6.332878019011065618e-01
-6.340388600444484268e-01
-6.347899119824510494e-01
-6.355409577425379375e-01
-6.362919973519880479e-01
-6.370430308379285700e-01
-6.377940582273319281e-01
-6.385450795470196672e-01
-6.392960948236657837e-01
-6.400471040838014991e-01
-6.407981073537992733e-01
-6.415491046598972291e-01
-6.423000960281824989e-01
-6.430510814845966650e-01
-6.438020610549411993e-01
-6.445530347648797953e-01
-6.453040026399198270e-01
-6.460549647054484312e-01
-6.468059209866953152e-01
-6.475568715087607341e-01
-6.483078162966041669e-01
-6.490587553750584160e-01
-6.498096887688009637e-01
-6.505606165023962717e-01
-6.513115386002504836e-01
-6.520624550866620517e-01
-6.528133659857767723e-01
-6.535642713216209820e-01
-6.543151711180879015e-01
-6.550660653989339721e-01
-6.558169541878002828e-01
-6.565678375081823726e-01
-6.573187153834648688e-01
-6.580695878368951757e-01
-6.588204548915992387e-01
-6.595713165705793246e-01
-6.603221728967128001e-01
-6.610730238927535751e-01
-6.618238695813301042e-01
-6.625747099849529365e-01
-6.633255451260117175e-01
-6.640763750267740795e-01
-6.648271997093885277e-01
-6.655780191958898806e-01
-6.663288335081831715e-01
-6.670796426680756230e-01
-6.678304466972371234e-01
-6.685812456172380847e-01
-6.693320394495206882e-01
-6.700828282154254190e-01
-6.708336119361731908e-01
-6.715843906328732293e-01
-6.723351643265205180e-01
-6.730859330380024597e-01
-6.738366967880984326e-01
-6.745874555974681330e-01
-6.753382094866730023e-01
-6.760889584761545779e-01
-6.768397025862626926e-01
-6.775904418372227234e-01
-6.783411762491602381e-01
-6.790919058421008847e-01
-6.798426306359657278e-01
-6.805933506505539299e-01
-6.813440659055829407e-01
-6.820947764206517494e-01
-6.828454822152681958e-01
-6.835961833088236572e-01
-6.843468797206258003e-01
-6.850975714698704921e-01
-6.858482585756555672e-01
-6.865989410569801610e-01
-6.873496189327450434e-01
-6.881002922217545059e-01
-6.888509609427072578e-01
-6.896016251142143005e-01
-6.903522847547910457e-01
-6.911029398828479886e-01
-6.918535905167075839e-01
-6.926042366745928103e-01
-6.933548783746467103e-01
-6.941055156348922006e-01
-6.948561484732864724e-01
-6.956067769076748064e-01
-6.963574009558234357e-01
-6.971080206354017816e-01
-6.978586359639908920e-01
-6.986092469590806653e-01
-6.993598536380666308e-01
-7.001104560182609404e-01
-7.008610541168909247e-01
-7.016116479510873249e-01
-7.023622375378957283e-01
-7.031128228942765679e-01
-7.038634040371094525e-01
-7.046139809831729606e-01
-7.053645537491801676e-01
-7.061151223517355691e-01
-7.068656868073798227e-01
-7.076162471325591063e-01
-7.083668033436396616e-01
-7.091173554569085713e-01
-7.098679034885539973e-01
-7.106184474546998198e-01
-7.113689873713849865e-01
-7.121195232545588505e-01
-7.128700551200991553e-01
-7.136205829837978243e-01
-7.143711068613636250e-01
-7.151216267684425976e-01
-7.158721427205771981e-01
-7.166226547332529284e-01
-7.173731628218619205e-01
-7.181236670017274726e-01
-7.188741672880952782e-01
-7.196246636961242116e-01
-7.203751562409098641e-01
-7.211256449374637834e-01
-7.218761298007226879e-01
-7.226266108455454695e-01
-7.233770880867207431e-01
-7.241275615389596298e-01
-7.248780312168996431e-01
-7.256284971351012469e-01
-7.263789593080556273e-01
-7.271294177501709255e-01
-7.278798724757949978e-01
-7.286303234991901023e-01
-7.293807708345594332e-01
-7.301312144960211414e-01
-7.308816544976176610e-01
-7.316320908533425760e-01
-7.323825235770889952e-01
-7.331329526827009557e-01
-7.338833781839319004e-01
-7.346338000944815372e-01
-7.353842184279617555e-01
-7.361346331979284896e-01
-7.368850444178561832e-01
-7.376354521011520005e-01
-7.383858562611568255e-01
-7.391362569111280534e-01
-7.398866540642636824e-01
-7.406370477336884361e-01
-7.413874379324575381e-01
-7.421378246735484963e-01
-7.428882079698735375e-01
-7.436385878342771649e-01
-7.443889642795280537e-01
-7.451393373183204938e-01
-7.458897069632889343e-01
-7.466400732269852236e-01
-7.473904361218918213e-01
-7.481407956604239073e-01
-7.488911518549177249e-01
-7.496415047176462343e-01
-7.503918542607993514e-01
-7.511422004965012666e-01
-7.518925434367996763e-01
-7.526428830936631176e-01
-7.533932194789945136e-01
-7.541435526046189608e-01
-7.548938824822782889e-01
-7.556442091236470482e-01
-7.563945325403177433e-01
-7.571448527438039422e-01
-7.578951697455510450e-01
-7.586454835569029775e-01
-7.593957941891422703e-01
-7.601461016534682980e-01
-7.608964059609790720e-01
-7.616467071227185359e-01
-7.623970051496173905e-01
-7.631473000525418326e-01
-7.638975918422507005e-01
-7.646478805294325554e-01
-7.653981661246690438e-01
-7.661484486384630976e-01
-7.668987280812153973e-01
-7.676490044632330312e-01
-7.683992777947245001e-01
-7.691495480857999389e-01
-7.698998153464728933e-01
-7.706500795866407794e-01
-7.714003408161133057e-01
-7.721505990445715062e-01
-7.729008542816012683e-01
-7.736511065366632467e-01
-7.744013558191096269e-01
-7.751516021381729127e-01
-7.759018455029602634e-01
-7.766520859224591566e-01
-7.774023234055169596e-01
-7.781525579608623566e-01
-7.789027895970760396e-01
-7.796530183226095811e-01
-7.804032441457653402e-01
-7.811534670746990150e-01
-7.819036871174178671e-01
-7.826539042817637348e-01
-7.834041185754274661e-01
-7.841543300059320432e-01
-7.849045385806225905e-01
-7.856547443066780323e-01
-7.864049471910847799e-01
-7.871551472406542738e-01
-7.879053444619890101e-01
-7.886555388615114071e-01
-7.894057304454201729e-01
-7.901559192197114001e-01
-7.909061051901554729e-01
-7.916562883622998426e-01
-7.924064687414651420e-01
-7.931566463327111016e-01
-7.939068211408625286e-01
-7.946569931704841050e-01
-7.954071624258680639e-01
-7.961573289110351892e-01
-7.969074926297160522e-01
-7.976576535853525662e-01
-7.984078117810770037e-01
-7.991579672197076656e-01
-7.999081199037391121e-01
-8.006582698353197358e-01
-8.014084170162568688e-01
-8.021585614480019055e-01
-8.029087031316226586e-01
-8.036588420678070221e-01
-8.044089782568456526e-01
-8.051591116986100971e-01
-8.059092423925557913e-01
-8.066593703376850888e-01
-8.074094955325560319e-01
-8.081596179752458253e-01
-8.089097376633503922e-01
-8.096598545939626135e-01
-8.104099687636503457e-01
-8.111600801684440976e-01
-8.119101888038229298e-01
-8.126602946646790393e-01
-8.134103977453235323e-01
-8.141604980394466784e-01
-8.149105955401081403e-01
-8.156606902397031122e-01
-8.164107821299595447e-01
-8.171608712018995080e-01
-8.179109574458262033e-01
-8.186610408512932091e-01
-8.194111214070832760e-01
-8.201611991011896752e-01
-8.209112739207750087e-01
-8.216613458521604407e-01
-8.224114148807850633e-01
-8.231614809911925734e-01
-8.239115441669924156e-01
-8.246616043908273630e-01
-8.254116616443510912e-01
-8.261617159081920958e-01
-8.269117671619332643e-01
-8.276618153840488157e-01
-8.284118605519078526e-01
-8.291619026417179628e-01
-8.299119416284909123e-01
-8.306619774860118932e-01
-8.314120101867932267e-01
-8.321620397020509374e-01
-8.329120660016561262e-01
-8.336620890540848983e-01
-8.344121088263962704e-01
-8.351621252841746612e-01
-8.359121383914948078e-01
-8.366621481108760250e-01
-8.374121544032319120e-01
-8.381621572278278309e-01
-8.389121565422349436e-01
-8.396621523022665956e-01
-8.404121444619568893e-01
-8.411621329734807473e-01
-8.419121177871210504e-01
-8.426620988511980270e-01
-8.434120761120330600e-01
-8.441620495138812963e-01
-8.449120189988722496e-01
-8.456619845069562880e-01
-8.464119459758514541e-01
-8.471619033409648614e-01
-8.479118565353506165e-01
-8.486618054896252206e-01
-8.494117501319220498e-01
-8.501616903878190801e-01
-8.509116261802561754e-01
-8.516615574294894575e-01
-8.524114840530065962e-01
-8.531614059654551996e-01
-8.539113230785754238e-01
-8.546612353011252550e-01
-8.554111425387997958e-01
-8.561610446941465558e-01
-8.569109416665047219e-01
-8.576608333519156746e-01
-8.584107196430359465e-01
-8.591606004290577303e-01
-8.599104755956261670e-01
-8.606603450247496401e-01
-8.614102085947128451e-01
-8.621600661799849741e-01
-8.629099176511316749e-01
-8.636597628747244570e-01
-8.644096017132345544e-01
-8.651594340249455506e-01
-8.659092596638670036e-01
-8.666590784796038838e-01
-8.674088903172981757e-01
-8.681586950174768891e-01
-8.689084924159957701e-01
-8.696582823439061860e-01
-8.704080646273487654e-01
-8.711578390874493705e-01
-8.719076055402175118e-01
-8.726573637964156749e-01
-8.734071136614572906e-01
-8.741568549352871642e-01
-8.749065874122718967e-01
-8.756563108810646590e-01
-8.764060251245018307e-01
-8.771557299194679969e-01
-8.779054250367804846e-01
-8.786551102410592451e-01
-8.794047852906029528e-01
-8.801544499372510044e-01
-8.809041039262668349e-01
-8.816537469962029139e-01
-8.824033788787455368e-01
-8.831529992986208999e-01
-8.839026079734061403e-01
-8.846522046134431827e-01
-8.854017889216523329e-01
-8.861513605934268067e-01
-8.869009193164661964e-01
-8.876504647706378037e-01
-8.883999966278329774e-01
-8.891495145518171217e-01
-8.898990181980789282e-01
-8.906485072136760550e-01
-8.913979812370854683e-01
-8.921474398980561160e-01
-8.928968828174346228e-01
-8.936463096070281775e-01
-8.943957198694335586e-01
-8.951451131978744868e-01
-8.958944891760537432e-01
-8.966438473779747564e-01
-8.973931873677855053e-01
-8.981425086996126517e-01
-8.988918109173905657e-01
-8.996410935546951260e-01
-9.003903561345709683e-01
-9.011395981693665069e-01
-9.018888191605609617e-01
-9.026380185985746207e-01
-9.033871959626224024e-01
-9.041363507205132377e-01
-9.048854823284894211e-01
-9.056345902310357632e-01
-9.063836738607087273e-01
-9.071327326379584610e-01
-9.078817659709343957e-01
-9.086307732553228211e-01
-9.093797538741477116e-01
-9.101287071975892040e-01
-9.108776325828042975e-01
-9.116265293737411124e-01
-9.123753969009483766e-01
-9.131242344813959022e-01
-9.138730414182717476e-01
-9.146218170008071358e-01
-9.153705605040901583e-01
-9.161192711888589413e-01
-9.168679483013354448e-01
-9.176165910730106345e-01
-9.183651987204690670e-01
-9.191137704451942669e-01
-9.198623054333748827e-01
-9.206108028557191680e-01
-9.213592618672494794e-01
-9.221076816071233084e-01
-9.228560611984354400e-01
-9.236043997480223311e-01
-9.243526963462763701e-01
-9.251009500669504781e-01
-9.258491599669637084e-01
-9.265973250862032939e-01
-9.273454444473520075e-01
-9.280935170556732228e-01
-9.288415418988282823e-01
-9.295895179467001945e-01
-9.303374441511732540e-01
-9.310853194459594029e-01
-9.318331427464219274e-01
-9.325809129493544125e-01
-9.333286289328179830e-01
-9.340762895559382439e-01
-9.348238936587350834e-01
-9.355714400619121740e-01
-9.363189275666939926e-01
-9.370663549546214277e-01
-9.378137209873884661e-01
-9.385610244066493468e-01
-9.393082639338345974e-01
-9.400554382699692901e-01
-9.408025460955117270e-01
-9.415495860701442732e-01
-9.422965568326356900e-01
-9.430434570006335226e-01
-9.437902851705027851e-01
-9.445370399171671982e-01
-9.452837197939121250e-01
-9.460303233322442384e-01
-9.467768490417091121e-01
-9.475232954097153604e-01
-9.482696609014088507e-01
-9.490159439594716417e-01
-9.497621430039899781e-01
-9.505082564322787642e-01
-9.512542826187427858e-01
-9.520002199147190591e-01
-9.527460666483199558e-01
-9.534918211242927599e-01
-9.542374816238747837e-01
-9.549830464046453748e-01
-9.557285137003896924e-01
-9.564738817209597066e-01
-9.572191486521380854e-01
-9.579643126555088539e-01
-9.587093718683206145e-01
-9.594543244033791884e-01
-9.601991683488918516e-01
-9.609439017683758522e-01
-9.616885227005261827e-01
-9.624330291591004505e-01
-9.631774191328278389e-01
-9.639216905852640016e-01
-9.646658414547111260e-01
-9.654098696541181246e-01
-9.661537730709722771e-01
-9.668975495672031961e-01
-9.676411969791041123e-01
-9.683847131172316214e-01
-9.691280957663234163e-01
-9.698713426852239028e-01
-9.706144516068057060e-01
-9.713574202378851830e-01
-9.721002462591761262e-01
-9.728429273251985032e-01
-9.735854610642373785e-01
-9.743278450782737465e-01
-9.750700769429384573e-01
-9.758121542074568167e-01
-9.765540743946032887e-01
-9.772958350006690775e-01
-9.780374334954109461e-01
-9.787788673220361169e-01
-9.795201338971587512e-01
-9.802612306107783002e-01
-9.810021548262668478e-01
-9.817429038803522356e-01
-9.824834750830994112e-01
-9.832238657179138697e-01
-9.839640730415325498e-01
-9.847040942840191713e-01
-9.854439266488079774e-01
-9.861835673126639890e-01
-9.869230134257261922e-01
-9.876622621115405121e-01
-9.884013104670550387e-01
-9.891401555626835318e-01
-9.898787944423016461e-01
-9.906172241233328624e-01
-9.913554415967573696e-01
-9.920934438271729050e-01
-9.928312277528498209e-01
-9.935687902857885945e-01
-9.943061283117959892e-01
-9.950432386905295745e-01
-9.957801182555915398e-01
-9.965167638145953077e-01
-9.972531721492621237e-01
-9.979893400154945526e-01
-9.987252641434846145e-01
-9.994609412377906121e-01
-1.000196367977472356e+00
-1.000931541016160109e+00
-1.001666456982204245e+00
-1.002401112478764844e+00
-1.003135504083962237e+00
-1.003869628350965826e+00
-1.004603481808171273e+00
-1.005337060959301754e+00
-1.006070362283576936e+00
-1.006803382235837097e+00
-1.007536117246716767e+00
-1.008268563722781952e+00
-1.009000718046711320e+00
-1.009732576577443419e+00
-1.010464135650368744e+00
-1.011195391577485392e+00
-1.011926340647596900e+00
-1.012656979126484558e+00
-1.013387303257113459e+00
-1.014117309259811250e+00
-1.014846993332479075e+00
-1.015576351650794074e+00
-1.016305380368417444e+00
-1.017034075617203381e+00
-1.017762433507425346e+00
-1.018490450128002545e+00
-1.019218121546712652e+00
-1.019945443810434726e+00
-1.020672412945385243e+00
-1.021399024957345469e+00
-1.022125275831930580e+00
-1.022851161534824360e+00
-1.023576678012025232e+00
-1.024301821190119588e+00
-1.025026586976530263e+00
-1.025750971259798749e+00
-1.026474969909837220e+00
-1.027198578778224070e+00
-1.027921793698452824e+00
-1.028644610486237010e+00
-1.029367024939799480e+00
-1.030089032840136198e+00
-1.030810629951339985e+00
-1.031531812020881400e+00
-1.032252574779894960e+00
-1.032972913943521975e+00
-1.033692825211192101e+00
-1.034412304266929539e+00
-1.035131346779692318e+00
-1.035849948403661624e+00
-1.036568104778592625e+00
-1.037285811530113122e+00
-1.038003064270062392e+00
-1.038719858596825585e+00
-1.039436190095668788e+00
-1.040152054339068766e+00
-1.040867446887043357e+00
-1.041582363287524515e+00
-1.042296799076672054e+00
-1.043010749779243573e+00
-1.043724210908925754e+00
-1.044437177968700725e+00
-1.045149646451205339e+00
-1.045861611839072669e+00
-1.046573069605305051e+00
-1.047284015213640673e+00
-1.047994444118897750e+00
-1.048704351767358212e+00
-1.049413733597136966e+00
-1.050122585038543388e+00
-1.050830901514453908e+00
-1.051538678440701480e+00
-1.052245911226429520e+00
-1.052952595274488701e+00
-1.053658725981791333e+00
-1.054364298739728145e+00
-1.055069308934516226e+00
-1.055773751947599592e+00
-1.056477623156029777e+00
-1.057180917932849296e+00
-1.057883631647479117e+00
-1.058585759666116788e+00
-1.059287297352095036e+00
-1.059988240066311649e+00
-1.060688583167583632e+00
-1.061388322013064656e+00
-1.062087451958617645e+00
-1.062785968359208910e+00
-1.063483866569316261e+00
-1.064181141943301823e+00
-1.064877789835811273e+00
-1.065573805602173296e+00
-1.066269184598780839e+00
-1.066963922183503222e+00
-1.067658013716047405e+00
-1.068351454558380764e+00
-1.069044240075113450e+00
-1.069736365633882302e+00
-1.070427826605761190e+00
-1.071118618365627606e+00
-1.071808736292576558e+00
-1.072498175770298046e+00
-1.073186932187470299e+00
-1.073875000938141921e+00
-1.074562377422139559e+00
-1.075249057045430723e+00
-1.075935035220521918e+00
-1.076620307366841001e+00
-1.077304868911133751e+00
-1.077988715287817367e+00
-1.078671841939394582e+00
-1.079354244316808265e+00
-1.080035917879833551e+00
-1.080716858097459321e+00
-1.081397060448244796e+00
-1.082076520420715449e+00
-1.082755233513716497e+00
-1.083433195236793045e+00
-1.084110401110566446e+00
-1.084786846667079141e+00
-1.085462527450183901e+00
-1.086137439015886885e+00
-1.086811576932720680e+00
-1.087484936782104228e+00
-1.088157514158678341e+00
-1.088829304670697828e+00
-1.089500303940336812e+00
-1.090170507604079297e+00
-1.090839911313045585e+00
-1.091508510733337989e+00
-1.092176301546380346e+00
-1.092843279449275506e+00
-1.093509440155113310e+00
-1.094174779393327412e+00
-1.094839292910020578e+00
-1.095502976468289535e+00
-1.096165825848544051e+00
-1.096827836848846438e+00
-1.097489005285227748e+00
-1.098149326991983976e+00
-1.098808797822008687e+00
-1.099467413647109870e+00
-1.100125170358292825e+00
-1.100782063866086791e+00
-1.101438090100835820e+00
-1.102093245012987888e+00
-1.102747524573413074e+00
-1.103400924773669356e+00
-1.104053441626311027e+00
-1.104705071165153152e+00
-1.105355809445565551e+00
-1.106005652544747031e+00
-1.106654596561998938e+00
-1.107302637618991836e+00
-1.107949771860041288e+00
-1.108595995452351657e+00
-1.109241304586302768e+00
-1.109885695475677947e+00
-1.110529164357940690e+00
-1.111171707494458705e+00
-1.111813321170771474e+00
-1.112454001696812078e+00
-1.113093745407154556e+00
-1.113732548661246380e+00
-1.114370407843625399e+00
-1.115007319364178517e+00
-1.115643279658310227e+00
-1.116278285187212171e+00
-1.116912332438042110e+00
-1.117545417924155737e+00
-1.118177538185292752e+00
-1.118808689787795352e+00
-1.119438869324797858e+00
-1.120068073416422560e+00
-1.120696298709977556e+00
-1.121323541880116625e+00
-1.121949799629057720e+00
-1.122575068686735511e+00
-1.123199345810975691e+00
-1.123822627787686379e+00
-1.124444911430996230e+00
-1.125066193583443841e+00
-1.125686471116104759e+00
-1.126305740928784216e+00
-1.126923999950119937e+00
-1.127541245137772652e+00
-1.128157473478542672e+00
-1.128772681988510218e+00
-1.129386867713178200e+00
-1.130000027727596335e+00
-1.130612159136483941e+00
-1.131223259074354281e+00
-1.131833324705647792e+00
-1.132442353224811571e+00
-1.133050341856443710e+00
-1.133657287855373674e+00
-1.134263188506789755e+00
-1.134868041126314120e+00
-1.135471843060112729e+00
-1.136074591684969715e+00
-1.136676284408392634e+00
-1.137276918668681081e+00
-1.137876491935005285e+00
-1.138475001707499823e+00
-1.139072445517302468e+00
-1.139668820926655890e+00
-1.140264125528940964e+00
-1.140858356948758034e+00
-1.141451512841972438e+00
-1.142043590895766458e+00
-1.142634588828691955e+00
-1.143224504390714769e+00
-1.143813335363246031e+00
-1.144401079559196122e+00
-1.144987734822997982e+00
-1.145573299030631320e+00
-1.146157770089667016e+00
-1.146741145939271789e+00
-1.147323424550241944e+00
-1.147904603925010258e+00
-1.148484682097658638e+00
-1.149063657133927663e+00
-1.149641527131232133e+00
-1.150218290218649075e+00
-1.150793944556916859e+00
-1.151368488338454066e+00
-1.151941919787313307e+00
-1.152514237159210531e+00
-1.153085438741465296e+00
-1.153655522853034965e+00
-1.154224487844444091e+00
-1.154792332097809293e+00
-1.155359054026753540e+00
-1.155924652076433690e+00
-1.156489124723475648e+00
-1.157052470475942396e+00
-1.157614687873296022e+00
-1.158175775486361747e+00
-1.158735731917266643e+00
-1.159294555799404103e+00
-1.159852245797392101e+00
-1.160408800606993029e+00
-1.160964218955077287e+00
-1.161518499599553556e+00
-1.162071641329319949e+00
-1.162623642964175419e+00
-1.163174503354777345e+00
-1.163724221382559820e+00
-1.164272795959655271e+00
-1.164820226028825401e+00
-1.165366510563394131e+00
-1.165911648567132808e+00
-1.166455639074225781e+00
-1.166998481149138067e+00
-1.167540173886564503e+00
-1.168080716411311837e+00
-1.168620107878222347e+00
-1.169158347472081916e+00
-1.169695434407505008e+00
-1.170231367928847410e+00
-1.170766147310113192e+00
-1.171299771854832139e+00
-1.171832240895971822e+00
-1.172363553795810587e+00
-1.172893709945850960e+00
-1.173422708766685307e+00
-1.173950549707898361e+00
-1.174477232247946201e+00
-1.175002755894035467e+00
-1.175527120182008556e+00
-1.176050324676219949e+00
-1.176572368969411864e+00
-1.177093252682593016e+00
-1.177612975464906730e+00
-1.178131536993512807e+00
-1.178648936973444084e+00
-1.179165175137490307e+00
-1.179680251246042921e+00
-1.180194165086990044e+00
-1.180706916475559254e+00
-1.181218505254175044e+00
-1.181728931292340690e+00
-1.182238194486483485e+00
-1.182746294759823291e+00
-1.183253232062212446e+00
-1.183759006370003641e+00
-1.184263617685906711e+00
-1.184767066038832750e+00
-1.185269351483755340e+00
-1.185770474101548011e+00
-1.186270433998843465e+00
-1.186769231307887695e+00
-1.187266866186371228e+00
-1.187763338817286574e+00
-1.188258649408762135e+00
-1.188752798193934979e+00
-1.189245785430760316e+00
-1.189737611401862072e+00
-1.190228276414392106e+00
-1.190717780799859682e+00
-1.191206124913951170e+00
-1.191693309136408807e+00
-1.192179333870840630e+00
-1.192664199544561487e+00
-1.193147906608441389e+00
-1.193630455536729418e+00
-1.194111846826889645e+00
-1.194592080999450356e+00
-1.195071158597818872e+00
-1.195549080188130997e+00
-1.196025846359066280e+00
-1.196501457721703243e+00
-1.196975914909336858e+00
-1.197449218577312013e+00
-1.197921369402850322e+00
-1.198392368084900239e+00
-1.198862215343933224e+00
-1.199330911921816734e+00
-1.199798458581608385e+00
-1.200264856107398304e+00
-1.200730105304143258e+00
-1.201194206997487912e+00
-1.201657162033594517e+00
-1.202118971278984372e+00
-1.202579635620336873e+00
-1.203039155964348961e+00
-1.203497533237546380e+00
-1.203954768386111374e+00
-1.204410862375723479e+00
-1.204865816191361905e+00
-1.205319630837167200e+00
-1.205772307336241411e+00
-1.206223846730483329e+00
-1.206674250080426170e+00
-1.207123518465044398e+00
-1.207571652981609178e+00
-1.208018654745486975e+00
-1.208464524889992342e+00
-1.208909264566201403e+00
-1.209352874942787315e+00
-1.209795357205837973e+00
-1.210236712558697914e+00
-1.210676942221790231e+00
-1.211116047432447829e+00
-1.211554029444737335e+00
-1.211990889529294346e+00
-1.212426628973149789e+00
-1.212861249079569825e+00
-1.213294751167862007e+00
-1.213727136573236720e+00
-1.214158406646613120e+00
-1.214588562754466361e+00
-1.215017606278648410e+00
-1.215445538616230614e+00
-1.215872361179323624e+00
-1.216298075394918188e+00
-1.216722682704725278e+00
-1.217146184564991129e+00
-1.217568582446349135e+00
-1.217989877833644874e+00
-1.218410072225767360e+00
-1.218829167135507818e+00
-1.219247164089363844e+00
-1.219664064627390410e+00
-1.220079870303053093e+00
-1.220494582683034013e+00
-1.220908203347099708e+00
-1.221320733887916399e+00
-1.221732175910902773e+00
-1.222142531034070334e+00
-1.222551800887857310e+00
-1.222959987114977887e+00
-1.223367091370253901e+00
-1.223773115320468952e+00
-1.224178060644197874e+00
-1.224581929031666183e+00
-1.224984722184578212e+00
-1.225386441815976113e+00
-1.225787089650081096e+00
-1.226186667422132892e+00
-1.226585176878243644e+00
-1.226982619775254024e+00
-1.227378997880554490e+00
-1.227774312971976700e+00
-1.228168566837603226e+00
-1.228561761275630992e+00
-1.228953898094236052e+00
-1.229344979111421710e+00
-1.229735006154845323e+00
-1.230123981061716609e+00
-1.230511905678606244e+00
-1.230898781861340385e+00
-1.231284611474829926e+00
-1.231669396392947480e+00
-1.232053138498358846e+00
-1.232435839682403556e+00
-1.232817501844958308e+00
-1.233198126894271551e+00
-1.233577716746848907e+00
-1.233956273327299069e+00
-1.234333798568203022e+00
-1.234710294409987474e+00
-1.235085762800764320e+00
-1.235460205696212732e+00
-1.235833625059450824e+00
-1.236206022860882436e+00
-1.236577401078081673e+00
-1.236947761695653680e+00
-1.237317106705101644e+00
-1.237685438104713764e+00
-1.238052757899403833e+00
-1.238419068100607312e+00
-1.238784370726154993e+00
-1.239148667800123782e+00
-1.239511961352734559e+00
-1.239874253420211625e+00
-1.240235546044679227e+00
-1.240595841274006350e+00
-1.240955141161715458e+00
-1.241313447766843048e+00
-1.241670763153832180e+00
-1.242027089392395922e+00
-1.242382428557411655e+00
-1.242736782728799394e+00
-1.243090153991413871e+00
-1.243442544434901542e+00
-1.243793956153616209e+00
-1.244144391246496006e+00
-1.244493851816935504e+00
-1.244842339972689116e+00
-1.245189857825750979e+00
-1.245536407492248143e+00
-1.245881991092333552e+00
-1.246226610750066133e+00
-1.246570268593313324e+00
-1.246912966753638718e+00
-1.247254707366195037e+00
-1.247595492569622655e+00
-1.247935324505943688e+00
-1.248274205320445418e+00
-1.248612137161608793e+00
-1.248949122180963878e+00
-1.249285162533027016e+00
-1.249620260375176484e+00
-1.249954417867561673e+00
-1.250287637173005617e+00
-1.250619920456900402e+00
-1.250951269887119688e+00
-1.251281687633915007e+00
-1.251611175869819181e+00
-1.251939736769564604e+00
-1.252267372509975774e+00
-1.252594085269876922e+00
-1.252919877230016299e+00
-1.253244750572946486e+00
-1.253568707482972000e+00
-1.253891750146022721e+00
-1.254213880749583288e+00
-1.254535101482619597e+00
-1.254855414535456459e+00
-1.255174822099723642e+00
-1.255493326368253282e+00
-1.255810929534999509e+00
-1.256127633794965170e+00
-1.256443441344089473e+00
-1.256758354379213571e+00
-1.257072375097950889e+00
-1.257385505698634276e+00
-1.257697748380232738e+00
-1.258009105342263290e+00
-1.258319578784731219e+00
-1.258629170908031725e+00
-1.258937883912879530e+00
-1.259245720000249147e+00
-1.259552681371288729e+00
-1.259858770227224589e+00
-1.260163988769327226e+00
-1.260468339198820731e+00
-1.260771823716795526e+00
-1.261074444524161509e+00
-1.261376203821572783e+00
-1.261677103809345946e+00
-1.261977146687398577e+00
-1.262276334655192178e+00
-1.262574669911640912e+00
-1.262872154655073853e+00
-1.263168791083136400e+00
-1.263464581392756969e+00
-1.263759527780064396e+00
-1.264053632440331310e+00
-1.264346897567901085e+00
-1.264639325356139432e+00
-1.264930917997366233e+00
-1.265221677682798695e+00
-1.265511606602479855e+00
-1.265800706945225063e+00
-1.266088980898585126e+00
-1.266376430648745277e+00
-1.266663058380506302e+00
-1.266948866277210595e+00
-1.267233856520680657e+00
-1.267518031291185787e+00
-1.267801392767359259e+00
-1.268083943126172786e+00
-1.268365684542857696e+00
-1.268646619190869407e+00
-1.268926749241829688e+00
-1.269206076865482258e+00
-1.269484604229619507e+00
-1.269762333500060514e+00
-1.270039266840590875e+00
-1.270315406412912518e+00
-1.270590754376588194e+00
-1.270865312889010834e+00
-1.271139084105338490e+00
-1.271412070178468801e+00
-1.271684273258970377e+00
-1.271955695495061711e+00
-1.272226339032539011e+00
-1.272496206014761100e+00
-1.272765298582589244e+00
-1.273033618874336081e+00
-1.273301169025752078e+00
-1.273567951169962686e+00
-1.273833967437424608e+00
-1.274099219955907802e+00
-1.274363710850413112e+00
-1.274627442243191133e+00
-1.274890416253657177e+00
-1.275152634998373946e+00
-1.275414100591004907e+00
-1.275674815142280760e+00
-1.275934780759976794e+00
-1.276193999548845381e+00
-1.276452473610606209e+00
-1.276710205043909196e+00
-1.276967195944286981e+00
-1.277223448404132489e+00
-1.277478964512669179e+00
-1.277733746355898425e+00
-1.277987796016586630e+00
-1.278241115574230591e+00
-1.278493707105012644e+00
-1.278745572681789566e+00
-1.278996714374042387e+00
-1.279247134247868178e+00
-1.279496834365929869e+00
-1.279745816787434487e+00
-1.279994083568121388e+00
-1.280241636760200752e+00
-1.280488478412355802e+00
-1.280734610569704390e+00
-1.280980035273769468e+00
-1.281224754562463319e+00
-1.281468770470038709e+00
-1.281712085027103099e+00
-1.281954700260554914e+00
-1.282196618193575555e+00
-1.282437840845610744e+00
-1.282678370232343212e+00
-1.282918208365659396e+00
-1.283157357253640551e+00
-1.283395818900534557e+00
-1.283633595306732822e+00
-1.283870688468749188e+00
-1.284107100379214161e+00
-1.284342833026817177e+00
-1.284577888396335466e+00
-1.284812268468564334e+00
-1.285045975220344250e+00
-1.285279010624504892e+00
-1.285511376649864479e+00
-1.285743075261213342e+00
-1.285974108419286388e+00
-1.286204478080756441e+00
-1.286434186198206708e+00
-1.286663234720110127e+00
-1.286891625590838917e+00
-1.287119360750617059e+00
-1.287346442135524738e+00
-1.287572871677479691e+00
-1.287798651304206343e+00
-1.288023782939246908e+00
-1.288248268501935190e+00
-1.288472109907370600e+00
-1.288695309066419270e+00
-1.288917867885710722e+00
-1.289139788267587461e+00
-1.289361072110136508e+00
-1.289581721307147877e+00
-1.289801737748113908e+00
-1.290021123318207730e+00
-1.290239879898298581e+00
-1.290458009364896741e+00
-1.290675513590185508e+00
-1.290892394441985225e+00
-1.291108653783751947e+00
-1.291324293474567897e+00
-1.291539315369125029e+00
-1.291753721317730808e+00
-1.291967513166275783e+00
-1.292180692756248472e+00
-1.292393261924721592e+00
-1.292605222504321416e+00
-1.292816576323253530e+00
-1.293027325205271527e+00
-1.293237470969683445e+00
-1.293447015431329561e+00
-1.293655960400593052e+00
-1.293864307683382453e+00
-1.294072059081124770e+00
-1.294279216390768372e+00
-1.294485781404766334e+00
-1.294691755911078879e+00
-1.294897141693160947e+00
-1.295101940529969742e+00
-1.295306154195941417e+00
-1.295509784461005287e+00
-1.295712833090555627e+00
-1.295915301845487644e+00
-1.296117192482144853e+00
-1.296318506752348387e+00
-1.296519246403387893e+00
-1.296719413178003100e+00
-1.296919008814405361e+00
-1.297118035046255891e+00
-1.297316493602662657e+00
-1.297514386208197035e+00
-1.297711714582865161e+00
-1.297908480442131696e+00
-1.298104685496894950e+00
-1.298300331453505319e+00
-1.298495420013757728e+00
-1.298689952874867659e+00
-1.298883931729511110e+00
-1.299077358265799065e+00
-1.299270234167266835e+00
-1.299462561112902037e+00
-1.299654340777127048e+00
-1.299845574829798567e+00
-1.300036264936206276e+00
-1.300226412757085948e+00
-1.300416019948611224e+00
-1.300605088162383183e+00
-1.300793619045458760e+00
-1.300981614240318773e+00
-1.301169075384900342e+00
-1.301356004112574238e+00
-1.301542402052158875e+00
-1.301728270827915868e+00
-1.301913612059561798e+00
-1.302098427362249566e+00
-1.302282718346602364e+00
-1.302466486618673924e+00
-1.302649733779998265e+00
-1.302832461427549715e+00
-1.303014671153778226e+00
-1.303196364546581609e+00
-1.303377543189343513e+00
-1.303558208660902329e+00
-1.303738362535574291e+00
-1.303918006383163908e+00
-1.304097141768939316e+00
-1.304275770253659372e+00
-1.304453893393571873e+00
-1.304631512740413557e+00
