1.795783609021816624e-16
-3.011633414829515853e+00
-5.869536765162357561e+00
-8.447557956606347673e+00
-1.066432464708616301e+01
-1.248614093898564903e+01
-1.391880641145711550e+01
-1.499464047761765251e+01
-1.575991512547146201e+01
-1.626528316991393197e+01
-1.655966360424178774e+01
-1.668697669449466048e+01
-1.668484231168892862e+01
-1.658446267676497854e+01
-1.641112810305460812e+01
-1.618498915703382934e+01
-1.592188844217448107e+01
-1.563414572374171030e+01
-1.533124855296563815e+01
-1.502043566070502401e+01
-1.470717600104559963e+01
-1.439555581400265183e+01
-1.408858672488799968e+01
-1.378844967602162264e+01
-1.349668603508892950e+01
-1.321434757312630559e+01
-1.294211291892428051e+01
-1.268037882366169100e+01
-1.242933071592022998e+01
-1.218899845580071428e+01
-1.195929951431148552e+01
-1.174007356039142458e+01
-1.153110847544128426e+01
-1.133215985973291318e+01
-1.114296258273743234e+01
-1.096323642887321981e+01
-1.079268546260356487e+01
-1.063099503139517132e+01
-1.047782723678143846e+01
-1.033281899928075909e+01
-1.019558226431127501e+01
-1.006570862042095627e+01
-9.942775764531610605e+00
-9.826356704382034124e+00
-9.716028324180554065e+00
-9.611380325429076166e+00
-9.512021576268352874e+00
-9.417585710544260635e+00
-9.327733625223940450e+00
-9.242155394460413120e+00
-9.160569524316821699e+00
-9.082722359703742754e+00
-9.008385506608496129e+00
-8.937354127196886822e+00
-8.869443757268260953e+00
-8.804488476983156175e+00
-8.742337855747564390e+00
-8.682855496329782596e+00
-8.625916409320184997e+00
-8.571406081550529521e+00
-8.519218322026874901e+00
-8.469254823687951017e+00
-8.421423405617579405e+00
-8.375637970036963864e+00
-8.331817034665359500e+00
-8.289883980543633513e+00
-8.249765777684523016e+00
-8.211393437451995680e+00
-8.174700856909671742e+00
-8.139625412762296008e+00
-8.106106872173944211e+00
-8.074088085644074653e+00
-8.043513929936999318e+00
-8.014332072516779704e+00
-7.986491924970660072e+00
-7.959945462086716716e+00
-7.934646172614547410e+00
-7.910549922831510372e+00
-7.887613896829670068e+00
-7.865797498600654691e+00
-7.845061277285217294e+00
-7.825367864306556065e+00
-7.806680880927395094e+00
-7.788965908408903793e+00
-7.772189376309690978e+00
-7.756319564461207072e+00
-7.741325471046195617e+00
-7.727177845626878927e+00
-7.713848036365539507e+00
-7.701309053578039965e+00
-7.689534395630106545e+00
-7.678499142612147388e+00
-7.668178760532822658e+00
-7.658550224774524295e+00
-7.649590802252923538e+00
-7.641279204346833609e+00
-7.633594346718681756e+00
-7.626516531434543111e+00
-7.620026184157787874e+00
-7.614105065191710153e+00
-7.608734983774511740e+00
-7.603899037791257420e+00
-7.599580304913255091e+00
-7.595763110742078439e+00
-7.592431696550812958e+00
-7.589571515638675159e+00
-7.587167877448266928e+00
-7.585207271924677919e+00
-7.583675989798859263e+00
-7.582561474761837950e+00
-7.581850919719887116e+00
-7.581532646610536830e+00
-7.581594678450548130e+00
-7.582026146636120956e+00
-7.582815838619423765e+00
-7.583953632549907731e+00
-7.585429020429772962e+00
-7.587232569966414708e+00
-7.589354423070333588e+00
-7.591785784802372206e+00
-7.594517397089217248e+00
-7.597541054660512216e+00
-7.600848053868921816e+00
-7.604430735523260765e+00
-7.608280908709505574e+00
-7.612391420436387612e+00
-7.616754554363105889e+00
-7.621363627183051825e+00
-7.626211362172107044e+00
-7.631291512243834951e+00
-7.636597208240732293e+00
-7.642122608601671807e+00
-7.647861222324416453e+00
-7.653807585192907048e+00
-7.659955557346429522e+00
-7.666300026020041791e+00
-7.672835177660277672e+00
-7.679556227138365720e+00
-7.686457664357509323e+00
-7.693535009902724653e+00
-7.700783036089629441e+00
-7.708197549019037531e+00
-7.715773584020893416e+00
-7.723507214086107631e+00
-7.731393719662650099e+00
-7.739429423440639333e+00
-7.747609834460841505e+00
-7.755931509232386389e+00
-7.764390170116600487e+00
-7.772982592759349885e+00
-7.781704698715962820e+00
-7.790553469183218560e+00
-7.799525011833060795e+00
-7.808616500831098151e+00
-7.817824217849223878e+00
-7.827145518360191900e+00
-7.836576846800518581e+00
-7.846115729132376870e+00
-7.855758762130267137e+00
-7.865503632203260764e+00
-7.875347078780020382e+00
-7.885286939386173977e+00
-7.895320087103578466e+00
-7.905444501899249410e+00
-7.915657182135802827e+00
-7.925956242149075237e+00
-7.936338797788605959e+00
-7.946803090242401169e+00
-7.957346345586093328e+00
-7.967966924855160116e+00
-7.978662157582597558e+00
-7.989430518119271518e+00
-8.000269433140660524e+00
-8.011177484217380851e+00
-8.022152189272146572e+00
-8.033192231402763284e+00
-8.044295214271611982e+00
-8.055459917184537133e+00
-8.066684024394666253e+00
-8.077966406441799307e+00
-8.089304823353325347e+00
-8.100698232248639385e+00
-8.112144464420710577e+00
-8.123642559210802361e+00
-8.135190414954106330e+00
-8.146787149131016648e+00
-8.158430723160481790e+00
-8.170120328834618917e+00
-8.181853986943760759e+00
-8.193630960001346608e+00
-8.205449324685169188e+00
-8.217308410860256984e+00
-8.229206347820520406e+00
-8.241142529617771828e+00
-8.253115135088570753e+00
-8.265123619497497742e+00
-8.277166208334431730e+00
-8.289242415280744680e+00
-8.301350509761661556e+00
-8.313490061245117246e+00
-8.325659380533833698e+00
-8.337858090406411904e+00
-8.350084540634549413e+00
-8.362338404976044970e+00
-8.374618069902135531e+00
-8.386923257952991761e+00
-8.399252390160288684e+00
-8.411605235775516221e+00
-8.423980248373265312e+00
-8.436377241963013418e+00
-8.448794700758332610e+00
-8.461232481683460094e+00
-8.473689097793686287e+00
-8.486164447187610094e+00
-8.498657070064330910e+00
-8.511166904053323989e+00
-8.523692514892914573e+00
-8.536233878190023106e+00
-8.548789583705314499e+00
-8.561359643554542487e+00
-8.573942670085749285e+00
-8.586538710534432184e+00
-8.599146398478017872e+00
-8.611765814957342613e+00
-8.624395613493426538e+00
-8.637035907688177971e+00
-8.649685369788228329e+00
-8.662344144778089117e+00
-8.675010922475951958e+00
-8.687685878132183959e+00
-8.700367718042443244e+00
-8.713056646664693261e+00
-8.725751385734103138e+00
-8.738452167912660329e+00
-8.751157729390454776e+00
-8.763868330081345803e+00
-8.776582719695626977e+00
-8.789301184495629471e+00
-8.802022486824142788e+00
-8.814746938434261381e+00
-8.827473313457952386e+00
-8.840201948324514447e+00
-8.852931628153671184e+00
-8.865662713277050244e+00
-8.878393999040032014e+00
-8.891125868941125887e+00
-8.903857127826659834e+00
-8.916588181662689294e+00
-8.929317844106856583e+00
-8.942046542927766239e+00
-8.954773099937922254e+00
-8.967497964075841210e+00
-8.980219964683833211e+00
-8.992939571268090404e+00
-9.005655620105297743e+00
-9.018368600696343051e+00
-9.031077355684741903e+00
-9.043782394020080773e+00
-9.056482564172013028e+00
-9.069178394018754474e+00
-9.081868737340370146e+00
-9.094554140448224189e+00
-9.107233461940708708e+00
-9.119907266090097053e+00
-9.132574415843571103e+00
-9.145235492984010506e+00
-9.157889364359212081e+00
-9.170536628833117376e+00
-9.183176156726364781e+00
-9.195808563574059846e+00
-9.208432722760887756e+00
-9.221049266102227193e+00
-9.233657069656056038e+00
-9.246256781144881032e+00
-9.258847278926678470e+00
-9.271429226274584323e+00
-9.284001503489664131e+00
-9.296564789055446809e+00
-9.309117964874479512e+00
-9.321661724315585928e+00
-9.334194950556241821e+00
-9.346718351539832881e+00
-9.359230811406160200e+00
-9.371733052376205464e+00
-9.384223959252755876e+00
-9.396704268250699599e+00
-9.409172864549098847e+00
-9.421630498085301397e+00
-9.434076054140092538e+00
-9.446510296113716620e+00
-9.458932109125552046e+00
-9.471342269790437030e+00
-9.483739662814178573e+00
-9.496125077788615698e+00
-9.508497398764081510e+00
-9.520857428082054597e+00
-9.533204048905613348e+00
-9.545538076108146086e+00
-9.557858391742831472e+00
-9.570165823006714589e+00
-9.582459250629678849e+00
-9.594739513932701414e+00
-9.607005492117329126e+00
-9.619258036437544845e+00
-9.631496024369729625e+00
-9.643720318917713641e+00
-9.655929795643606539e+00
-9.668125329125706102e+00
-9.680305792830438349e+00
-9.692472072742335243e+00
-9.704623040057468231e+00
-9.716759592005590918e+00
-9.728880597344668146e+00
-9.740986964395274228e+00
-9.753077559315869394e+00
-9.765153301369741357e+00
-9.777213053960680966e+00
-9.789257747152735334e+00
-9.801286241445724912e+00
-9.813299477568358853e+00
-9.825296312972712443e+00
-9.837277698921559121e+00
-9.849242489680946733e+00
-9.861191646922428333e+00
-9.873124021592813548e+00
-9.885040585652300038e+00
-9.896940186600144074e+00
-9.908823806569856174e+00
-9.920690289489611402e+00
-9.932540627555518142e+00
-9.944373661005464271e+00
-9.956190391992056021e+00
-9.967989656948082811e+00
-9.979772467880813736e+00
-9.991537657307114628e+00
-1.000328624699093183e+01
-1.001501706542661019e+01
-1.002673114404094434e+01
-1.003842730720248788e+01
-1.005010659591082423e+01
-1.006176783030934274e+01
-1.007341206088386265e+01
-1.008503810345647445e+01
-1.009664701791623642e+01
-1.010823761567129075e+01
-1.011981096593403784e+01
-1.013136587560924973e+01
-1.014290342315601379e+01
-1.015442241088919140e+01
-1.016592392644101039e+01
-1.017740676745289008e+01
-1.018887203065951041e+01
-1.020031850894795866e+01
-1.021174730808773035e+01
-1.022315721613327000e+01
-1.023454934782376569e+01
-1.024592248630550984e+01
-1.025727775522474872e+01
-1.026861393274658418e+01
-1.027993215136422833e+01
-1.029123118419073357e+01
-1.030251217250869367e+01
-1.031377388431055131e+01
-1.032501746961290756e+01
-1.033624169122133196e+01
-1.034744770783316170e+01
-1.035863427700279260e+01
-1.036980256605731476e+01
-1.038095132723768543e+01
-1.039208173645173794e+01
-1.040319254056657883e+01
-1.041428492402373784e+01
-1.042535762825802692e+01
-1.043641184619948525e+01
-1.044744631379383826e+01
-1.045846223241630213e+01
-1.046945833246854818e+01
-1.048043582372931937e+01
-1.049139343100269350e+01
-1.050233237243115347e+01
-1.051325136716943476e+01
-1.052415164168527539e+01
-1.053503190943377987e+01
-1.054589340517128981e+01
-1.055673483660426371e+01
-1.056755744674247843e+01
-1.057835993749625914e+01
-1.058914356009501034e+01
-1.059990701060677587e+01
-1.061065154844816227e+01
-1.062137586380005772e+01
-1.063208122423526447e+01
-1.064276631400388240e+01
-1.065343240880510933e+01
-1.066407818691584097e+01
-1.067470493213318328e+01
-1.068531131671943690e+01
-1.069589863254242701e+01
-1.070646554580966914e+01
-1.071701335643348330e+01
-1.072754072452749874e+01
-1.073804895802357784e+01
-1.074853671090315821e+01
-1.075900529909381298e+01
-1.076945337040783812e+01
-1.077988224874547285e+01
-1.079029057571356631e+01
-1.080067968316324922e+01
-1.081104820646070763e+01
-1.082139748538698143e+01
-1.083172614903310205e+01
-1.084203554509019618e+01
-1.085232429634055151e+01
-1.086259375836632834e+01
-1.087284254760823110e+01
-1.088307202752130820e+01
-1.089328080817271172e+01
-1.090347026087313509e+01
-1.091363898928479692e+01
-1.092378837255754753e+01
-1.093391700791833010e+01
-1.094402628234036889e+01
-1.095411478658536630e+01
-1.096418391543511639e+01
-1.097423225315698403e+01
-1.098426120232704939e+01
-1.099426934068974937e+01
-1.100425807860214356e+01
-1.101422598725782365e+01
-1.102417448478204598e+01
-1.103410213579022425e+01
-1.104401036616371634e+01
-1.105389773391299890e+01
-1.106376567266419642e+01
-1.107361273379664901e+01
-1.108344035867040844e+01
-1.109324709200801529e+01
-1.110303438289332156e+01
-1.111280076936689909e+01
-1.112254770822683625e+01
-1.113227373080711402e+01
-1.114198030161096753e+01
-1.115166594524160892e+01
-1.116133213389905343e+01
-1.117097738543203711e+01
-1.118060317972940609e+01
-1.119020802786208080e+01
-1.119979341740044276e+01
-1.120935785261480433e+01
-1.121890282875008538e+01
-1.122842684325345353e+01
-1.123793139903825278e+01
-1.124741498670639039e+01
-1.125687911683356646e+01
-1.126632227315488421e+01
-1.127574597390297129e+01
-1.128514869592475733e+01
-1.129453196510485746e+01
-1.130389425138106851e+01
-1.131323708828548824e+01
-1.132255893882605058e+01
-1.133186134417830182e+01
-1.134114276040005187e+01
-1.135040473630648172e+01
-1.135964572098537140e+01
-1.136886727088829652e+01
-1.137806782811314577e+01
-1.138724895674506321e+01
-1.139640909187279583e+01
-1.140554980521240225e+01
-1.141466952482426223e+01
-1.142376983005336832e+01
-1.143284914191289126e+01
-1.144190904737482128e+01
-1.145094796038655716e+01
-1.145996747554575457e+01
-1.146896599971563546e+01
-1.147794513511837522e+01
-1.148690328151493389e+01
-1.149584204875123206e+01
-1.150475982946811904e+01
-1.151365824113484493e+01
-1.152253566925434747e+01
-1.153139373891920805e+01
-1.154023082847695925e+01
-1.154904857064361146e+01
-1.155784533659417335e+01
-1.156662276666856037e+01
-1.157537922485205506e+01
-1.158411635910927018e+01
-1.159283252621906612e+01
-1.160152938177170157e+01
-1.161020527532278912e+01
-1.161886187008975568e+01
-1.162749750838842644e+01
-1.163611386106492063e+01
-1.164470926317885535e+01
-1.165328539320699797e+01
-1.166184057893662995e+01
-1.167037650647720959e+01
-1.167889149632762447e+01
-1.168738724223240588e+01
-1.169586205738608875e+01
-1.170431764317097567e+01
-1.171275230546153345e+01
-1.172116775328059646e+01
-1.172956228516686927e+01
-1.173793761778693501e+01
-1.174629204232826218e+01
-1.175462728310442095e+01
-1.176294162393618592e+01
-1.177123679678775403e+01
-1.177951107809803233e+01
-1.178776620748548254e+01
-1.179600045399188879e+01
-1.180421556489411472e+01
-1.181240980182182199e+01
-1.182058491971429959e+01
-1.182873917277414400e+01
-1.183687432360765257e+01
-1.184498861897529665e+01
-1.185308382915499159e+01
-1.186115819345040912e+01
-1.186921348981587876e+01
-1.187724795008353063e+01
-1.188526335988904492e+01
-1.189325794357846178e+01
-1.190123349447405410e+01
-1.190918822942123967e+01
-1.191712394943411368e+01
-1.192503886384304046e+01
-1.193293478135960051e+01
-1.194080990378468243e+01
-1.194866604753306483e+01
-1.195650140686176854e+01
-1.196431780589467486e+01
-1.197211343133079886e+01
-1.197989011500918899e+01
-1.198764603605644297e+01
-1.199538303403316242e+01
-1.200309928047947849e+01
-1.201079662268381121e+01
-1.201847322458574041e+01
-1.202613094120810544e+01
-1.203376792887584301e+01
-1.204138605035297260e+01
-1.204898345433579010e+01
-1.205656201133637850e+01
-1.206411986240841294e+01
-1.207165888581909563e+01
-1.207917721496548680e+01
-1.208667673587714120e+01
-1.209415557428068588e+01
-1.210161562397527213e+01
-1.210905500300324356e+01
-1.211647561294086017e+01
-1.212387556413233192e+01
-1.213125676593871205e+01
-1.213861732099220170e+01
-1.214595914644642249e+01
-1.215328033720784617e+01
-1.216058281823053377e+01
-1.216786467668143246e+01
-1.217512784532321923e+01
-1.218237040356946999e+01
-1.218959429199961164e+01
-1.219679758226026500e+01
-1.220398222275586875e+01
-1.221114627735234315e+01
-1.221829170228763850e+01
-1.222541655363323798e+01
-1.223252279546923482e+01
-1.223960847605894919e+01
-1.224667556733336227e+01
-1.225372210973387688e+01
-1.226075008305120129e+01
-1.226775751989130470e+01
-1.227474640791348648e+01
-1.228171477187444793e+01
-1.228866460731137522e+01
-1.229559393111805576e+01
-1.230250474671864858e+01
-1.230939506313031018e+01
-1.231626689167362620e+01
-1.232311823347539814e+01
-1.232995110776205827e+01
-1.233676350775647812e+01
-1.234355746060037617e+01
-1.235033095159898942e+01
-1.235708601581921684e+01
-1.236382063063477332e+01
-1.237053683904753498e+01
-1.237723261048605927e+01
-1.238390999589705466e+01
-1.239056695675024500e+01
-1.239720555194727325e+01
-1.240382373498514923e+01
-1.241042357273062180e+01
-1.241700301069428036e+01
-1.242356412371823104e+01
-1.243010484931286719e+01
-1.243662727030604387e+01
-1.244312931619404594e+01
-1.244961307780104498e+01
-1.245607647659544348e+01
-1.246252161140826331e+01
-1.246894639566614416e+01
-1.247535293621770336e+01
-1.248173913843398353e+01
-1.248810711719194444e+01
-1.249445476979319203e+01
-1.250078421915391402e+01
-1.250709335449229265e+01
-1.251338430677484226e+01
-1.251965495712236631e+01
-1.252590744456284888e+01
-1.253213964210569209e+01
-1.253835369685156209e+01
-1.254454747368444245e+01
-1.255072312778909804e+01
-1.255687851591001269e+01
-1.256301580132744888e+01
-1.256913283263231484e+01
-1.257523178121191698e+01
-1.258131048748947300e+01
-1.258737113097102167e+01
-1.259341154389786688e+01
-1.259943391390654455e+01
-1.260543606504229963e+01
-1.261142019308390694e+01
-1.261738411386636294e+01
-1.262333003132271969e+01
-1.262925575306338466e+01
-1.263516349118763848e+01
-1.264105104506707455e+01
-1.264692063497940033e+01
-1.265277005204294625e+01
-1.265860152472611588e+01
-1.266441283587955091e+01
-1.267020622217471626e+01
-1.267597945818014793e+01
-1.268173478878282268e+01
-1.268746998025459405e+01
-1.269318728571047572e+01
-1.269888446311122188e+01
-1.270456377381246682e+01
-1.271022296744917135e+01
-1.271586431363040504e+01
-1.272148555365076383e+01
-1.272708896538549439e+01
-1.273267228177414978e+01
-1.273823778897109094e+01
-1.274378321154603277e+01
-1.274931084394556891e+01
-1.275481840235474174e+01
-1.276030818952543733e+01
-1.276577791324324807e+01
-1.277122988457856856e+01
-1.277666180290255937e+01
-1.278207598761746944e+01
-1.278747012966512919e+01
-1.279284655679301608e+01
-1.279820295149855625e+01
-1.280354164988800214e+01
-1.280886032599932989e+01
-1.281416132431107613e+01
-1.281944231038669813e+01
-1.282470563709072309e+01
-1.282994896149688024e+01
-1.283517464486945414e+01
-1.284038033577719062e+01
-1.284556840389802979e+01
-1.285073648928039169e+01
-1.285588697002990877e+01
-1.286101747765924230e+01
-1.286613039871576447e+01
-1.287122335616107982e+01
-1.287629874499831750e+01
-1.288135417962249640e+01
-1.288639206350691957e+01
-1.289141000246436342e+01
-1.289641040845263120e+01
-1.290139087868671020e+01
-1.290635383362325861e+01
-1.291129686186376269e+01
-1.291622239237835679e+01
-1.292112800513927517e+01
-1.292601613764471757e+01
-1.293088436122180518e+01
-1.293573512191156105e+01
-1.294056598238012690e+01
-1.294537939722611419e+01
-1.295017292043875479e+01
-1.295494901518916286e+01
-1.295970522677354708e+01
-1.296444402695059850e+01
-1.296916295230746918e+01
-1.297386448320543195e+01
-1.297854614750636593e+01
-1.298321043418939347e+01
-1.298785486237486531e+01
-1.299248192967506021e+01
-1.299708914645245628e+01
-1.300167901896781331e+01
-1.300624904880939248e+01
-1.301080175090193514e+01
-1.301533461804300096e+01
-1.301985017383682397e+01
-1.302434590227377420e+01
-1.302882433565330622e+01
-1.303328294914188135e+01
-1.303772428374992209e+01
-1.304214580580330995e+01
-1.304655006503931780e+01
-1.305093451892650869e+01
-1.305530172594493266e+01
-1.305964913468887190e+01
-1.306397931239726518e+01
-1.306828969877323132e+01
-1.307258286983067919e+01
-1.307685625636462490e+01
-1.308111244318014599e+01
-1.308534885214700694e+01
-1.308956807687782664e+01
-1.309376753029996543e+01
-1.309794981485003085e+01
-1.310211233449560098e+01
-1.310625770051393069e+01
-1.311038330789546791e+01
-1.311449177677463318e+01
-1.311858049314742658e+01
-1.312265208602210720e+01
-1.312670393238267685e+01
-1.313073867012816542e+01
-1.313475366721293724e+01
-1.313875157044358311e+01
-1.314272973872728301e+01
-1.314669082779528608e+01
-1.315063218748954910e+01
-1.315455648248326526e+01
-1.315846105353545958e+01
-1.316234857427821048e+01
-1.316621637636970021e+01
-1.317006714241837884e+01
-1.317389819496344394e+01
-1.317771222560708644e+01
-1.318150654775149277e+01
-1.318528386201002078e+01
-1.318904147262964344e+01
-1.319278208925259932e+01
-1.319650300695226264e+01
-1.320020694441742926e+01
-1.320389118752945379e+01
-1.320755846404156308e+01
-1.321120605062463937e+01
-1.321483668411424439e+01
-1.321844763195213446e+01
-1.322204164007424687e+01
-1.322561596667456030e+01
-1.322917336680743183e+01
-1.323271108940039120e+01
-1.323623189864439453e+01
-1.323973303418157244e+01
-1.324321726935791865e+01
-1.324668183451114700e+01
-1.325012951216073809e+01
-1.325355752332085935e+01
-1.325696865970300031e+01
-1.326036013297879634e+01
-1.326373474407025199e+01
-1.326708969528705673e+01
-1.327042779678063766e+01
-1.327374624147947735e+01
-1.327704784878311983e+01
-1.328032980221930437e+01
-1.328359493045481798e+01
-1.328684040759704388e+01
-1.329006907159897111e+01
-1.329327808712802295e+01
-1.329647030144260178e+01
-1.329964286975033971e+01
-1.330279864863425843e+01
-1.330593478382242267e+01
-1.330905414124193697e+01
-1.331215385712114418e+01
-1.331523680675069343e+01
-1.331830011683930515e+01
-1.332134667206063661e+01
-1.332437358958359575e+01
-1.332738376348466325e+01
-1.333037430137248691e+01
-1.333334810674623228e+01
-1.333630227763393705e+01
-1.333923972697727400e+01
-1.334215754320324621e+01
-1.334505864871607095e+01
-1.334794012232098304e+01
-1.335080489590500008e+01
-1.335365003863084610e+01
-1.335647849188848468e+01
-1.335928731517737234e+01
-1.336207945941079700e+01
-1.336485197440393868e+01
-1.336760782061394970e+01
-1.337034403815063044e+01
-1.337306359703550918e+01
-1.337576352765194621e+01
-1.337844680960654919e+01
-1.338111046353486522e+01
-1.338375747864947130e+01
-1.338638486581658427e+01
-1.338899562387576836e+01
-1.339158675390242337e+01
-1.339416126438402266e+01
-1.339671614658367105e+01
-1.339925441865779376e+01
-1.340177306203536567e+01
-1.340427510456323823e+01
-1.340675751781430947e+01
-1.340922333934720889e+01
-1.341166953085677882e+01
-1.341409913963497402e+01
-1.341650911747646013e+01
-1.341890252142805018e+01
-1.342127629336209615e+01
-1.342363350010205814e+01
-1.342597107357553021e+01
-1.342829209040450600e+01
-1.343059347254939162e+01
-1.343287830645266823e+01
-1.343514350408489477e+01
-1.343739216173126394e+01
-1.343962118134972705e+01
-1.344183366909032884e+01
-1.344402651687564365e+01
-1.344620284074292016e+01
-1.344835952255642475e+01
-1.345049968826299569e+01
-1.345262020964550054e+01
-1.345472422258302281e+01
-1.345680858875368280e+01
-1.345887645399172960e+01
-1.346092466984708480e+01
-1.346295639213184359e+01
-1.346496846224446031e+01
-1.346696404599783037e+01
-1.346893997461519277e+01
-1.347089942393343343e+01
-1.347283921497681725e+01
-1.347476253362946252e+01
-1.347666619069275562e+01
-1.347855338212134590e+01
-1.348042090846982966e+01
-1.348227197578682812e+01
-1.348410337435596240e+01
-1.348591832034344229e+01
-1.348771359373765222e+01
-1.348949242084616529e+01
-1.349125157133765107e+01
-1.349299428168495218e+01
-1.349471731121247586e+01
-1.349642390658224578e+01
-1.349811081674977764e+01
-1.349978129859043818e+01
-1.350143209066600214e+01
-1.350306646008947453e+01
-1.350468113500375189e+01
-1.350627939278404099e+01
-1.350785795112929399e+01
-1.350942009770124486e+01
-1.351096253972978900e+01
-1.351248857518787538e+01
-1.351399490081082178e+01
-1.351548482490770198e+01
-1.351695503369373164e+01
-1.351840884583894642e+01
-1.351984293701283413e+01
-1.352126063627143360e+01
-1.352265860871271741e+01
-1.352404019380395361e+01
-1.352540204604551910e+01
-1.352674751534140185e+01
-1.352807324556813562e+01
-1.352938259709197943e+01
-1.353067220313941732e+01
-1.353194543456442567e+01
-1.353319891391713448e+01
-1.353443602256506750e+01
-1.353565337235533583e+01
-1.353685435519492763e+01
-1.353803557220120268e+01
-1.353920042584670291e+01
-1.354034550649212321e+01
-1.354147422720184579e+01
-1.354258316755282543e+01
-1.354367575122750722e+01
-1.354474854699199149e+01
-1.354580498917338005e+01
-1.354684163569950250e+01
-1.354786193156867569e+01
-1.354886242384301021e+01
-1.354984656821888400e+01
-1.355081090086495443e+01
-1.355175888820257946e+01
-1.355268705547917030e+01
-1.355359887986817924e+01
-1.355449087566772803e+01
-1.355536653083060017e+01
-1.355622234867753129e+01
-1.355706182796795112e+01
-1.355788146101688341e+01
-1.355868475741803181e+01
-1.355946819845217810e+01
-1.356023530457502346e+01
-1.356098254600438402e+01
-1.356171345408579043e+01
-1.356242448794538724e+01
-1.356311918984648734e+01
-1.356379400779457889e+01
-1.356445249499888206e+01
-1.356509108831506971e+01
-1.356571335192663774e+01
-1.356631571151005566e+01
-1.356690174225161627e+01
-1.356746785861903959e+01
-1.356801764683009281e+01
-1.356854751011406535e+01
-1.356906104574892957e+01
-1.356955464569574765e+01
-1.357003191832165179e+01
-1.357048924428938896e+01
-1.357093024308439766e+01
-1.357135128404096491e+01
-1.357175599779203701e+01
-1.357214074231302980e+01
-1.357250915941391511e+01
-1.357285759568064698e+01
-1.357318970412980796e+01
-1.357350181992714333e+01
-1.357379760732558260e+01
-1.357407339003977498e+01
-1.357433284358895165e+01
-1.357457228020552442e+01
-1.357479538670511765e+01
-1.357499846380656905e+01
-1.357518520965224518e+01
-1.357535191341587399e+01
-1.357550228459700215e+01
-1.357563260079256118e+01
-1.357574658288989689e+01
-1.357584049687731031e+01
-1.357591807506069159e+01
-1.357597557178757519e+01
-1.357601673081345872e+01
-1.357603779481295270e+01
-1.357604251902207793e+01
-1.357602713441001541e+01
-1.357599540772486613e+01
-1.357594355819762733e+01
-1.357587536411990747e+01
-1.357578703295171962e+01
-1.357568235455983618e+01
-1.357555752460020315e+01
-1.357541634454657320e+01
-1.357525499821767134e+01
-1.357507729872622448e+01
-1.357487941802017417e+01
-1.357466518088346064e+01
-1.357443074735969191e+01
-1.357417995393633170e+01
-1.357390894871870124e+01
-1.357362157993041230e+01
-1.357331398370446252e+01
-1.357299002003335353e+01
-1.357264581304335849e+01
-1.357228523452890201e+01
-1.357190439657504122e+01
-1.357150718281122970e+01
-1.357108969324653280e+01
-1.357065582337875220e+01
-1.357020166110611115e+01
-1.356973111382812824e+01
-1.356924025729713890e+01
-1.356873301084807437e+01
-1.356820543805189239e+01
-1.356766147021290081e+01
-1.356709715868508503e+01
-1.356651644677616808e+01
-1.356591537358733568e+01
-1.356529789446403811e+01
-1.356466003621853922e+01
-1.356400576626853827e+01
-1.356333109910117685e+01
-1.356264001424091603e+01
-1.356192851381328701e+01
-1.356120058948436480e+01
-1.356045223098145769e+01
-1.355968744214725241e+01
-1.355890220027372095e+01
-1.355810052141554856e+01
-1.355727837039214201e+01
-1.355643977550561807e+01
-1.355558068906543845e+01
-1.355470515165667678e+01
-1.355380910304124065e+01
-1.355289659612304298e+01
-1.355196355807844810e+01
-1.355101405416630378e+01
-1.355004399893921274e+01
-1.354905747004725924e+01
-1.354805036938088136e+01
-1.354702678701780449e+01
-1.354598261214766985e+01
-1.354492194731254884e+01
-1.354384066896234806e+01
-1.354274289214029281e+01
-1.354162448051746814e+01
-1.354048956167533113e+01
-1.353933398646663200e+01
-1.353816189504848033e+01
-1.353696912541560593e+01
-1.353575983033818098e+01
-1.353452983491295392e+01
-1.353328330456092310e+01
-1.353201605144079522e+01
-1.353073225366214416e+01
-1.352942771040511261e+01
-1.352810661250610202e+01
-1.352676474612599478e+01
-1.352540631486634126e+01
-1.352402709182769058e+01
-1.352263129341533343e+01
-1.352121467962821200e+01
-1.351978147971420618e+01
-1.351832744052898327e+01
-1.351685680420205848e+01
-1.351536530440409578e+01
-1.351385719618532022e+01
-1.351232819998924306e+01
-1.351078258382639774e+01
-1.350921605487071453e+01
-1.350763289413257517e+01
-1.350602879547367330e+01
-1.350440805294422830e+01
-1.350276634705062939e+01
-1.350110798492299580e+01
-1.349942863366922197e+01
-1.349773261353963605e+01
-1.349601557820008324e+01
-1.349428186106160865e+01
-1.349252710230408425e+01
-1.349075564854018161e+01
-1.348896312641954509e+01
-1.348715389579746393e+01
-1.348532356974894952e+01
-1.348347652141306163e+01
-1.348160835024538073e+01
-1.347972344271025413e+01
-1.347781738459869416e+01
-1.347589457574205873e+01
-1.347395058822126224e+01
-1.347198983527673022e+01
-1.347000787523348997e+01
-1.346800913478304906e+01
-1.346598915844872657e+01
-1.346395238641536807e+01
-1.346189434935808649e+01
-1.345981950099782409e+01
-1.345772335811470910e+01
-1.345561038800864395e+01
-1.345347609351772000e+01
-1.345132495556383923e+01
-1.344915246299564515e+01
-1.344696311040044634e+01
-1.344475237258962430e+01
-1.344252475785945578e+01
-1.344027572693598138e+01
-1.343800980186827054e+01
-1.343572242924852311e+01
-1.343341814492260866e+01
-1.343109238130018035e+01
-1.342874968806821023e+01
-1.342638548340454641e+01
-1.342400433088176470e+01
-1.342160163439646681e+01
-1.341918197145154856e+01
-1.341674073161248337e+01
-1.341428250635752839e+01
-1.341180267087074185e+01
-1.340930583065098247e+01
-1.340678734645025294e+01
-1.340425183783350782e+01
-1.340169465106967550e+01
-1.339912041983559732e+01
-1.339652447586573203e+01
-1.339391146699470880e+01
-1.339127671037074485e+01
-1.338862486803254725e+01
-1.338595124248993962e+01
-1.338326051003214978e+01
-1.338054795847805245e+01
-1.337781827841409665e+01
-1.337506674291521946e+01
-1.337229805691214857e+01
-1.336950747868259093e+01
-1.336669972754868674e+01
-1.336387004693697023e+01
-1.336102317060874611e+01
-1.335815432708525918e+01
-1.335526826461443228e+01
-1.335236019675775232e+01
-1.334943488629783026e+01
-1.334648753178133518e+01
-1.334352291057387419e+01
-1.334053620615176072e+01
-1.333753221051215476e+01
-1.333450609200522052e+01
-1.333146265730844426e+01
-1.332839705958956777e+01
-1.332531412025535111e+01
-1.332220897723442654e+01
-1.331908646671223551e+01
-1.331594171132108428e+01
-1.331277956207469870e+01
-1.330959512625143404e+01
-1.330639326974317882e+01
-1.330316908441631796e+01
-1.329992745109103502e+01
-1.329666344616326334e+01
-1.329338196543186790e+01
-1.329007806976339090e+01
-1.328675666998611682e+01
-1.328341281137777585e+01
-1.328005141984703030e+01
-1.327666752502307901e+01
-1.327326606794615849e+01
-1.326984206253646548e+01
-1.326640046501761461e+01
-1.326293627353999049e+01
-1.325945445956233470e+01
-1.325595000540411306e+01
-1.325242789781127861e+01
-1.324888310321070684e+01
-1.324532062368801100e+01
-1.324173540971530016e+01
-1.323813247877070509e+01
-1.323450676530887549e+01
-1.323086330225354601e+01
-1.322719700797879661e+01
-1.322351293090738444e+01
-1.321980597326925455e+01
-1.321608119903991962e+01
-1.321233349424106862e+01
-1.320856793845514865e+01
-1.320477940143105400e+01
-1.320097297841242678e+01
-1.319714352281045855e+01
-1.319329614558477104e+01
-1.318942568374338009e+01
-1.318553726401693638e+01
-1.318162570694420666e+01
-1.317769615508250602e+01
-1.317374341243487557e+01
-1.316977263744104931e+01
-1.316577861750150547e+01
-1.316176652699453875e+01
-1.315773113665068195e+01
-1.315367763684336744e+01
-1.314960078156528844e+01
-1.314550577724210356e+01
-1.314138736106024474e+01
-1.313725075555490207e+01
-1.313309068103745503e+01
-1.312891237621047935e+01
-1.312471054444100815e+01
-1.312049044065708259e+01
-1.311624675121168693e+01
-1.311198474731705588e+01
-1.310769909824179358e+01
-1.310339509154140636e+01
-1.309906737932942633e+01
-1.309472126556417848e+01
-1.309035138513297980e+01
-1.308596305845688867e+01
-1.308155090312541979e+01
-1.307712025608287654e+01
-1.307266571754880680e+01
-1.306819264105179812e+01
-1.306369560936895624e+01
-1.305917999267441232e+01
-1.305464035622988206e+01
-1.305008208691718785e+01
-1.304549973240921901e+01
-1.304089869635782506e+01
-1.303627350877322044e+01
-1.303162959014042599e+01
-1.302696145273269224e+01
-1.302227453393177115e+01
-1.301756332819917894e+01
-1.301283328987761756e+01
-1.300807889554176988e+01
-1.300330561655993478e+01
-1.299850791154448792e+01
-1.299369126895470750e+01
-1.298885012936461791e+01
-1.298398999839049139e+01
-1.297910529849162131e+01
-1.297420155250788376e+01
-1.296927316470715752e+01
-1.296432567522006529e+01
-1.295935347004593829e+01
-1.295436210667418564e+01
-1.294934595275799083e+01
-1.294431058321411854e+01
-1.293925034727180368e+01
-1.293417083734445683e+01
-1.292906638415908205e+01
-1.292394259769577047e+01
-1.291879379010069329e+01
-1.291362558899143131e+01
-1.290843228785437624e+01
-1.290321953201609162e+01
-1.289798159622389129e+01
-1.289272414358570984e+01
-1.288744143003011366e+01
-1.288213913651948594e+01
-1.287681150008381081e+01
-1.287146421961376497e+01
-1.286609151316051047e+01
-1.286069909761784302e+01
-1.285528117197753240e+01
-1.284984347121212345e+01
-1.284438017517310548e+01
-1.283889703698836016e+01
-1.283338821728793633e+01
-1.282785948743243942e+01
-1.282230498874911184e+01
-1.281673051090960058e+01
-1.281113017585668246e+01
-1.280550979165234082e+01
-1.279986346077294357e+01
-1.279419700975106799e+01
-1.278850452151445261e+01
-1.278279184114754408e+01
-1.277705303194707298e+01
-1.277129395763154385e+01
-1.276550866178405741e+01
-1.275970302684038771e+01
-1.275387107658719010e+01
-1.274801871226184957e+01
-1.274213993777147103e+01
-1.273624067324042386e+01
-1.273031490261297627e+01
-1.272436856498698177e+01
-1.271839562426040260e+01
-1.271240203859212237e+01
-1.270638175175013274e+01
-1.270034074104315813e+01
-1.269427293002533297e+01
-1.268818431524496759e+01
-1.268206879995848801e+01
-1.267593240004477195e+01
-1.266976899837827020e+01
-1.266358463026078773e+01
-1.265737315810048003e+01
-1.265114063671546063e+01
-1.264488090796306352e+01
-1.263860004627234446e+01
-1.263229187286524713e+01
-1.262596248187779224e+01
-1.261960567381168552e+01
-1.261322756260699940e+01
-1.260682192796032908e+01
-1.260039490371432080e+01
-1.259394024867540374e+01
-1.258746411668861498e+01
-1.258096024558495074e+01
-1.257443480931294033e+01
-1.256788152464289787e+01
-1.256130658572925896e+01
-1.255470368819622706e+01
-1.254807904650798100e+01
-1.254142633505695414e+01
-1.253475178872225548e+01
-1.252804906057891188e+01
-1.252132440602755636e+01
-1.251457145673988514e+01
-1.250779648874602579e+01
-1.250099311222851917e+01
-1.249416762395624225e+01
-1.248731361253647520e+01
-1.248043739558784360e+01
-1.247353254005598266e+01
-1.246660538452147726e+01
-1.245964947418215552e+01
-1.245267116869419333e+01
-1.244566399142096813e+01
-1.243863432320959106e+01
-1.243157566550231508e+01
-1.242449442045384878e+01
-1.241738406749851720e+01
-1.241025103021667242e+01
-1.240308876594781928e+01
-1.239590371981764605e+01
-1.238868932698358982e+01
-1.238145205423790074e+01
-1.237418531446854075e+01
-1.236689559625706281e+01
-1.235957629013448411e+01
-1.235223390659568565e+01
-1.234486181372709801e+01
-1.233746654406263765e+01
-1.233004144315609274e+01
-1.232259306570784396e+01
-1.231511473465077344e+01
-1.230761302698043735e+01
-1.230008124292039184e+01
-1.229252598189173717e+01
-1.228494052132000469e+01
-1.227733148318360179e+01
-1.226969212202108928e+01
-1.226202908250167845e+01
-1.225433559618753598e+01
-1.224661833057363580e+01
-1.223887049415615103e+01
-1.223109877739231521e+01
-1.222329636562236921e+01
-1.221546997240377941e+01
-1.220761275983056215e+01
-1.219973146469995484e+01
-1.219181922576897037e+01
-1.218388280321584283e+01
-1.217591531236939772e+01
-1.216792353693154816e+01
-1.215990056871123137e+01
-1.215185321507816063e+01
-1.214377454422958280e+01
-1.213567138734861572e+01
-1.212753678892809717e+01
-1.211937760411194986e+01
-1.211118685359547875e+01
-1.210297141663206411e+01
-1.209472429002592619e+01
-1.208645237729014354e+01
-1.207814865124356452e+01
-1.206982003981073603e+01
-1.206145949173028242e+01
-1.205307395949140847e+01
-1.204465636765710279e+01
-1.203621369343587233e+01
-1.202773883711882519e+01
-1.201923880079001528e+01
-1.201070646037171485e+01
-1.200214884298111606e+01
-1.199355880007411201e+01
-1.198494338396000636e+01
-1.197629542152978388e+01
-1.196762199044545483e+01
-1.195891589293380974e+01
-1.195018423217140224e+01
-1.194141978562066342e+01
-1.193262968213601560e+01
-1.192380667431445751e+01
-1.191495791685311012e+01
-1.190607613738131576e+01
-1.189716851660489461e+01
-1.188822775708280766e+01
-1.187926106569686446e+01
-1.187026111983146670e+01
-1.186123515271338391e+01
-1.185217581644727858e+01
-1.184309037077492377e+01
-1.183397144241496157e+01
-1.182482631779570426e+01
-1.181564759814230214e+01
-1.180644259674232188e+01
-1.179720388921879781e+01
-1.178793881589256642e+01
-1.177863992667460558e+01
-1.176931458909440664e+01
-1.175995532723965376e+01
-1.175056953602497067e+01
-1.174114971360220494e+01
-1.173170328244895266e+01
-1.172222271466723420e+01
-1.171271546047669787e+01
-1.170317396581406122e+01
-1.169360570882122552e+01
-1.168400310915273721e+01
-1.167437367305418583e+01
-1.166470979377954187e+01
-1.165501900586063755e+01
-1.164529367603075904e+01
-1.163554136729181643e+01
-1.162575441973476309e+01
-1.161594042501648971e+01
-1.160609169646222583e+01
-1.159621585456989479e+01
-1.158630518577392188e+01
-1.157636733960039876e+01
-1.156639457546609329e+01
-1.155639457211359122e+01
-1.154635956181318690e+01
-1.153629725271337492e+01
-1.152619984980744761e+01
-1.151607509084019476e+01
-1.150591515339532300e+01
-1.149572780500547964e+01
-1.148550519571042017e+01
-1.147525512302313722e+01
-1.146496970930274806e+01
-1.145465678223640005e+01
-1.144430843636395245e+01
-1.143393252974136765e+01
-1.142352112894854166e+01
-1.141308212260585719e+01
-1.140260754919030717e+01
-1.139210532808358067e+01
-1.138156746951468712e+01
-1.137100192382421504e+01
-1.136040067284579003e+01
-1.134977169807769570e+01
-1.133910695280847136e+01
-1.132841444989394475e+01
-1.131768611392541857e+01
-1.130692998931702320e+01
-1.129613797180833679e+01
-1.128531813757352609e+01
-1.127446235334367763e+01
-1.126357872725574261e+01
-1.125265909687270849e+01
-1.124171160249817092e+01
-1.123072805236506966e+01
-1.121971661914840013e+01
-1.120866908158648378e+01
-1.119759364493145526e+01
-1.118648205825989095e+01
-1.117534255960791789e+01
-1.116416686822032922e+01
-1.115296325512496445e+01
-1.114172340956250196e+01
-1.113045563576121211e+01
-1.111915159278215093e+01
-1.110781961826399211e+01
-1.109645134091003804e+01
-1.108505513198018377e+01
-1.107362258963891932e+01
-1.106216211897935864e+01
-1.105066528744336551e+01
-1.103914053417005015e+01
-1.102757939569188927e+01
-1.101599034540814337e+01
-1.100436488875208063e+01
-1.099271153359819309e+01
-1.098102175408781456e+01
-1.096930409278685303e+01
-1.095754999234887528e+01
-1.094576803024856559e+01
-1.093394961745293337e+01
-1.092210336656386360e+01
-1.091022065665971752e+01
-1.089831013568927176e+01
-1.088636315063715188e+01
-1.087438838501977401e+01
-1.086237715351971822e+01
-1.085033817544307944e+01
-1.083826273295884768e+01
-1.082615958138602252e+01
-1.081401997016522820e+01
-1.080185269085287203e+01
-1.078964895994306161e+01
-1.077741760545552729e+01
-1.076514981071646559e+01
-1.075285444043587546e+01
-1.074052264454740246e+01
-1.072816332467986555e+01
-1.071576759714611704e+01
-1.070334440072359250e+01
-1.069088481787291478e+01
-1.067839782475138577e+01
-1.066587446973236020e+01
-1.065332376658580493e+01
-1.064073672935924186e+01
-1.062812240966956701e+01
-1.061547178699656158e+01
-1.060279395103967381e+01
-1.059007984646551925e+01
-1.057733860129353687e+01
-1.056456112512792167e+01
-1.055175658454707488e+01
-1.053891585384022456e+01
-1.052604813838535236e+01
-1.051314427690032005e+01
-1.050021351380507006e+01
-1.048724665198619732e+01
-1.047425297514972797e+01
-1.046122325008734322e+01
-1.044816680003703446e+01
-1.043507435542826123e+01
-1.042195527927879617e+01
-1.040880026538477487e+01
-1.039561871679353011e+01
-1.038240129039295745e+01
-1.036915742951164177e+01
-1.035587775385067744e+01
-1.034257174727363626e+01
-1.032922999201223924e+01
-1.031586201272089909e+01
-1.030245835387575859e+01
-1.028902858117993979e+01
-1.027556320106386245e+01
-1.026207182053957645e+01
-1.024854490769755522e+01
-1.023499211112134333e+01
-1.022140386026348580e+01
-1.020778984554369728e+01
-1.019414045747464215e+01
-1.018046542857947934e+01
-1.016675511012489075e+01
-1.015301927700719631e+01
-1.013924824093715671e+01
-1.012545181945643691e+01
-1.011162028440571170e+01
-1.009776349624688585e+01
-1.008387168663250222e+01
-1.006995475922207817e+01
-1.005600290515780237e+01
-1.004202607157707305e+01
-1.002801440878529071e+01
-1.001397790768088569e+01
-9.999906677401886768e+00
-9.985810752893724995e+00
-9.971680201792214149e+00
-9.957525103378797482e+00
-9.943335483448105805e+00
-9.929121465909558353e+00
-9.914873034373281158e+00
-9.900600357671889284e+00
-9.886293376883349637e+00
-9.871962306061860204e+00
-9.857597043401291614e+00
-9.843207848479073263e+00
-9.828784576248676075e+00
-9.814337532115787965e+00
-9.799856527432668329e+00
-9.785351913741914487e+00
-9.770813458429277176e+00
-9.756251559486312175e+00
-9.741655939962658550e+00
-9.727037044614386119e+00
-9.712384551780862907e+00
-9.697708953302189627e+00
-9.682999882428404703e+00
-9.668267878407073468e+00
-9.653502529015476341e+00
-9.638714421235722085e+00
-9.623893096984170725e+00
-9.609049191308725923e+00
-9.594172199871868756e+00
-9.579272806122686390e+00
-9.564340459072122158e+00
-9.549385890909833918e+00
-9.534398503592877105e+00
-9.519389078395255055e+00
-9.504346969812727863e+00
-9.489283008551826271e+00
-9.474186501234806101e+00
-9.459068328353286148e+00
-9.443917748238796150e+00
-9.428745691525440620e+00
-9.413541367831562923e+00
-9.398315758295789024e+00
-9.383058023395893343e+00
-9.367779195141658022e+00
-9.352468384437877091e+00
-9.337136674537136471e+00
-9.321773126333344095e+00
-9.306388874698663827e+00
-9.290972930073101210e+00
-9.275536479330101614e+00
-9.260068482007417501e+00
-9.244580177366696461e+00
-9.229060473589601798e+00
-9.213520662718471144e+00
-9.197949601119452367e+00
-9.182358634013336740e+00
-9.166736565485983590e+00
-9.151094794339918792e+00
-9.135422071910170416e+00
-9.119729850990070830e+00
-9.104006829687586233e+00
-9.088264515201663230e+00
-9.072491551931062048e+00
-9.056699501901249505e+00
-9.040876955313782659e+00
-9.025035529447396954e+00
-9.009163759812631511e+00
-8.993273319374369024e+00
-8.977352688452048923e+00
-8.961413596136157622e+00
-8.945444467048838888e+00
-8.929457086851762426e+00
-8.913439823957396868e+00
-8.897404521050805926e+00
-8.881339489816072685e+00
-8.865256630420601525e+00
-8.849144197294805281e+00
-8.833014148554122258e+00
-8.816854680843553282e+00
-8.800677810699191639e+00
-8.784471676442212384e+00
-8.768248353509138227e+00
-8.751995921352069274e+00
-8.735726514794924569e+00
-8.719428153868598486e+00
-8.703113033278699007e+00
-8.686769113075877513e+00
-8.670408648349376080e+00
-8.654019538603153094e+00
-8.637614099819607816e+00
-8.621180170382542585e+00
-8.604730127684771190e+00
-8.588251748409183151e+00
-8.571757471884222213e+00
-8.555235012503331404e+00
-8.538696872064070575e+00
-8.522130702074329989e+00
-8.505549067342510483e+00
-8.488939555887039745e+00
-8.472314796077256460e+00
-8.455662311830376865e+00
-8.438994795635219148e+00
-8.422299706687979892e+00
-8.405589802164596946e+00
-8.388852475911850348e+00
-8.372100550369319549e+00
-8.355321353397835438e+00
-8.338527773286097400e+00
-8.321707071263947597e+00
-8.304872202063959818e+00
-8.288010359631217128e+00
-8.271134565746434575e+00
-8.254231946407120546e+00
-8.237315591056230346e+00
-8.220372557071808473e+00
-8.203416002182811084e+00
-8.186432914466795552e+00
-8.169436520572626037e+00
-8.152413738586696823e+00
-8.135377864721986541e+00
-8.118315746373630404e+00
-8.101240749973154465e+00
-8.084139651514378855e+00
-8.067025888312636894e+00
-8.049886164240433573e+00
-8.032733988172955364e+00
-8.015555991131037672e+00
-7.998365754236935743e+00
-7.981149834919007091e+00
-7.963921887245031250e+00
-7.946668394299392091e+00
-7.929403083805508956e+00
-7.912112363741381493e+00
-7.894810036207615234e+00
-7.877482433302522402e+00
-7.860143432237718386e+00
-7.842779288446751984e+00
-7.825403954998243705e+00
-7.808003609864466732e+00
-7.790592282729609686e+00
-7.773156073296286550e+00
-7.755709088635342141e+00
-7.738237349359144979e+00
-7.720755040709618378e+00
-7.703248103375849531e+00
-7.685730801568278814e+00
-7.668188995207040115e+00
-7.650637028282249119e+00
-7.633060679086550060e+00
-7.615474372214453780e+00
-7.597863803459169674e+00
-7.580243478858887940e+00
-7.562599010821798196e+00
-7.544944987683108728e+00
-7.527266937566825078e+00
-7.509579531973362698e+00
-7.491868213828936085e+00
-7.474147738682440867e+00
-7.456403463334302373e+00
-7.438650228280450527e+00
-7.420873303252654374e+00
-7.403087614608194755e+00
-7.385278344052070842e+00
-7.367460504733299054e+00
-7.349619189356523030e+00
-7.331769498809129537e+00
-7.313896435805879115e+00
-7.296015189936069234e+00
-7.278110672918739255e+00
-7.260198164025598366e+00
-7.242262482957617209e+00
-7.224318999666914820e+00
-7.206352440796766068e+00
-7.188378267995742199e+00
-7.170381113792415384e+00
-7.152376532566021794e+00
-7.134349061655497870e+00
-7.116314349223574531e+00
-7.098256836326413577e+00
-7.080192265982350186e+00
-7.062104981852643348e+00
-7.044010822902840196e+00
-7.025894034268021393e+00
-7.007770551972643425e+00
-6.989624521474614660e+00
-6.971471976989330521e+00
-6.953296963126429198e+00
-6.935115613445202776e+00
-6.916911870515254357e+00
-6.898701968414206576e+00
-6.880469746458556912e+00
-6.862231540440753896e+00
-6.843971085189290982e+00
-6.825704819430347570e+00
-6.807416372247263148e+00
-6.789122286541965146e+00
-6.770806084372683387e+00
-6.752484414082434938e+00
-6.734140689400982538e+00
-6.715791665402115029e+00
-6.697420646159597979e+00
-6.679044494792336195e+00
-6.660646404365988538e+00
-6.642243347384320984e+00
-6.623818404527334280e+00
-6.605388659049324929e+00
-6.586937077841315435e+00
-6.568480856300372039e+00
-6.550002846098412768e+00
-6.531520356194970844e+00
-6.513016121585338603e+00
-6.494507566239054341e+00
-6.475977306989363136e+00
-6.457442884292001750e+00
-6.438886795303864652e+00
-6.420326698472595517e+00
-6.401744969734663115e+00
-6.383159387065671098e+00
-6.364552203607219738e+00
-6.345941318429765055e+00
-6.327308860274420077e+00
-6.308672850905193918e+00
-6.290015293025064125e+00
-6.271354332722923530e+00
-6.252671844992867101e+00
-6.233986101913599143e+00
-6.215278849065716038e+00
-6.196568486217038263e+00
-6.177836627795274538e+00
-6.159101802991968633e+00
-6.140345493306759828e+00
-6.121586359125927856e+00
-6.102805747208817522e+00
-6.084022450944875260e+00
-6.065217680503216968e+00
-6.046410364123040893e+00
-6.027581573494424028e+00
-6.008750373592296690e+00
-5.989897695698664037e+00
-5.971042743451101309e+00
-5.952166305753136655e+00
-5.933287726873103018e+00
-5.914387651323673722e+00
-5.895485566015080892e+00
-5.876561969012688458e+00
-5.857636491924025357e+00
-5.838689484265689345e+00
-5.819740724443191127e+00
-5.800770411276800154e+00
-5.781798472117505305e+00
-5.762804952893652022e+00
-5.743809932097250659e+00
-5.724793300520306438e+00
-5.705775290040801195e+00
-5.686735634019272290e+00
-5.667694720015663989e+00
-5.648632121611629309e+00
-5.629568384397841463e+00
-5.610482919775683364e+00
-5.591396433769357799e+00
-5.572288173143362222e+00
-5.553179006813878438e+00
-5.534048014394715054e+00
-5.514916230210095804e+00
-5.495762564150100893e+00
-5.476608218522600602e+00
-5.457431930859964808e+00
-5.438255074090368346e+00
-5.419056210691881148e+00
-5.399856886912643539e+00
-5.380635487414711093e+00
-5.361413734531335962e+00
-5.342169832279947350e+00
-5.322925681910990470e+00
-5.303659303899425304e+00
-5.284392781314617871e+00
-5.265103948119861599e+00
-5.245815072176692517e+00
-5.226503797893474967e+00
-5.207192580971588214e+00
-5.187858873144941541e+00
-5.168525321078610624e+00
-5.149169180633652587e+00
-5.129813292642097622e+00
-5.110434713812045615e+00
-5.091056482427466001e+00
-5.071655452678887066e+00
-5.052254863671945095e+00
-5.032831363627706445e+00
-5.013408395930567529e+00
-4.993962399289809007e+00
-4.974517024916434771e+00
-4.955048498371865229e+00
-4.935580682335316993e+00
-4.916089585487399383e+00
-4.896599285714198224e+00
-4.877085570982183427e+00
-4.857572738223524311e+00
-4.838036350752982884e+00
-4.818500928492390756e+00
-4.798941806059385584e+00
-4.779383730416867593e+00
-4.759801803328116421e+00
-4.740221002960708141e+00
-4.720616193950058381e+00
-4.701012589948054377e+00
-4.681384814068518807e+00
-4.661758319847829846e+00
-4.642107484359457636e+00
-4.622458005549419546e+00
-4.602784009802224574e+00
-4.583111444128856959e+00
-4.563414179441250162e+00
-4.543718416605326382e+00
-4.523997766137078713e+00
-4.504278687687426341e+00
-4.484534526307296431e+00
-4.464792005508333439e+00
-4.445024199655990493e+00
-4.425258101349832884e+00
-4.405466508891693778e+00
-4.385676689353901203e+00
-4.365861159432763650e+00
-4.346047466221937050e+00
-4.326207839099597940e+00
-4.306370110900090253e+00
-4.286506217793331963e+00
-4.266644284251134955e+00
-4.246755947159614131e+00
-4.226869628710504756e+00
-4.206956660237597845e+00
-4.187045767927391360e+00
-4.167107971091973617e+00
-4.147172306388873686e+00
-4.127209474428657821e+00
-4.107248829026262094e+00
-4.087260745191964695e+00
-4.067274900803333537e+00
-4.047261338142794429e+00
-4.027250066284600472e+00
-4.007210787416749298e+00
-3.987173849183220042e+00
-3.967108606060894438e+00
-3.947045751886531839e+00
-3.926954285548045931e+00
-3.906865254958974187e+00
-3.886747295267021673e+00
-3.866631816619872097e+00
-3.846487081987694623e+00
-3.826344872195813984e+00
-3.806173069299555678e+00
-3.786003833545014352e+00
-3.765804657021487589e+00
-3.745608088452756057e+00
-3.725381220581667208e+00
-3.705156999995866673e+00
-3.684902110365650962e+00
-3.664649905874041380e+00
-3.644366651030198856e+00
-3.624086117706647237e+00
-3.603774140781587310e+00
-3.583464920291844713e+00
-3.563123850615005139e+00
-3.542785570827006403e+00
-3.522415023513822074e+00
-3.502047298086172322e+00
-3.481646873604733461e+00
-3.461249301553444013e+00
-3.440818585267379603e+00
-3.420390750508382371e+00
-3.399929312194126307e+00
-3.379470783060289030e+00
-3.358978176397235504e+00
-3.338488505128448303e+00
-3.317964267159987823e+00
-3.297442989363895016e+00
-3.276886639927627520e+00
-3.256333274009355350e+00
-3.235744315133548099e+00
-3.215158361692167954e+00
-3.194536276957095744e+00
-3.173917218146595776e+00
-3.153261472007092614e+00
-3.132608770858654523e+00
-3.111918807926056019e+00
-3.091231907629721221e+00
-3.070507151909445120e+00
-3.049785475051108197e+00
-3.029025329132797761e+00
-3.008268276884301873e+00
-2.987472121080686271e+00
-2.966679072338304302e+00
-2.945846263769146045e+00
-2.925016574236924960e+00
-2.904146445853160063e+00
-2.883279447066869672e+00
-2.862371306610614230e+00
-2.841466304897215078e+00
-2.820519433791828234e+00
-2.799575709159268122e+00
-2.778589361324256490e+00
-2.757606166275718085e+00
-2.736579566859422830e+00
-2.715556125125627052e+00
-2.694488469149210363e+00
-2.673423974331864628e+00
-2.652314425236180107e+00
-2.631208039354324679e+00
-2.610055727441498163e+00
-2.588906579372574068e+00
-2.567710600132177667e+00
-2.546517783937637169e+00
-2.525277196247476930e+00
-2.504039769372653268e+00
-2.482753593560981464e+00
-2.461470574897159036e+00
-2.440137790654544947e+00
-2.418808158449704759e+00
-2.397427702574386643e+00
-2.376050392177967652e+00
-2.354621156138530846e+00
-2.333195057563396180e+00
-2.311715884860001680e+00
-2.290239840142860306e+00
-2.268709523445809229e+00
-2.247182323784845170e+00
-2.225599601826665275e+00
-2.204019984472600058e+00
-2.182383538666345935e+00
-2.160750183539981162e+00
-2.139058634293666383e+00
-2.117370160299288706e+00
-2.095622062991160384e+00
-2.073877023990474466e+00
-2.052070864565409991e+00
-2.030267744973013766e+00
-2.008401935114813242e+00
-1.986539145068900281e+00
-1.964612016895559643e+00
-1.942687886952414900e+00
-1.920697687175175083e+00
-1.898710462466118631e+00
-1.876655345941828257e+00
-1.854603179724437334e+00
-1.832481202320960900e+00
-1.810362148842736163e+00
-1.788171259523436474e+00
-1.765983266104550475e+00
-1.743721298122370866e+00
-1.721462196347543827e+00
-1.699126857419091197e+00
-1.676794353309833507e+00
-1.654383214618362352e+00
-1.631974877633544763e+00
-1.609485361480322174e+00
-1.586998612165165801e+00
-1.564427978055361379e+00
-1.541860074124565827e+00
-1.519205403031383961e+00
-1.496553423630126556e+00
-1.473811600128530186e+00
-1.451072427963070677e+00
-1.428240119859992996e+00
-1.405410420824381390e+00
-1.382484055830985437e+00
-1.359560255675145823e+00
-1.336535994563170071e+00
-1.313514252044974961e+00
-1.290387957598925439e+00
-1.267264133431336370e+00
-1.244031334338913553e+00
-1.220800955075145966e+00
-1.197456803680409188e+00
-1.174115019460638232e+00
-1.150654242016420081e+00
-1.127195776813461947e+00
-1.103612614490914190e+00
-1.080031707111643646e+00
-1.056319845513144173e+00
-1.032610179102486869e+00
-1.008762663332589682e+00
-9.849172804340045051e-01
-9.609264118270290922e-01
-9.369376110981758599e-01
-9.127948203645079861e-01
-8.886540297093371565e-01
-8.643497193574921633e-01
-8.400473383320878895e-01
-8.155706844605354888e-01
-7.910958860448560337e-01
-7.664345854972383076e-01
-7.417750632273610867e-01
-7.169150058834383721e-01
-6.920566461134228797e-01
-6.669814823780376711e-01
-6.419079317341422897e-01
-6.165984896706803164e-01
-5.912905721405152804e-01
-5.657240526670116454e-01
-5.401589647395997895e-01
-5.143077981013456368e-01
-4.884579651666124955e-01
-4.622881294694030641e-01
-4.361195242538898342e-01
-4.095879674819669081e-01
-3.830575319319120542e-01
-3.561080079028418610e-01
-3.291594889455946027e-01
-3.017153654609937563e-01
-2.742721228632437613e-01
-2.462227980738209976e-01
-2.181742203336941299e-01
-1.893460167049299814e-01
-1.605184141722976465e-01
-1.305989065014252493e-01
-1.006798376369976433e-01
-6.894039954129334291e-02
-3.720121257168213652e-02
-7.082856404004535179e-16
