5.000000000000056843e+00
4.957888486603470035e+00
4.836123277419879685e+00
4.647134964849407801e+00
4.408042355735616979e+00
4.137038849341580615e+00
3.850588060365737419e+00
3.561916213429275224e+00
3.280637870018280111e+00
3.013087566294541109e+00
2.762958880230852898e+00
2.531990233821124203e+00
2.320567436351006041e+00
2.128199308124616884e+00
1.953868006641154675e+00
1.796274144490681790e+00
1.654000920690744669e+00
1.525619260594390347e+00
1.409751657723906648e+00
1.305108019930846464e+00
1.210503096473142248e+00
1.124862170455960708e+00
1.047219569804563211e+00
9.767130318378274279e-01
9.125759010965438511e-01
8.541284200798866522e-01
8.007688892689978077e-01
7.519651534510661817e-01
7.072466638051383425e-01
6.661972329939070958e-01
6.284485184621337872e-01
5.936742201212859005e-01
5.615849510215585871e-01
5.319237257285367448e-01
5.044620057896700427e-01
4.789962415176558519e-01
4.553448521362217782e-01
4.333455907234141091e-01
4.128532454624272985e-01
3.937376339312063100e-01
3.758818522121636363e-01
3.591807453092674685e-01
3.435395696406137178e-01
3.288728222030044002e-01
3.151032143903181315e-01
3.021607714143245693e-01
2.899820408616710088e-01
2.785093961629230286e-01
2.676904226880569837e-01
2.574773758550592540e-01
2.478267020788877950e-01
2.386986146277819132e-01
2.300567175203057091e-01
2.218676715139469569e-01
2.141008970252958887e-01
2.067283095011206440e-01
1.997240833447790909e-01
1.930644410069214389e-01
1.867274642841476040e-01
1.806929252456565826e-01
1.749421345324873034e-01
1.694578050552470183e-01
1.642239293602212880e-01
1.592256691450872896e-01
1.544492555893601238e-01
1.498818993246215647e-01
1.455117090089041443e-01
1.413276175911424015e-01
1.373193154577946884e-01
1.334771897465735768e-01
1.297922691936654049e-01
1.262561739520544069e-01
1.228610698812709207e-01
1.195996268640931448e-01
1.164649807540753118e-01
1.134506986006849072e-01
1.105507468365883594e-01
1.077594621449987217e-01
1.050715247545216252e-01
1.024819339352386199e-01
9.998598549283642389e-02
9.757925107841899925e-02
9.525755914980740813e-02
9.301697743675758911e-02
9.085379677670804566e-02
8.876451620112288388e-02
8.674582916375547792e-02
8.479461081278874546e-02
8.290790621801434612e-02
8.108291947255594212e-02
7.931700359625738772e-02
7.760765117436035920e-02
7.595248567142226515e-02
7.434925336564285336e-02
7.279581585380756614e-02
7.129014308145674439e-02
6.983030685686203443e-02
6.841447481102036487e-02
6.704090476917130836e-02
6.570793950227125924e-02
6.441400182951716180e-02
6.315759004552638778e-02
6.193727364790681256e-02
6.075168934295763906e-02
5.959953730917597753e-02
5.847957769975458547e-02
5.739062736683454846e-02
5.633155679173114383e-02
5.530128720644327672e-02
5.429878789308361514e-02
5.332307364875343153e-02
5.237320240447581460e-02
5.144827298763111900e-02
5.054742301806319782e-02
4.966982692895892393e-02
4.881469410403947717e-02
4.798126712340186617e-02
4.716882011085893334e-02
4.637665717611394456e-02
4.560411094565771511e-02
4.485054117663812151e-02
4.411533344848575511e-02
4.339789792725101680e-02
4.269766819820504378e-02
4.201410016237034500e-02
4.134667099301454762e-02
4.069487814853914309e-02
4.005823843810770585e-02
3.943628713706823219e-02
3.882857714896750800e-02
3.823467821154071661e-02
3.765417614390982604e-02
3.708667213272859309e-02
3.653178205488265273e-02
3.598913583468388994e-02
3.545837683351797665e-02
3.493916127018736190e-02
3.443115767006874745e-02
3.393404634160139544e-02
3.344751887847137450e-02
3.297127768609339760e-02
3.250503553108902849e-02
3.204851511242443746e-02
3.160144865308739393e-02
3.116357751115792635e-02
3.073465180925527562e-02
3.031443008133646866e-02
2.990267893598292162e-02
2.949917273524085490e-02
2.910369328825280696e-02
2.871602955889656153e-02
2.833597738668145599e-02
2.796333922023514981e-02
2.759792386275712953e-02
2.723954622880257748e-02
2.688802711184209646e-02
2.654319296203399431e-02
2.620487567373742596e-02
2.587291238224781464e-02
2.554714526931593094e-02
2.522742137701906862e-02
2.491359242958107734e-02
2.460551466275082491e-02
2.430304866037502967e-02
2.400605919781651984e-02
2.371441509192398489e-02
2.342798905719372868e-02
2.314665756786154702e-02
2.287030072566629407e-02
2.259880213296300289e-02
2.233204877101682001e-02
2.206993088314162729e-02
2.181234186259099414e-02
2.155917814485121611e-02
2.131033910420526353e-02
2.106572695441891879e-02
2.082524665326735552e-02
2.058880581077619787e-02
2.035631460106233914e-02
2.012768567752114962e-02
1.990283409129131598e-02
1.968167721283013011e-02
1.946413465642442275e-02
1.925012820759855817e-02
1.903958175320406843e-02
1.883242121413482989e-02
1.862857448054250353e-02
1.842797134943247733e-02
1.823054346455141306e-02
1.803622425848494526e-02
1.784494889684374447e-02
1.765665422448134056e-02
1.747127871363140378e-02
1.728876241392703419e-02
1.710904690414527182e-02
1.693207524575287420e-02
1.675779193799252151e-02
1.658614287461038922e-02
1.641707530207002844e-02
1.625053777921287024e-02
1.608648013832761001e-02
1.592485344755413881e-02
1.576560997457831376e-02
1.560870315152778666e-02
1.545408754113491816e-02
1.530171880395554684e-02
1.515155366675201114e-02
1.500354989189837430e-02
1.485766624781805802e-02
1.471386248039455343e-02
1.457209928532491802e-02
1.443233828139522425e-02
1.429454198459173889e-02
1.415867378309632225e-02
1.402469791307012562e-02
1.389257943520665582e-02
1.376228421205452808e-02
1.363377888606977922e-02
1.350703085833251070e-02
1.338200826797827231e-02
1.325867997223459036e-02
1.313701552713422011e-02
1.301698516877433480e-02
1.289855979520281200e-02
1.278171094884126072e-02
1.266641079945466687e-02
1.255263212764278109e-02
1.244034830884958170e-02
1.232953329782359581e-02
1.222016161360240868e-02
1.211220832488479199e-02
1.200564903590035752e-02
1.190045987267097233e-02
1.179661746968719074e-02
1.169409895696896587e-02
1.159288194753971095e-02
1.149294452523099037e-02
1.139426523286608123e-02
1.129682306078593802e-02
1.120059743569456340e-02
1.110556820985465418e-02
1.101171565056047186e-02
1.091902042994193599e-02
1.082746361502874219e-02
1.073702665813817611e-02
1.064769138750002939e-02
1.055943999815329992e-02
1.047225504311484652e-02
1.038611942477758905e-02
1.030101638655957393e-02
1.021692950477120360e-02
1.013384268073148561e-02
1.005174013306789696e-02
9.970606390259609264e-03
9.890426283381773681e-03
9.811184938998851468e-03
9.732867772328478162e-03
9.655460480537125106e-03
9.578949036211967250e-03
9.503319681057130486e-03
9.428558919702637042e-03
9.354653513706982434e-03
9.281590475720665270e-03
9.209357063785608352e-03
9.137940775811016769e-03
9.067329344160155943e-03
8.997510730417474997e-03
8.928473120264790452e-03
8.860204918478142497e-03
8.792694744106982832e-03
8.725931425714365808e-03
8.659903996786025293e-03
8.594601691233272334e-03
8.530013939018584596e-03
8.466130361878886762e-03
8.402940769183171385e-03
8.340435153878193383e-03
8.278603688516517067e-03
8.217436721430493307e-03
8.156924772961655912e-03
8.097058531795597869e-03
8.037828851406277411e-03
7.979226746532602083e-03
7.921243389831911230e-03
7.863870108525327848e-03
7.807098381177615676e-03
7.750919834536393327e-03
7.695326240455776547e-03
7.640309512890965452e-03
7.585861704963800176e-03
7.531975006095427763e-03
7.478641739223449228e-03
7.425854358070787392e-03
7.373605444468220999e-03
7.321887705769134988e-03
7.270693972319875603e-03
7.220017194952972617e-03
7.169850442588014162e-03
7.120186899861189606e-03
7.071019864825884085e-03
7.022342746664618149e-03
6.974149063524085097e-03
6.926432440346127345e-03
6.879186606760172296e-03
6.832405395031340700e-03
6.786082738052707196e-03
6.740212667379741514e-03
6.694789311332038743e-03
6.649806893075589469e-03
6.605259728837859466e-03
6.561142226078376348e-03
6.517448881765149950e-03
6.474174280645155627e-03
6.431313093580200146e-03
6.388860075896121531e-03
6.346810065797377567e-03
6.305157982793064414e-03
6.263898826174839861e-03
6.223027673498558905e-03
6.182539679142897218e-03
6.142430072862058339e-03
6.102694158388470395e-03
6.063327312058513878e-03
6.024324981468959228e-03
5.985682684175706522e-03
5.947396006392428880e-03
5.909460601735357782e-03
5.871872190012310776e-03
5.834626555980783856e-03
5.797719548206178158e-03
5.761147077877530262e-03
5.724905117707969858e-03
5.688989700800395344e-03
5.653396919578597933e-03
5.618122924708679120e-03
5.583163924097480323e-03
5.548516181840833054e-03
5.514176017235331191e-03
5.480139803817033958e-03
5.446403968378886462e-03
5.412964990078665897e-03
5.379819399458215731e-03
5.346963777616790987e-03
5.314394755272572844e-03
5.282109011932052678e-03
5.250103275045863577e-03
5.218374319156861979e-03
5.186918965115601583e-03
5.155734079264922241e-03
5.124816572690034204e-03
5.094163400412630646e-03
5.063771560679431599e-03
5.033638094217887833e-03
5.003760083499564359e-03
4.974134652067087672e-03
4.944758963810932592e-03
4.915630222319405766e-03
4.886745670197772777e-03
4.858102588418158375e-03
4.829698295682922048e-03
4.801530147811121883e-03
4.773595537096021572e-03
4.745891891731970728e-03
4.718416675206539568e-03
4.691167385721546276e-03
4.664141555633323326e-03
4.637336750887163794e-03
4.610750570476812756e-03
4.584380645898128263e-03
4.558224640635497385e-03
4.532280249630865968e-03
4.506545198787441191e-03
4.481017244471449494e-03
4.455694173019632970e-03
4.430573800258305953e-03
4.405653971049361406e-03
4.380932558799634745e-03
4.356407465033852212e-03
4.332076618942506431e-03
4.307937976945117216e-03
4.283989522251559906e-03
4.260229264465766920e-03
4.236655239145081971e-03
4.213265507411640375e-03
4.190058155556015962e-03
4.167031294636999554e-03
4.144183060102557548e-03
4.121511611410777487e-03
4.099015131664291572e-03
4.076691827246604026e-03
4.054539927454555229e-03
4.032557684169320138e-03
4.010743371484978836e-03
3.989095285396835298e-03
3.967611743449241633e-03
3.946291084414241430e-03
3.925131667985633926e-03
3.904131874442172238e-03
3.883290104349302815e-03
3.862604778257044263e-03
3.842074336397844486e-03
3.821697238384430453e-03
3.801471962942344629e-03
3.781397007613552727e-03
3.761470888471609916e-03
3.741692139859941792e-03
3.722059314112771602e-03
3.702570981308807730e-03
3.683225728978650922e-03
3.664022161887377487e-03
3.644958901753495885e-03
3.626034587023799563e-03
3.607247872613508419e-03
3.588597429671462266e-03
3.570081945358807851e-03
3.551700122600672752e-03
3.533450679874474906e-03
3.515332350969296079e-03
3.497343884783809132e-03
3.479484045106843310e-03
3.461751610397946054e-03
3.444145373585282520e-03
3.426664141850038064e-03
3.409306736453223893e-03
3.392071992493069042e-03
3.374958758753024771e-03
3.357965897484203356e-03
3.341092284222522187e-03
3.324336807609688978e-03
3.307698369196834104e-03
3.291175883282840015e-03
3.274768276712173957e-03
3.258474488734412668e-03
3.242293470803994573e-03
3.226224186428161729e-03
3.210265610985980900e-03
3.194416731593630130e-03
3.178676546907979478e-03
3.163044066999583671e-03
3.147518313175532139e-03
3.132098317837003938e-03
3.116783124327176299e-03
3.101571786786838821e-03
3.086463370004223668e-03
3.071456949262896773e-03
3.056551610222426208e-03
3.041746448754700620e-03
3.027040570832296301e-03
3.012433092368645409e-03
2.997923139096756676e-03
2.983509846455643932e-03
2.969192359426626755e-03
2.954969832431319620e-03
2.940841429206479413e-03
2.926806322669217413e-03
2.912863694801479282e-03
2.899012736542238514e-03
2.885252647652691935e-03
2.871582636612302931e-03
2.858001920493631609e-03
2.844509724875719618e-03
2.831105283695781270e-03
2.817787839176078869e-03
2.804556641698742470e-03
2.791410949703719557e-03
2.778350029582869318e-03
2.765373155585618831e-03
2.752479609711125721e-03
2.739668681611998838e-03
2.726939668492238400e-03
2.714291875020596531e-03
2.701724613228509170e-03
2.689237202409954387e-03
2.676828969052159283e-03
2.664499246718100671e-03
2.652247375977204603e-03
2.640072704303270904e-03
2.627974586001309044e-03
2.615952382109315490e-03
2.604005460325107407e-03
2.592133194915805655e-03
2.580334966631168004e-03
2.568610162647773972e-03
2.556958176447651429e-03
2.545378407783662790e-03
2.533870262581265891e-03
2.522433152855694388e-03
2.511066496648423074e-03
2.499769717950125775e-03
2.488542246635210356e-03
2.477383518375134586e-03
2.466292974578717344e-03
2.455270062315098676e-03
2.444314234255970039e-03
2.433424948598533494e-03
2.422601668990376905e-03
2.411843864490989531e-03
2.401151009483142376e-03
2.390522583613187250e-03
2.379958071729428980e-03
2.369456963826278590e-03
2.359018754969126330e-03
2.348642945253917418e-03
2.338329039724307713e-03
2.328076548329311313e-03
2.317884985857806505e-03
2.307753871884611011e-03
2.297682730714627371e-03
2.287671091321203439e-03
2.277718487294129283e-03
2.267824456787639713e-03
2.257988542478048428e-03
2.248210291475112328e-03
2.238489255312442819e-03
2.228824989868509118e-03
2.219217055333911823e-03
2.209665016138163702e-03
2.200168440924676720e-03
2.190726902498752859e-03
2.181339977752434160e-03
2.172007247658766863e-03
2.162728297190867881e-03
2.153502715300761178e-03
2.144330094850009204e-03
2.135210032584694724e-03
2.126142129083402089e-03
2.117125988712914575e-03
2.108161219591622119e-03
2.099247433527862746e-03
2.090384246010321308e-03
2.081571276132874321e-03
2.072808146579202971e-03
2.064094483568843213e-03
2.055429916818662765e-03
2.046814079506262783e-03
2.038246608239164832e-03
2.029727143002785228e-03
2.021255327116126300e-03
2.012830807231808482e-03
2.004453233255124207e-03
1.996122258334429717e-03
1.987837538814903396e-03
1.979598734209654827e-03
1.971405507155411276e-03
1.963257523391337151e-03
1.955154451712790616e-03
1.947095963946288274e-03
1.939081734903257657e-03
1.931111442372355873e-03
1.923184767055867266e-03
1.915301392565877704e-03
1.907461005372240248e-03
1.899663294781393091e-03
1.891907952911322296e-03
1.884194674639525294e-03
1.876523157603037992e-03
1.868893102140616221e-03
1.861304211285047007e-03
1.853756190718826389e-03
1.846248748758758974e-03
1.838781596313559998e-03
1.831354446874239750e-03
1.823967016471707584e-03
1.816619023647870774e-03
1.809310189440230601e-03
1.802040237362626928e-03
1.794808893345480657e-03
1.787615885751245781e-03
1.780460945312724568e-03
1.773343805144660286e-03
1.766264200678197829e-03
1.759221869672472757e-03
1.752216552168355543e-03
1.745247990471116050e-03
1.738315929125377806e-03
1.731420114907422344e-03
1.724560296767363053e-03
1.717736225838803477e-03
1.710947655409933779e-03
1.704194340883054661e-03
1.697476039772666777e-03
1.690792511676565907e-03
1.684143518250792249e-03
1.677528823198078025e-03
1.670948192237012558e-03
1.664401393092416939e-03
1.657888195451012086e-03
1.651408370978786795e-03
1.644961693267023989e-03
1.638547937832316326e-03
1.632166882083800315e-03
1.625818305317386402e-03
1.619501988684922964e-03
1.613217715190353244e-03
1.606965269651164808e-03
1.600744438690691277e-03
1.594555010726555382e-03
1.588396775939831434e-03
1.582269526269274766e-03
1.576173055380480741e-03
1.570107158663970690e-03
1.564071633196640080e-03
1.558066277757196244e-03
1.552090892772180078e-03
1.546145280329476283e-03
1.540229244143615428e-03
1.534342589551931316e-03
1.528485123493360069e-03
1.522656654479527917e-03
1.516856992615975329e-03
1.511085949532747471e-03
1.505343338422972721e-03
1.499628973990810125e-03
1.493942672459171736e-03
1.488284251535026406e-03
1.482653530417121258e-03
1.477050329753570737e-03
1.471474471657293042e-03
1.465925779680952263e-03
1.460404078788043580e-03
1.454909195358688751e-03
1.449440957166504666e-03
1.443999193368972374e-03
1.438583734495877536e-03
1.433194412428105821e-03
1.427831060393797234e-03
1.422493512947143679e-03
1.417181605964540261e-03
1.411895176619526546e-03
1.406634063388579464e-03
1.401398106020270134e-03
1.396187145541055892e-03
1.391001024214794449e-03
1.385839585573603967e-03
1.380702674361951625e-03
1.375590136557872318e-03
1.370501819340193880e-03
1.365437571094331492e-03
1.360397241381440612e-03
1.355380680949994955e-03
1.350387741706869302e-03
1.345418276713489280e-03
1.340472140168484563e-03
1.335549187417336102e-03
1.330649274911890065e-03
1.325772260221932345e-03
1.320918002017842843e-03
1.316086360066743514e-03
1.311277195201651733e-03
1.306490369344628661e-03
1.301725745464359183e-03
1.296983187585803044e-03
1.292262560778628796e-03
1.287563731139865480e-03
1.282886565788124043e-03
1.278230932859746472e-03
1.273596701493383884e-03
1.268983741820362519e-03
1.264391924958902565e-03
1.259821123004483930e-03
1.255271209022135398e-03
1.250742057029088916e-03
1.246233542004423350e-03
1.241745539856289925e-03
1.237277927431558585e-03
1.232830582511965827e-03
1.228403383775553744e-03
1.223996210829456956e-03
1.219608944161697890e-03
1.215241465170117854e-03
1.210893656123814997e-03
1.206565400174717520e-03
1.202256581344092511e-03
1.197967084505192860e-03
1.193696795394833280e-03
1.189445600592183320e-03
1.185213387511056728e-03
1.181000044396060805e-03
1.176805460322599868e-03
1.172629525171810889e-03
1.168472129642138214e-03
1.164333165230053849e-03
1.160212524224276277e-03
1.156110099699989707e-03
1.152025785522705140e-03
1.147959476327051415e-03
1.143911067510994901e-03
1.139880455233914167e-03
1.135867536414675739e-03
1.131872208716211544e-03
1.127894370539736209e-03
1.123933921020894670e-03
1.119990760031694659e-03
1.116064788151583222e-03
1.112155906690592702e-03
1.108264017658487600e-03
1.104389023772484523e-03
1.100530828443754090e-03
1.096689335777426347e-03
1.092864450562950696e-03
1.089056078272172302e-03
1.085264125045834645e-03
1.081488497691655707e-03
1.077729103684331230e-03
1.073985851153966276e-03
1.070258648884151419e-03
1.066547406290751631e-03
1.062852033450837350e-03
1.059172441058332369e-03
1.055508540445229942e-03
1.051860243564240339e-03
1.048227462984936513e-03
1.044610111895685495e-03
1.041008104092080609e-03
1.037421353973087129e-03
1.033849776523690063e-03
1.030293287339965457e-03
1.026751802598228772e-03
1.023225239053109342e-03
1.019713514051051075e-03
1.016216545495604541e-03
1.012734251876355220e-03
1.009266552228428333e-03
1.005813366159491115e-03
1.002374613832398426e-03
9.989502159497671511e-04
9.955400937713353680e-04
9.921441690908232997e-04
9.887623642397922082e-04
9.853946020876472138e-04
9.820408060223549760e-04
9.787008999620162505e-04
9.753748083432981029e-04
9.720624561195072809e-04
9.687637687451649453e-04
9.654786721952931085e-04
9.622070929422758085e-04
9.589489579442903467e-04
9.557041946800210559e-04
9.524727310985222142e-04
9.492544956385047007e-04
9.460494172244802470e-04
9.428574252609789536e-04
9.396784496209802020e-04
9.365124206555567416e-04
9.333592691803775654e-04
9.302189264699244498e-04
9.270913242652075717e-04
9.239763947641251073e-04
9.208740706118229407e-04
9.177842848987676026e-04
9.147069711684622118e-04
9.116420634000923021e-04
9.085894960200975113e-04
9.055492038809612263e-04
9.025211222708540192e-04
8.995051869001360889e-04
8.965013339090728778e-04
8.935094998543376219e-04
8.905296217205834744e-04
8.875616368915182925e-04
8.846054831730481259e-04
8.816610987759215248e-04
8.787284223138039970e-04
8.758073928071354909e-04
8.728979496677045837e-04
8.700000327063636641e-04
8.671135821311020883e-04
8.642385385296911388e-04
8.613748428774000744e-04
8.585224365369962390e-04
8.556812612548908310e-04
8.528512591457120071e-04
8.500323726980915954e-04
8.472245447843085309e-04
8.444277186352208003e-04
8.416418378441232508e-04
8.388668463725340845e-04
8.361026885482683406e-04
8.333493090422970087e-04
8.306066528899613962e-04
8.278746654736186296e-04
8.251532925342131269e-04
8.224424801442796387e-04
8.197421747272289278e-04
8.170523230592778661e-04
8.143728722308800263e-04
8.117037696872264878e-04
8.090449632031750712e-04
8.063964008774675285e-04
8.037580311481573071e-04
8.011298027694696393e-04
7.985116648214446531e-04
7.959035667137959397e-04
7.933054581608404380e-04
7.907172892007857407e-04
7.881390101880152372e-04
7.855705717834487968e-04
7.830119249564709144e-04
7.804630209887892774e-04
7.779238114609361232e-04
7.753942482599832054e-04
7.728742835699006341e-04
7.703638698715572011e-04
7.678629599427224403e-04
7.653715068599946641e-04
7.628894639833750432e-04
7.604167849601250898e-04
7.579534237363387810e-04
7.554993345241587787e-04
7.530544718403472471e-04
7.506187904638601544e-04
7.481922454589898935e-04
7.457747921734375705e-04
7.433663862151721185e-04
7.409669834697873991e-04
7.385765401005031780e-04
7.361950125327381203e-04
7.338223574598955277e-04
7.314585318317941417e-04
7.291034928758815354e-04
7.267571980663792373e-04
7.244196051435688446e-04
7.220906721022209845e-04
7.197703571935257357e-04
7.174586189193066753e-04
7.151554160358795540e-04
7.128607075463385236e-04
7.105744527005571120e-04
7.082966109971175614e-04
7.060271421794538874e-04
7.037660062242825747e-04
7.015131633608874973e-04
6.992685740537645531e-04
6.970321989968363604e-04
6.948039991346672758e-04
6.925839356258214809e-04
6.903719698795061964e-04
6.881680635227870350e-04
6.859721784121602332e-04
6.837842766509092101e-04
6.816043205331793597e-04
6.794322726056901875e-04
6.772680956214518046e-04
6.751117525667651390e-04
6.729632066322949885e-04
6.708224212439257636e-04
6.686893600241928387e-04
6.665639868289246822e-04
6.644462657144584259e-04
6.623361609492118803e-04
6.602336370175410172e-04
6.581386586100978348e-04
6.560511906238310079e-04
6.539711981562011276e-04
6.518986465206087896e-04
6.498335012213251292e-04
6.477757279747056469e-04
6.457252926899056120e-04
6.436821614727377631e-04
6.416463006295295736e-04
6.396176766690525898e-04
6.375962562832377268e-04
6.355820063626040073e-04
6.335748939904728254e-04
6.315748864333268955e-04
6.295819511600950647e-04
6.275960558132256907e-04
6.256171682279716706e-04
6.236452564304630552e-04
6.216802886203499478e-04
6.197222331843037484e-04
6.177710586921598881e-04
6.158267338949893581e-04
6.138892277154576593e-04
6.119585092651811439e-04
6.100345478157996344e-04
6.081173128356192042e-04
6.062067739452562743e-04
6.043029009562085390e-04
6.024056638419276934e-04
6.005150327455338567e-04
5.986309779894584664e-04
5.967534700523025254e-04
5.948824795823368702e-04
5.930179774013592201e-04
5.911599344911952101e-04
5.893083219956272946e-04
5.874631112242519049e-04
5.856242736428376398e-04
5.837917808868248832e-04
5.819656047381840513e-04
5.801457171543441659e-04
5.783320902354078825e-04
5.765246962415085906e-04
5.747235075870254367e-04
5.729284968482975310e-04
5.711396367462679303e-04
5.693569001541977370e-04
5.675802600995950029e-04
5.658096897603583303e-04
5.640451624628482936e-04
5.622866516761025699e-04
5.605341310272640275e-04
5.587875742784392981e-04
5.570469553421266481e-04
5.553122482773600139e-04
5.535834272819945782e-04
5.518604666927073117e-04
5.501433410023541829e-04
5.484320248233281363e-04
5.467264929261303431e-04
5.450267202104420615e-04
5.433326817166967597e-04
5.416443526125799563e-04
5.399617082200297569e-04
5.382847239747371327e-04
5.366133754705033421e-04
5.349476384090975315e-04
5.332874886446139400e-04
5.316329021506864929e-04
5.299838550339896126e-04
5.283403235380947256e-04
5.267022840222571967e-04
5.250697129903445773e-04
5.234425870580513077e-04
5.218208829779705672e-04
5.202045776241660769e-04
5.185936479941005706e-04
5.169880712105648065e-04
5.153878245197493144e-04
5.137928852931734078e-04
5.122032310199708689e-04
5.106188393107472141e-04
5.090396878975806706e-04
5.074657546320927295e-04
5.058970174796641444e-04
5.043334545348622609e-04
5.027750439905850563e-04
5.012217641766327164e-04
4.996735935230647461e-04
4.981305105872000727e-04
4.965924940285466058e-04
4.950595226261576874e-04
4.935315752709188613e-04
4.920086309674760175e-04
4.904906688284501985e-04
4.889776680744381413e-04
4.874696080455830994e-04
4.859664681803615603e-04
4.844682280367975042e-04
4.829748672654626254e-04
4.814863656403333770e-04
4.800027030356487836e-04
4.785238594259106043e-04
4.770498148897403274e-04
4.755805496272369221e-04
4.741160439214052620e-04
4.726562781728709775e-04
4.712012328728804066e-04
4.697508886303006985e-04
4.683052261369061533e-04
4.668642261963065797e-04
4.654278697104476223e-04
4.639961376796109785e-04
4.625690112024146696e-04
4.611464714738844079e-04
4.597284997950967615e-04
4.583150775538938544e-04
4.569061862345261517e-04
4.555018074253667755e-04
4.541019228034834702e-04
4.527065141442815507e-04
4.513155633041468560e-04
4.499290522590171089e-04
4.485469630503826841e-04
4.471692778315718500e-04
4.457959788349657960e-04
4.444270483893554080e-04
4.430624689122277123e-04
4.417022229116939662e-04
4.403462929903475750e-04
4.389946618336922936e-04
4.376473122120716182e-04
4.363042269922395551e-04
4.349653891257899605e-04
4.336307816491564862e-04
4.323003876797555309e-04
4.309741904352722987e-04
4.296521731989464896e-04
4.283343193620009785e-04
4.270206123792850451e-04
4.257110358001315264e-04
4.244055732529282399e-04
4.231042084451184723e-04
4.218069251824864961e-04
4.205137073344436386e-04
4.192245388552427580e-04
4.179394037878350751e-04
4.166582862465138858e-04
4.153811704304139624e-04
4.141080406215837876e-04
4.128388811637708627e-04
4.115736765029220793e-04
4.103124111428267315e-04
4.090550696779022481e-04
4.078016367719801503e-04
4.065520971640917882e-04
4.053064356800399766e-04
4.040646372073275787e-04
4.028266867163721437e-04
4.015925692508629592e-04
4.003622699316182086e-04
3.991357739469426186e-04
3.979130665622701373e-04
3.966941331143783054e-04
3.954789590152459023e-04
3.942675297443381426e-04
3.930598308621074326e-04
3.918558479868501534e-04
3.906555668197785112e-04
3.894589731199490663e-04
3.882660527274056248e-04
3.870767915554653577e-04
3.858911755637184793e-04
3.847091908081717317e-04
3.835308233911050631e-04
3.823560595015722176e-04
3.811848853787576288e-04
3.800172873447625848e-04
3.788532517737478052e-04
3.776927651170052902e-04
3.765358138875296362e-04
3.753823846600182527e-04
3.742324640863000469e-04
3.730860388721924780e-04
3.719430957910018799e-04
3.708036216777376706e-04
3.696676034387556256e-04
3.685350280382573927e-04
3.674058825002197212e-04
3.662801539161085604e-04
3.651578294429505891e-04
3.640388962879048023e-04
3.629233417314054562e-04
3.618111531117334926e-04
3.607023178250168098e-04
3.595968233329443608e-04
3.584946571492665353e-04
3.573958068571522068e-04
3.563002600918317936e-04
3.552080045502399369e-04
3.541190279929444583e-04
3.530333182306463627e-04
3.519508631338226783e-04
3.508716506385124636e-04
3.497956687289593275e-04
3.487229054511120771e-04
3.476533489087671263e-04
3.465869872519973484e-04
3.455238087080096622e-04
3.444638015406443891e-04
3.434069540715901621e-04
3.423532546958123939e-04
3.413026918333390771e-04
3.402552539871179322e-04
3.392109296928738464e-04
3.381697075596085946e-04
3.371315762310298598e-04
3.360965244221938509e-04
3.350645408847913176e-04
3.340356144341474374e-04
3.330097339357218720e-04
3.319868883070378339e-04
3.309670665176815988e-04
3.299502575835169317e-04
3.289364505840428922e-04
3.279256346315357609e-04
3.269177989096215368e-04
3.259129326366325065e-04
3.249110250926076182e-04
3.239120656000064771e-04
3.229160435314241484e-04
3.219229483115194652e-04
3.209327694093008754e-04
3.199454963535553441e-04
3.189611187077764486e-04
3.179796260971649163e-04
3.170010081835571538e-04
3.160252546827822394e-04
3.150523553569477709e-04
3.140823000125116116e-04
3.131150785118531465e-04
3.121506807539874400e-04
3.111890966861373051e-04
3.102303163095184975e-04
3.092743296600541990e-04
3.083211268315181794e-04
3.073706979504631643e-04
3.064230332032211006e-04
3.054781228031170455e-04
3.045359570251841819e-04
3.035965261791633354e-04
3.026598206249318758e-04
3.017258307628607143e-04
3.007945470299573632e-04
2.998659599249374605e-04
2.989400599754388210e-04
2.980168377534503929e-04
2.970962838791693606e-04
2.961783890113581425e-04
2.952631438550589230e-04
2.943505391519508126e-04
2.934405656899927422e-04
2.925332142976377263e-04
2.916284758419044471e-04
2.907263412399486730e-04
2.898268014436348452e-04
2.889298474395357520e-04
2.880354702662902807e-04
2.871436609972457740e-04
2.862544107443157305e-04
2.853677106656936314e-04
2.844835519504247440e-04
2.836019258376919639e-04
2.827228235956011229e-04
2.818462365404671567e-04
2.809721560213855281e-04
2.801005734260176932e-04
2.792314801844486376e-04
2.783648677634010865e-04
2.775007276643068712e-04
2.766390514368070354e-04
2.757798306556091057e-04
2.749230569397726636e-04
2.740687219411381431e-04
2.732168173578267741e-04
2.723673349149549573e-04
2.715202663800627856e-04
2.706756035534712049e-04
2.698333382759966542e-04
2.689934624231648955e-04
2.681559679013542901e-04
2.673208466612956333e-04
2.664880906826438490e-04
2.656576919874776622e-04
2.648296426248715105e-04
2.640039346805378960e-04
2.631805602806851392e-04
2.623595115823741056e-04
2.615407807793043216e-04
2.607243600883135432e-04
2.599102417821641921e-04
2.590984181490424963e-04
2.582888815157023026e-04
2.574816242455357936e-04
2.566766387327882389e-04
2.558739174102723645e-04
2.550734527358678133e-04
2.542752372002361652e-04
2.534792633364634515e-04
2.526855237007745295e-04
2.518940108879617673e-04
2.511047175217420409e-04
2.503176362566854763e-04
2.495327597820726066e-04
2.487500808180373229e-04
2.479695921136381332e-04
2.471912864603584845e-04
2.464151566651063890e-04
2.456411955772149066e-04
2.448693960691561400e-04
2.440997510538985525e-04
2.433322534656211797e-04
2.425668962712851839e-04
2.418036724725624058e-04
2.410425751000497903e-04
2.402835972074834068e-04
2.395267318890960373e-04
2.387719722584024035e-04
2.380193114694141836e-04
2.372687426973534930e-04
2.365202591444392436e-04
2.357738540533870332e-04
2.350295206861946701e-04
2.342872523357138897e-04
2.335470423275788523e-04
2.328088840124917735e-04
2.320727707662230594e-04
2.313386959953971523e-04
2.306066531432781307e-04
2.298766356704840029e-04
2.291486370665581258e-04
2.284226508518980004e-04
2.276986705738979783e-04
2.269766898069493981e-04
2.262567021524404217e-04
2.255387012387563062e-04
2.248226807232078469e-04
2.241086342881742465e-04
2.233965556391745639e-04
2.226864385164393763e-04
2.219782766852677501e-04
2.212720639263842108e-04
2.205677940648678595e-04
2.198654609296517835e-04
2.191650584017380962e-04
2.184665803659828433e-04
2.177700207400251728e-04
2.170753734704301233e-04
2.163826325307599367e-04
2.156917919100026124e-04
2.150028456318578852e-04
2.143157877412370650e-04
2.136306123100487737e-04
2.129473134294847107e-04
2.122658852235197592e-04
2.115863218334832743e-04
2.109086174315592159e-04
2.102327662092147030e-04
2.095587623849143560e-04
2.088866001983344519e-04
2.082162739200060894e-04
2.075477778378149746e-04
2.068811062589298643e-04
2.062162535310175561e-04
2.055532140017417579e-04
2.048919820689073840e-04
2.042325521283878151e-04
2.035749186204115495e-04
2.029190759929188801e-04
2.022650187227762885e-04
2.016127413119195853e-04
2.009622382815677945e-04
2.003135041760806636e-04
1.996665335610298673e-04
1.990213210289849344e-04
1.983778611937274568e-04
1.977361486844652716e-04
1.970961781631899148e-04
1.964579443053906160e-04
1.958214418096973551e-04
1.951866654036665718e-04
1.945536098264240104e-04
1.939222698460218476e-04
1.932926402497959074e-04
1.926647158443656606e-04
1.920384914594913553e-04
1.914139619461454657e-04
1.907911221784414058e-04
1.901699670478475767e-04
1.895504914631875558e-04
1.889326903679974692e-04
1.883165587115967943e-04
1.877020914722319289e-04
1.870892836435757330e-04
1.864781302443706940e-04
1.858686263126431361e-04
1.852607669018458184e-04
1.846545470943585562e-04
1.840499619822018361e-04
1.834470066824658266e-04
1.828456763353818529e-04
1.822459660985364981e-04
1.816478711468715761e-04
1.810513866765414519e-04
1.804565078991273049e-04
1.798632300532085207e-04
1.792715483947199869e-04
1.786814581911660310e-04
1.780929547409067508e-04
1.775060333480858396e-04
1.769206893477027608e-04
1.763369180882551595e-04
1.757547149375247072e-04
1.751740752825772373e-04
1.745949945239767104e-04
1.740174680892856460e-04
1.734414914195649344e-04
1.728670599732308867e-04
1.722941692318412149e-04
1.717228146904519208e-04
1.711529918614745351e-04
1.705846962766048320e-04
1.700179234926085651e-04
1.694526690701068569e-04
1.688889285986479945e-04
1.683266976851360375e-04
1.677659719422588307e-04
1.672067470135602874e-04
1.666490185599399582e-04
1.660927822442241294e-04
1.655380337639522593e-04
1.649847688243765223e-04
1.644329831538906021e-04
1.638826724866721571e-04
1.633338325877549955e-04
1.627864592279569273e-04
1.622405482070231981e-04
1.616960953304831636e-04
1.611530964212219252e-04
1.606115473214090716e-04
1.600714438944271219e-04
1.595327820075142079e-04
1.589955575626217962e-04
1.584597664578424065e-04
1.579254046201961027e-04
1.573924679940588841e-04
1.568609525276622543e-04
1.563308542000939208e-04
1.558021689942971769e-04
1.552748929105712784e-04
1.547490219800717122e-04
1.542245522262377798e-04
1.537014797052938095e-04
1.531798004792482668e-04
1.526595106351801663e-04
1.521406062678813198e-04
1.516230834875709503e-04
1.511069384237529031e-04
1.505921672194298017e-04
1.500787660311030743e-04
1.495667310326300847e-04
1.490560584113671100e-04
1.485467443700978654e-04
1.480387851270334497e-04
1.475321769138838209e-04
1.470269159816436683e-04
1.465229985832347689e-04
1.460204210024354022e-04
1.455191795288082019e-04
1.450192704673433208e-04
1.445206901423156970e-04
1.440234348760701722e-04
1.435275010237366960e-04
1.430328849520156069e-04
1.425395830333915973e-04
1.420475916577056206e-04
1.415569072340833884e-04
1.410675261774351017e-04
1.405794449200271684e-04
1.400926599114823111e-04
1.396071676110648455e-04
1.391229644896096118e-04
1.386400470410934741e-04
1.381584117594919687e-04
1.376780551657800307e-04
1.371989737847885600e-04
1.367211641606333233e-04
1.362446228451432101e-04
1.357693464075035330e-04
1.352953314323272055e-04
1.348225745100118203e-04
1.343510722540970756e-04
1.338808212800500562e-04
1.334118182226228487e-04
1.329440597319952490e-04
1.324775424679889440e-04
1.320122631000674579e-04
1.315482183169793982e-04
1.310854048132579434e-04
1.306238193007927225e-04
1.301634585126869726e-04
1.297043191685424426e-04
1.292463980246034451e-04
1.287896918467563469e-04
1.283341974008862134e-04
1.278799114798777532e-04
1.274268308727572699e-04
1.269749524032651069e-04
1.265242728835686979e-04
1.260747891489779617e-04
1.256264980483018661e-04
1.251793964419201197e-04
1.247334812037116701e-04
1.242887492075543264e-04
1.238451973543255131e-04
1.234028225487588911e-04
1.229616217129445715e-04
1.225215917728288747e-04
1.220827296736432855e-04
1.216450323625468109e-04
1.212084968136981544e-04
1.207731199935404578e-04
1.203388988993738662e-04
1.199058305246401612e-04
1.194739118859236229e-04
1.190431399959502218e-04
1.186135119002315922e-04
1.181850246346351056e-04
1.177576752620279930e-04
1.173314608433477952e-04
1.169063784626745925e-04
1.164824252040874079e-04
1.160595981728792386e-04
1.156378944762706442e-04
1.152173112407675116e-04
1.147978455948033851e-04
1.143794946860970821e-04
1.139622556662236969e-04
1.135461257060436919e-04
1.131311019764165399e-04
1.127171816674870145e-04
1.123043619771134859e-04
1.118926401108678945e-04
1.114820132878216496e-04
1.110724787405456023e-04
1.106640337093241873e-04
1.102566754382982244e-04
1.098504011908938880e-04
1.094452082382509089e-04
1.090410938572940631e-04
1.086380553480907336e-04
1.082360900068501974e-04
1.078351951413525806e-04
1.074353680767347718e-04
1.070366061439187319e-04
1.066389066892545374e-04
1.062422670590914111e-04
1.058466846190639842e-04
1.054521567328774558e-04
1.050586807893083053e-04
1.046662541809894519e-04
1.042748743005529605e-04
1.038845385676308780e-04
1.034952443960685388e-04
1.031069892132108277e-04
1.027197704714740730e-04
1.023335856117019236e-04
1.019484320901662799e-04
1.015643073824245456e-04
1.011812089582474531e-04
1.007991343124770830e-04
1.004180809341688582e-04
1.000380463316637050e-04
9.965902802487358906e-05
9.928102353756688828e-05
9.890403039929714785e-05
9.852804615118891153e-05
9.815306835558088689e-05
9.777909456323926501e-05
9.740612235000162614e-05
9.703414928977622633e-05
9.666317297575683883e-05
9.629319100692241770e-05
9.592420098417980465e-05
9.555620052772138568e-05
9.518918726159612169e-05
9.482315881178080702e-05
9.445811282546656240e-05
9.409404695562960809e-05
9.373095885717410618e-05
9.336884619850390464e-05
9.300770666152265924e-05
9.264753792427589233e-05
9.228833768409491452e-05
9.193010363831022325e-05
9.157283350932392198e-05
9.121652500603696467e-05
9.086117586049321051e-05
9.050678380859309357e-05
9.015334659395092954e-05
8.980086197175215471e-05
8.944932770489603274e-05
8.909874155435257086e-05
8.874910131002056710e-05
8.840040475022642496e-05
8.805264967451080656e-05
8.770583388048510407e-05
8.735995517926049034e-05
8.701501139544795961e-05
8.667100034980056242e-05
8.632791987849979020e-05
8.598576782736968964e-05
8.564454204416226287e-05
8.530424039205803419e-05
8.496486072845095116e-05
8.462640093773521398e-05
8.428885890044718755e-05
8.395223250483709130e-05
8.361651965265503379e-05
8.328171824372186715e-05
8.294782619714416395e-05
8.261484143202795470e-05
8.228276187712175744e-05
8.195158546888812090e-05
8.162131015728941519e-05
8.129193388650154213e-05
8.096345461805746384e-05
8.063587032120418674e-05
8.030917897290266658e-05
7.998337854625596965e-05
7.965846703943889025e-05
7.933444244291110777e-05
7.901130276641807630e-05
7.868904602163336796e-05
7.836767022215856450e-05
7.804717339895249773e-05
7.772755358104474304e-05
7.740880881289343861e-05
7.709093714474207965e-05
7.677393662490499980e-05
7.645780532291100815e-05
7.614254130250237775e-05
7.582814264477867237e-05
7.551460743276753316e-05
7.520193375142467866e-05
7.489011970884899014e-05
7.457916339770967473e-05
7.426906294153367508e-05
7.395981645420418593e-05
7.365142205924706572e-05
7.334387788983087731e-05
7.303718209069549384e-05
7.273133280079436083e-05
7.242632817836677978e-05
7.212216638358021092e-05
7.181884558045889262e-05
7.151636394074109397e-05
7.121471965159371464e-05
7.091391089825453339e-05
7.061393586596081398e-05
7.031479276309298288e-05
7.001647979803104647e-05
6.971899517722582242e-05
6.942233712641406572e-05
6.912650386940342399e-05
6.883149363771560265e-05
6.853730467830096483e-05
6.824393523039484007e-05
6.795138355251849522e-05
6.765964789547813647e-05
6.736872653129459456e-05
6.707861773005959285e-05
6.678931977150754555e-05
6.650083093730107977e-05
6.621314952067424136e-05
6.592627381486058826e-05
6.564020213045098273e-05
6.535493277032132118e-05
6.507046405663341026e-05
6.478679430576273737e-05
6.450392185144206711e-05
6.422184502354650497e-05
6.394056216545116757e-05
6.366007162438801746e-05
6.338037174951723009e-05
6.310146090928498601e-05
6.282333745285059333e-05
6.254599976601715738e-05
6.226944621722954414e-05
6.199367519421866528e-05
6.171868508085769209e-05
6.144447427837715435e-05
6.117104118414990919e-05
6.089838420712023927e-05
6.062650176008931382e-05
6.035539225392922184e-05
6.008505412458401069e-05
5.981548579449685605e-05
5.954668569961098538e-05
5.927865228936974565e-05
5.901138400357286467e-05
5.874487930130610920e-05
5.847913663394028018e-05
5.821415447598949039e-05
5.794993128460970802e-05
5.768646554974337829e-05
5.742375574590349586e-05
5.716180035917446737e-05
5.690059788721222662e-05
5.664014682574362711e-05
5.638044567820977670e-05
5.612149295576594266e-05
5.586328717728160592e-05
5.560582685198265534e-05
5.534911051609561186e-05
5.509313669620342468e-05
5.483790393624646248e-05
5.458341077245014845e-05
5.432965575454005920e-05
5.407663743224141220e-05
5.382435436877956475e-05
5.357280512545086848e-05
5.332198827126591572e-05
5.307190238680678534e-05
5.282254604301201832e-05
5.257391783396348780e-05
5.232601634217090277e-05
5.207884016943004508e-05
5.183238791367905104e-05
5.158665818057031128e-05
5.134164958347046395e-05
5.109736073767442787e-05
5.085379026233406946e-05
5.061093679010146952e-05
5.036879894977104301e-05
5.012737537592283968e-05
4.988666471663706951e-05
4.964666561420769776e-05
4.940737672442884989e-05
4.916879670116572695e-05
4.893092420599773009e-05
4.869375790821855543e-05
4.845729648290752036e-05
4.822153860321493654e-05
4.798648295193407753e-05
4.775212822342971692e-05
4.751847309856585148e-05
4.728551628327853126e-05
4.705325646807431510e-05
4.682169237431780233e-05
4.659082270215817486e-05
4.636064617681670856e-05
4.613116150615656860e-05
4.590236743275620638e-05
4.567426267990736346e-05
4.544684598247332214e-05
4.522011608110300629e-05
4.499407172223098819e-05
4.476871165229156228e-05
4.454403462929056371e-05
4.432003941701949634e-05
4.409672476962635327e-05
4.387408946054528177e-05
4.365213226321015128e-05
4.343085195684047282e-05
4.321024731872684659e-05
4.299031714351737356e-05
4.277106022007395744e-05
4.255247534111551055e-05
4.233456131093254684e-05
4.211731693767257535e-05
4.190074102176826799e-05
4.168483239065305077e-05
4.146958985247363986e-05
4.125501223852019879e-05
4.104109837043942775e-05
4.082784708530689470e-05
4.061525722019791685e-05
4.040332761025890737e-05
4.019205710606517428e-05
3.998144456012040111e-05
3.977148882299937413e-05
3.956218875491984824e-05
3.935354321609932761e-05
3.914555108025557150e-05
3.893821121339150886e-05
3.873152249693896350e-05
3.852548381040088227e-05
3.832009403713724767e-05
3.811535206629371772e-05
3.791125679280165300e-05
3.770780711159215661e-05
3.750500192723933419e-05
3.730284014431702711e-05
3.710132067704206572e-05
3.690044243577375002e-05
3.670020434244302239e-05
3.650060531512328130e-05
3.630164428924551409e-05
3.610332018866857788e-05
3.590563194689433912e-05
3.570857851285358619e-05
3.551215882583365775e-05
3.531637183476488140e-05
3.512121648664869424e-05
3.492669174198686295e-05
3.473279656128088996e-05
3.453952990696071418e-05
3.434689074917062374e-05
3.415487805419739674e-05
3.396349080375674680e-05
3.377272797956418427e-05
3.358258855947768236e-05
3.339307153485553711e-05
3.320417589705580063e-05
3.301590065093685459e-05
3.282824478399904458e-05
3.264120730302893809e-05
3.245478722252749922e-05
3.226898354928088889e-05
3.208379529393233081e-05
3.189922148833997139e-05
3.171526114893255397e-05
3.153191330178185153e-05
3.134917698260266669e-05
3.116705122132363870e-05
3.098553505944511016e-05
3.080462754232447288e-05
3.062432771146164254e-05
3.044463461992821446e-05
3.026554731886691712e-05
3.008706487292081878e-05
2.990918633901819805e-05
2.973191078180170983e-05
2.955523726977111586e-05
2.937916488106921090e-05
2.920369268419535010e-05
2.902881977079247485e-05
2.885454521514548706e-05
2.868086810696827835e-05
2.850778753983184379e-05
2.833530260730698531e-05
2.816341240875025489e-05
2.799211604930395452e-05
2.782141262639560334e-05
2.765130125866765675e-05
2.748178105511914411e-05
2.731285113246349476e-05
2.714451061512855161e-05
2.697675861982735778e-05
2.680959428448792650e-05
2.664301673160888491e-05
2.647702509718921003e-05
2.631161852301365603e-05
2.614679614508083066e-05
2.598255711674700845e-05
2.581890057979639469e-05
2.565582569144219120e-05
2.549333160696878040e-05
2.533141748358901172e-05
2.517008248237284822e-05
2.500932577403333339e-05
2.484914652735467443e-05
2.468954391497820908e-05
2.453051711147374208e-05
2.437206529912549851e-05
2.421418766214618741e-05
2.405688338860563819e-05
2.390015166271621769e-05
2.374399168604794940e-05
2.358840265052745445e-05
2.343338375965308107e-05
2.327893421499434111e-05
2.312505322583520068e-05
2.297173999953078954e-05
2.281899375307932471e-05
2.266681370540752071e-05
2.251519907158460238e-05
2.236414908018019530e-05
2.221366295590645570e-05
2.206373992926133389e-05
2.191437924038585385e-05
2.176558011592034068e-05
2.161734180179144643e-05
2.146966354585432742e-05
2.132254458632071732e-05
2.117598418068869368e-05
2.102998157488428853e-05
2.088453603026255411e-05
2.073964680817841054e-05
2.059531316998659836e-05
2.045153438282767250e-05
2.030830971384202529e-05
2.016563843788449646e-05
2.002351982788111993e-05
1.988195316640103041e-05
1.974093773215591021e-05
1.960047281350054581e-05
1.946055769878957462e-05
1.932119167637746124e-05
1.918237404426181175e-05
1.904410410236869584e-05
1.890638114483811130e-05
1.876920448702505321e-05
1.863257342306921102e-05
1.849648726639663846e-05
1.836094533814784682e-05
1.822594695174860181e-05
1.809149141869586332e-05
1.795757807363026896e-05
1.782420623190579734e-05
1.769137523202010483e-05
1.755908439897013531e-05
1.742733307125325713e-05
1.729612057965208968e-05
1.716544627230697675e-05
1.703530949542946985e-05
1.690570958751637154e-05
1.677664590442220875e-05
1.664811779621541962e-05
1.652012462067891001e-05
1.639266573945275023e-05
1.626574050646226839e-05
1.613934829106186363e-05
1.601348846453445635e-05
1.588816039044823149e-05
1.576336344780044168e-05
1.563909701173090406e-05
1.551536046123661375e-05
1.539215318302903702e-05
1.526947455417624119e-05
1.514732396910403495e-05
1.502570082030944823e-05
1.490460449450341708e-05
1.478403439575461548e-05
1.466398992041698371e-05
1.454447047641624161e-05
1.442547546010607025e-05
1.430700428905519540e-05
1.418905637118895404e-05
1.407163112214716277e-05
1.395472795371221120e-05
1.383834629116692523e-05
1.372248555593670210e-05
1.360714517523276867e-05
1.349232457048027483e-05
1.337802318239076350e-05
1.326424044396104724e-05
1.315097578433051500e-05
1.303822864806764543e-05
1.292599847781214522e-05
1.281428471813225584e-05
1.270308681938204671e-05
1.259240422805816534e-05
1.248223640030040745e-05
1.237258279224844003e-05
1.226344286197046653e-05
1.215481607332053192e-05
1.204670189015255918e-05
1.193909977632035442e-05
1.183200921110682697e-05
1.172542965450824412e-05
1.161936059352189487e-05
1.151380149971572614e-05
1.140875185622948642e-05
1.130421114620281579e-05
1.120017885663253572e-05
1.109665447644401088e-05
1.099363749649114416e-05
1.089112741148503332e-05
1.078912372192261426e-05
1.068762592251475947e-05
1.058663351568683628e-05
1.048614601157871028e-05
1.038616291068687861e-05
1.028668373279424499e-05
1.018770798225439305e-05
1.008923517885000796e-05
9.991264846220976618e-06
9.893796494506507306e-06
9.796829655060876739e-06
9.700363849594993167e-06
9.604398609462919849e-06
9.508933467947264988e-06
9.413967952544569968e-06
9.319501611966454752e-06
9.225533971780597298e-06
9.132064580698400727e-06
9.039092983573859791e-06
8.946618725260864209e-06
8.854641360256463789e-06
8.763160433414339881e-06
8.672175503088635568e-06
8.581686131490705793e-06
8.491691873117181930e-06
8.402192284393247075e-06
8.313186942959166286e-06
8.224675411025881154e-06
8.136657252732878211e-06
8.049132049577426007e-06
7.962099375342074603e-06
7.875558803809277499e-06
7.789509916475996618e-06
7.703952300625059103e-06
7.618885533895917708e-06
7.534309211285813132e-06
7.450222914291308343e-06
7.366626245624057592e-06
7.283518796423692459e-06
7.200900163615711441e-06
7.118769946054164754e-06
7.037127750307618657e-06
6.955973181015892027e-06
6.875305844747354612e-06
6.795125348070287224e-06
6.715431307196134149e-06
6.636223344122206594e-06
6.557501063487842320e-06
6.479264095004774556e-06
6.401512056812722329e-06
6.324244572837269892e-06
6.247461276647174289e-06
6.171161790239180062e-06
6.095345752967814610e-06
6.020012792615596218e-06
5.945162552394174358e-06
5.870794669729146090e-06
5.796908787831977082e-06
5.723504544128078043e-06
5.650581595329306922e-06
5.578139588504159133e-06
5.506178172649691974e-06
5.434696998691526323e-06
5.363695729127115146e-06
5.293174018739202238e-06
5.223131533882366875e-06
5.153567933196481703e-06
5.084482886893253151e-06
5.015876057469679329e-06
4.947747122851903936e-06
4.880095751322708140e-06
4.812921616950749345e-06
4.746224407305170404e-06
4.680003794525797479e-06
4.614259460395633764e-06
4.548991094412215436e-06
4.484198374501061933e-06
4.419881007517419449e-06
4.356038673315287989e-06
4.292671069106466513e-06
4.229777890174015915e-06
4.167358837586870780e-06
4.105413616271186023e-06
4.043941919581107442e-06
3.982943462085890750e-06
3.922417952568742631e-06
3.862365097884130857e-06
3.802784614529706583e-06
3.743676219003038378e-06
3.685039622015647055e-06
3.626874549708200709e-06
3.569180724363976431e-06
3.511957866337512399e-06
3.455205707555188194e-06
3.398923974157335219e-06
3.343112401927475459e-06
3.287770718934429776e-06
3.232898664818859171e-06
3.178495981149998808e-06
3.124562399853728520e-06
3.071097672142388082e-06
3.018101541513618688e-06
2.965573753393634005e-06
2.913514060923181108e-06
2.861922209528310609e-06
2.810797965850186848e-06
2.760141075314696113e-06
2.709951300705533811e-06
2.660228406734966551e-06
2.610972154257873746e-06
2.562182306057705163e-06
2.513858634561106660e-06
2.466000908337330968e-06
2.418608899812862162e-06
2.371682385271411421e-06
2.325221144853920416e-06
2.279224947129323821e-06
2.233693587667639867e-06
2.188626836966298616e-06
2.144024492523814538e-06
2.099886334480732472e-06
2.056212156478099647e-06
2.013001754085540001e-06
1.970254919015289004e-06
1.927971450694122315e-06
1.886151144691428818e-06
1.844793802362482315e-06
1.803899236634406695e-06
1.763467245005011483e-06
1.723497640401264504e-06
1.683990231892748292e-06
1.644944828548967243e-06
1.606361252939930473e-06
1.568239319920952755e-06
1.530578842418617149e-06
1.493379648788665432e-06
1.456641565458110423e-06
1.420364407281959632e-06
1.384548016116308790e-06
1.349192214530631265e-06
1.314296836666252631e-06
1.279861716664422654e-06
1.245886698309588035e-06
1.212371608028227961e-06
1.179316299247911108e-06
1.146720609966894541e-06
1.114584387826631839e-06
1.082907480468502464e-06
1.051689737462465128e-06
1.020931014164367481e-06
9.906311601440187321e-07
9.607900384717355661e-07
9.314075064317965443e-07
9.024834174510957863e-07
8.740176461716551158e-07
8.460100518061841113e-07
8.184605051392467805e-07
7.913688711693684787e-07
7.647350283955837299e-07
7.385588476022344073e-07
7.128402053595525938e-07
6.875789820950060540e-07
6.627750563073343329e-07
6.384283122811675026e-07
6.145386343010623668e-07
5.911059124374665745e-07
5.681300309747898634e-07
5.456108857692977765e-07
5.235483668912180519e-07
5.019423798399442417e-07
4.807928088995934337e-07
4.600995634267225995e-07
4.398625450631965889e-07
4.200816535221526144e-07
4.007568039458938087e-07
3.818878979760668048e-07
3.634748468975198311e-07
3.455175697096479178e-07
3.280159738398447066e-07
3.109699860019798205e-07
2.943795174806116968e-07
2.782444969181202792e-07
2.625648452421939198e-07
2.473404814517937035e-07
2.325713476896673149e-07
2.182573668119415082e-07
2.043984674606356560e-07
1.909945937069362686e-07
1.780456780500286526e-07
1.655516568463359138e-07
1.535124722381741471e-07
1.419280721537522511e-07
1.307983987352427752e-07
1.201233960534014074e-07
1.099030216794965783e-07
1.001372196841406688e-07
9.082595149576869149e-08
8.196916697081465389e-08
7.356682753757048637e-08
6.561889269560171263e-08
5.812532773036720278e-08
5.108609021263464515e-08
4.450115699964955633e-08
3.837048566203684667e-08
3.269406077151898136e-08
2.747184375588801561e-08
2.270381725806884065e-08
1.838995234898549120e-08
1.453023745738506735e-08
1.112464558270396595e-08
8.173167082201695505e-09
5.675788455756656171e-09
3.632490417211217170e-09
2.043269109575969105e-09
9.081168184804237846e-10
2.270277581378071802e-10
0.000000000000000000e+00
