-4.293831930020486172e-15
-3.629929155121405238e+00
-7.066358452404413626e+00
-1.015299512113248426e+01
-1.279279238240295058e+01
-1.494986406381385713e+01
-1.663694537996698841e+01
-1.789770070828506121e+01
-1.879073412602348370e+01
-1.937813764377697723e+01
-1.971862599307628017e+01
-1.986415676968299238e+01
-1.985879749531216376e+01
-1.973886503356262168e+01
-1.953368596413779201e+01
-1.926658884086823775e+01
-1.895591528638983903e+01
-1.861594759338750293e+01
-1.825771147896625735e+01
-1.788964768756281387e+01
-1.751816052312866034e+01
-1.714805990640235223e+01
-1.678291306788678838e+01
-1.642532320406281698e+01
-1.607714822062222737e+01
-1.573967281748940117e+01
-1.541374255824157480e+01
-1.509986927419139136e+01
-1.479831288808738954e+01
-1.450914626695313636e+01
-1.423230566435599265e+01
-1.396763121086674708e+01
-1.371489756734920640e+01
-1.347383707526445740e+01
-1.324415389033747914e+01
-1.302553139645173630e+01
-1.281763253570356653e+01
-1.262009737115170260e+01
-1.243253881980060171e+01
-1.225454108608638393e+01
-1.208566032339016161e+01
-1.192543002205476554e+01
-1.177336833974335661e+01
-1.162898835977964751e+01
-1.149180760611795549e+01
-1.136135792917275822e+01
-1.123719253211418945e+01
-1.111889215355083316e+01
-1.100606784510395997e+01
-1.089836309643447443e+01
-1.079545304508357972e+01
-1.069704384222154658e+01
-1.060286984414688405e+01
-1.051269174989436017e+01
-1.042629312108025275e+01
-1.034347837460421182e+01
-1.026406943449920384e+01
-1.018790412671930312e+01
-1.011483329583147217e+01
-1.004471976913034403e+01
-9.977435985977482602e+00
-9.912863499147976043e+00
-9.850891036129224787e+00
-9.791414431738223456e+00
-9.734335006433250115e+00
-9.679559816954590445e+00
-9.627000246478312206e+00
-9.576572479532691418e+00
-9.528196222890127132e+00
-9.481795336227058613e+00
-9.437296626900394614e+00
-9.394630589917799313e+00
-9.353730239144756098e+00
-9.314531926717021904e+00
-9.276974187064418231e+00
-9.240998617261521275e+00
-9.206548719449971330e+00
-9.173570830973632795e+00
-9.142012956593385198e+00
-9.111825741804670642e+00
-9.082961289771915858e+00
-9.055374173948081307e+00
-9.029020236736867489e+00
-9.003857639112336386e+00
-8.979845639207180596e+00
-8.956945677522231364e+00
-8.935120134301349992e+00
-8.914333449412017885e+00
-8.894550857728114934e+00
-8.875739543026096356e+00
-8.857867350790728622e+00
-8.840903975612400600e+00
-8.824819650933184434e+00
-8.809586369507373504e+00
-8.795176549662491183e+00
-8.781564288429535736e+00
-8.768724003928390687e+00
-8.756631720803527585e+00
-8.745263688369139032e+00
-8.734597698009709532e+00
-8.724611676741874433e+00
-8.715285036260683071e+00
-8.706597241596545800e+00
-8.698529191509356551e+00
-8.691061761939751662e+00
-8.684177217474674748e+00
-8.677857729313458890e+00
-8.672086817549731208e+00
-8.666847843393709283e+00
-8.662125482036607593e+00
-8.657904188891006214e+00
-8.654169702824118460e+00
-8.650907486198198271e+00
-8.648104258278340950e+00
-8.645746408873412392e+00
-8.643821561742893067e+00
-8.642316961656165475e+00
-8.641221067639698106e+00
-8.640521913289319400e+00
-8.640208729715245894e+00
-8.640270278956085903e+00
-8.640696506494125018e+00
-8.641476847634040226e+00
-8.642601909473651034e+00
-8.644061750123066545e+00
-8.645847590028266083e+00
-8.647950063917569707e+00
-8.650360961386699188e+00
-8.653071451469601882e+00
-8.656073852403409319e+00
-8.659359828729943587e+00
-8.662922190168396597e+00
-8.666753061161918126e+00
-8.670845708793606832e+00
-8.675192684700295587e+00
-8.679787681974923785e+00
-8.684623649376160159e+00
-8.689694677166871273e+00
-8.694994083554190567e+00
-8.700516329419574646e+00
-8.706255076929332759e+00
-8.712205133117299383e+00
-8.718360480610659380e+00
-8.724716250030738252e+00
-8.731266722783329826e+00
-8.738007332247695658e+00
-8.744932638584350215e+00
-8.752038358685975794e+00
-8.759319312959211956e+00
-8.766771484014988403e+00
-8.774389935383521077e+00
-8.782170898924965385e+00
-8.790109665439588937e+00
-8.798202700782097097e+00
-8.806445508331957939e+00
-8.814834773797359802e+00
-8.823366199512312491e+00
-8.832036677918775780e+00
-8.840842097659297849e+00
-8.849779545727971097e+00
-8.858845085329122071e+00
-8.868035986689225325e+00
-8.877348476654033149e+00
-8.886779998155917681e+00
-8.896326931522423820e+00
-8.905986882595078313e+00
-8.915756375724312122e+00
-8.925633170536638517e+00
-8.935613926592075984e+00
-8.945696548798226289e+00
-8.955877823707034224e+00
-8.966155793575737221e+00
-8.976527364280459054e+00
-8.986990708025068386e+00
-8.997542842850295486e+00
-9.008182063992391519e+00
-9.018905494966789504e+00
-9.029711547579729825e+00
-9.040597444566421004e+00
-9.051561708259102446e+00
-9.062601654760225500e+00
-9.073715911271701628e+00
-9.084901881783880029e+00
-9.096158293071285428e+00
-9.107482631878930590e+00
-9.118873719590359528e+00
-9.130329120892913153e+00
-9.141847747125170898e+00
-9.153427236402897904e+00
-9.165066585653095288e+00
-9.176763502183295174e+00
-9.188517064409753132e+00
-9.200325044852817769e+00
-9.212186599567662171e+00
-9.224099562548300213e+00
-9.236063163869930648e+00
-9.248075295484852631e+00
-9.260135258085224308e+00
-9.272240998273906243e+00
-9.284391884158091912e+00
-9.296585913878116614e+00
-9.308822519941660545e+00
-9.321099749094315712e+00
-9.333417095404996644e+00
-9.345772651461512481e+00
-9.358165970218111696e+00
-9.370595187499793255e+00
-9.383059912623096466e+00
-9.395558322192822942e+00
-9.408090079507621439e+00
-9.420653399632778147e+00
-9.433247997602624224e+00
-9.445872124752900945e+00
-9.458525545732221929e+00
-9.471206546077764798e+00
-9.483914938048307874e+00
-9.496649039426916517e+00
-9.509408708188084702e+00
-9.522192292511448386e+00
-9.534999694296072192e+00
-9.547829290368445854e+00
-9.560681024857455412e+00
-9.573553301580391306e+00
-9.586446105292040443e+00
-9.599357865232269305e+00
-9.612288605262982344e+00
-9.625236778560793738e+00
-9.638202446656073619e+00
-9.651184085254056910e+00
-9.664181792190063902e+00
-9.677194064362616643e+00
-9.690221034619467488e+00
-9.703261219785648706e+00
-9.716314786495315658e+00
-9.729380270298024769e+00
-9.742457870450905943e+00
-9.755546140086737594e+00
-9.768645309981495828e+00
-9.781753949767105993e+00
-9.794872320689865575e+00
-9.807999007850778383e+00
-9.821134301970516844e+00
-9.834276802640049553e+00
-9.847426829107888580e+00
-9.860582994523850786e+00
-9.873745645764570256e+00
-9.886913408652995727e+00
-9.900086656838221089e+00
-9.913264027973330172e+00
-9.926445921665942862e+00
-9.939630986596888818e+00
-9.952819647557648253e+00
-9.966010563492416097e+00
-9.979204183639277304e+00
-9.992399176477599454e+00
-1.000559601498991569e+01
-1.001879337649682000e+01
-1.003199175705653445e+01
-1.004518984216900357e+01
-1.005838815033080991e+01
-1.007158537459037184e+01
-1.008478205527521787e+01
-1.009797689237992380e+01
-1.011117044748383442e+01
-1.012436142695318608e+01
-1.013755041306661475e+01
-1.015073611801332909e+01
-1.016391914424442433e+01
-1.017709820924805797e+01
-1.019027393514483393e+01
-1.020344504422124210e+01
-1.021661217778741282e+01
-1.022977406244972975e+01
-1.024293135824944656e+01
-1.025608279565549807e+01
-1.026922905300247990e+01
-1.028236886418449281e+01
-1.029550292541133594e+01
-1.030862997358371658e+01
-1.032175072238702285e+01
-1.033486391132827542e+01
-1.034797027118636947e+01
-1.036106854369142916e+01
-1.037415947635060043e+01
-1.038724181275016001e+01
-1.040031631677631196e+01
-1.041338173351988061e+01
-1.042643884291213929e+01
-1.043948639121171240e+01
-1.045252517407529425e+01
-1.046555393860650618e+01
-1.047857349588163878e+01
-1.049158259353997913e+01
-1.050458205778455145e+01
-1.051757063649364810e+01
-1.053054917071676577e+01
-1.054351640828647163e+01
-1.055647320483036999e+01
-1.056941830786230163e+01
-1.058235258733084194e+01
-1.059527479016899854e+01
-1.060818580040004022e+01
-1.062108436412447254e+01
-1.063397137920428825e+01
-1.064684559066589564e+01
-1.065970790998381190e+01
-1.067255708087814270e+01
-1.068539402821930473e+01
-1.069821749419797818e+01
-1.071102841687254248e+01
-1.072382553668999527e+01
-1.073660980469740167e+01
-1.074937995939190749e+01
-1.076213696461815239e+01
-1.077487955672515518e+01
-1.078760871217191841e+01
-1.080032316496862066e+01
-1.081302390401273250e+01
-1.082570966079214436e+01
-1.083838143647399654e+01
-1.085103795984741204e+01
-1.086368024418722911e+01
-1.087630701541362477e+01
-1.088891929875389586e+01
-1.090151581709565676e+01
-1.091409760746926061e+01
-1.092666338957204353e+01
-1.093921421209437561e+01
-1.095174879139124791e+01
-1.096426818767555389e+01
-1.097677111381345760e+01
-1.098925864140832864e+01
-1.100172947969640092e+01
-1.101418471154462608e+01
-1.102662304242313596e+01
-1.103904556634078382e+01
-1.105145098487015431e+01
-1.106384040304497773e+01
-1.107621251841374210e+01
-1.108856844692257226e+01
-1.110090688197347752e+01
-1.111322895031720748e+01
-1.112553334109110104e+01
-1.113782119174675422e+01
-1.115009118704296753e+01
-1.116234447503242322e+01
-1.117457973598529186e+01
-1.118679812845959098e+01
-1.119899832813040597e+01
-1.121118150396907787e+01
-1.122334632695281620e+01
-1.123549397637780523e+01
-1.124762311842400031e+01
-1.125973494262744623e+01
-1.127182811027467757e+01
-1.128390382105988543e+01
-1.129596073128340628e+01
-1.130800005071887604e+01
-1.132002043059044460e+01
-1.133202309067587699e+01
-1.134400667703611276e+01
-1.135597241938042679e+01
-1.136791895852227086e+01
-1.137984753403273430e+01
-1.139175678139627657e+01
-1.140364794997875819e+01
-1.141551966985658062e+01
-1.142737320012599334e+01
-1.143920716537886229e+01
-1.145102283437978663e+01
-1.146281882616196945e+01
-1.147459641909898842e+01
-1.148635422659340755e+01
-1.149809353657048483e+01
-1.150981295673253513e+01
-1.152151378450155050e+01
-1.153319462181193167e+01
-1.154485677552970735e+01
-1.155649884175566022e+01
-1.156812213674906786e+01
-1.157972525071359726e+01
-1.159130950925293035e+01
-1.160287349661180656e+01
-1.161441854769151227e+01
-1.162594324071783625e+01
-1.163744891984473995e+01
-1.164893415722075076e+01
-1.166040030620922430e+01
-1.167184593282494731e+01
-1.168327239959906905e+01
-1.169467826635753838e+01
-1.170606490475968009e+01
-1.171743086838902670e+01
-1.172877753799467904e+01
-1.174010346086586409e+01
-1.175141002680486935e+01
-1.176269577675581601e+01
-1.177396210953890154e+01
-1.178520755970413703e+01
-1.179643353505579206e+01
-1.180763856370169052e+01
-1.181882406239787109e+01
-1.182998855276334105e+01
-1.184113346047471538e+01
-1.185225730061680949e+01
-1.186336150775710330e+01
-1.187444459040185230e+01
-1.188550799198087127e+01
-1.189655021437876847e+01
-1.190757270986023286e+01
-1.191857397364620041e+01
-1.192955546681019818e+01
-1.194051567786833701e+01
-1.195145607667786258e+01
-1.196237514501020804e+01
-1.197327436148232138e+01
-1.198415220108186396e+01
-1.199501015116256220e+01
-1.200584667989014598e+01
-1.201666328333335443e+01
-1.202745842279876598e+01
-1.203823360304900980e+01
-1.204898727849531426e+01
-1.205972096257424653e+01
-1.207043310276606718e+01
-1.208112522116227083e+01
-1.209179575827739228e+01
-1.210244624483970810e+01
-1.211307511436418771e+01
-1.212368390619843339e+01
-1.213427104682464197e+01
-1.214483808419330835e+01
-1.215538343772145424e+01
-1.216590866394677128e+01
-1.217641217518916896e+01
-1.218689553655869773e+01
-1.219735715324715919e+01
-1.220779859892270025e+01
-1.221821827161856433e+01
-1.222861775354763658e+01
-1.223899543555465463e+01
-1.224935290838456936e+01
-1.225968855566441462e+01
-1.227000397665910292e+01
-1.228029754774933302e+01
-1.229057087670866188e+01
-1.230082233264327840e+01
-1.231105353182457840e+01
-1.232126283605677308e+01
-1.233145187009907850e+01
-1.234161898842652860e+01
-1.235176582427666325e+01
-1.236189072476887851e+01
-1.237199533161008169e+01
-1.238207798453790431e+01
-1.239214033372041790e+01
-1.240218071148774115e+01
-1.241220077646131692e+01
-1.242219885353866893e+01
-1.243217660978740291e+01
-1.244213236264759814e+01
-1.245206778762631039e+01
-1.246198119468190058e+01
-1.247187426775463237e+01
-1.248174530929722259e+01
-1.249159601167748690e+01
-1.250142466981878542e+01
-1.251123298451133081e+01
-1.252101924312606940e+01
-1.253078515487074718e+01
-1.254052899954095857e+01
-1.255025249475779248e+01
-1.255995391271899209e+01
-1.256963497945509900e+01
-1.257929395954387886e+01
-1.258893258742184784e+01
-1.259854912002494132e+01
-1.260814530019266222e+01
-1.261771937719752401e+01
-1.262727310227948330e+01
-1.263680471702635266e+01
-1.264631598107632726e+01
-1.265580512831150450e+01
-1.266527392676651154e+01
-1.267472060259708755e+01
-1.268414693223280665e+01
-1.269355113408254532e+01
-1.270293499296984763e+01
-1.271229671953659768e+01
-1.272163810699943731e+01
-1.273095735821323515e+01
-1.274025627478754608e+01
-1.274953305177049678e+01
-1.275878949916447525e+01
-1.276802380419134764e+01
-1.277723778524664233e+01
-1.278642962170664710e+01
-1.279560114036074303e+01
-1.280475051272054188e+01
-1.281387957397013544e+01
-1.282298648773767091e+01
-1.283207309760313919e+01
-1.284113755929257650e+01
-1.285018172478342180e+01
-1.285920374188100190e+01
-1.286820547096215250e+01
-1.287718505189312879e+01
-1.288614435345222375e+01
-1.289508150754857674e+01
-1.290399839136428461e+01
-1.291289312883326978e+01
-1.292176760554420412e+01
-1.293061993743795490e+01
-1.293945201851274440e+01
-1.294826195669858215e+01
-1.295705165440647910e+01
-1.296581921153807215e+01
-1.297456653892056266e+01
-1.298329172840982793e+01
-1.299199669925298473e+01
-1.300067953524281172e+01
-1.300934216405025090e+01
-1.301798266138787419e+01
-1.302660296335470846e+01
-1.303520113756597887e+01
-1.304377912855319011e+01
-1.305233499581732382e+01
-1.306087069232703080e+01
-1.306938426945213116e+01
-1.307787768860338851e+01
-1.308634899300277610e+01
-1.309480015250822227e+01
-1.310322920217712550e+01
-1.311163812031992038e+01
-1.312002493381297441e+01
-1.312839162942469606e+01
-1.313673622583398348e+01
-1.314506071827297973e+01
-1.315336311720665385e+01
-1.316164542633691248e+01
-1.316990564789849749e+01
-1.317814579406908493e+01
-1.318636385883706374e+01
-1.319456186286227606e+01
-1.320273779187051844e+01
-1.321089367501038048e+01
-1.321902748972890862e+01
-1.322714127367014747e+01
-1.323523299598647540e+01
-1.324330470282427186e+01
-1.325135435502521908e+01
-1.325938400724507105e+01
-1.326739161199900785e+01
-1.327537923245945883e+01
-1.328334481279909163e+01
-1.329129042471451250e+01
-1.329921400402015230e+01
-1.330711763094432776e+01
-1.331499923292733456e+01
-1.332286089873718637e+01
-1.333070054742435318e+01
-1.333852027630433490e+01
-1.334631799602206925e+01
-1.335409581244875099e+01
-1.336185162780818381e+01
-1.336958755653546049e+01
-1.337730149241755306e+01
-1.338499555846198064e+01
-1.339266764000331378e+01
-1.340031986863006175e+01
-1.340795012120878305e+01
-1.341556053791780556e+01
-1.342314898714009352e+01
-1.343071761765265038e+01
-1.343826428933940242e+01
-1.344579115958505078e+01
-1.345329607975892294e+01
-1.346078121586273824e+01
-1.346824441073565737e+01
-1.347568783900571532e+01
-1.348310933496654940e+01
-1.349051108188198178e+01
-1.349789090548457970e+01
-1.350525099768359460e+01
-1.351258917563511908e+01
-1.351990763990368372e+01
-1.352720419905329230e+01
-1.353448106231375370e+01
-1.354173602964157475e+01
-1.354897131894179729e+01
-1.355618472154798582e+01
-1.356337846405075354e+01
-1.357055032914515813e+01
-1.357770255211769417e+01
-1.358483290700951329e+01
-1.359194363781336357e+01
-1.359903250990107715e+01
-1.360610177598243453e+01
-1.361314919274422230e+01
-1.362017702162397192e+01
-1.362718301060816195e+01
-1.363416942987276848e+01
-1.364113401868844200e+01
-1.364807905598071613e+01
-1.365500227228882224e+01
-1.366190595529904428e+01
-1.366878782680355897e+01
-1.367565018326061121e+01
-1.368249073769993274e+01
-1.368931179536310161e+01
-1.369611106050161986e+01
-1.370289084715204098e+01
-1.370964885077214745e+01
-1.371638739420490793e+01
-1.372310416409874811e+01
-1.372980149211499423e+01
-1.373647705607697134e+01
-1.374313319647612630e+01
-1.374976758229514218e+01
-1.375638256286753780e+01
-1.376297579831965479e+01
-1.376954964683922711e+01
-1.377610175968040629e+01
-1.378263450389745515e+01
-1.378914552185659659e+01
-1.379563718949093776e+01
-1.380210714026293850e+01
-1.380855775899701143e+01
-1.381498667023611304e+01
-1.382139626770850427e+01
-1.382778416702167945e+01
-1.383415277082049322e+01
-1.384049968576111489e+01
-1.384682732341784295e+01
-1.385313328147942613e+01
-1.385941998046253687e+01
-1.386568500907272927e+01
-1.387193079678194785e+01
-1.387815492329643874e+01
-1.388435982705671634e+01
-1.389054307875356287e+01
-1.389670712580933198e+01
-1.390284952988326239e+01
-1.390897274739290168e+01
-1.391507433094983170e+01
-1.392115674598020902e+01
-1.392721753603172630e+01
-1.393325917555279503e+01
-1.393927919901103785e+01
-1.394528008989079204e+01
-1.395125937356313095e+01
-1.395721954256230291e+01
-1.396315811314650723e+01
-1.396907758691371271e+01
-1.397497547099292525e+01
-1.398085427605982467e+01
-1.398671150009776198e+01
-1.399254966287434421e+01
-1.399836625321061057e+01
-1.400416379998043759e+01
-1.400993978282603614e+01
-1.401569673974181107e+01
-1.402143214117451819e+01
-1.402714853425366570e+01
-1.403284338021386368e+01
-1.403851923533411217e+01
-1.404417355162022574e+01
-1.404980889451558568e+01
-1.405542270678022376e+01
-1.406101756303659300e+01
-1.406659089678220909e+01
-1.407214529183357143e+01
-1.407767817240862840e+01
-1.408319213153291116e+01
-1.408868458412789693e+01
-1.409415813244327786e+01
-1.409961018208695549e+01
-1.410504334454790154e+01
-1.411045501610344743e+01
-1.411584781749728990e+01
-1.412121913565879616e+01
-1.412657160060181738e+01
-1.413190258989062364e+01
-1.413721474282472990e+01
-1.414250542758595763e+01
-1.414777729277511931e+01
-1.415302769717420617e+01
-1.415825929870113953e+01
-1.416346944672058505e+01
-1.416866080848339671e+01
-1.417383072391935706e+01
-1.417898186962827367e+01
-1.418411157608748852e+01
-1.418922252926179439e+01
-1.419431205015833442e+01
-1.419938283412310298e+01
-1.420443219267532342e+01
-1.420946283055850756e+01
-1.421447204978606571e+01
-1.421946256451542467e+01
-1.422443166723634889e+01
-1.422938208153655637e+01
-1.423431109036423869e+01
-1.423922142675408153e+01
-1.424411036409453679e+01
-1.424898064488399640e+01
-1.425382953293308752e+01
-1.425865978022062386e+01
-1.426346864096126588e+01
-1.426825887663123105e+01
-1.427302773183072482e+01
-1.427777797755051559e+01
-1.428250684875809462e+01
-1.428721712597574722e+01
-1.429190603451973729e+01
-1.429657636446122737e+01
-1.430122533144671593e+01
-1.430585573511360842e+01
-1.431046478141995237e+01
-1.431505527958676005e+01
-1.431962442586509354e+01
-1.432417503907708856e+01
-1.432870430574789822e+01
-1.433321505431858967e+01
-1.433770446156952083e+01
-1.434217536557843431e+01
-1.434662493336182365e+01
-1.435105601265211384e+01
-1.435546576068287727e+01
-1.435985703485909148e+01
-1.436422698261240782e+01
-1.436857847103842190e+01
-1.437290863774759053e+01
-1.437722035954435640e+01
-1.438151076419854668e+01
-1.438578273824188258e+01
-1.439003339958415140e+01
-1.439426564450280743e+01
-1.439847658102797112e+01
-1.440266911520135906e+01
-1.440684034515399681e+01
-1.441099318671036755e+01
-1.441512472808265777e+01
-1.441923789489697327e+01
-1.442332976542685330e+01
-1.442740327511889120e+01
-1.443145549228802338e+01
-1.443548936222034129e+01
-1.443950194325226200e+01
-1.444349619052841582e+01
-1.444746915238657081e+01
-1.445142379384908260e+01
-1.445535715323490500e+01
-1.445927220546357539e+01
-1.446316597881480703e+01
-1.446704145812467779e+01
-1.447089566161336727e+01
-1.447473158405309945e+01
-1.447854623358395187e+01
-1.448234261493388608e+01
-1.448611772614236948e+01
-1.448987458191287558e+01
-1.449361017016353337e+01
-1.449732751559323241e+01
-1.450102359597792301e+01
-1.450470144603189482e+01
-1.450835803336808993e+01
-1.451199640273627267e+01
-1.451561351156536084e+01
-1.451921241466082257e+01
-1.452279005924640209e+01
-1.452634951020365328e+01
-1.452988770452992817e+01
-1.453340771720335489e+01
-1.453690647497342248e+01
-1.454038706293546390e+01
-1.454384639756980668e+01
-1.454728757410958195e+01
-1.455070749874428593e+01
-1.455410927686580003e+01
-1.455748980435116380e+01
-1.456085219677178877e+01
-1.456419333967053120e+01
-1.456751635881943052e+01
-1.457081812940525012e+01
-1.457410178742182971e+01
-1.457736419767783609e+01
-1.458060850641017048e+01
-1.458383156802726788e+01
-1.458703653903053343e+01
-1.459022026340594280e+01
-1.459338590794092205e+01
-1.459653030617666047e+01
-1.459965663520823043e+01
-1.460276171810954615e+01
-1.460584874230507602e+01
-1.460891452037899008e+01
-1.461196225010699834e+01
-1.461498873356070227e+01
-1.461799717888920291e+01
-1.462098437762872472e+01
-1.462395354832383809e+01
-1.462690147195241153e+01
-1.462983137747677276e+01
-1.463274003529345535e+01
-1.463563068480481633e+01
-1.463850008580290485e+01
-1.464135148815273268e+01
-1.464418164101837583e+01
-1.464699380475017243e+01
-1.464978471786093017e+01
-1.465255765120889997e+01
-1.465530933263213598e+01
-1.465804304351981635e+01
-1.466075550101135683e+01
-1.466344999704993590e+01
-1.466612323805259344e+01
-1.466877852653957781e+01
-1.467141255818171253e+01
-1.467402864609945468e+01
-1.467662347519334531e+01
-1.467920036920764382e+01
-1.468175600224826560e+01
-1.468429370870679307e+01
-1.468681015187022254e+01
-1.468930867680111163e+01
-1.469178593594308424e+01
-1.469424528505345684e+01
-1.469668336570800093e+01
-1.469910354438257905e+01
-1.470150245176036030e+01
-1.470388346505990640e+01
-1.470624320404690266e+01
-1.470858505670685012e+01
-1.471090563186288414e+01
-1.471320832829171543e+01
-1.471548974384894137e+01
-1.471775328812692152e+01
-1.471999554798832932e+01
-1.472221994386581478e+01
-1.472442305160381792e+01
-1.472660830249993857e+01
-1.472877226135478956e+01
-1.473091837035587126e+01
-1.473304318323429030e+01
-1.473515015309235032e+01
-1.473723582256588926e+01
-1.473930365569725254e+01
-1.474135018400088981e+01
-1.474337888248451378e+01
-1.474538627151512848e+01
-1.474737583709116073e+01
-1.474934408840596056e+01
-1.475129452247425910e+01
-1.475322363728928465e+01
-1.475513494090776945e+01
-1.475702492009637901e+01
-1.475889709397964644e+01
-1.476074793807086039e+01
-1.476258098258845131e+01
-1.476439269176556124e+01
-1.476618660694054697e+01
-1.476795918103937844e+01
-1.476971396654664836e+01
-1.477144740505410603e+01
-1.477316306021896608e+01
-1.477485736227129465e+01
-1.477653388606760920e+01
-1.477818905044897413e+01
-1.477982644149780356e+01
-1.478144246663848449e+01
-1.478304072320628393e+01
-1.478461760718120743e+01
-1.478617672717833820e+01
-1.478771446770528541e+01
-1.478923444868417114e+01
-1.479073304312222348e+01
-1.479221388227583667e+01
-1.479367332762364562e+01
-1.479511502178378457e+01
-1.479653531467785932e+01
-1.479793786031340019e+01
-1.479931899702645204e+01
-1.480068239024165599e+01
-1.480202436668086641e+01
-1.480334860321373647e+01
-1.480465141491891323e+01
-1.480593649013926516e+01
-1.480720013228122234e+01
-1.480844604118902375e+01
-1.480967050856773071e+01
-1.481087724579135312e+01
-1.481206253283409424e+01
-1.481323009262837509e+01
-1.481437619338805689e+01
-1.481550456963253382e+01
-1.481661147778564924e+01
-1.481770066398277841e+01
-1.481876837282775128e+01
-1.481981836210089121e+01
-1.482084686455605116e+01
-1.482185764964769703e+01
-1.482284693824944455e+01
-1.482381851151921026e+01
-1.482476857842004314e+01
-1.482570093184284055e+01
-1.482661176880941234e+01
-1.482750489397337468e+01
-1.482837649238455668e+01
-1.482923038048905973e+01
-1.483006273133385911e+01
-1.483087737318760979e+01
-1.483167046706324399e+01
-1.483244585308213814e+01
-1.483319968019187662e+01
-1.483393580039692061e+01
-1.483465035054809888e+01
-1.483534719456341655e+01
-1.483602245716526014e+01
-1.483668001421588656e+01
-1.483731597827740067e+01
-1.483793423718714166e+01
-1.483853089131495651e+01
-1.483910984050429960e+01
-1.483966717290035753e+01
-1.484020680038409168e+01
-1.484072479884368434e+01
-1.484122509222876118e+01
-1.484170374413804439e+01
-1.484216469062136667e+01
-1.484260398295504046e+01
-1.484302556932102490e+01
-1.484342548864024991e+01
-1.484380770125854276e+01
-1.484416823370831651e+01
-1.484451105853146480e+01
-1.484483218983847230e+01
-1.484513561239944224e+01
-1.484541732786941637e+01
-1.484568133327920059e+01
-1.484592361779452574e+01
-1.484614819073964576e+01
-1.484635102875695445e+01
-1.484653615349691158e+01
-1.484669952904449630e+01
-1.484684518940928477e+01
-1.484696908608437838e+01
-1.484707526547181011e+01
-1.484715966643821439e+01
-1.484722634781131134e+01
-1.484727123579653352e+01
-1.484729840168088622e+01
-1.484730375897351351e+01
-1.484729139145454013e+01
-1.484725719990151305e+01
-1.484720528062159417e+01
-1.484713152162544247e+01
-1.484704003178131160e+01
-1.484692668629724288e+01
-1.484679560663691511e+01
-1.484664265516997972e+01
-1.484647196599003394e+01
-1.484627938859213536e+01
-1.484606906973464824e+01
-1.484583684600169917e+01
-1.484558687685128042e+01
-1.484531498592013676e+01
-1.484502534540086849e+01
-1.484471376594612479e+01
-1.484438443251848483e+01
-1.484403314274947761e+01
-1.484366409440715806e+01
-1.484327307206472391e+01
-1.484286428633151189e+01
-1.484243350868480071e+01
-1.484198496261107891e+01
-1.484151440645428188e+01
-1.484102607661401585e+01
-1.484051571826283222e+01
-1.483998758074993596e+01
-1.483943739603837209e+01
-1.483886942646346974e+01
-1.483827939074031654e+01
-1.483767156422700317e+01
-1.483704165235223904e+01
-1.483639394353379615e+01
-1.483572412987498268e+01
-1.483503651289048442e+01
-1.483432677131922262e+01
-1.483359921981004526e+01
-1.483284952369805687e+01
-1.483208201080398680e+01
-1.483129233301951011e+01
-1.483048483137496376e+01
-1.482965514427877984e+01
-1.482880762600880331e+01
-1.482793790145024815e+01
-1.482705033816672113e+01
-1.482614054747973675e+01
-1.482521291027715016e+01
-1.482426302427612619e+01
-1.482329528372747518e+01
-1.482230527270319165e+01
-1.482129739885577990e+01
-1.482026723257099299e+01
-1.481921919494216411e+01
-1.481814884262737131e+01
-1.481706061020003240e+01
-1.481595004054897124e+01
-1.481482158176723551e+01
-1.481367076293237695e+01
-1.481250204569688833e+01
-1.481131094528488035e+01
-1.481010193694820387e+01
-1.480887052201513043e+01
-1.480762118937703598e+01
-1.480634942642355156e+01
-1.480505973572611111e+01
-1.480374759069264812e+01
-1.480241750761525843e+01
-1.480106494587697163e+01
-1.479969443553141417e+01
-1.479830142189297959e+01
-1.479689044881812876e+01
-1.479545694750876095e+01
-1.479400547566531721e+01
-1.479253145033315775e+01
-1.479103944309838248e+01
-1.478952485680527396e+01
-1.478799227696734420e+01
-1.478643709218310143e+01
-1.478486390193554278e+01
-1.478326808053235553e+01
-1.478165424146835072e+01
-1.478001774471486307e+01
-1.477836321782124429e+01
-1.477668600637683838e+01
-1.477499075202810452e+01
-1.477327278593654114e+01
-1.477153676388877201e+01
-1.476977800257217943e+01
-1.476800117195671902e+01
-1.476620157420907731e+01
-1.476438389352608560e+01
-1.476254341750675358e+01
-1.476068484461863051e+01
-1.475880344784577858e+01
-1.475690393997040140e+01
-1.475498157931411747e+01
-1.475304109301797872e+01
-1.475107772469323386e+01
-1.474909621588430575e+01
-1.474709179544395710e+01
-1.474506921936457893e+01
-1.474302370169187526e+01
-1.474096001291128921e+01
-1.473887335221246175e+01
-1.473676850461917809e+01
-1.473464065441584658e+01
-1.473249460120993426e+01
-1.473032551433106541e+01
-1.472813820801620999e+01
-1.472592783659024285e+01
-1.472369922896552552e+01
-1.472144752441198001e+01
-1.471917756656361043e+01
-1.471688447958465851e+01
-1.471457312187729727e+01
-1.471223860244918491e+01
-1.470988579451733713e+01
-1.470750979188132490e+01
-1.470511548262017421e+01
-1.470269794527361995e+01
-1.470026208282985714e+01
-1.469780295851677998e+01
-1.469532549027924517e+01
-1.469282472598076517e+01
-1.469030559857060148e+01
-1.468776314049507370e+01
-1.468520229975599634e+01
-1.468261809332912549e+01
-1.468001548431698922e+01
-1.467738947417130646e+01
-1.467474504114389156e+01
-1.467207717110830245e+01
-1.466939085751447180e+01
-1.466668107060335480e+01
-1.466395281907217374e+01
-1.466120105747436142e+01
-1.465843080980368462e+01
-1.465563701487097426e+01
-1.465282471201610548e+01
-1.464998882425163451e+01
-1.464713440631342500e+01
-1.464425636535959008e+01
-1.464135977157226876e+01
-1.463843951619861450e+01
-1.463550068491741385e+01
-1.463253815300795324e+01
-1.462955702169637284e+01
-1.462655215023671040e+01
-1.462352865545345537e+01
-1.462048138051759949e+01
-1.461741545790322760e+01
-1.461432571464008667e+01
-1.461121729890327359e+01
-1.460808502152268140e+01
-1.460493404642623716e+01
-1.460175916818489661e+01
-1.459856556653146775e+01
-1.459534801971823903e+01
-1.459211172333546713e+01
-1.458885143925677674e+01
-1.458557237898226155e+01
-1.458226928794657340e+01
-1.457894739361260683e+01
-1.457560142491495192e+01
-1.457223662533263386e+01
-1.456884770723874212e+01
-1.456543993018187244e+01
-1.456200798991177159e+01
-1.455855716210041706e+01
-1.455508212581180771e+01
-1.455158817289539641e+01
-1.454806996566664701e+01
-1.454453281220681760e+01
-1.454097135801952767e+01
-1.453739092747250972e+01
-1.453378614919372325e+01
-1.453016236389242088e+01
-1.452651418325650035e+01
-1.452284696439210165e+01
-1.451915530198227522e+01
-1.451544456958564489e+01
-1.451170934481511132e+01
-1.450795501773763796e+01
-1.450417614883025230e+01
-1.450037814472451636e+01
-1.449655554869520024e+01
-1.449271378399508947e+01
-1.448884737662996436e+01
-1.448496176653063117e+01
-1.448105146236652274e+01
-1.447712192080374116e+01
-1.447316763310756826e+01
-1.446919407273705183e+01
-1.446519571348484767e+01
-1.446117804566078924e+01
-1.445713552551627679e+01
-1.445307366027007312e+01
-1.444898688856287094e+01
-1.444488073458111721e+01
-1.444074961928478551e+01
-1.443659908388708324e+01
-1.443242353159689806e+01
-1.442822852071339668e+01
-1.442400843662345800e+01
-1.441976885477201975e+01
-1.441550414265251590e+01
-1.441121989291564631e+01
-1.440691045508949131e+01
-1.440258143909110444e+01
-1.439822717641060024e+01
-1.439385329429227944e+01
-1.438945410611528253e+01
-1.438503525651246484e+01
-1.438059104067854044e+01
-1.437612712069657483e+01
-1.437163777350276206e+01
-1.436712867869258581e+01
-1.436259409486911132e+01
-1.435803971920285171e+01
-1.435345979188864085e+01
-1.434886002773507840e+01
-1.434423464845314022e+01
-1.433958938655290716e+01
-1.433491844518555247e+01
-1.433022757462653018e+01
-1.432551095939050612e+01
-1.432077436758282829e+01
-1.431601196500447415e+01
-1.431122953765569505e+01
-1.430642123254606268e+01
-1.430159285363616917e+01
-1.429673852906608822e+01
-1.429186408082262005e+01
-1.428696361809782545e+01
-1.428204298097118752e+01
-1.427709625960746997e+01
-1.427212931224595316e+01
-1.426713620994458687e+01
-1.426212282916997509e+01
-1.425708322179313647e+01
-1.425202328257616635e+01
-1.424693704412255535e+01
-1.424183041955867779e+01
-1.423669742213946243e+01
-1.423154398342493288e+01
-1.422636409723991591e+01
-1.422116371364803200e+01
-1.421593680696211770e+01
-1.421068934582002008e+01
-1.420541528494007011e+01
-1.420012061160568884e+01
-1.419479926085785948e+01
-1.418945723869744668e+01
-1.418408846040481386e+01
-1.417869895077098619e+01
-1.417328260523193961e+01
-1.416784546744214168e+01
-1.416238141290908459e+01
-1.415689650422484647e+01
-1.415138459688372485e+01
-1.414585177249024994e+01
-1.414029186644071778e+01
-1.413471097942765198e+01
-1.412910292666378886e+01
-1.412347382800617446e+01
-1.411781747839835255e+01
-1.411214001693897124e+01
-1.410643521821620006e+01
-1.410070924064837072e+01
-1.409495583838180544e+01
-1.408918118923338803e+01
-1.408337902682074017e+01
-1.407755554843904200e+01
-1.407170446708995648e+01
-1.406583199962765462e+01
-1.405993183835028937e+01
-1.405401021975260001e+01
-1.404806081534136553e+01
-1.404208988133431468e+01
-1.403609106835870257e+01
-1.403007065243881613e+01
-1.402402226323372147e+01
-1.401795219665865666e+01
-1.401185406131591193e+01
-1.400573417309702862e+01
-1.399958611945830000e+01
-1.399341623635426579e+01
-1.398721809000580052e+01
-1.398099803651776796e+01
-1.397474962078613103e+01
-1.396847921915481372e+01
-1.396218035510474920e+01
-1.395585942530863655e+01
-1.394950993174237297e+01
-1.394313829149818318e+01
-1.393673798495647453e+01
-1.393031544972103930e+01
-1.392386414448613685e+01
-1.391739052746021166e+01
-1.391088803556065834e+01
-1.390436314769484838e+01
-1.389780927891213302e+01
-1.389123292891442496e+01
-1.388462749079178593e+01
-1.387799948513749548e+01
-1.387134228299082217e+01
-1.386466242593429143e+01
-1.385795326286482343e+01
-1.385122135645360686e+01
-1.384446003336335096e+01
-1.383767587745439798e+01
-1.383086219306323272e+01
-1.382402558534141157e+01
-1.381715933620692205e+01
-1.381027007220581559e+01
-1.380335105274532914e+01
-1.379640892587059753e+01
-1.378943692838558910e+01
-1.378244172994049777e+01
-1.377541654464349286e+01
-1.376836806385720458e+01
-1.376128947890112286e+01
-1.375418750295934345e+01
-1.374705530446971125e+01
-1.373989961854788078e+01
-1.373271359065707564e+01
-1.372550397795644983e+01
-1.371826390284120656e+01
-1.371100014462717276e+01
-1.370370580254835069e+01
-1.369638767819192182e+01
-1.368903884753710543e+01
-1.368166613455878888e+01
-1.367426259188771986e+01
-1.366683506600424280e+01
-1.365937658609696292e+01
-1.365189402127093921e+01
-1.364438037717871488e+01
-1.363684254567101561e+01
-1.362927350877005672e+01
-1.362168018119491819e+01
-1.361405552124332452e+01
-1.360640646662645281e+01
-1.359872595182335431e+01
-1.359102093766302310e+01
-1.358328433471116625e+01
-1.357552312704192055e+01
-1.356773020121291573e+01
-1.355991256467233974e+01
-1.355206307987487513e+01
-1.354418877777328056e+01
-1.353628249662412664e+01
-1.352835129101697653e+01
-1.352038797491507616e+01
-1.351239962667851024e+01
-1.350437903588171551e+01
-1.349633330479080229e+01
-1.348825519849567733e+01
-1.348015184330566818e+01
-1.347201597973008980e+01
-1.346385475826031097e+01
-1.345566089472893090e+01
-1.344744156394980550e+01
-1.343918945698223766e+01
-1.343091177310482820e+01
-1.342260117850681667e+01
-1.341426489707535374e+01
-1.340589557003250931e+01
-1.339750044601951728e+01
-1.338907214119397437e+01
-1.338061792909826941e+01
-1.337213040072760961e+01
-1.336361685467475802e+01
-1.335506985667431223e+01
-1.334649673051976038e+01
-1.333789001658670692e+01
-1.332925706402164145e+01
-1.332059038774209725e+01
-1.331189736240160393e+01
-1.330317047736013691e+01
-1.329441713293380722e+01
-1.328562979282517986e+01
-1.327681588317033601e+01
-1.326796784191387069e+01
-1.325909312117070016e+01
-1.325018413302656128e+01
-1.324124835573588399e+01
-1.323227817542399798e+01
-1.322328109664698204e+01
-1.321424947946761996e+01
-1.320519085490757405e+01
-1.319609755686424357e+01
-1.318697714299050006e+01
-1.317782192091483928e+01
-1.316863947508836574e+01
-1.315942208676663761e+01
-1.315017736736770182e+01
-1.314089757166923356e+01
-1.313159033822656596e+01
-1.312224789523377488e+01
-1.311287790855550561e+01
-1.310347257969556445e+01
-1.309403960200145711e+01
-1.308457115017938222e+01
-1.307507494523461489e+01
-1.306554313496749486e+01
-1.305598346821791367e+01
-1.304638806577078647e+01
-1.303676470447881464e+01
-1.302710547800140972e+01
-1.301741819138346834e+01
-1.300769491104768072e+01
-1.299794347041256870e+01
-1.298815590855149260e+01
-1.297834008743910061e+01
-1.296848801868606316e+01
-1.295860759300746068e+01
-1.294869079443636650e+01
-1.293874554261378584e+01
-1.292876379387943153e+01
-1.291875349698720399e+01
-1.290870658046623376e+01
-1.289863102237177372e+01
-1.288851872330385895e+01
-1.287837769080899974e+01
-1.286819979743804154e+01
-1.285799308042006928e+01
-1.284774938413549172e+01
-1.283747677568852730e+01
-1.282716707116633259e+01
-1.281682836774222345e+01
-1.280645245308577707e+01
-1.279604745463465498e+01
-1.278560513151501432e+01
-1.277513364162550680e+01
-1.276462471542113875e+01
-1.275408654145959098e+01
-1.274351082139566671e+01
-1.273290577464508644e+01
-1.272226307393142264e+01
-1.271159096972901281e+01
-1.270088110569748174e+01
-1.269014176357152479e+01
-1.267936455781221206e+01
-1.266855780161749401e+01
-1.265771308011338192e+01
-1.264683873816540149e+01
-1.263592633142607546e+01
-1.262498423663383207e+01
-1.261400397982726851e+01
-1.260299396982428632e+01
-1.259194570290713777e+01
-1.258086762018104210e+01
-1.256975118802720282e+01
-1.255860488004705466e+01
-1.254742013257414079e+01
-1.253620545191619406e+01
-1.252495224421005204e+01
-1.251366904868101493e+01
-1.250234724111806628e+01
-1.249099539387640512e+01
-1.247960485224358251e+01
-1.246818422191820375e+01
-1.245672481753061334e+01
-1.244523527833731613e+01
-1.243370688815299729e+01
-1.242214832000808933e+01
-1.241055082674068188e+01
-1.239892311537182401e+01
-1.238725640759987101e+01
-1.237555944465434976e+01
-1.236382341692799613e+01
-1.235205710007784852e+01
-1.234025165302245064e+01
-1.232841588606646077e+01
-1.231654092648304299e+01
-1.230463561944577222e+01
-1.229269106040837478e+01
-1.228071612963567283e+01
-1.226870189058529448e+01
-1.225665725883661850e+01
-1.224457326567173965e+01
-1.223245886220903600e+01
-1.222030504737263001e+01
-1.220812080804549637e+01
-1.219589711060844017e+01
-1.218364297793577400e+01
-1.217134934367670240e+01
-1.215902526692458174e+01
-1.214666164840578233e+01
-1.213426758366161806e+01
-1.212183394030123651e+01
-1.210936985054394910e+01
-1.209686614868425103e+01
-1.208433200385057305e+01
-1.207175821682218775e+01
-1.205915399386906550e+01
-1.204651010205135186e+01
-1.203383578501396300e+01
-1.202112177589100028e+01
-1.200837735593708544e+01
-1.199559322414988571e+01
-1.198277869962957354e+01
-1.196992444702387104e+01
-1.195703982351550110e+01
-1.194411545918524808e+01
-1.193116074953679728e+01
-1.191816628986364002e+01
-1.190514151422999589e+01
-1.189207698291834170e+01
-1.187898216879418101e+01
-1.186584759690168234e+01
-1.185268277914997448e+01
-1.183947820511414051e+01
-1.182624342599039657e+01
-1.181296889565048502e+01
-1.179966420482259259e+01
-1.178631977143714771e+01
-1.177294522600066529e+01
-1.175953095026073569e+01
-1.174608661475005889e+01
-1.173260256478815755e+01
-1.171908851118303474e+01
-1.170553476257730452e+01
-1.169195107030504843e+01
-1.167832770607943793e+01
-1.166467446201294855e+01
-1.165098157263279077e+01
-1.163725887108369506e+01
-1.162349655444695884e+01
-1.160970449715504316e+01
-1.159587285857920769e+01
-1.158201155469690313e+01
-1.156811070690157628e+01
-1.155418027297454309e+01
-1.154021033605972946e+01
-1.152621089600306092e+01
-1.151217199742315778e+01
-1.149810368249300296e+01
-1.148399595702655063e+01
-1.146985890578823586e+01
-1.145568249550353990e+01
-1.144147685379470225e+01
-1.142723190801124389e+01
-1.141295782890145283e+01
-1.139864450414723507e+01
-1.138430214789323358e+01
-1.136992060785796355e+01
-1.135551014185496932e+01
-1.134106055733955820e+01
-1.132658215606861596e+01
-1.131206470493031624e+01
-1.129751854990175630e+01
-1.128293341699576580e+01
-1.126831969668870492e+01
-1.125366707380572606e+01
-1.123898598360403867e+01
-1.122426606940442362e+01
-1.120951781152865756e+01
-1.119473081147247129e+01
-1.117991559490850761e+01
-1.116506172118230822e+01
-1.115017976160621949e+01
-1.113525923304614729e+01
-1.112031075274572700e+01
-1.110532379475735887e+01
-1.109030902255012130e+01
-1.107525586702471543e+01
-1.106017503817269265e+01
-1.104505592340037090e+01
-1.102990927952157030e+01
-1.101472445010128531e+01
-1.099951223907823561e+01
-1.098426194582450499e+01
-1.096898442170953913e+01
-1.095366892155636762e+01
-1.093832634447399066e+01
-1.092294590037577962e+01
-1.090753853642228322e+01
-1.089209341725197966e+01
-1.087662153839212031e+01
-1.086111201883655220e+01
-1.084557590279778339e+01
-1.083000226325051329e+01
-1.081440219341448916e+01
-1.079876471986592534e+01
-1.078310098515751214e+01
-1.076739996908300157e+01
-1.075167286385694609e+01
-1.073590860210203601e+01
-1.072011842602750953e+01
-1.070429122069133498e+01
-1.068843827863405060e+01
-1.067254843695047661e+01
-1.065663303885295754e+01
-1.064068087306975130e+01
-1.062470333382943366e+01
-1.060868916108549520e+01
-1.059264980043113091e+01
-1.057657394263180706e+01
-1.056047308499809390e+01
-1.054433586868887396e+01
-1.052817384308916360e+01
-1.051197559932795933e+01
-1.049575273922574858e+01
-1.047949380345315262e+01
-1.046321044663202926e+01
-1.044689115854069250e+01
-1.043054764697271963e+01
-1.041416835037503930e+01
-1.039776503008803665e+01
-1.038132607278293129e+01
-1.036486329372669957e+01
-1.034836502736502695e+01
-1.033184314327628783e+01
-1.031528592322539239e+01
-1.029870529149180847e+01
-1.028208947669918594e+01
-1.026545045822280144e+01
-1.024877641107871895e+01
-1.023207937013830637e+01
-1.021534745633802999e+01
-1.019859276045075269e+01
-1.018180334885591698e+01
-1.016499136863870234e+01
-1.014814483113822163e+01
-1.013127594016845912e+01
-1.011437265153897691e+01
-1.009744722621480051e+01
-1.008048756398077472e+01
-1.006350598338106472e+01
-1.004649032767479611e+01
-1.002945297341906006e+01
-1.001238170684013262e+01
-9.995288962948155387e+00
-9.978162470423166397e+00
-9.961014723174624663e+00
-9.943833391816740530e+00
-9.926631029610884838e+00
-9.909395248579581761e+00
-9.892138661795019772e+00
-9.874848822155778194e+00
-9.857538403010508432e+00
-9.840194897594978229e+00
-9.822831040006564152e+00
-9.805434263272870155e+00
-9.788017362719239500e+00
-9.770567710612780843e+00
-9.753098163993044523e+00
-9.735596033807755845e+00
-9.718074239303930995e+00
-9.700520029543911349e+00
-9.682946386482937484e+00
-9.665340496724946107e+00
-9.647715405441402936e+00
-9.630058236197806210e+00
-9.612382097897437916e+00
-9.594674050479888194e+00
-9.576947267103738781e+00
-9.559188743487855078e+00
-9.541411717577245710e+00
-9.523603120267861044e+00
-9.505776254830358596e+00
-9.487917986727852693e+00
-9.470041685104156670e+00
-9.452134149371673288e+00
-9.434208815103223955e+00
-9.416252415034961132e+00
-9.398278451733022010e+00
-9.380273590623540159e+00
-9.362251401838996401e+00
-9.344198482853611765e+00
-9.326128471948141652e+00
-9.308027897994511690e+00
-9.289910468012779532e+00
-9.271762641613793932e+00
-9.253598195156930828e+00
-9.235403518324607930e+00
-9.217192457424987495e+00
-9.198951331535793585e+00
-9.180694057533122177e+00
-9.162406883204647912e+00
-9.144103796623189950e+00
-9.125770973592095103e+00
-9.107422474019610803e+00
-9.089044401020919040e+00
-9.070650886988634198e+00
-9.052227961636525322e+00
-9.033789830500845497e+00
-9.015322449170859898e+00
-8.996840096996294278e+00
-8.978328654708942480e+00
-8.959802476152665562e+00
-8.941247366458707546e+00
-8.922677754656474391e+00
-8.904079369523493881e+00
-8.885466715977209162e+00
-8.866825445677644524e+00
-8.848170140144532070e+00
-8.829486373145655875e+00
-8.810788803528657454e+00
-8.792062926383675148e+00
-8.773323478623803240e+00
-8.754555875864779679e+00
-8.735774933834820288e+00
-8.716965987867087762e+00
-8.698143933266852201e+00
-8.679294024265020724e+00
-8.660431236518409293e+00
-8.641540742323988056e+00
-8.622637598477522758e+00
-8.603706894498078128e+00
-8.584763769120968391e+00
-8.565793228231120437e+00
-8.546810493317000379e+00
-8.527800485760559823e+00
-8.508778510631021419e+00
-8.489729403925217355e+00
-8.470668555134476918e+00
-8.451580713975539894e+00
-8.432481355217296581e+00
-8.413355141387603098e+00
-8.394217633402986323e+00
-8.375053405679894425e+00
-8.355878106167322628e+00
-8.336676220233563583e+00
-8.317463483759990339e+00
-8.298224292115577327e+00
-8.278974470029424992e+00
-8.259698321905261764e+00
-8.240411762250836603e+00
-8.221099003523576698e+00
-8.201776050957111153e+00
-8.182427024065921373e+00
-8.163068019772984130e+00
-8.143683063637592312e+00
-8.124288345252244525e+00
-8.104867795192411961e+00
-8.085437696717649558e+00
-8.065981884374400224e+00
-8.046516736104162959e+00
-8.027025989362179814e+00
-8.007526117804708576e+00
-7.988000760716401416e+00
-7.968466488519266200e+00
-7.948906841230039433e+00
-7.929338487106218913e+00
-7.909744865781243917e+00
-7.890142744436949407e+00
-7.870515461189410367e+00
-7.850879883252929403e+00
-7.831219246073191975e+00
-7.811550518025374146e+00
-7.791856830711962445e+00
-7.772155254817612047e+00
-7.752428816909110232e+00
-7.732694691150131305e+00
-7.712935797858557763e+00
-7.693169415867816774e+00
-7.673378358012858058e+00
-7.653580009009631979e+00
-7.633757072954599820e+00
-7.613927041681006536e+00
-7.594072509269262028e+00
-7.574211075927933301e+00
-7.554325224420975537e+00
-7.534432664613603059e+00
-7.514515766630056604e+00
-7.494592351297177935e+00
-7.474644674752526363e+00
-7.454690670114444195e+00
-7.434712478162220251e+00
-7.414728145660506087e+00
-7.394719696634036055e+00
-7.374705292874291551e+00
-7.354666840229576508e+00
-7.334622616925028815e+00
-7.314554409184334638e+00
-7.294480613100174260e+00
-7.274382893796559557e+00
-7.254279766695208131e+00
-7.234152774317725410e+00
-7.214020552904643502e+00
-7.193864520844297061e+00
-7.173703436714855108e+00
-7.153518593211293464e+00
-7.133328872798095688e+00
-7.113115440886699226e+00
-7.092897305407264597e+00
-7.072655502867250199e+00
-7.052409168272819606e+00
-7.032139207575415440e+00
-7.011864884499767747e+00
-6.991566972756950271e+00
-6.971264866465991084e+00
-6.950939205380025854e+00
-6.930609515721563696e+00
-6.910256301534337453e+00
-6.889899222888421271e+00
-6.869518646331412626e+00
-6.849134367560680836e+00
-6.828726613805228496e+00
-6.808315318205840683e+00
-6.787880566813255356e+00
-6.767442432065660540e+00
-6.746980856937956794e+00
-6.726516055057943255e+00
-6.706027824388185898e+00
-6.685536521678050903e+00
-6.665021797900929634e+00
-6.644504154900485737e+00
-6.623963094642728144e+00
-6.603419266080322814e+00
-6.582852020111166880e+00
-6.562282154854401917e+00
-6.541688868035595128e+00
-6.521093109042155334e+00
-6.500473920277867634e+00
-6.479852404545703770e+00
-6.459207446732064817e+00
-6.438560305249431792e+00
-6.417889705223624119e+00
-6.397217062918696406e+00
-6.376520941407530785e+00
-6.355822917097444069e+00
-6.335101388665330013e+00
-6.314378095004570035e+00
-6.293631268001096402e+00
-6.272882811429446370e+00
-6.252110787935889036e+00
-6.231337268625324555e+00
-6.210540144400560791e+00
-6.189741656201583453e+00
-6.168919520626978681e+00
-6.148096151013896282e+00
-6.127249087037257347e+00
-6.106400917052527966e+00
-6.085529001130894677e+00
-6.064656105328347202e+00
-6.043759407369737602e+00
-6.022861853756391604e+00
-6.001940437060149236e+00
-5.981018287037170644e+00
-5.960072208232879198e+00
-5.939125516534754290e+00
-5.918154825519831519e+00
-5.897183640152150907e+00
-5.876188380027755898e+00
-5.855192742203454870e+00
-5.834172949208549674e+00
-5.813152893282364175e+00
-5.792108596726160741e+00
-5.771064150127144465e+00
-5.749995372319478548e+00
-5.728926555481882232e+00
-5.707833311661379305e+00
-5.686740137952921437e+00
-5.665622436213283208e+00
-5.644504911861655039e+00
-5.623362753075331177e+00
-5.602220877092009665e+00
-5.581054254831381733e+00
-5.559888018933277998e+00
-5.538696919389251683e+00
-5.517506307917339647e+00
-5.496290709815184528e+00
-5.475075699650542305e+00
-5.453835574162730460e+00
-5.432596134639550378e+00
-5.411331445295473053e+00
-5.390067538110868917e+00
-5.368778240703148796e+00
-5.347489819823882939e+00
-5.326175862311373521e+00
-5.304862873876675877e+00
-5.283524196283662988e+00
-5.262186578504727485e+00
-5.240823112816144658e+00
-5.219460795871643910e+00
-5.198072465924446384e+00
-5.176685371851680095e+00
-5.155272093221778817e+00
-5.133860135803792524e+00
-5.112421815688160898e+00
-5.090984900336269270e+00
-5.069521437430844379e+00
-5.048059461062043951e+00
-5.026570745433847520e+00
-5.005083596343641972e+00
-4.983569509298184208e+00
-4.962057067027565438e+00
-4.940517480970295416e+00
-4.918979616167389324e+00
-4.897414394459208786e+00
-4.875850968735005786e+00
-4.854259965541733557e+00
-4.832670831319302529e+00
-4.811053891454458942e+00
-4.789438891811848009e+00
-4.767795850572371208e+00
-4.746154819078486575e+00
-4.724485502073285659e+00
-4.702818262616315081e+00
-4.681122485587085436e+00
-4.659428852195362403e+00
-4.637706420829244891e+00
-4.615986197483755937e+00
-4.594236907217429611e+00
-4.572489887655975416e+00
-4.550713523470565569e+00
-4.528939490982700988e+00
-4.507135827189272526e+00
-4.485334554401668505e+00
-4.463503354416517688e+00
-4.441674603068177518e+00
-4.419815619177392740e+00
-4.397959139884216384e+00
-4.376072112997243302e+00
-4.354187645005360707e+00
-4.332272304396044937e+00
-4.310359575323034598e+00
-4.288415638358626936e+00
-4.266474363922196922e+00
-4.244501535778667289e+00
-4.222531419511928341e+00
-4.200529392875074208e+00
-4.178530125827631281e+00
-4.156498580579389035e+00
-4.134469841003380886e+00
-4.112408443892025645e+00
-4.090349896912262473e+00
-4.068258301205742278e+00
-4.046169598472928897e+00
-4.024047443594519713e+00
-4.001928222920494882e+00
-3.979775134064905462e+00
-3.957625019039011871e+00
-3.935440606768692007e+00
-3.913259206353575159e+00
-3.891043066173390130e+00
-3.868829974279521355e+00
-3.846581686188320859e+00
-3.824336481225487638e+00
-3.802055609243371492e+00
-3.779777853647667829e+00
-3.757463945317342180e+00
-3.735153185052207281e+00
-3.712805770912327663e+00
-3.690461534941753552e+00
-3.668080127970771542e+00
-3.645701927702909462e+00
-3.623286022731102118e+00
-3.600873351429978886e+00
-3.578422424517739842e+00
-3.555974756681218985e+00
-3.533488264460837414e+00
-3.511005055162203625e+00
-3.488482434140994126e+00
-3.465963118331621295e+00
-3.443403784153031832e+00
-3.420847775923400391e+00
-3.398251122583487938e+00
-3.375657814379161348e+00
-3.353023213395065039e+00
-3.330391975184717079e+00
-3.307718774710892706e+00
-3.285048953102479352e+00
-3.262336476991647860e+00
-3.239627394292557305e+00
-3.216874941096025342e+00
-3.194125894313339487e+00
-3.171332736216651682e+00
-3.148542995992159366e+00
-3.125708377680427752e+00
-3.102877187155485217e+00
-3.080000324602623518e+00
-3.057126898207129795e+00
-3.034206977382961856e+00
-3.011290499541777077e+00
-2.988326675029552959e+00
-2.965366298779517518e+00
-2.942357692296636351e+00
-2.919352537806614745e+00
-2.896298236619299971e+00
-2.873247389604640212e+00
-2.850146444827972747e+00
-2.827048954849513240e+00
-2.803900379621418804e+00
-2.780755258259166585e+00
-2.757558025777335331e+00
-2.734364244666559696e+00
-2.711117286075093169e+00
-2.687873774792089332e+00
-2.664575976902997745e+00
-2.641281620686211529e+00
-2.617931823519920709e+00
-2.594585460809421651e+00
-2.571182454936116191e+00
-2.547782874713992118e+00
-2.524325398374707152e+00
-2.500871337285524909e+00
-2.477358073270686578e+00
-2.453848212498949355e+00
-2.430277784757766124e+00
-2.406710746636319342e+00
-2.383081716587868382e+00
-2.359456060907985542e+00
-2.335766923420511176e+00
-2.312081143409932871e+00
-2.288330322410177420e+00
-2.264582840341330172e+00
-2.240768684010673528e+00
-2.216957846395557929e+00
-2.193078621903280290e+00
-2.169202694225247363e+00
-2.145256581941919816e+00
-2.121313742867641405e+00
-2.097298829992666924e+00
-2.073287164998236953e+00
-2.049201438526382368e+00
-2.025118932861943222e+00
-2.000960271800122481e+00
-1.976804802704946074e+00
-1.952570969437108728e+00
-1.928340297502574519e+00
-1.904028928183103542e+00
-1.879720687743776653e+00
-1.855329281578490086e+00
-1.830940969991017964e+00
-1.806466877240255675e+00
-1.781995842883921322e+00
-1.757436251391415905e+00
-1.732879680194290284e+00
-1.708231600208211409e+00
-1.683586500465173996e+00
-1.658846747471467875e+00
-1.634109932674342014e+00
-1.609275107906463331e+00
-1.584443177250187240e+00
-1.559509645467435091e+00
-1.534578961624561533e+00
-1.509542825663684695e+00
-1.484509489331364840e+00
-1.459366560822422887e+00
-1.434226381433947983e+00
-1.408972146930184133e+00
-1.383720608778896022e+00
-1.358350190364367327e+00
-1.332982413205798133e+00
-1.307490522407789069e+00
-1.282001215365089708e+00
-1.256382098884355258e+00
-1.230765506170883983e+00
-1.205012881528085833e+00
-1.179262718085359873e+00
-1.153369696726178173e+00
-1.127479071319060111e+00
-1.101438065964311264e+00
-1.075399388519797217e+00
-1.049202000504651844e+00
-1.023006869437938615e+00
-9.966437503261085240e-01
-9.702828141392382255e-01
-9.437434938197287737e-01
-9.172062791808424098e-01
-8.904789496406496641e-01
-8.637536451349375755e-01
-8.368248846286803211e-01
-8.098980649024525302e-01
-7.827524804514334189e-01
-7.556087486798377384e-01
-7.282285042418770171e-01
-7.008500202606104956e-01
-6.732142008755513940e-01
-6.455800452781726984e-01
-6.176637791001017286e-01
-5.897490752090034372e-01
-5.615222860217615741e-01
-5.332969523240750354e-01
-5.047225252138112239e-01
-4.761494409274186212e-01
-4.471804099387458042e-01
-4.182126025212827281e-01
-3.887876080623509645e-01
-3.593637104054018816e-01
-3.293991535942124571e-01
-2.994355580505453363e-01
-2.688107822042237749e-01
-2.381868215608299866e-01
-2.067123601580505843e-01
-1.752385546764943236e-01
-1.425735801032479433e-01
-1.099090843479689217e-01
-7.525873133948834948e-02
-4.060865234680226254e-02
2.218671175716993709e-15
