6.000000000000093259e+00
5.948287708335591617e+00
5.799111331719219109e+00
5.568546720346704504e+00
5.278383125174867629e+00
4.951296244819650028e+00
4.607324345953261790e+00
4.262173097121646492e+00
3.926979281757927431e+00
3.608892212290902179e+00
3.311949960687257111e+00
3.037945588312097378e+00
2.787152043282750569e+00
2.558875382429603995e+00
2.351852339710637452e+00
2.164523433877532987e+00
1.995213295795696062e+00
1.842244887038746670e+00
1.704008139066919725e+00
1.578998016433987850e+00
1.465832605044322001e+00
1.363258535096902646e+00
1.270148679978010398e+00
1.185495410869049637e+00
1.108401542513117732e+00
1.038070328969752598e+00
9.737953479268695034e-01
9.149507675676045171e-01
8.609822627033381082e-01
8.113986939199594461e-01
7.657645559569332683e-01
7.236931294272069826e-01
6.848402425947610617e-01
6.488985792110064654e-01
6.155925428013155898e-01
5.846737641750086034e-01
5.559173663506943308e-01
5.291190558798632981e-01
5.040930102894963794e-01
4.806704237715566097e-01
4.586985012009337503e-01
4.380396751184450488e-01
4.185708563261031911e-01
4.001825947357585123e-01
3.827780985659011148e-01
3.662721187020231417e-01
3.505897424694970343e-01
3.356651569825233605e-01
3.214404413917049119e-01
3.078644362227274112e-01
2.948917224998861553e-01
2.824817277873421517e-01
2.705979631723284262e-01
2.592073855888211709e-01
2.482798737654525467e-01
2.377878029518051550e-01
2.277057026939823259e-01
2.180099825573428018e-01
2.086787122064149569e-01
1.996914441770590298e-01
1.910290696892592843e-01
1.826736997486231584e-01
1.746085654650181007e-01
1.668179329335463534e-01
1.592870291762543133e-01
1.520019765536271550e-01
1.449497337566656441e-01
1.381180420186488012e-01
1.314953755758908605e-01
1.250708956889852730e-01
1.188344077362845086e-01
1.127763210310949171e-01
1.068876111088238046e-01
1.011597842940701875e-01
9.558484439873114746e-02
9.015526142859796310e-02
8.486394219202261779e-02
7.970420271401168488e-02
7.466974236500789619e-02
6.975461961698073421e-02
6.495322934205546850e-02
6.026028157057770895e-02
5.567078162743402392e-02
5.118001156748122615e-02
4.678351283298669283e-02
4.247707005871485808e-02
3.825669595296282699e-02
3.411861718579783931e-02
3.005926121908890358e-02
2.607524401600400110e-02
2.216335857107949725e-02
1.832056420528350993e-02
1.454397657369178865e-02
1.083085833677560617e-02
7.178610449218775225e-03
3.584764023351838524e-03
4.697272707408772785e-05
-3.436994321125069751e-03
-6.869259194820356851e-03
-1.025184137235285453e-02
-1.358666354963665446e-02
-1.687555708098927021e-02
-2.012026707388817059e-02
-2.332245716170437688e-02
-2.648371397668745908e-02
-2.960555134390462084e-02
-3.268941421525296820e-02
-3.573668236136752496e-02
-3.874867383784705299e-02
-4.172664824113363202e-02
-4.467180976814430493e-02
-4.758531009284404367e-02
-5.046825107193551874e-02
-5.332168729095587700e-02
-5.614662846131834861e-02
-5.894404167799201927e-02
-6.171485354695074171e-02
-6.445995219069174109e-02
-6.718018913974664608e-02
-6.987638111741908964e-02
-7.254931172446023313e-02
-7.519973303003749110e-02
-7.782836707484533378e-02
-8.043590729175609244e-02
-8.302301984916032884e-02
-8.559034492168980657e-02
-8.813849789275945978e-02
-9.066807049302233468e-02
-9.317963187863925745e-02
-9.567372965285567132e-02
-9.815089083434824779e-02
-1.006116227753888481e-01
-1.030564140328044942e-01
-1.054857351944579469e-01
-1.079000396637976311e-01
-1.102997644049046044e-01
-1.126853306502590690e-01
-1.150571445733447606e-01
-1.174155979280779027e-01
-1.197610686568698624e-01
-1.220939214691000446e-01
-1.244145083916158301e-01
-1.267231692927774933e-01
-1.290202323815011209e-01
-1.313060146826382502e-01
-1.335808224899424912e-01
-1.358449517979086196e-01
-1.380986887134379448e-01
-1.403423098485614973e-01
-1.425760826950965843e-01
-1.448002659822287264e-01
-1.470151100178946069e-01
-1.492208570147727786e-01
-1.514177414016958101e-01
-1.536059901211950240e-01
-1.557858229139199302e-01
-1.579574525905351745e-01
-1.601210852917601679e-01
-1.622769207371103639e-01
-1.644251524629119776e-01
-1.665659680501259676e-01
-1.686995493424370551e-01
-1.708260726551068809e-01
-1.729457089750485177e-01
-1.750586241524887954e-01
-1.771649790846901995e-01
-1.792649298920434009e-01
-1.813586280869030620e-01
-1.834462207355608832e-01
-1.855278506135708272e-01
-1.876036563548378333e-01
-1.896737725946906483e-01
-1.917383301072239643e-01
-1.937974559372039607e-01
-1.958512735267199656e-01
-1.978999028369017033e-01
-1.999434604648235858e-01
-2.019820597558943109e-01
-2.040158109119063479e-01
-2.060448210948847281e-01
-2.080691945270121135e-01
-2.100890325867046937e-01
-2.121044339010872415e-01
-2.141154944349507594e-01
-2.161223075764188983e-01
-2.181249642193705818e-01
-2.201235528428560628e-01
-2.221181595875487136e-01
-2.241088683294118478e-01
-2.260957607506574041e-01
-2.280789164081579445e-01
-2.300584127993493266e-01
-2.320343254257973553e-01
-2.340067278544726570e-01
-2.359756917768477402e-01
-2.379412870658952350e-01
-2.399035818310969181e-01
-2.418626424715255296e-01
-2.438185337270261099e-01
-2.457713187276873712e-01
-2.477210590415598601e-01
-2.496678147207522236e-01
-2.516116443459399665e-01
-2.535526050693724387e-01
-2.554907526564071940e-01
-2.574261415256515750e-01
-2.593588247877631758e-01
-2.612888542829353566e-01
-2.632162806171619573e-01
-2.651411531972797109e-01
-2.670635202648665718e-01
-2.689834289290272129e-01
-2.709009251981119304e-01
-2.728160540103978793e-01
-2.747288592637887050e-01
-2.766393838445398989e-01
-2.785476696550943099e-01
-2.804537576409905086e-01
-2.823576878169475890e-01
-2.842594992921211872e-01
-2.861592302945489275e-01
-2.880569181948419710e-01
-2.899525995291375446e-01
-2.918463100213349870e-01
-2.937380846046455662e-01
-2.956279574424806045e-01
-2.975159619486941187e-01
-2.994021308072190024e-01
-3.012864959910829810e-01
-3.031690887808930479e-01
-3.050499397826934023e-01
-3.069290789453811841e-01
-3.088065355774957110e-01
-3.106823383636043157e-01
-3.125565153801444507e-01
-3.144290941108112691e-01
-3.163001014615044459e-01
-3.181695637748285233e-01
-3.200375068441708160e-01
-3.219039559273741413e-01
-3.237689357600124773e-01
-3.256324705682815401e-01
-3.274945840815310927e-01
-3.293552995444308795e-01
-3.312146397287761834e-01
-3.330726269449989507e-01
-3.349292830533127097e-01
-3.367846294745687197e-01
-3.386386872008027016e-01
-3.404914768054650986e-01
-3.423430184534349552e-01
-3.441933319106652567e-01
-3.460424365536289848e-01
-3.478903513784775137e-01
-3.497370950099680242e-01
-3.515826857101215785e-01
-3.534271413866600930e-01
-3.552704796012451371e-01
-3.571127175774306828e-01
-3.589538722084514855e-01
-3.607939600647868117e-01
-3.626329974015491397e-01
-3.644710001656151777e-01
-3.663079840026356448e-01
-3.681439642638296705e-01
-3.699789560125916199e-01
-3.718129740309486508e-01
-3.736460328258335850e-01
-3.754781466352045127e-01
-3.773093294340103543e-01
-3.791395949399719023e-01
-3.809689566192694388e-01
-3.827974276920249053e-01
-3.846250211376944783e-01
-3.864517497002942226e-01
-3.882776258935017877e-01
-3.901026620056319283e-01
-3.919268701044960057e-01
-3.937502620421154953e-01
-3.955728494593351852e-01
-3.973946437903307927e-01
-3.992156562669758602e-01
-4.010358979231465892e-01
-4.028553795988500386e-01
-4.046741119443386103e-01
-4.064921054240567821e-01
-4.083093703205102898e-01
-4.101259167380689741e-01
-4.119417546066275748e-01
-4.137568936852322188e-01
-4.155713435655723487e-01
-4.173851136754253566e-01
-4.191982132819924156e-01
-4.210106514951801326e-01
-4.228224372707781731e-01
-4.246335794135958075e-01
-4.264440865804747238e-01
-4.282539672832846867e-01
-4.300632298918207197e-01
-4.318718826366321206e-01
-4.336799336117938553e-01
-4.354873907776113384e-01
-4.372942619632727013e-01
-4.391005548694075222e-01
-4.409062770706378975e-01
-4.427114360180224306e-01
-4.445160390414708562e-01
-4.463200933521110358e-01
-4.481236060445736302e-01
-4.499265840992479615e-01
-4.517290343844861389e-01
-4.535309636587436244e-01
-4.553323785726912099e-01
-4.571332856712657655e-01
-4.589336913956731379e-01
-4.607336020853695091e-01
-4.625330239799661514e-01
-4.643319632211194148e-01
-4.661304258543702006e-01
-4.679284178309338627e-01
-4.697259450094723454e-01
-4.715230131578058703e-01
-4.733196279545934249e-01
-4.751157949909919354e-01
-4.769115197722675337e-01
-4.787068077193615823e-01
-4.805016641704453195e-01
-4.822960943824332047e-01
-4.840901035324470247e-01
-4.858836967192862177e-01
-4.876768789648254221e-01
-4.894696552154089164e-01
-4.912620303432126412e-01
-4.930540091475728581e-01
-4.948455963562824467e-01
-4.966367966268785961e-01
-4.984276145478750975e-01
-5.002180546399955796e-01
-5.020081213573722723e-01
-5.037978190887221208e-01
-5.055871521584731632e-01
-5.073761248279275993e-01
-5.091647412963293817e-01
-5.109530057019706639e-01
-5.127409221232296366e-01
-5.145284945796224640e-01
-5.163157270328111448e-01
-5.181026233876117049e-01
-5.198891874929491008e-01
-5.216754231428315514e-01
-5.234613340772796830e-01
-5.252469239832538994e-01
-5.270321964955362315e-01
-5.288171551976371676e-01
-5.306018036226433088e-01
-5.323861452540720185e-01
-5.341701835267104181e-01
-5.359539218274118610e-01
-5.377373634959220494e-01
-5.395205118256335419e-01
-5.413033700643810064e-01
-5.430859414151820719e-01
-5.448682290369797343e-01
-5.466502360453640019e-01
-5.484319655132930960e-01
-5.502134204717810118e-01
-5.519946039105889657e-01
-5.537755187788915290e-01
-5.555561679859498669e-01
-5.573365544017335749e-01
-5.591166808575745995e-01
-5.608965501467860770e-01
-5.626761650252728453e-01
-5.644555282121198614e-01
-5.662346423901996051e-01
-5.680135102067388475e-01
-5.697921342738727635e-01
-5.715705171692331277e-01
-5.733486614364645684e-01
-5.751265695857709082e-01
-5.769042440944438521e-01
-5.786816874073759109e-01
-5.804589019375653303e-01
-5.822358900666250170e-01
-5.840126541452533848e-01
-5.857891964937237406e-01
-5.875655194023712280e-01
-5.893416251320114929e-01
-5.911175159144526070e-01
-5.928931939528948591e-01
-5.946686614223848366e-01
-5.964439204702564057e-01
-5.982189732165393847e-01
-5.999938217543768770e-01
-6.017684681504372746e-01
-6.035429144453218209e-01
-6.053171626539395334e-01
-6.070912147659059954e-01
-6.088650727459248291e-01
-6.106387385341598417e-01
-6.124122140465932951e-01
-6.141855011753973859e-01
-6.159586017892861864e-01
-6.177315177338584817e-01
-6.195042508319432706e-01
-6.212768028839307233e-01
-6.230491756681199034e-01
-6.248213709410166405e-01
-6.265933904376823627e-01
-6.283652358720205333e-01
-6.301369089371015031e-01
-6.319084113054607155e-01
-6.336797446294012426e-01
-6.354509105412721182e-01
-6.372219106537821975e-01
-6.389927465602562862e-01
-6.407634198349322352e-01
-6.425339320332286164e-01
-6.443042846920050692e-01
-6.460744793298468513e-01
-6.478445174473081991e-01
-6.496144005271714539e-01
-6.513841300347105179e-01
-6.531537074179198932e-01
-6.549231341077741408e-01
-6.566924115184624711e-01
-6.584615410476161168e-01
-6.602305240765510286e-01
-6.619993619704979126e-01
-6.637680560788113970e-01
-6.655366077352085075e-01
-6.673050182579691736e-01
-6.690732889501614933e-01
-6.708414210998563387e-01
-6.726094159803173156e-01
-6.743772748502128156e-01
-6.761449989538252936e-01
-6.779125895212333441e-01
-6.796800477685068786e-01
-6.814473748979180678e-01
-6.832145720981016579e-01
-6.849816405442545886e-01
-6.867485813983189580e-01
-6.885153958091586590e-01
-6.902820849127253577e-01
-6.920486498322523383e-01
-6.938150916784125988e-01
-6.955814115494819427e-01
-6.973476105315132845e-01
-6.991136896984990745e-01
-7.008796501125335032e-01
-7.026454928239572739e-01
-7.044112188715312417e-01
-7.061768292825746363e-01
-7.079423250731232686e-01
-7.097077072480824089e-01
-7.114729768013612343e-01
-7.132381347160194895e-01
-7.150031819644148134e-01
-7.167681195083471790e-01
-7.185329482991780203e-01
-7.202976692779801127e-01
-7.220622833756694670e-01
-7.238267915131310071e-01
-7.255911946013509084e-01
-7.273554935415492695e-01
-7.291196892252926887e-01
-7.308837825346297112e-01
-7.326477743422091793e-01
-7.344116655113993586e-01
-7.361754568964026246e-01
-7.379391493423826942e-01
-7.397027436855634352e-01
-7.414662407533513244e-01
-7.432296413644585709e-01
-7.449929463289794995e-01
-7.467561564485393211e-01
-7.485192725163662963e-01
-7.502822953174173026e-01
-7.520452256284748671e-01
-7.538080642182457547e-01
-7.555708118474689927e-01
-7.573334692690083525e-01
-7.590960372279499380e-01
-7.608585164617053254e-01
-7.626209077001027126e-01
-7.643832116654684095e-01
-7.661454290727363059e-01
-7.679075606295390211e-01
-7.696696070362838427e-01
-7.714315689862425440e-01
-7.731934471656501939e-01
-7.749552422537777652e-01
-7.767169549230305003e-01
-7.784785858390134150e-01
-7.802401356606356586e-01
-7.820016050401648044e-01
-7.837629946233318767e-01
-7.855243050493970758e-01
-7.872855369512219426e-01
-7.890466909553657260e-01
-7.908077676821311242e-01
-7.925687677456761948e-01
-7.943296917540529911e-01
-7.960905403092999322e-01
-7.978513140075010890e-01
-7.996120134388788880e-01
-8.013726391878235322e-01
-8.031331918330074648e-01
-8.048936719474245605e-01
-8.066540800984557391e-01
-8.084144168479512338e-01
-8.101746827522751104e-01
-8.119348783623958621e-01
-8.136950042239170511e-01
-8.154550608771682363e-01
-8.172150488572504923e-01
-8.189749686940964724e-01
-8.207348209125377991e-01
-8.224946060323634622e-01
-8.242543245683736641e-01
-8.260139770304268936e-01
-8.277735639235219711e-01
-8.295330857478354636e-01
-8.312925429987801929e-01
-8.330519361670581935e-01
-8.348112657387197766e-01
-8.365705321952168205e-01
-8.383297360134371878e-01
-8.400888776657816637e-01
-8.418479576201975956e-01
-8.436069763402453958e-01
-8.453659342851261860e-01
-8.471248319097439694e-01
-8.488836696647584779e-01
-8.506424479966122609e-01
-8.524011673476056261e-01
-8.541598281559199535e-01
-8.559184308556739840e-01
-8.576769758769673402e-01
-8.594354636459348162e-01
-8.611938945847598115e-01
-8.629522691117549327e-01
-8.647105876413837544e-01
-8.664688505843017863e-01
-8.682270583474133163e-01
-8.699852113339009430e-01
-8.717433099432635446e-01
-8.735013545713674610e-01
-8.752593456104738046e-01
-8.770172834493009661e-01
-8.787751684730197299e-01
-8.805330010633399818e-01
-8.822907815985192581e-01
-8.840485104534080429e-01
-8.858061879994829635e-01
-8.875638146048930865e-01
-8.893213906344884512e-01
-8.910789164498416071e-01
-8.928363924093131176e-01
-8.945938188680602199e-01
-8.963511961780907811e-01
-8.981085246882710704e-01
-8.998658047443865993e-01
-9.016230366891581083e-01
-9.033802208622860874e-01
-9.051373576004604349e-01
-9.068944472374212973e-01
-9.086514901039675074e-01
-9.104084865280047678e-01
-9.121654368345517572e-01
-9.139223413458072987e-01
-9.156792003811405900e-01
-9.174360142571490462e-01
-9.191927832876706228e-01
-9.209495077838281141e-01
-9.227061880540332606e-01
-9.244628244040452580e-01
-9.262194171369747542e-01
-9.279759665533169333e-01
-9.297324729509894858e-01
-9.314889366253390479e-01
-9.332453578691946028e-01
-9.350017369728620409e-01
-9.367580742241738978e-01
-9.385143699085048974e-01
-9.402706243088013727e-01
-9.420268377055982523e-01
-9.437830103770546986e-01
-9.455391425989705390e-01
-9.472952346448069161e-01
-9.490512867857227031e-01
-9.508072992905864940e-01
-9.525632724260015838e-01
-9.543192064563398302e-01
-9.560751016437437633e-01
-9.578309582481595585e-01
-9.595867765273722316e-01
-9.613425567370066371e-01
-9.630982991305523377e-01
-9.648540039594036832e-01
-9.666096714728518169e-01
-9.683653019181314159e-01
-9.701208955404244660e-01
-9.718764525828845757e-01
-9.736319732866663967e-01
-9.753874578909342841e-01
-9.771429066328851665e-01
-9.788983197477598708e-01
-9.806536974688933039e-01
-9.824090400276840329e-01
-9.841643476536572344e-01
-9.859196205744580332e-01
-9.876748590158879182e-01
-9.894300632018916408e-01
-9.911852333546201654e-01
-9.929403696944084645e-01
-9.946954724398109349e-01
-9.964505418076213816e-01
-9.982055780128767930e-01
-9.999605812688906470e-01
-1.001715551787258462e+00
-1.003470489777874342e+00
-1.005225395448955172e+00
-1.006980269007044404e+00
-1.008735110657046352e+00
-1.010489920602223313e+00
-1.012244699044219987e+00
-1.013999446183075470e+00
-1.015754162217250123e+00
-1.017508847343618683e+00
-1.019263501757510904e+00
-1.021018125652701558e+00
-1.022772719221448190e+00
-1.024527282654484006e+00
-1.026281816141048520e+00
-1.028036319868888215e+00
-1.029790794024292744e+00
-1.031545238792076935e+00
-1.033299654355622543e+00
-1.035054040896876693e+00
-1.036808398596368308e+00
-1.038562727633221883e+00
-1.040317028185174575e+00
-1.042071300428581315e+00
-1.043825544538433903e+00
-1.045579760688373439e+00
-1.047333949050691437e+00
-1.049088109796364687e+00
-1.050842243095048145e+00
-1.052596349115090701e+00
-1.054350428023555386e+00
-1.056104479986221145e+00
-1.057858505167599494e+00
-1.059612503730951172e+00
-1.061366475838285695e+00
-1.063120421650381120e+00
-1.064874341326800034e+00
-1.066628235025878224e+00
-1.068382102904768871e+00
-1.070135945119428111e+00
-1.071889761824633025e+00
-1.073643553173993626e+00
-1.075397319319962630e+00
-1.077151060413853445e+00
-1.078904776605832616e+00
-1.080658468044939369e+00
-1.082412134879111809e+00
-1.084165777255167384e+00
-1.085919395318835301e+00
-1.087672989214751418e+00
-1.089426559086485780e+00
-1.091180105076534401e+00
-1.092933627326330592e+00
-1.094687125976270714e+00
-1.096440601165707074e+00
-1.098194053032964357e+00
-1.099947481715341846e+00
-1.101700887349128966e+00
-1.103454270069618604e+00
-1.105207630011104447e+00
-1.106960967306895416e+00
-1.108714282089325431e+00
-1.110467574489761855e+00
-1.112220844638609041e+00
-1.113974092665326099e+00
-1.115727318698422010e+00
-1.117480522865478276e+00
-1.119233705293144920e+00
-1.120986866107160473e+00
-1.122740005432347976e+00
-1.124493123392627192e+00
-1.126246220111023710e+00
-1.127999295709687155e+00
-1.129752350309870312e+00
-1.131505384031969985e+00
-1.133258396995506789e+00
-1.135011389319153130e+00
-1.136764361120727207e+00
-1.138517312517210112e+00
-1.140270243624746049e+00
-1.142023154558645892e+00
-1.143776045433408939e+00
-1.145528916362716254e+00
-1.147281767459444435e+00
-1.149034598835663612e+00
-1.150787410602664762e+00
-1.152540202870936392e+00
-1.154292975750198069e+00
-1.156045729349395312e+00
-1.157798463776701592e+00
-1.159551179139533650e+00
-1.161303875544554609e+00
-1.163056553097682189e+00
-1.164809211904092257e+00
-1.166561852068223493e+00
-1.168314473693782274e+00
-1.170067076883760882e+00
-1.171819661740437279e+00
-1.173572228365363124e+00
-1.175324776859402620e+00
-1.177077307322708988e+00
-1.178829819854745775e+00
-1.180582314554294410e+00
-1.182334791519447759e+00
-1.184087250847632333e+00
-1.185839692635585640e+00
-1.187592116979405032e+00
-1.189344523974508849e+00
-1.191096913715665728e+00
-1.192849286297004374e+00
-1.194601641811998460e+00
-1.196353980353489055e+00
-1.198106302013695279e+00
-1.199858606884183665e+00
-1.201610895055923889e+00
-1.203363166619245028e+00
-1.205115421663886854e+00
-1.206867660278960530e+00
-1.208619882552989244e+00
-1.210372088573890670e+00
-1.212124278428996726e+00
-1.213876452205043366e+00
-1.215628609988187669e+00
-1.217380751864006294e+00
-1.219132877917504354e+00
-1.220884988233117197e+00
-1.222637082894708849e+00
-1.224389161985593555e+00
-1.226141225588520456e+00
-1.227893273785699346e+00
-1.229645306658779580e+00
-1.231397324288870276e+00
-1.233149326756550312e+00
-1.234901314141859663e+00
-1.236653286524310502e+00
-1.238405243982880322e+00
-1.240157186596040129e+00
-1.241909114441733131e+00
-1.243661027597390945e+00
-1.245412926139940479e+00
-1.247164810145794833e+00
-1.248916679690877274e+00
-1.250668534850604141e+00
-1.252420375699908384e+00
-1.254172202313218243e+00
-1.255924014764493446e+00
-1.257675813127196562e+00
-1.259427597474326754e+00
-1.261179367878395130e+00
-1.262931124411453832e+00
-1.264682867145076495e+00
-1.266434596150380676e+00
-1.268186311498030072e+00
-1.269938013258216536e+00
-1.271689701500692715e+00
-1.273441376294751182e+00
-1.275193037709250410e+00
-1.276944685812595237e+00
-1.278696320672760622e+00
-1.280447942357281876e+00
-1.282199550933262877e+00
-1.283951146467376958e+00
-1.285702729025874014e+00
-1.287454298674577613e+00
-1.289205855478897211e+00
-1.290957399503821490e+00
-1.292708930813936563e+00
-1.294460449473403996e+00
-1.296211955545989447e+00
-1.297963449095054012e+00
-1.299714930183549777e+00
-1.301466398874044028e+00
-1.303217855228699928e+00
-1.304969299309298725e+00
-1.306720731177218431e+00
-1.308472150893467356e+00
-1.310223558518665010e+00
-1.311974954113045655e+00
-1.313726337736474070e+00
-1.315477709448438892e+00
-1.317229069308053724e+00
-1.318980417374074232e+00
-1.320731753704875500e+00
-1.322483078358482667e+00
-1.324234391392551835e+00
-1.325985692864380505e+00
-1.327736982830926893e+00
-1.329488261348776623e+00
-1.331239528474172928e+00
-1.332990784263021977e+00
-1.334742028770869782e+00
-1.336493262052924402e+00
-1.338244484164066384e+00
-1.339995695158820110e+00
-1.341746895091387559e+00
-1.343498084015643412e+00
-1.345249261985113298e+00
-1.347000429053020421e+00
-1.348751585272244702e+00
-1.350502730695344988e+00
-1.352253865374572150e+00
-1.354004989361844213e+00
-1.355756102708776334e+00
-1.357507205466663702e+00
-1.359258297686492645e+00
-1.361009379418938403e+00
-1.362760450714369798e+00
-1.364511511622856332e+00
-1.366262562194160424e+00
-1.368013602477752944e+00
-1.369764632522792569e+00
-1.371515652378153094e+00
-1.373266662092412327e+00
-1.375017661713860306e+00
-1.376768651290487977e+00
-1.378519630870011170e+00
-1.380270600499851064e+00
-1.382021560227154611e+00
-1.383772510098776554e+00
-1.385523450161308290e+00
-1.387274380461043233e+00
-1.389025301044023442e+00
-1.390776211955994990e+00
-1.392527113242452597e+00
-1.394278004948606320e+00
-1.396028887119407980e+00
-1.397779759799543609e+00
-1.399530623033426124e+00
-1.401281476865222864e+00
-1.403032321338828048e+00
-1.404783156497882990e+00
-1.406533982385772763e+00
-1.408284799045626423e+00
-1.410035606520322338e+00
-1.411786404852484411e+00
-1.413537194084490745e+00
-1.415287974258475190e+00
-1.417038745416321133e+00
-1.418789507599662381e+00
-1.420540260849902703e+00
-1.422291005208200509e+00
-1.424041740715475068e+00
-1.425792467412402953e+00
-1.427543185339432918e+00
-1.429293894536780574e+00
-1.431044595044422385e+00
-1.432795286902107224e+00
-1.434545970149355920e+00
-1.436296644825460378e+00
-1.438047310969488013e+00
-1.439797968620279089e+00
-1.441548617816450273e+00
-1.443299258596407508e+00
-1.445049890998321596e+00
-1.446800515060155945e+00
-1.448551130819651700e+00
-1.450301738314336841e+00
-1.452052337581525299e+00
-1.453802928658316285e+00
-1.455553511581605397e+00
-1.457304086388065301e+00
-1.459054653114177258e+00
-1.460805211796195380e+00
-1.462555762470192589e+00
-1.464306305172019540e+00
-1.466056839937330603e+00
-1.467807366801576530e+00
-1.469557885800017782e+00
-1.471308396967700327e+00
-1.473058900339482724e+00
-1.474809395950032576e+00
-1.476559883833813203e+00
-1.478310364025097412e+00
-1.480060836557971715e+00
-1.481811301466327002e+00
-1.483561758783858320e+00
-1.485312208544086632e+00
-1.487062650780336615e+00
-1.488813085525751756e+00
-1.490563512813285696e+00
-1.492313932675717769e+00
-1.494064345145636130e+00
-1.495814750255455516e+00
-1.497565148037404814e+00
-1.499315538523541713e+00
-1.501065921745738052e+00
-1.502816297735701578e+00
-1.504566666524951080e+00
-1.506317028144844805e+00
-1.508067382626556929e+00
-1.509817730001099978e+00
-1.511568070299310618e+00
-1.513318403551861424e+00
-1.515068729789248003e+00
-1.516819049041806311e+00
-1.518569361339708657e+00
-1.520319666712952822e+00
-1.522069965191383822e+00
-1.523820256804676365e+00
-1.525570541582345063e+00
-1.527320819553747100e+00
-1.529071090748076678e+00
-1.530821355194378786e+00
-1.532571612921524107e+00
-1.534321863958238774e+00
-1.536072108333095043e+00
-1.537822346074501079e+00
-1.539572577210720272e+00
-1.541322801769865691e+00
-1.543073019779887201e+00
-1.544823231268593000e+00
-1.546573436263643186e+00
-1.548323634792542869e+00
-1.550073826882654604e+00
-1.551824012561190402e+00
-1.553574191855221942e+00
-1.555324364791673464e+00
-1.557074531397323325e+00
-1.558824691698814213e+00
-1.560574845722633830e+00
-1.562324993495139980e+00
-1.564075135042547027e+00
-1.565825270390926782e+00
-1.567575399566218719e+00
-1.569325522594224864e+00
-1.571075639500600696e+00
-1.572825750310873572e+00
-1.574575855050439621e+00
-1.576325953744555308e+00
-1.578076046418342315e+00
-1.579826133096792207e+00
-1.581576213804763986e+00
-1.583326288566992535e+00
-1.585076357408071290e+00
-1.586826420352473566e+00
-1.588576477424539002e+00
-1.590326528648484228e+00
-1.592076574048397752e+00
-1.593826613648237078e+00
-1.595576647471842247e+00
-1.597326675542930285e+00
-1.599076697885077225e+00
-1.600826714521757621e+00
-1.602576725476311692e+00
-1.604326730771957754e+00
-1.606076730431808208e+00
-1.607826724478835345e+00
-1.609576712935907317e+00
-1.611326695825763267e+00
-1.613076673171032205e+00
-1.614826644994224125e+00
-1.616576611317725343e+00
-1.618326572163823140e+00
-1.620076527554675128e+00
-1.621826477512326559e+00
-1.623576422058716773e+00
-1.625326361215668092e+00
-1.627076295004888706e+00
-1.628826223447973343e+00
-1.630576146566413032e+00
-1.632326064381581121e+00
-1.634075976914752149e+00
-1.635825884187076529e+00
-1.637575786219607865e+00
-1.639325683033290515e+00
-1.641075574648958924e+00
-1.642825461087337402e+00
-1.644575342369051452e+00
-1.646325218514624211e+00
-1.648075089544458471e+00
-1.649824955478870869e+00
-1.651574816338061691e+00
-1.653324672142136187e+00
-1.655074522911095025e+00
-1.656824368664831848e+00
-1.658574209423142154e+00
-1.660324045205728405e+00
-1.662073876032173603e+00
-1.663823701921990361e+00
-1.665573522894558955e+00
-1.667323338969181945e+00
-1.669073150165057307e+00
-1.670822956501287315e+00
-1.672572757996869663e+00
-1.674322554670715890e+00
-1.676072346541632285e+00
-1.677822133628332324e+00
-1.679571915949432892e+00
-1.681321693523455618e+00
-1.683071466368827540e+00
-1.684821234503876219e+00
-1.686570997946846617e+00
-1.688320756715873117e+00
-1.690070510829009276e+00
-1.691820260304209622e+00
-1.693570005159339420e+00
-1.695319745412162682e+00
-1.697069481080360376e+00
-1.698819212181511773e+00
-1.700568938733111546e+00
-1.702318660752559998e+00
-1.704068378257159067e+00
-1.705818091264124980e+00
-1.707567799790584040e+00
-1.709317503853561959e+00
-1.711067203470001186e+00
-1.712816898656741582e+00
-1.714566589430548182e+00
-1.716316275808074332e+00
-1.718065957805896105e+00
-1.719815635440489432e+00
-1.721565308728237875e+00
-1.723314977685439064e+00
-1.725064642328283382e+00
-1.726814302672885049e+00
-1.728563958735251260e+00
-1.730313610531302615e+00
-1.732063258076863121e+00
-1.733812901387653094e+00
-1.735562540479314020e+00
-1.737312175367373923e+00
-1.739061806067277338e+00
-1.740811432594363994e+00
-1.742561054963869926e+00
-1.744310673190942795e+00
-1.746060287290621904e+00
-1.747809897277845526e+00
-1.749559503167452013e+00
-1.751309104974176911e+00
-1.753058702712645855e+00
-1.754808296397374789e+00
-1.756557886042784844e+00
-1.758307471663171917e+00
-1.760057053272730432e+00
-1.761806630885539793e+00
-1.763556204515560610e+00
-1.765305774176636255e+00
-1.767055339882499965e+00
-1.768804901646752192e+00
-1.770554459482873488e+00
-1.772304013404214729e+00
-1.774053563424009550e+00
-1.775803109555344150e+00
-1.777552651811179718e+00
-1.779302190204334888e+00
-1.781051724747489740e+00
-1.782801255453174250e+00
-1.784550782333776286e+00
-1.786300305401530286e+00
-1.788049824668507037e+00
-1.789799340146626783e+00
-1.791548851847635460e+00
-1.793298359783116025e+00
-1.795047863964470247e+00
-1.796797364402929365e+00
-1.798546861109531436e+00
-1.800296354095126228e+00
-1.802045843370361444e+00
-1.803795328945690279e+00
-1.805544810831359648e+00
-1.807294289037383317e+00
-1.809043763573566777e+00
-1.810793234449482592e+00
-1.812542701674461076e+00
-1.814292165257585410e+00
-1.816041625207689192e+00
-1.817791081533339570e+00
-1.819540534242838126e+00
-1.821289983344186236e+00
-1.823039428845118826e+00
-1.824788870753042191e+00
-1.826538309075072419e+00
-1.828287743817989419e+00
-1.830037174988239590e+00
-1.831786602591922719e+00
-1.833536026634778437e+00
-1.835285447122170899e+00
-1.837034864059074124e+00
-1.838784277450077109e+00
-1.840533687299326093e+00
-1.842283093610562750e+00
-1.844032496387065123e+00
-1.845781895631652070e+00
-1.847531291346670157e+00
-1.849280683533950809e+00
-1.851030072194825626e+00
-1.852779457330078206e+00
-1.854528838939944135e+00
-1.856278217024086796e+00
-1.858027591581554949e+00
-1.859776962610799389e+00
-1.861526330109617211e+00
-1.863275694075142042e+00
-1.865025054503816726e+00
-1.866774411391376676e+00
-1.868523764732802128e+00
-1.870273114522318814e+00
-1.872022460753346218e+00
-1.873771803418486481e+00
-1.875521142509479988e+00
-1.877270478017184718e+00
-1.879019809931541385e+00
-1.880769138241535021e+00
-1.882518462935172776e+00
-1.884267783999432622e+00
-1.886017101420247588e+00
-1.887766415182447144e+00
-1.889515725269729884e+00
-1.891265031664630225e+00
-1.893014334348450900e+00
-1.894763633301257633e+00
-1.896512928501802309e+00
-1.898262219927499883e+00
-1.900011507554372869e+00
-1.901760791356998936e+00
-1.903510071308472495e+00
-1.905259347380343415e+00
-1.907008619542576611e+00
-1.908757887763478989e+00
-1.910507152009671028e+00
-1.912256412246003068e+00
-1.914005668435516005e+00
-1.915754920539367800e+00
-1.917504168516775742e+00
-1.919253412324960939e+00
-1.921002651919073712e+00
-1.922751887252117653e+00
-1.924501118274904998e+00
-1.926250344935961145e+00
-1.927999567181465146e+00
-1.929748784955172658e+00
-1.931497998198327792e+00
-1.933247206849604716e+00
-1.934996410845006398e+00
-1.936745610117800220e+00
-1.938494804598410060e+00
-1.940243994214346790e+00
-1.941993178890112803e+00
-1.943742358547106974e+00
-1.945491533103530069e+00
-1.947240702474295038e+00
-1.948989866570919105e+00
-1.950739025301437612e+00
-1.952488178570269683e+00
-1.954237326278140063e+00
-1.955986468321964100e+00
-1.957735604594726952e+00
-1.959484734985374121e+00
-1.961233859378693545e+00
-1.962982977655198802e+00
-1.964732089691013428e+00
-1.966481195357719480e+00
-1.968230294522261836e+00
-1.969979387046801200e+00
-1.971728472788571995e+00
-1.973477551599768232e+00
-1.975226623327383413e+00
-1.976975687813079974e+00
-1.978724744893039400e+00
-1.980473794397805243e+00
-1.982222836152154999e+00
-1.983971869974913371e+00
-1.985720895678827924e+00
-1.987469913070378347e+00
-1.989218921949621022e+00
-1.990967922110036703e+00
-1.992716913338340889e+00
-1.994465895414313295e+00
-1.996214868110620877e+00
-1.997963831192644868e+00
-1.999712784418279377e+00
-2.001461727537762858e+00
-2.003210660293468504e+00
-2.004959582419723052e+00
-2.006708493642594071e+00
-2.008457393679700775e+00
-2.010206282240005304e+00
-2.011955159023596895e+00
-2.013704023721480940e+00
-2.015452876015365380e+00
-2.017201715577442656e+00
-2.018950542070159226e+00
-2.020699355145984644e+00
-2.022448154447197055e+00
-2.024196939605622969e+00
-2.025945710242418318e+00
-2.027694465967811777e+00
-2.029443206380876497e+00
-2.031191931069252110e+00
-2.032940639608910693e+00
-2.034689331563900527e+00
-2.036438006486065433e+00
-2.038186663914789420e+00
-2.039935303376733788e+00
-2.041683924385559568e+00
-2.043432526441629982e+00
-2.045181109031759537e+00
-2.046929671628905822e+00
-2.048678213691899952e+00
-2.050426734665131256e+00
-2.052175233978263513e+00
-2.053923711045933853e+00
-2.055672165267442342e+00
-2.057420596026452220e+00
-2.059169002690667494e+00
-2.060917384611521186e+00
-2.062665741123857810e+00
-2.064414071545598528e+00
-2.066162375177432065e+00
-2.067910651302470537e+00
-2.069658899185911061e+00
-2.071407118074700904e+00
-2.073155307197208863e+00
-2.074903465762857557e+00
-2.076651592961777482e+00
-2.078399687964473941e+00
-2.080147749921444245e+00
-2.081895777962823324e+00
-2.083643771198033789e+00
-2.085391728715410231e+00
-2.087139649581819967e+00
-2.088887532842294004e+00
-2.090635377519664218e+00
-2.092383182614158788e+00
-2.094130947103027829e+00
-2.095878669940165473e+00
-2.097626350055709299e+00
-2.099373986355644206e+00
-2.101121577721419609e+00
-2.102869123009535102e+00
-2.104616621051143888e+00
-2.106364070651652654e+00
-2.108111470590312564e+00
-2.109858819619796932e+00
-2.111606116465809979e+00
-2.113353359826641409e+00
-2.115100548372783162e+00
-2.116847680746480442e+00
-2.118594755561328480e+00
-2.120341771401825337e+00
-2.122088726822970006e+00
-2.123835620349820541e+00
-2.125582450477061514e+00
-2.127329215668570583e+00
-2.129075914356996169e+00
-2.130822544943296037e+00
-2.132569105796331410e+00
-2.134315595252396669e+00
-2.136062011614797473e+00
-2.137808353153408003e+00
-2.139554618104209993e+00
-2.141300804668873958e+00
-2.143046911014293787e+00
-2.144792935272138656e+00
-2.146538875538426261e+00
-2.148284729873056520e+00
-2.150030496299374150e+00
-2.151776172803699261e+00
-2.153521757334909026e+00
-2.155267247803965613e+00
-2.157012642083472098e+00
-2.158757938007227484e+00
-2.160503133369772844e+00
-2.162248225925942346e+00
-2.163993213390416948e+00
-2.165738093437281186e+00
-2.167482863699558227e+00
-2.169227521768788414e+00
-2.170972065194558098e+00
-2.172716491484075974e+00
-2.174460798101728543e+00
-2.176204982468609384e+00
-2.177949041962118581e+00
-2.179692973915509313e+00
-2.181436775617430435e+00
-2.183180444311525026e+00
-2.184923977195974309e+00
-2.186667371423072215e+00
-2.188410624098801716e+00
-2.190153732282407173e+00
-2.191896692985964012e+00
-2.193639503173969274e+00
-2.195382159762919727e+00
-2.197124659620889986e+00
-2.198866999567131053e+00
-2.200609176371661313e+00
-2.202351186754855306e+00
-2.204093027387052928e+00
-2.205834694888154424e+00
-2.207576185827226034e+00
-2.209317496722124297e+00
-2.211058624039101250e+00
-2.212799564192415414e+00
-2.214540313543983618e+00
-2.216280868402986215e+00
-2.218021225025500698e+00
-2.219761379614163754e+00
-2.221501328317789792e+00
-2.223241067231038759e+00
-2.224980592394061318e+00
-2.226719899792154678e+00
-2.228458985355454836e+00
-2.230197844958584419e+00
-2.231936474420327166e+00
-2.233674869503337934e+00
-2.235413025913817187e+00
-2.237150939301206343e+00
-2.238888605257899123e+00
-2.240626019318959106e+00
-2.242363176961814197e+00
-2.244100073606012824e+00
-2.245836704612934831e+00
-2.247573065285533467e+00
-2.249309150868088025e+00
-2.251044956545964482e+00
-2.252780477445360141e+00
-2.254515708633101578e+00
-2.256250645116381737e+00
-2.257985281842592507e+00
-2.259719613699092911e+00
-2.261453635513015481e+00
-2.263187342051089512e+00
-2.264920728019449658e+00
-2.266653788063461405e+00
-2.268386516767581185e+00
-2.270118908655187173e+00
-2.271850958188431413e+00
-2.273582659768124792e+00
-2.275314007733587829e+00
-2.277044996362568074e+00
-2.278775619871093117e+00
-2.280505872413409296e+00
-2.282235748081878679e+00
-2.283965240906910665e+00
-2.285694344856880722e+00
-2.287423053838104181e+00
-2.289151361694750086e+00
-2.290879262208829203e+00
-2.292606749100184693e+00
-2.294333816026433492e+00
-2.296060456582993403e+00
-2.297786664303095971e+00
-2.299512432657768279e+00
-2.301237755055882239e+00
-2.302962624844207884e+00
-2.304687035307430243e+00
-2.306410979668232830e+00
-2.308134451087348271e+00
-2.309857442663665328e+00
-2.311579947434306614e+00
-2.313301958374723633e+00
-2.315023468398845985e+00
-2.316744470359157315e+00
-2.318464957046882713e+00
-2.320184921192105953e+00
-2.321904355463943137e+00
-2.323623252470718104e+00
-2.325341604760126302e+00
-2.327059404819455946e+00
-2.328776645075770091e+00
-2.330493317896140670e+00
-2.332209415587872314e+00
-2.333924930398735054e+00
-2.335639854517238767e+00
-2.337354180072863663e+00
-2.339067899136361817e+00
-2.340781003720037834e+00
-2.342493485778041951e+00
-2.344205337206672901e+00
-2.345916549844712762e+00
-2.347627115473761794e+00
-2.349337025818562630e+00
-2.351046272547367977e+00
-2.352754847272309213e+00
-2.354462741549761429e+00
-2.356169946880756871e+00
-2.357876454711356651e+00
-2.359582256433073066e+00
-2.361287343383304815e+00
-2.362991706845749551e+00
-2.364695338050863960e+00
-2.366398228176312291e+00
-2.368100368347438867e+00
-2.369801749637724608e+00
-2.371502363069318609e+00
-2.373202199613487551e+00
-2.374901250191156166e+00
-2.376599505673418822e+00
-2.378296956882072433e+00
-2.379993594590152917e+00
-2.381689409522484535e+00
-2.383384392356254988e+00
-2.385078533721569638e+00
-2.386771824202048808e+00
-2.388464254335401105e+00
-2.390155814614050911e+00
-2.391846495485724589e+00
-2.393536287354077530e+00
-2.395225180579338087e+00
-2.396913165478930630e+00
-2.398600232328129245e+00
-2.400286371360730087e+00
-2.401971572769682872e+00
-2.403655826707817855e+00
-2.405339123288476877e+00
-2.407021452586253663e+00
-2.408702804637659511e+00
-2.410383169441852935e+00
-2.412062536961364856e+00
-2.413740897122793161e+00
-2.415418239817578083e+00
-2.417094554902713632e+00
-2.418769832201509651e+00
-2.420444061504356537e+00
-2.422117232569469980e+00
-2.423789335123685440e+00
-2.425460358863223753e+00
-2.427130293454473176e+00
-2.428799128534795404e+00
-2.430466853713321829e+00
-2.432133458571744900e+00
-2.433798932665151238e+00
-2.435463265522820109e+00
-2.437126446649063194e+00
-2.438788465524041715e+00
-2.440449311604608429e+00
-2.442108974325147397e+00
-2.443767443098410652e+00
-2.445424707316389945e+00
-2.447080756351148079e+00
-2.448735579555695985e+00
-2.450389166264839602e+00
-2.452041505796076937e+00
-2.453692587450437834e+00
-2.455342400513389922e+00
-2.456990934255699699e+00
-2.458638177934326929e+00
-2.460284120793306606e+00
-2.461928752064645121e+00
-2.463572060969212885e+00
-2.465214036717628066e+00
-2.466854668511188731e+00
-2.468493945542736601e+00
-2.470131856997586084e+00
-2.471768392054415120e+00
-2.473403539886191993e+00
-2.475037289661059958e+00
-2.476669630543275158e+00
-2.478300551694100573e+00
-2.479930042272731505e+00
-2.481558091437200186e+00
-2.483184688345288382e+00
-2.484809822155467529e+00
-2.486433482027788244e+00
-2.488055657124816022e+00
-2.489676336612529184e+00
-2.491295509661254570e+00
-2.492913165446567714e+00
-2.494529293150229865e+00
-2.496143881961079281e+00
-2.497756921075958036e+00
-2.499368399700621080e+00
-2.500978307050659932e+00
-2.502586632352394869e+00
-2.504193364843793734e+00
-2.505798493775377445e+00
-2.507402008411131256e+00
-2.509003898029394275e+00
-2.510604151923777394e+00
-2.512202759404048802e+00
-2.513799709797024828e+00
-2.515394992447481215e+00
-2.516988596719035520e+00
-2.518580511995021531e+00
-2.520170727679390765e+00
-2.521759233197579775e+00
-2.523346017997389445e+00
-2.524931071549870509e+00
-2.526514383350166870e+00
-2.528095942918402450e+00
-2.529675739800522294e+00
-2.531253763569176751e+00
-2.532830003824539489e+00
-2.534404450195177461e+00
-2.535977092338880912e+00
-2.537547919943510699e+00
-2.539116922727811421e+00
-2.540684090442254295e+00
-2.542249412869861835e+00
-2.543812879826999662e+00
-2.545374481164209612e+00
-2.546934206767006437e+00
-2.548492046556660728e+00
-2.550047990491020489e+00
-2.551602028565269631e+00
-2.553154150812711798e+00
-2.554704347305561285e+00
-2.556252608155687334e+00
-2.557798923515389511e+00
-2.559343283578131789e+00
-2.560885678579316149e+00
-2.562426098796986018e+00
-2.563964534552590102e+00
-2.565500976211689377e+00
-2.567035414184673847e+00
-2.568567838927480196e+00
-2.570098240942289447e+00
-2.571626610778220634e+00
-2.573152939032016917e+00
-2.574677216348725040e+00
-2.576199433422372564e+00
-2.577719580996619353e+00
-2.579237649865418369e+00
-2.580753630873670268e+00
-2.582267514917834017e+00
-2.583779292946602801e+00
-2.585288955961487112e+00
-2.586796495017436470e+00
-2.588301901223451384e+00
-2.589805165743191306e+00
-2.591306279795524414e+00
-2.592805234655149782e+00
-2.594302021653142276e+00
-2.595796632177513885e+00
-2.597289057673783041e+00
-2.598779289645496871e+00
-2.600267319654790743e+00
-2.601753139322885655e+00
-2.603236740330624244e+00
-2.604718114418985486e+00
-2.606197253389553659e+00
-2.607674149105035255e+00
-2.609148793489735052e+00
-2.610621178530008635e+00
-2.612091296274740237e+00
-2.613559138835809481e+00
-2.615024698388493274e+00
-2.616487967171938767e+00
-2.617948937489567030e+00
-2.619407601709504707e+00
-2.620863952264970820e+00
-2.622317981654685770e+00
-2.623769682443253259e+00
-2.625219047261543537e+00
-2.626666068807061993e+00
-2.628110739844295551e+00
-2.629553053205087476e+00
-2.630993001788950458e+00
-2.632430578563409895e+00
-2.633865776564331629e+00
-2.635298588896226590e+00
-2.636729008732551005e+00
-2.638157029316019031e+00
-2.639582643958852337e+00
-2.641005846043089189e+00
-2.642426629020837137e+00
-2.643844986414518594e+00
-2.645260911817142180e+00
-2.646674398892517210e+00
-2.648085441375498839e+00
-2.649494033072206101e+00
-2.650900167860212431e+00
-2.652303839688774367e+00
-2.653705042579018958e+00
-2.655103770624111181e+00
-2.656500017989441798e+00
-2.657893778912792104e+00
-2.659285047704484928e+00
-2.660673818747540942e+00
-2.662060086497803013e+00
-2.663443845484088524e+00
-2.664825090308287958e+00
-2.666203815645497688e+00
-2.667580016244107011e+00
-2.668953686925902957e+00
-2.670324822586163549e+00
-2.671693418193713754e+00
-2.673059468791022741e+00
-2.674422969494254509e+00
-2.675783915493312293e+00
-2.677142302051898071e+00
-2.678498124507542322e+00
-2.679851378271635554e+00
-2.681202058829445178e+00
-2.682550161740136385e+00
-2.683895682636766367e+00
-2.685238617226291868e+00
-2.686578961289550094e+00
-2.687916710681250709e+00
-2.689251861329932325e+00
-2.690584409237948726e+00
-2.691914350481414697e+00
-2.693241681210156280e+00
-2.694566397647675693e+00
-2.695888496091045194e+00
-2.697207972910889318e+00
-2.698524824551263190e+00
-2.699839047529597913e+00
-2.701150638436578877e+00
-2.702459593936080040e+00
-2.703765910765030256e+00
-2.705069585733321347e+00
-2.706370615723672657e+00
-2.707668997691514701e+00
-2.708964728664859045e+00
-2.710257805744141102e+00
-2.711548226102102443e+00
-2.712835986983615832e+00
-2.714121085705544445e+00
-2.715403519656562903e+00
-2.716683286296991184e+00
-2.717960383158630755e+00
-2.719234807844568724e+00
-2.720506558028994881e+00
-2.721775631456996525e+00
-2.723042025944391931e+00
-2.724305739377482105e+00
-2.725566769712877591e+00
-2.726825114977256437e+00
-2.728080773267159920e+00
-2.729333742748757619e+00
-2.730584021657612492e+00
-2.731831608298462388e+00
-2.733076501044948259e+00
-2.734318698339407216e+00
-2.735558198692576326e+00
-2.736795000683370116e+00
-2.738029102958613237e+00
-2.739260504232760240e+00
-2.740489203287638453e+00
-2.741715198972173528e+00
-2.742938490202109225e+00
-2.744159075959716532e+00
-2.745376955293520549e+00
-2.746592127317993626e+00
-2.747804591213278247e+00
-2.749014346224869065e+00
-2.750221391663328241e+00
-2.751425726903957703e+00
-2.752627351386510934e+00
-2.753826264614855468e+00
-2.755022466156682448e+00
-2.756215955643157134e+00
-2.757406732768614699e+00
-2.758594797290228051e+00
-2.759780149027674767e+00
-2.760962787862796475e+00
-2.762142713739268451e+00
-2.763319926662272774e+00
-2.764494426698122620e+00
-2.765666213973953624e+00
-2.766835288677340188e+00
-2.768001651055973067e+00
-2.769165301417292113e+00
-2.770326240128131889e+00
-2.771484467614353076e+00
-2.772639984360509846e+00
-2.773792790909447969e+00
-2.774942887861971741e+00
-2.776090275876454516e+00
-2.777234955668482552e+00
-2.778376928010478863e+00
-2.779516193731322637e+00
-2.780652753715980641e+00
-2.781786608905137292e+00
-2.782917760294794096e+00
-2.784046208935901490e+00
-2.785171955933985810e+00
-2.786295002448749614e+00
-2.787415349693693756e+00
-2.788532998935719487e+00
-2.789647951494762079e+00
-2.790760208743384041e+00
-2.791869772106390979e+00
-2.792976643060427033e+00
-2.794080823133608948e+00
-2.795182313905107740e+00
-2.796281117004761896e+00
-2.797377234112682576e+00
-2.798470666958857933e+00
-2.799561417322747658e+00
-2.800649487032913498e+00
-2.801734877966571613e+00
-2.802817592049233753e+00
-2.803897631254297806e+00
-2.804974997602633469e+00
-2.806049693162200764e+00
-2.807121720047634827e+00
-2.808191080419854213e+00
-2.809257776485653224e+00
-2.810321810497305339e+00
-2.811383184752147990e+00
-2.812441901592196647e+00
-2.813497963403746027e+00
-2.814551372616936664e+00
-2.815602131705395195e+00
-2.816650243185797375e+00
-2.817695709617482169e+00
-2.818738533602058283e+00
-2.819778717782986277e+00
-2.820816264845173560e+00
-2.821851177514596909e+00
-2.822883458557886360e+00
-2.823913110781923308e+00
-2.824940137033450593e+00
-2.825964540198663055e+00
-2.826986323202816731e+00
-2.828005489009818962e+00
-2.829022040621859357e+00
-2.830035981078973695e+00
-2.831047313458678438e+00
-2.832056040875563951e+00
-2.833062166480900146e+00
-2.834065693462247015e+00
-2.835066625043047406e+00
-2.836064964482263306e+00
-2.837060715073949080e+00
-2.838053880146892638e+00
-2.839044463064220203e+00
-2.840032467222983747e+00
-2.841017896053805281e+00
-2.842000753020470505e+00
-2.842981041619559779e+00
-2.843958765380052434e+00
-2.844933927862953293e+00
-2.845906532660889443e+00
-2.846876583397766503e+00
-2.847844083728363618e+00
-2.848809037337963979e+00
-2.849771447941974234e+00
-2.850731319285560783e+00
-2.851688655143262530e+00
-2.852643459318628949e+00
-2.853595735643848830e+00
-2.854545487979372798e+00
-2.855492720213554936e+00
-2.856437436262282414e+00
-2.857379640068616222e+00
-2.858319335602411915e+00
-2.859256526859991432e+00
-2.860191217863735424e+00
-2.861123412661774612e+00
-2.862053115327594988e+00
-2.862980329959699866e+00
-2.863905060681267933e+00
-2.864827311639770002e+00
-2.865747087006644822e+00
-2.866664390976946031e+00
-2.867579227768990435e+00
-2.868491601624012954e+00
-2.869401516805824226e+00
-2.870308977600488642e+00
-2.871213988315936660e+00
-2.872116553281692575e+00
-2.873016676848471729e+00
-2.873914363387906068e+00
-2.874809617292171993e+00
-2.875702442973674167e+00
-2.876592844864711562e+00
-2.877480827417163489e+00
-2.878366395102160524e+00
-2.879249552409741231e+00
-2.880130303848564832e+00
-2.881008653945563047e+00
-2.881884607245646990e+00
-2.882758168311374547e+00
-2.883629341722641293e+00
-2.884498132076378951e+00
-2.885364543986235208e+00
-2.886228582082266847e+00
-2.887090251010647535e+00
-2.887949555433344084e+00
-2.888806500027831792e+00
-2.889661089486788903e+00
-2.890513328517801739e+00
-2.891363221843062714e+00
-2.892210774199092338e+00
-2.893055990336422578e+00
-2.893898875019337069e+00
-2.894739433025563802e+00
-2.895577669145995792e+00
-2.896413588184411303e+00
-2.897247194957180305e+00
-2.898078494293015783e+00
-2.898907491032643780e+00
-2.899734190028593783e+00
-2.900558596144872325e+00
-2.901380714256718285e+00
-2.902200549250322670e+00
-2.903018106022576372e+00
-2.903833389480785954e+00
-2.904646404542433391e+00
-2.905457156134888308e+00
-2.906265649195178380e+00
-2.907071888669708670e+00
-2.907875879514019601e+00
-2.908677626692537377e+00
-2.909477135178304863e+00
-2.910274409952760433e+00
-2.911069456005464406e+00
-2.911862278333881449e+00
-2.912652881943109229e+00
-2.913441271845666147e+00
-2.914227453061227990e+00
-2.915011430616413879e+00
-2.915793209544537579e+00
-2.916572794885373465e+00
-2.917350191684943361e+00
-2.918125404995269179e+00
-2.918898439874149098e+00
-2.919669301384955951e+00
-2.920437994596375653e+00
-2.921204524582225570e+00
-2.921968896421216044e+00
-2.922731115196731455e+00
-2.923491185996620167e+00
-2.924249113912989362e+00
-2.925004904041993203e+00
-2.925758561483609022e+00
-2.926510091341442799e+00
-2.927259498722531106e+00
-2.928006788737122612e+00
-2.928751966498488013e+00
-2.929495037122720635e+00
-2.930236005728537041e+00
-2.930974877437068304e+00
-2.931711657371699253e+00
-2.932446350657850420e+00
-2.933178962422790637e+00
-2.933909497795471388e+00
-2.934637961906304771e+00
-2.935364359887015606e+00
-2.936088696870438053e+00
-2.936810977990342408e+00
-2.937531208381255254e+00
-2.938249393178277380e+00
-2.938965537516934567e+00
-2.939679646532960877e+00
-2.940391725362169861e+00
-2.941101779140260941e+00
-2.941809813002660423e+00
-2.942515832084350080e+00
-2.943219841519716606e+00
-2.943921846442367762e+00
-2.944621851984996486e+00
-2.945319863279204142e+00
-2.946015885455357086e+00
-2.946709923642405915e+00
-2.947401982967765566e+00
-2.948092068557150558e+00
-2.948780185534416454e+00
-2.949466339021416861e+00
-2.950150534137857328e+00
-2.950832776001153679e+00
-2.951513069726280136e+00
-2.952191420425643642e+00
-2.952867833208923543e+00
-2.953542313182944579e+00
-2.954214865451534333e+00
-2.954885495115404659e+00
-2.955554207271993583e+00
-2.956221007015345847e+00
-2.956885899435989451e+00
-2.957548889620785104e+00
-2.958209982652824976e+00
-2.958869183611292364e+00
-2.959526497571333348e+00
-2.960181929603947104e+00
-2.960835484775859339e+00
-2.961487168149391280e+00
-2.962136984782357985e+00
-2.962784939727950206e+00
-2.963431038034602505e+00
-2.964075284745902650e+00
-2.964717684900463723e+00
-2.965358243531816207e+00
-2.965996965668300067e+00
-2.966633856332956842e+00
-2.967268920543421284e+00
-2.967902163311828101e+00
-2.968533589644684501e+00
-2.969163204542786705e+00
-2.969791013001119584e+00
-2.970417020008742082e+00
-2.971041230548706391e+00
-2.971663649597943380e+00
-2.972284282127189758e+00
-2.972903133100870399e+00
-2.973520207477013955e+00
-2.974135510207180033e+00
-2.974749046236329963e+00
-2.975360820502776171e+00
-2.975970837938071600e+00
-2.976579103466936438e+00
-2.977185622007151977e+00
-2.977790398469512656e+00
-2.978393437757707041e+00
-2.978994744768251213e+00
-2.979594324390415494e+00
-2.980192181506139626e+00
-2.980788320989947060e+00
-2.981382747708883230e+00
-2.981975466522425844e+00
-2.982566482282418718e+00
-2.983155799833003829e+00
-2.983743424010534273e+00
-2.984329359643517865e+00
-2.984913611552533652e+00
-2.985496184550180399e+00
-2.986077083440993540e+00
-2.986656313021394560e+00
-2.987233878079603500e+00
-2.987809783395600327e+00
-2.988384033741040113e+00
-2.988956633879208624e+00
-2.989527588564944161e+00
-2.990096902544593149e+00
-2.990664580555943530e+00
-2.991230627328171465e+00
-2.991795047581771172e+00
-2.992357846028529167e+00
-2.992919027371422125e+00
-2.993478596304611550e+00
-2.994036557513371832e+00
-2.994592915674017419e+00
-2.995147675453886826e+00
-2.995700841511277357e+00
-2.996252418495387815e+00
-2.996802411046280756e+00
-2.997350823794841190e+00
-2.997897661362709965e+00
-2.998442928362266002e+00
-2.998986629396545034e+00
-2.999528769059246702e+00
-3.000069351934639084e+00
-3.000608382597556467e+00
-3.001145865613330521e+00
-3.001681805537773862e+00
-3.002216206917128982e+00
-3.002749074288028286e+00
-3.003280412177459446e+00
-3.003810225102732101e+00
-3.004338517571432554e+00
-3.004865294081408233e+00
-3.005390559120708183e+00
-3.005914317167566630e+00
-3.006436572690363906e+00
-3.006957330147603358e+00
-3.007476593987872704e+00
-3.007994368649800965e+00
-3.008510658562062012e+00
-3.009025468143312843e+00
-3.009538801802186914e+00
-3.010050663937255511e+00
-3.010561058937009093e+00
-3.011069991179820438e+00
-3.011577465033931755e+00
-3.012083484857428939e+00
-3.012588054998202480e+00
-3.013091179793945251e+00
-3.013592863572115643e+00
-3.014093110649924689e+00
-3.014591925334309419e+00
-3.015089311921912874e+00
-3.015585274699068563e+00
-3.016079817941777819e+00
-3.016572945915692916e+00
-3.017064662876097980e+00
-3.017554973067890334e+00
-3.018043880725572947e+00
-3.018531390073225573e+00
-3.019017505324494088e+00
-3.019502230682579835e+00
-3.019985570340234293e+00
-3.020467528479713337e+00
-3.020948109272793225e+00
-3.021427316880752389e+00
-3.021905155454363889e+00
-3.022381629133859438e+00
-3.022856742048952938e+00
-3.023330498318806292e+00
-3.023802902052028507e+00
-3.024273957346660158e+00
-3.024743668290183596e+00
-3.025212038959484762e+00
-3.025679073420878495e+00
-3.026144775730065906e+00
-3.026609149932167675e+00
-3.027072200061678320e+00
-3.027533930142491059e+00
-3.027994344187879605e+00
-3.028453446200490617e+00
-3.028911240172345920e+00
-3.029367730084846055e+00
-3.029822919908739198e+00
-3.030276813604151354e+00
-3.030729415120567705e+00
-3.031180728396821511e+00
-3.031630757361126527e+00
-3.032079505931021934e+00
-3.032526978013437180e+00
-3.032973177504631135e+00
-3.033418108290231174e+00
-3.033861774245213638e+00
-3.034304179233931809e+00
-3.034745327110076385e+00
-3.035185221716699022e+00
-3.035623866886238975e+00
-3.036061266440472917e+00
-3.036497424190566896e+00
-3.036932343937051026e+00
-3.037366029469831030e+00
-3.037798484568190460e+00
-3.038229713000810683e+00
-3.038659718525746900e+00
-3.039088504890459674e+00
-3.039516075831803388e+00
-3.039942435076038674e+00
-3.040367586338848849e+00
-3.040791533325319485e+00
-3.041214279729977932e+00
-3.041635829236772448e+00
-3.042056185519099731e+00
-3.042475352239797814e+00
-3.042893333051167382e+00
-3.043310131594968659e+00
-3.043725751502438293e+00
-3.044140196394299114e+00
