6.000000000000093259e+00
5.948287708335591617e+00
5.799111331719219109e+00
5.568546720346704504e+00
5.278383125174867629e+00
4.951296244819650028e+00
4.607324345953261790e+00
4.262173097121646492e+00
3.926979281757927431e+00
3.608892212290902179e+00
3.311949960687257111e+00
3.037945588312097378e+00
2.787152043282750569e+00
2.558875382429603995e+00
2.351852339710637452e+00
2.164523433877532987e+00
1.995213295795696062e+00
1.842244887038746670e+00
1.704008139066919725e+00
1.578998016433987850e+00
1.465832605044322001e+00
1.363258535096902646e+00
1.270148679978010620e+00
1.185495410869063626e+00
1.108401542513639759e+00
1.038070328981199220e+00
9.737953480874137480e-01
9.149507691188741854e-01
8.609822736685920352e-01
8.113987534706847971e-01
7.657648146639611797e-01
7.236940589828001480e-01
6.848430827914538943e-01
6.489061321355619194e-01
6.156103688263654394e-01
5.847117240737277344e-01
5.559913260767127552e-01
5.292524784048175945e-01
5.043181415657772559e-01
4.810288434905755084e-01
4.592409280510083014e-01
4.388250500337169124e-01
4.196648386847928180e-01
4.016556738507722768e-01
3.847035418704876086e-01
3.687239575365953703e-01
3.536409512281832868e-01
3.393861266790265119e-01
3.258977961809828572e-01
3.131201982047846499e-01
3.010027991694189664e-01
2.894996776609414790e-01
2.785689865322517611e-01
2.681724863201760956e-01
2.582751423203520358e-01
2.488447773279127972e-01
2.398517722841891076e-01
2.312688076675737947e-01
2.230706392604359378e-01
2.152339027870081023e-01
2.077369427636940602e-01
2.005596616807532040e-01
1.936833863187732985e-01
1.870907485851790175e-01
1.807655787399294611e-01
1.746928092740491767e-01
1.688583880224863998e-01
1.632491993459955770e-01
1.578529924179095933e-01
1.526583158106647742e-01
1.476544577028503502e-01
1.428313911280431059e-01
1.381797237665923772e-01
1.336906518466800531e-01
1.293559177737231281e-01
1.251677711511925972e-01
1.211189328925651870e-01
1.172025621553296343e-01
1.134122258548825452e-01
1.097418705392952110e-01
1.061857964266667981e-01
1.027386334247139266e-01
9.939531896855022253e-02
9.615107752720056244e-02
9.300140164230981388e-02
8.994203437457079509e-02
8.696895304402604832e-02
8.407835416011180674e-02
8.126663944637317616e-02
7.853040287268026054e-02
7.586641861526699504e-02
7.327162987163177155e-02
7.074313846338615985e-02
6.827819516590358240e-02
6.587419070853042791e-02
6.352864739395697180e-02
6.123921128951741871e-02
5.900364494708894292e-02
5.681982061183983579e-02
5.468571388328735683e-02
5.259939779511546565e-02
5.055903728290171706e-02
4.856288401139095823e-02
4.660927153519577038e-02
4.469661076891021101e-02
4.282338574446924173e-02
4.098814963539972045e-02
3.918952102909942226e-02
3.742618042984114518e-02
3.569686697642294321e-02
3.400037535973571973e-02
3.233555292652556812e-02
3.070129695672232928e-02
2.909655210265989222e-02
2.752030797932275563e-02
2.597159689564791651e-02
2.444949171751273354e-02
2.295310385390667007e-02
2.148158135819040054e-02
2.003410713706035851e-02
1.860989726038068948e-02
1.720819936541859857e-02
1.582829114954061034e-02
1.446947894589227512e-02
1.313109637684206632e-02
1.181250308043729769e-02
1.051308350538449066e-02
9.232245770416154518e-03
7.969420584102993033e-03
6.724060221587460640e-03
5.495637554745996800e-03
4.283645132708402414e-03
3.087594309733987519e-03
1.907014417700254871e-03
7.414519806405311941e-04
-4.095300311130894988e-04
-1.546352909414371035e-03
-2.669422881546819337e-03
-3.779131750220425523e-03
-4.875857502140777677e-03
-5.959964886932705985e-03
-7.031805968042835475e-03
-8.091720647143869904e-03
-9.140037163499134532e-03
-1.017707256962935986e-02
-1.120313318453677875e-02
-1.221851502577548515e-02
-1.322350422132345660e-02
-1.421837740249187049e-02
-1.520340207874914390e-02
-1.617883699545247939e-02
-1.714493247536701126e-02
-1.810193074477832453e-02
-1.905006624501408286e-02
-1.998956593008906213e-02
-2.092064955121357428e-02
-2.184352992877181682e-02
-2.275841321243500526e-02
-2.366549912996902816e-02
-2.456498122530931943e-02
-2.545704708643962630e-02
-2.634187856353065529e-02
-2.721965197783820026e-02
-2.809053832181870880e-02
-2.895470345082859498e-02
-2.981230826688050645e-02
-3.066350889476632952e-02
-3.150845685092133752e-02
-3.234729920542320225e-02
-3.318017873734011025e-02
-3.400723408384129232e-02
-3.482859988328951273e-02
-3.564440691260089417e-02
-3.645478221916689798e-02
-3.725984924752140381e-02
-3.805972796107093270e-02
-3.885453495901250442e-02
-3.964438358873407370e-02
-4.042938405387522249e-02
-4.120964351818534599e-02
-4.198526620545788013e-02
-4.275635349561452553e-02
-4.352300401718768585e-02
-4.428531373628556006e-02
-4.504337604226462538e-02
-4.579728183015837478e-02
-4.654711958009875167e-02
-4.729297543377353197e-02
-4.803493326809696318e-02
-4.877307476617367965e-02
-4.950747948571403850e-02
-5.023822492494084413e-02
-5.096538658615953898e-02
-5.168903803703578381e-02
-5.240925096969609176e-02
-5.312609525772805930e-02
-5.383963901119269424e-02
-5.454994862970832109e-02
-5.525708885363352085e-02
-5.596112281354147233e-02
-5.666211207793955817e-02
-5.736011669936691426e-02
-5.805519525890601162e-02
-5.874740490918983760e-02
-5.943680141593860045e-02
-6.012343919810199389e-02
-6.080737136666168607e-02
-6.148864976211730615e-02
-6.216732499075214302e-02
-6.284344645967690490e-02
-6.351706241072929693e-02
-6.418821995325979524e-02
-6.485696509585114899e-02
-6.552334277700160026e-02
-6.618739689482375232e-02
-6.684917033577150725e-02
-6.750870500247585504e-02
-6.816604184065425120e-02
-6.882122086519512627e-02
-6.947428118541530695e-02
-7.012526102950540630e-02
-7.077419776822201081e-02
-7.142112793784077818e-02
-7.206608726239216445e-02
-7.270911067521271254e-02
-7.335023233983271884e-02
-7.398948567021951250e-02
-7.462690335041373413e-02
-7.526251735354595740e-02
-7.589635896032106976e-02
-7.652845877687647347e-02
-7.715884675219825128e-02
-7.778755219491068074e-02
-7.841460378966179368e-02
-7.904002961296638374e-02
-7.966385714859307299e-02
-8.028611330251218814e-02
-8.090682441739512065e-02
-8.152601628669353673e-02
-8.214371416831166284e-02
-8.275994279788191632e-02
-8.337472640165598248e-02
-8.398808870903737289e-02
-8.460005296474691627e-02
-8.521064194062916153e-02
-8.581987794716287865e-02
-8.642778284460631011e-02
-8.703437805385411119e-02
-8.763968456698285892e-02
-8.824372295748274253e-02
-8.884651339027033190e-02
-8.944807563133522210e-02
-9.004842905718489499e-02
-9.064759266400421178e-02
-9.124558507658214745e-02
-9.184242455697047558e-02
-9.243812901292070006e-02
-9.303271600612260384e-02
-9.362620276015710952e-02
-9.421860616828525714e-02
-9.480994280101120997e-02
-9.540022891347156586e-02
-9.598948045256594508e-02
-9.657771306396727151e-02
-9.716494209891630984e-02
-9.775118262082782561e-02
-9.833644941174848886e-02
-9.892075697863041139e-02
-9.950411955944984954e-02
-1.000865511291730847e-01
-1.006680654055382013e-01
-1.012486758547415100e-01
-1.018283956969209259e-01
-1.024072379115473080e-01
-1.029852152426516398e-01
-1.035623402039255320e-01
-1.041386250836971450e-01
-1.047140819497908854e-01
-1.052887226542409127e-01
-1.058625588379039223e-01
-1.064356019349676497e-01
-1.070078631773166006e-01
-1.075793535988379401e-01
-1.081500840395492324e-01
-1.087200651497131909e-01
-1.092893073937835635e-01
-1.098578210542761335e-01
-1.104256162355694709e-01
-1.109927028675671418e-01
-1.115590907093238771e-01
-1.121247893525374878e-01
-1.126898082249930266e-01
-1.132541565938993966e-01
-1.138178435691707263e-01
-1.143808781066040781e-01
-1.149432690110150229e-01
-1.155050249392524375e-01
-1.160661544031925396e-01
-1.166266657726365008e-01
-1.171865672781396972e-01
-1.177458670137831592e-01
-1.183045729398778528e-01
-1.188626928856173492e-01
-1.194202345516365837e-01
-1.199772055125629677e-01
-1.205336132194600729e-01
-1.210894650022423108e-01
-1.216447680720423308e-01
-1.221995295234954149e-01
-1.227537563369953122e-01
-1.233074553808982954e-01
-1.238606334136639203e-01
-1.244132970859671283e-01
-1.249654529427486338e-01
-1.255171074252181274e-01
-1.260682668728353162e-01
-1.266189375252151084e-01
-1.271691255240174068e-01
-1.277188369147863323e-01
-1.282680776487403473e-01
-1.288168535845447549e-01
-1.293651704900229404e-01
-1.299130340438366116e-01
-1.304604498371455812e-01
-1.310074233752190065e-01
-1.315539600790006369e-01
-1.321000652866648750e-01
-1.326457442551282895e-01
-1.331910021615152484e-01
-1.337358441046274937e-01
-1.342802751063425226e-01
-1.348243001130063623e-01
-1.353679239967975068e-01
-1.359111515570541884e-01
-1.364539875215715625e-01
-1.369964365478885948e-01
-1.375385032245214079e-01
-1.380801920721951015e-01
-1.386215075450444034e-01
-1.391624540317877579e-01
-1.397030358568548958e-01
-1.402432572815497103e-01
-1.407831225051182911e-01
-1.413226356658539018e-01
-1.418618008421366761e-01
-1.424006220534843603e-01
-1.429391032615600077e-01
-1.434772483711818647e-01
-1.440150612312753597e-01
-1.445525456358509875e-01
-1.450897053249304569e-01
-1.456265439854753374e-01
-1.461630652522689922e-01
-1.466992727088237136e-01
-1.472351698882264914e-01
-1.477707602739961046e-01
-1.483060473009213953e-01
-1.488410343558564664e-01
-1.493757247785479081e-01
-1.499101218623897780e-01
-1.504442288552174933e-01
-1.509780489600497655e-01
-1.515115853358308950e-01
-1.520448410981513621e-01
-1.525778193199707478e-01
-1.531105230323038802e-01
-1.536429552249130859e-01
-1.541751188469732969e-01
-1.547070168077468721e-01
-1.552386519772042395e-01
-1.557700271866782338e-01
-1.563011452294825188e-01
-1.568320088615232921e-01
-1.573626208018857608e-01
-1.578929837334433206e-01
-1.584231003034231589e-01
-1.589529731239617272e-01
-1.594826047726912999e-01
-1.600119977932571436e-01
-1.605411546958636915e-01
-1.610700779578030928e-01
-1.615987700239689684e-01
-1.621272333073599525e-01
-1.626554701895895072e-01
-1.631834830213567400e-01
-1.637112741229353463e-01
-1.642388457846613303e-01
-1.647662002673510040e-01
-1.652933398028123835e-01
-1.658202665942467013e-01
-1.663469828167009057e-01
-1.668734906175096955e-01
-1.673997921167032499e-01
-1.679258894074246722e-01
-1.684517845563434091e-01
-1.689774796040612037e-01
-1.695029765654870180e-01
-1.700282774302370736e-01
-1.705533841630156866e-01
-1.710782987039868031e-01
-1.716030229691331288e-01
-1.721275588506278043e-01
-1.726519082171842911e-01
-1.731760729144026234e-01
-1.737000547651118831e-01
-1.742238555697027680e-01
-1.747474771064742027e-01
-1.752709211319329607e-01
-1.757941893811404699e-01
-1.763172835680007766e-01
-1.768402053855842038e-01
-1.773629565064270552e-01
-1.778855385828322366e-01
-1.784079532471495866e-01
-1.789302021120877106e-01
-1.794522867709720804e-01
-1.799742087980407690e-01
-1.804959697487124315e-01
-1.810175711598474568e-01
-1.815390145500310193e-01
-1.820603014198175496e-01
-1.825814332519901106e-01
-1.831024115118224938e-01
-1.836232376473097283e-01
-1.841439130894260146e-01
-1.846644392523615619e-01
-1.851848175337473812e-01
-1.857050493149000059e-01
-1.862251359610500867e-01
-1.867450788215525292e-01
-1.872648792301247200e-01
-1.877845385050468108e-01
-1.883040579493867883e-01
-1.888234388512162742e-01
-1.893426824837985134e-01
-1.898617901058026192e-01
-1.903807629615108798e-01
-1.908996022810020288e-01
-1.914183092803467545e-01
-1.919368851618167837e-01
-1.924553311140471401e-01
-1.929736483122352075e-01
-1.934918379183231119e-01
-1.940099010811751623e-01
-1.945278389367428584e-01
-1.950456526082597619e-01
-1.955633432063989541e-01
-1.960809118294367104e-01
-1.965983595634257508e-01
-1.971156874823588312e-01
-1.976328966483304195e-01
-1.981499881116809414e-01
-1.986669629111720570e-01
-1.991838220741229404e-01
-1.997005666165687920e-01
-2.002171975434160200e-01
-2.007337158485736350e-01
-2.012501225151011597e-01
-2.017664185153568990e-01
-2.022826048111404096e-01
-2.027986823538136807e-01
-2.033146520844495153e-01
-2.038305149339641187e-01
-2.043462718232422204e-01
-2.048619236632703566e-01
-2.053774713552687647e-01
-2.058929157908040153e-01
-2.064082578519249589e-01
-2.069234984112804931e-01
-2.074386383322386895e-01
-2.079536784690027562e-01
-2.084686196667355773e-01
-2.089834627616618257e-01
-2.094982085811878114e-01
-2.100128579440259380e-01
-2.105274116602703915e-01
-2.110418705315467436e-01
-2.115562353510835325e-01
-2.120705069038372192e-01
-2.125846859665907196e-01
-2.130987733080507984e-01
-2.136127696889566496e-01
-2.141266758621721555e-01
-2.146404925727836421e-01
-2.151542205582024081e-01
-2.156678605482568178e-01
-2.161814132652733755e-01
-2.166948794241861376e-01
-2.172082597326275843e-01
-2.177215548910054199e-01
-2.182347655925911678e-01
-2.187478925236202576e-01
-2.192609363633631625e-01
-2.197738977842259855e-01
-2.202867774518131594e-01
-2.207995760250341388e-01
-2.213122941561568580e-01
-2.218249324909120079e-01
-2.223374916685599834e-01
-2.228499723219624640e-01
-2.233623750776786709e-01
-2.238747005560113856e-01
-2.243869493711189156e-01
-2.248991221310532029e-01
-2.254112194378526668e-01
-2.259232418876014059e-01
-2.264351900705221798e-01
-2.269470645710050249e-01
-2.274588659677223568e-01
-2.279705948336684662e-01
-2.284822517362240790e-01
-2.289938372372394559e-01
-2.295053518930788017e-01
-2.300167962547106648e-01
-2.305281708677387464e-01
-2.310394762724924667e-01
-2.315507130040730110e-01
-2.320618815924131439e-01
-2.325729825623446267e-01
-2.330840164336560327e-01
-2.335949837211482583e-01
-2.341058849346793203e-01
-2.346167205792486776e-01
-2.351274911550322311e-01
-2.356381971574433853e-01
-2.361488390771837864e-01
-2.366594174003045781e-01
-2.371699326082565007e-01
-2.376803851779284715e-01
-2.381907755817206374e-01
-2.387011042875811506e-01
-2.392113717590695909e-01
-2.397215784553876905e-01
-2.402317248314394527e-01
-2.407418113378844149e-01
-2.412518384211651823e-01
-2.417618065235822844e-01
-2.422717160833172401e-01
-2.427815675344884572e-01
-2.432913613071958359e-01
-2.438010978275740592e-01
-2.443107775178066099e-01
-2.448204007962063722e-01
-2.453299680772368374e-01
-2.458394797715531266e-01
-2.463489362860603327e-01
-2.468583380239403602e-01
-2.473676853846924761e-01
-2.478769787641829925e-01
-2.483862185546730772e-01
-2.488954051448810934e-01
-2.494045389199781582e-01
-2.499136202616736302e-01
-2.504226495482255732e-01
-2.509316271544843047e-01
-2.514405534519264518e-01
-2.519494288087009704e-01
-2.524582535896585100e-01
-2.529670281563707324e-01
-2.534757528671989224e-01
-2.539844280773003726e-01
-2.544930541386825062e-01
-2.550016314002119255e-01
-2.555101602076741973e-01
-2.560186409037898403e-01
-2.565270738282597884e-01
-2.570354593177738289e-01
-2.575437977060716088e-01
-2.580520893239525715e-01
-2.585603344993220865e-01
-2.590685335571993320e-01
-2.595766868197827981e-01
-2.600847946064419047e-01
-2.605928572337737892e-01
-2.611008750156165736e-01
-2.616088482630931078e-01
-2.621167772846152988e-01
-2.626246623859419538e-01
-2.631325038701842756e-01
-2.636403020378370043e-01
-2.641480571868181637e-01
-2.646557696124741677e-01
-2.651634396076342770e-01
-2.656710674626039381e-01
-2.661786534652164637e-01
-2.666861979008459671e-01
-2.671937010524392808e-01
-2.677011632005304453e-01
-2.682085846232798443e-01
-2.687159655964867500e-01
-2.692233063936118609e-01
-2.697306072858148829e-01
-2.702378685419642435e-01
-2.707450904286625715e-01
-2.712522732102827239e-01
-2.717594171489663979e-01
-2.722665225046606574e-01
-2.727735895351497963e-01
-2.732806184960590024e-01
-2.737876096408775606e-01
-2.742945632210003759e-01
-2.748014794857183141e-01
-2.753083586822658302e-01
-2.758152010558254652e-01
-2.763220068495502724e-01
-2.768287763045952921e-01
-2.773355096601247682e-01
-2.778422071533355187e-01
-2.783488690194685922e-01
-2.788554954918589512e-01
-2.793620868019049963e-01
-2.798686431791321816e-01
-2.803751648511851324e-01
-2.808816520438658926e-01
-2.813881049811192137e-01
-2.818945238850956159e-01
-2.824009089761302937e-01
-2.829072604727779772e-01
-2.834135785918318051e-01
-2.839198635483293764e-01
-2.844261155555838361e-01
-2.849323348251910359e-01
-2.854385215670453002e-01
-2.859446759893624623e-01
-2.864507982986874146e-01
-2.869568886999230850e-01
-2.874629473963328796e-01
-2.879689745895609443e-01
-2.884749704796463754e-01
-2.889809352650499763e-01
-2.894868691426461527e-01
-2.899927723077642683e-01
-2.904986449541800964e-01
-2.910044872741506805e-01
-2.915102994584090612e-01
-2.920160816961944739e-01
-2.925218341752545137e-01
-2.930275570818781650e-01
-2.935332506008798137e-01
-2.940389149156419912e-01
-2.945445502081117661e-01
-2.950501566588173419e-01
-2.955557344468844327e-01
-2.960612837500487537e-01
-2.965668047446664568e-01
-2.970722976057291187e-01
-2.975777625068772858e-01
-2.980831996204025836e-01
-2.985886091172822998e-01
-2.990939911671712803e-01
-2.995993459384181934e-01
-3.001046735980861246e-01
-3.006099743119540757e-01
-3.011152482445338396e-01
-3.016204955590855441e-01
-3.021257164176190946e-01
-3.026309109809127151e-01
-3.031360794085285471e-01
-3.036412218588027678e-01
-3.041463384888887789e-01
-3.046514294547422175e-01
-3.051564949111401637e-01
-3.056615350116931862e-01
-3.061665499088536135e-01
-3.066715397539347410e-01
-3.071765046971032809e-01
-3.076814448873982366e-01
-3.081863604727582695e-01
-3.086912516000003825e-01
-3.091961184148543373e-01
-3.097009610619553821e-01
-3.102057796848732285e-01
-3.107105744261051683e-01
-3.112153454270834563e-01
-3.117200928282050088e-01
-3.122248167688222442e-01
-3.127295173872583489e-01
-3.132341948208148819e-01
-3.137388492057800460e-01
-3.142434806774467848e-01
-3.147480893701086191e-01
-3.152526754170753009e-01
-3.157572389506798638e-01
-3.162617801022897246e-01
-3.167662990023102920e-01
-3.172707957801991774e-01
-3.177752705644668607e-01
-3.182797234826936772e-01
-3.187841546615305388e-01
-3.192885642267148660e-01
-3.197929523030705323e-01
-3.202973190145173565e-01
-3.208016644840809839e-01
-3.213059888339100389e-01
-3.218102921852584175e-01
-3.223145746585230342e-01
-3.228188363732236166e-01
-3.233230774480332914e-01
-3.238272980007698143e-01
-3.243314981484143322e-01
-3.248356780071115502e-01
-3.253398376921715629e-01
-3.258439773180947241e-01
-3.263480969985605995e-01
-3.268521968464468963e-01
-3.273562769738235234e-01
-3.278603374919817903e-01
-3.283643785114094271e-01
-3.288684001418266112e-01
-3.293724024921790838e-01
-3.298763856706395381e-01
-3.303803497846251047e-01
-3.308842949407991285e-01
-3.313882212450792175e-01
-3.318921288026407401e-01
-3.323960177179228759e-01
-3.328998880946323902e-01
-3.334037400357606762e-01
-3.339075736435863639e-01
-3.344113890196610539e-01
-3.349151862648482858e-01
-3.354189654793024444e-01
-3.359227267624859126e-01
-3.364264702131805063e-01
-3.369301959294799254e-01
-3.374339040088092379e-01
-3.379375945479071719e-01
-3.384412676428704692e-01
-3.389449233891175250e-01
-3.394485618814171435e-01
-3.399521832138980848e-01
-3.404557874800338002e-01
-3.409593747726656909e-01
-3.414629451840121011e-01
-3.419664988056405064e-01
-3.424700357285201391e-01
-3.429735560429806873e-01
-3.434770598387604235e-01
-3.439805472049719537e-01
-3.444840182301375786e-01
-3.449874730021766367e-01
-3.454909116084183829e-01
-3.459943341356009894e-01
-3.464977406698806495e-01
-3.470011312968338535e-01
-3.475045061014661596e-01
-3.480078651682127489e-01
-3.485112085809379256e-01
-3.490145364229551572e-01
-3.495178487770146947e-01
-3.500211457253250558e-01
-3.505244273495363716e-01
-3.510276937307582057e-01
-3.515309449495687688e-01
-3.520341810860078691e-01
-3.525374022195879031e-01
-3.530406084292866398e-01
-3.535437997935750865e-01
-3.540469763903961731e-01
-3.545501382971820159e-01
-3.550532855908577479e-01
-3.555564183478394091e-01
-3.560595366440477694e-01
-3.565626405549007782e-01
-3.570657301553301077e-01
-3.575688055197647208e-01
-3.580718667221646778e-01
-3.585749138359914379e-01
-3.590779469342452179e-01
-3.595809660894367932e-01
-3.600839713736182501e-01
-3.605869628583634467e-01
-3.610899406147894952e-01
-3.615929047135603147e-01
-3.620958552248678686e-01
-3.625987922184645829e-01
-3.631017157636434733e-01
-3.636046259292627369e-01
-3.641075227837271000e-01
-3.646104063950115770e-01
-3.651132768306515897e-01
-3.656161341577506829e-01
-3.661189784429826344e-01
-3.666218097525971720e-01
-3.671246281524179200e-01
-3.676274337078541676e-01
-3.681302264838947069e-01
-3.686330065451256521e-01
-3.691357739557089568e-01
-3.696385287794094476e-01
-3.701412710795891070e-01
-3.706440009191994678e-01
-3.711467183608079257e-01
-3.716494234665776997e-01
-3.721521162982896480e-01
-3.726547969173226726e-01
-3.731574653846844170e-01
-3.736601217609940018e-01
-3.741627661064865773e-01
-3.746653984810270344e-01
-3.751680189441028435e-01
-3.756706275548288287e-01
-3.761732243719600466e-01
-3.766758094538712465e-01
-3.771783828585883458e-01
-3.776809446437673357e-01
-3.781834948667054386e-01
-3.786860335843605929e-01
-3.791885608533188678e-01
-3.796910767298231626e-01
-3.801935812697806449e-01
-3.806960745287361614e-01
-3.811985565618977723e-01
-3.817010274241469658e-01
-3.822034871700070724e-01
-3.827059358536812339e-01
-3.832083735290430226e-01
-3.837108002496190662e-01
-3.842132160686314024e-01
-3.847156210389609532e-01
-3.852180152131660096e-01
-3.857203986434976084e-01
-3.862227713818740527e-01
-3.867251334799098328e-01
-3.872274849889009718e-01
-3.877298259598331298e-01
-3.882321564433819927e-01
-3.887344764899159366e-01
-3.892367861495054093e-01
-3.897390854719117170e-01
-3.902413745066056761e-01
-3.907436533027471293e-01
-3.912459219092089269e-01
-3.917481803745690438e-01
-3.922504287471182960e-01
-3.927526670748464066e-01
-3.932548954054696511e-01
-3.937571137864092630e-01
-3.942593222648126394e-01
-3.947615208875341342e-01
-3.952637097011644229e-01
-3.957658887519984181e-01
-3.962680580860774016e-01
-3.967702177491468918e-01
-3.972723677867025516e-01
-3.977745082439542723e-01
-3.982766391658534300e-01
-3.987787605970862792e-01
-3.992808725820658489e-01
-3.997829751649598085e-01
-4.002850683896610473e-01
-4.007871522998122105e-01
-4.012892269387978716e-01
-4.017912923497475863e-01
-4.022933485755388339e-01
-4.027953956587962403e-01
-4.032974336418977956e-01
-4.037994625669766857e-01
-4.043014824759172954e-01
-4.048034934103533211e-01
-4.053054954116874220e-01
-4.058074885210791738e-01
-4.063094727794469563e-01
-4.068114482274683974e-01
-4.073134149055915865e-01
-4.078153728540317990e-01
-4.083173221127663899e-01
-4.088192627215437303e-01
-4.093211947198848177e-01
-4.098231181470811113e-01
-4.103250330422004155e-01
-4.108269394440828282e-01
-4.113288373913451812e-01
-4.118307269223939193e-01
-4.123326080753985101e-01
-4.128344808883239736e-01
-4.133363453989098435e-01
-4.138382016446853218e-01
-4.143400496629637275e-01
-4.148418894908447729e-01
-4.153437211652233341e-01
-4.158455447227726309e-01
-4.163473601999735374e-01
-4.168491676330806084e-01
-4.173509670581661557e-01
-4.178527585110817788e-01
-4.183545420274811799e-01
-4.188563176428153900e-01
-4.193580853923443708e-01
-4.198598453111144768e-01
-4.203615974339848238e-01
-4.208633417956219591e-01
-4.213650784304896479e-01
-4.218668073728607526e-01
-4.223685286568217290e-01
-4.228702423162636892e-01
-4.233719483848814025e-01
-4.238736468961958326e-01
-4.243753378835317669e-01
-4.248770213800325268e-01
-4.253786974186521963e-01
-4.258803660321698881e-01
-4.263820272531735345e-01
-4.268836811140778176e-01
-4.273853276471120122e-01
-4.278869668843340301e-01
-4.283885988576147108e-01
-4.288902235986629119e-01
-4.293918411389968659e-01
-4.298934515099744891e-01
-4.303950547427704554e-01
-4.308966508683978458e-01
-4.313982399176919391e-01
-4.318998219213265322e-01
-4.324013969097962318e-01
-4.329029649134383817e-01
-4.334045259624237922e-01
-4.339060800867513001e-01
-4.344076273162653101e-01
-4.349091676806407514e-01
-4.354107012093925699e-01
-4.359122279318772275e-01
-4.364137478772899259e-01
-4.369152610746749876e-01
-4.374167675529029853e-01
-4.379182673407006621e-01
-4.384197604666398851e-01
-4.389212469591289856e-01
-4.394227268464311886e-01
-4.399242001566600613e-01
-4.404256669177648575e-01
-4.409271271575541662e-01
-4.414285809036880281e-01
-4.419300281836722188e-01
-4.424314690248682402e-01
-4.429329034544888244e-01
-4.434343314996060936e-01
-4.439357531871434559e-01
-4.444371685438799902e-01
-4.449385775964579404e-01
-4.454399803713652295e-01
-4.459413768949602175e-01
-4.464427671934573794e-01
-4.469441512929279159e-01
-4.474455292193120215e-01
-4.479469009984113348e-01
-4.484482666558827213e-01
-4.489496262172518182e-01
-4.494509797079173086e-01
-4.499523271531330471e-01
-4.504536685780234362e-01
-4.509550040075787636e-01
-4.514563334666589767e-01
-4.519576569799995669e-01
-4.524589745721931400e-01
-4.529602862677145070e-01
-4.534615920909034759e-01
-4.539628920659768418e-01
-4.544641862170235580e-01
-4.549654745680020151e-01
-4.554667571427524209e-01
-4.559680339649920811e-01
-4.564693050582991352e-01
-4.569705704461477502e-01
-4.574718301518789776e-01
-4.579730841987120216e-01
-4.584743326097609484e-01
-4.589755754079979932e-01
-4.594768126162935840e-01
-4.599780442573871975e-01
-4.604792703539101750e-01
-4.609804909283721774e-01
-4.614817060031634610e-01
-4.619829156005719195e-01
-4.624841197427562722e-01
-4.629853184517652154e-01
-4.634865117495395315e-01
-4.639876996579041513e-01
-4.644888821985699856e-01
-4.649900593931344805e-01
-4.654912312630924975e-01
-4.659923978298193270e-01
-4.664935591145940030e-01
-4.669947151385714923e-01
-4.674958659228087288e-01
-4.679970114882546217e-01
-4.684981518557495006e-01
-4.689992870460220065e-01
-4.695004170797042464e-01
-4.700015419773257985e-01
-4.705026617592964477e-01
-4.710037764459389931e-01
-4.715048860574628242e-01
-4.720059906139815742e-01
-4.725070901355055142e-01
-4.730081846419377234e-01
-4.735092741530849692e-01
-4.740103586886612597e-01
-4.745114382682623089e-01
-4.750125129114141642e-01
-4.755135826375115893e-01
-4.760146474658733529e-01
-4.765157074157135852e-01
-4.770167625061536021e-01
-4.775178127562100250e-01
-4.780188581848159868e-01
-4.785198988107997042e-01
-4.790209346528999657e-01
-4.795219657297589699e-01
-4.800229920599268230e-01
-4.805240136618606495e-01
-4.810250305539202631e-01
-4.815260427543855415e-01
-4.820270502814269498e-01
-4.825280531531394024e-01
-4.830290513875195590e-01
-4.835300450024784813e-01
-4.840310340158294200e-01
-4.845320184453050238e-01
-4.850329983085421293e-01
-4.855339736230949721e-01
-4.860349444064275271e-01
-4.865359106759111762e-01
-4.870368724488363665e-01
-4.875378297424068919e-01
-4.880387825737334540e-01
-4.885397309598476512e-01
-4.890406749176858248e-01
-4.895416144641144274e-01
-4.900425496158967165e-01
-4.905434803897257834e-01
-4.910444068022007946e-01
-4.915453288698387602e-01
-4.920462466090776976e-01
-4.925471600362594238e-01
-4.930480691676585869e-01
-4.935489740194526909e-01
-4.940498746077435777e-01
-4.945507709485511549e-01
-4.950516630578000732e-01
-4.955525509513515336e-01
-4.960534346449670395e-01
-4.965543141543380945e-01
-4.970551894950692717e-01
-4.975560606826757160e-01
-4.980569277326036270e-01
-4.985577906602072784e-01
-4.990586494807611184e-01
-4.995595042094591598e-01
-5.000603548614163119e-01
-5.005612014516576114e-01
-5.010620439951252170e-01
-5.015628825066912322e-01
-5.020637170011299499e-01
-5.025645474931426104e-01
-5.030653739973450778e-01
-5.035661965282675068e-01
-5.040670151003550092e-01
-5.045678297279786451e-01
-5.050686404254138839e-01
-5.055694472068550382e-01
-5.060702500864099340e-01
-5.065710490781095698e-01
-5.070718441958856904e-01
-5.075726354535929907e-01
-5.080734228649942397e-01
-5.085742064437652754e-01
-5.090749862034903428e-01
-5.095757621576699758e-01
-5.100765343197114499e-01
-5.105773027029268940e-01
-5.110780673205442826e-01
-5.115788281856877839e-01
-5.120795853113967455e-01
-5.125803387106077080e-01
-5.130810883961682833e-01
-5.135818343808236097e-01
-5.140825766772179062e-01
-5.145833152978924740e-01
-5.150840502552938016e-01
-5.155847815617665697e-01
-5.160855092295336677e-01
-5.165862332707263915e-01
-5.170869536973627945e-01
-5.175876705213467988e-01
-5.180883837544680848e-01
-5.185890934084058657e-01
-5.190897994947174521e-01
-5.195905020248496875e-01
-5.200912010101059746e-01
-5.205918964616922384e-01
-5.210925883906585288e-01
-5.215932768079460935e-01
-5.220939617243540720e-01
-5.225946431505426037e-01
-5.230953210970359368e-01
-5.235959955742148786e-01
-5.240966665923102452e-01
-5.245973341613999752e-01
-5.250979982914231181e-01
-5.255986589921347596e-01
-5.260993162731534278e-01
-5.265999701439140201e-01
-5.271006206136849004e-01
-5.276012676915659005e-01
-5.281019113864592329e-01
-5.286025517070988000e-01
-5.291031886620147784e-01
-5.296038222595484957e-01
-5.301044525078415504e-01
-5.306050794148110539e-01
-5.311057029881809388e-01
-5.316063232354429902e-01
-5.321069401638635066e-01
-5.326075537804744187e-01
-5.331081640920751763e-01
-5.336087711052023286e-01
-5.341093748261512841e-01
-5.346099752609437816e-01
-5.351105724153379928e-01
-5.356111662948060959e-01
-5.361117569045352749e-01
-5.366123442494151741e-01
-5.371129283340247973e-01
-5.376135091626345064e-01
-5.381140867391798199e-01
-5.386146610672705171e-01
-5.391152321501604394e-01
-5.396157999907486014e-01
-5.401163645915724176e-01
-5.406169259547716210e-01
-5.411174840821123544e-01
-5.416180389749423174e-01
-5.421185906342013139e-01
-5.426191390603952724e-01
-5.431196842535829239e-01
-5.436202262133706942e-01
-5.441207649388860590e-01
-5.446213004287772108e-01
-5.451218326811794190e-01
-5.456223616937222465e-01
-5.461228874634924679e-01
-5.466234099870309615e-01
-5.471239292603075066e-01
-5.476244452787042416e-01
-5.481249580370070040e-01
-5.486254675293780192e-01
-5.491259737493292548e-01
-5.496264766897247522e-01
-5.501269763427386605e-01
-5.506274726998464653e-01
-5.511279657518031172e-01
-5.516284554886096148e-01
-5.521289418995097842e-01
-5.526294249729505337e-01
-5.531299046965729715e-01
-5.536303810571695516e-01
-5.541308540406746364e-01
-5.546313236321350759e-01
-5.551317898156798991e-01
-5.556322525744944452e-01
-5.561327118908001577e-01
-5.566331677458148386e-01
-5.571336201197432114e-01
-5.576340689917150817e-01
-5.581345143397828945e-01
-5.586349561408873177e-01
-5.591353943708132768e-01
-5.596358290041625327e-01
-5.601362600143234838e-01
-5.606366873734355272e-01
-5.611371110523631911e-01
-5.616375310206330740e-01
-5.621379472464305138e-01
-5.626383596965467415e-01
-5.631387683363304753e-01
-5.636391731296747087e-01
-5.641395740389520963e-01
-5.646399710249898618e-01
-5.651403640470242795e-01
-5.656407530626476055e-01
-5.661411380277893146e-01
-5.666415188966407168e-01
-5.671418956216452978e-01
-5.676422681534192272e-01
-5.681426364407169416e-01
-5.686430004303983932e-01
-5.691433600673616588e-01
-5.696437152944945348e-01
-5.701440660526289061e-01
-5.706444122804954500e-01
-5.711447539146541352e-01
-5.716450908894590288e-01
-5.721454231369887955e-01
-5.726457505870035103e-01
-5.731460731668718278e-01
-5.736463908015309032e-01
-5.741467034134188907e-01
-5.746470109224165457e-01
-5.751473132457809445e-01
-5.756476102980923049e-01
-5.761479019911913690e-01
-5.766481882341080167e-01
-5.771484689329959838e-01
-5.776487439910825694e-01
-5.781490133085764871e-01
-5.786492767826212358e-01
-5.791495343072087243e-01
-5.796497857731329750e-01
-5.801500310678868733e-01
-5.806502700756100976e-01
-5.811505026770209525e-01
-5.816507287493200007e-01
-5.821509481661257812e-01
-5.826511607974053097e-01
-5.831513665093907006e-01
-5.836515651644833547e-01
-5.841517566212004464e-01
-5.846519407340728947e-01
-5.851521173535833009e-01
-5.856522863260575917e-01
-5.861524474935945195e-01
-5.866526006939825066e-01
-5.871527457606010580e-01
-5.876528825223489294e-01
-5.881530108035399884e-01
-5.886531304238167284e-01
-5.891532411980665573e-01
-5.896533429363128853e-01
-5.901534354436442920e-01
-5.906535185201046145e-01
-5.911535919605960254e-01
-5.916536555547847742e-01
-5.921537090870171438e-01
-5.926537523362026549e-01
-5.931537850757110375e-01
-5.936538070732990668e-01
-5.941538180909791134e-01
-5.946538178849223311e-01
-5.951538062053708389e-01
-5.956537827965213694e-01
-5.961537473964145795e-01
-5.966536997368306894e-01
-5.971536395431970012e-01
-5.976535665344573367e-01
-5.981534804229691193e-01
-5.986533809144040097e-01
-5.991532677076258917e-01
-5.996531404945758537e-01
-6.001529989601704917e-01
-6.006528427821781202e-01
-6.011526716311038632e-01
-6.016524851700816301e-01
-6.021522830547560989e-01
-6.026520649331547075e-01
-6.031518304455882884e-01
-6.036515792245076284e-01
-6.041513108944145394e-01
-6.046510250717133106e-01
-6.051507213646141192e-01
-6.056503993729838164e-01
-6.061500586882528907e-01
-6.066496988932797985e-01
-6.071493195622236216e-01
-6.076489202604237194e-01
-6.081485005442878178e-01
-6.086480599611376885e-01
-6.091475980491228848e-01
-6.096471143370598700e-01
-6.101466083443284338e-01
-6.106460795807413522e-01
-6.111455275464042769e-01
-6.116449517316104867e-01
-6.121443516166981125e-01
-6.126437266719195751e-01
-6.131430763573302301e-01
-6.136424001226512548e-01
-6.141416974071430834e-01
-6.146409676394616328e-01
-6.151402102375609360e-01
-6.156394246085420408e-01
-6.161386101485275546e-01
-6.166377662425406303e-01
-6.171368922643725163e-01
-6.176359875764487750e-01
-6.181350515297133752e-01
-6.186340834634945773e-01
-6.191330827053692643e-01
-6.196320485710513637e-01
-6.201309803642468532e-01
-6.206298773765441812e-01
-6.211287388872849258e-01
-6.216275641634121385e-01
-6.221263524593810823e-01
-6.226251030170223411e-01
-6.231238150653942709e-01
-6.236224878206922950e-01
-6.241211204861045747e-01
-6.246197122516913280e-01
-6.251182622942699219e-01
-6.256167697772897496e-01
-6.261152338507041115e-01
-6.266136536508631893e-01
-6.271120283003870366e-01
-6.276103569080454525e-01
-6.281086385686417417e-01
-6.286068723629045785e-01
-6.291050573573602200e-01
-6.296031926042284788e-01
-6.301012771413008196e-01
-6.305993099918285605e-01
-6.310972901644248401e-01
-6.315952166529421596e-01
-6.320930884363566982e-01
-6.325909044786889313e-01
-6.330886637288706265e-01
-6.335863651206440350e-01
-6.340840075724792912e-01
-6.345815899874455157e-01
-6.350791112531322113e-01
-6.355765702415413498e-01
-6.360739658089784587e-01
-6.365712967959918922e-01
-6.370685620272497074e-01
-6.375657603114435190e-01
-6.380628904412294355e-01
-6.385599511931125960e-01
-6.390569413273687882e-01
-6.395538595879620702e-01
-6.400507047024684981e-01
-6.405474753819730971e-01
-6.410441703210234543e-01
-6.415407881975299098e-01
-6.420373276726938361e-01
-6.425337873909420239e-01
-6.430301659798588476e-01
-6.435264620501074395e-01
-6.440226741953850587e-01
-6.445188009923195072e-01
-6.450148410004562516e-01
-6.455107927621733799e-01
-6.460066548026244249e-01
-6.465024256296978411e-01
-6.469981037339576080e-01
-6.474936875885838328e-01
-6.479891756493548760e-01
-6.484845663545805161e-01
-6.489798581250612042e-01
-6.494750493640674138e-01
-6.499701384572819096e-01
-6.504651237727947510e-01
-6.509600036610337925e-01
-6.514547764547778952e-01
-6.519494404691036360e-01
-6.524439940013839756e-01
-6.529384353312450706e-01
-6.534327627205863687e-01
-6.539269744135252083e-01
-6.544210686364090312e-01
-6.549150435978242646e-01
-6.554088974885550201e-01
-6.559026284816046326e-01
-6.563962347322095381e-01
-6.568897143778069658e-01
-6.573830655380682453e-01
-6.578762863149196782e-01
-6.583693747925283279e-01
-6.588623290373415431e-01
-6.593551470980876239e-01
-6.598478270058238948e-01
-6.603403667739461413e-01
-6.608327643982131461e-01
-6.613250178568105264e-01
-6.618171251103375230e-01
-6.623090841018950403e-01
-6.628008927570998576e-01
-6.632925489841366984e-01
-6.637840506738178492e-01
-6.642753956996126918e-01
-6.647665819177307478e-01
-6.652576071671565394e-01
-6.657484692697286377e-01
-6.662391660301978380e-01
-6.667296952362918860e-01
-6.672200546588066272e-01
-6.677102420516489723e-01
-6.682002551519437006e-01
-6.686900916801077344e-01
-6.691797493399320729e-01
-6.696692258186627278e-01
-6.701585187871065274e-01
-6.706476258997270401e-01
-6.711365447947299501e-01
-6.716252730941671967e-01
-6.721138084040506611e-01
-6.726021483144485336e-01
-6.730902903996157649e-01
-6.735782322180838833e-01
-6.740659713127877817e-01
-6.745535052112001662e-01
-6.750408314254320308e-01
-6.755279474523810945e-01
-6.760148507738481527e-01
-6.765015388566790744e-01
-6.769880091528830413e-01
-6.774742590998096281e-01
-6.779602861202475017e-01
-6.784460876225980597e-01
-6.789316610010177611e-01
-6.794170036355661191e-01
-6.799021128923649071e-01
-6.803869861237467065e-01
-6.808716206684327643e-01
-6.813560138516737696e-01
-6.818401629854395907e-01
-6.823240653685641588e-01
-6.828077182869446426e-01
-6.832911190136919943e-01
-6.837742648093149134e-01
-6.842571529219108051e-01
-6.847397805873353116e-01
-6.852221450293921601e-01
-6.857042434600334468e-01
-6.861860730795161789e-01
-6.866676310766443025e-01
-6.871489146289162520e-01
-6.876299209027622039e-01
-6.881106470537151631e-01
-6.885910902266301203e-01
-6.890712475558942174e-01
-6.895511161656066035e-01
-6.900306931698275692e-01
-6.905099756727566263e-01
-6.909889607689654323e-01
-6.914676455436155056e-01
-6.919460270726576212e-01
-6.924241024230801678e-01
-6.929018686531097648e-01
-6.933793228124395247e-01
-6.938564619424641977e-01
-6.943332830765088781e-01
-6.948097832400412788e-01
-6.952859594509287477e-01
-6.957618087196513201e-01
-6.962373280495507410e-01
-6.967125144370586165e-01
-6.971873648719406624e-01
-6.976618763375367349e-01
-6.981360458109902023e-01
-6.986098702635175073e-01
-6.990833466606249935e-01
-6.995564719623719174e-01
-7.000292431236031510e-01
-7.005016570942178555e-01
-7.009737108193949684e-01
-7.014454012398675387e-01
-7.019167252921540978e-01
-7.023876799088255574e-01
-7.028582620187494578e-01
-7.033284685473508713e-01
-7.037982964168656430e-01
-7.042677425465880825e-01
-7.047368038531536261e-01
-7.052054772507627689e-01
-7.056737596514678357e-01
-7.061416479654067935e-01
-7.066091391010884681e-01
-7.070762299656296879e-01
-7.075429174650332831e-01
-7.080091985044387748e-01
-7.084750699883911595e-01
-7.089405288210898215e-01
-7.094055719066546528e-01
-7.098701961494031654e-01
-7.103343984540919642e-01
-7.107981757261943034e-01
-7.112615248721431138e-01
-7.117244427996126666e-01
-7.121869264177657088e-01
-7.126489726375322409e-01
-7.131105783718537650e-01
-7.135717405359496279e-01
-7.140324560475792559e-01
-7.144927218273128267e-01
-7.149525347987694124e-01
-7.154118918888946466e-01
-7.158707900282121894e-01
-7.163292261510878500e-01
-7.167871971959794974e-01
-7.172447001057054017e-01
-7.177017318276920355e-01
-7.181582893142244295e-01
-7.186143695227198425e-01
-7.190699694159727873e-01
-7.195250859623977258e-01
-7.199797161362989639e-01
-7.204338569181109042e-01
-7.208875052946500661e-01
-7.213406582593766547e-01
-7.217933128126180486e-01
-7.222454659618390282e-01
-7.226971147218695934e-01
-7.231482561151734156e-01
-7.235988871720618887e-01
-7.240490049309584730e-01
-7.244986064386255142e-01
-7.249476887504177069e-01
-7.253962489304998096e-01
-7.258442840520952233e-01
-7.262917911977306851e-01
-7.267387674594442126e-01
-7.271852099390345714e-01
-7.276311157482928671e-01
-7.280764820092088252e-01
-7.285213058542270304e-01
-7.289655844264498752e-01
-7.294093148798604931e-01
-7.298524943795599018e-01
-7.302951201019700633e-01
-7.307371892350632558e-01
-7.311786989785573621e-01
-7.316196465441594521e-01
-7.320600291557411987e-01
-7.324998440495791296e-01
-7.329390884745439205e-01
-7.333777596923084507e-01
-7.338158549775530837e-01
-7.342533716181669501e-01
-7.346903069154436805e-01
-7.351266581842772485e-01
-7.355624227533559267e-01
-7.359975979653617939e-01
-7.364321811771457060e-01
-7.368661697599252491e-01
-7.372995610994733662e-01
-7.377323525962737882e-01
-7.381645416657487413e-01
-7.385961257383932832e-01
-7.390271022599661510e-01
-7.394574686916630668e-01
-7.398872225102995914e-01
-7.403163612084474599e-01
-7.407448822946323119e-01
-7.411727832934834614e-01
-7.416000617458846644e-01
-7.420267152091515328e-01
-7.424527412571698681e-01
-7.428781374805659699e-01
-7.433029014868328677e-01
-7.437270309004974100e-01
-7.441505233632698113e-01
-7.445733765341596699e-01
-7.449955880896400595e-01
-7.454171557237834200e-01
-7.458380771483760219e-01
-7.462583500930649594e-01
-7.466779723055053664e-01
-7.470969415514401302e-01
-7.475152556148696448e-01
-7.479329122981468458e-01
-7.483499094221126580e-01
-7.487662448261963588e-01
-7.491819163685359273e-01
-7.495969219260908423e-01
-7.500112593947469986e-01
-7.504249266894268411e-01
-7.508379217441804032e-01
-7.512502425123041006e-01
-7.516618869664201119e-01
-7.520728530985728577e-01
-7.524831389203353593e-01
-7.528927424628861775e-01
-7.533016617770929013e-01
-7.537098949336191733e-01
-7.541174400229663233e-01
-7.545242951555896083e-01
-7.549304584619574987e-01
-7.553359280926191799e-01
-7.557407022182915934e-01
-7.561447790299137273e-01
-7.565481567387175588e-01
-7.569508335762976659e-01
-7.573528077946480863e-01
-7.577540776662440303e-01
-7.581546414840982795e-01
-7.585544975617911634e-01
-7.589536442335368394e-01
-7.593520798542313655e-01
-7.597498027994881165e-01
-7.601468114656898534e-01
-7.605431042700169231e-01
-7.609386796504998829e-01
-7.613335360660381523e-01
-7.617276719964483078e-01
-7.621210859424782935e-01
-7.625137764258431705e-01
-7.629057419892536496e-01
-7.632969811964241957e-01
-7.636874926321092216e-01
-7.640772749021191856e-01
-7.644663266333182605e-01
-7.648546464736593054e-01
-7.652422330921813121e-01
-7.656290851790243934e-01
-7.660152014454272296e-01
-7.664005806237441654e-01
-7.667852214674312217e-01
-7.671691227510579747e-01
-7.675522832702953435e-01
-7.679347018419235837e-01
-7.683163773038014233e-01
-7.686973085148827156e-01
-7.690774943551859089e-01
-7.694569337257878283e-01
-7.698356255488167932e-01
-7.702135687674007691e-01
-7.705907623457002309e-01
-7.709672052688332222e-01
-7.713428965428925643e-01
-7.717178351948815740e-01
-7.720920202727239445e-01
-7.724654508452042379e-01
-7.728381260019524523e-01
-7.732100448534030557e-01
-7.735812065307587915e-01
-7.739516101859581498e-01
-7.743212549916238530e-01
-7.746901401410379862e-01
-7.750582648480844883e-01
-7.754256283472165112e-01
-7.757922298933943583e-01
-7.761580687620471819e-01
-7.765231442490260205e-01
-7.768874556705421819e-01
-7.772510023631222786e-01
-7.776137836835327333e-01
-7.779757990087641240e-01
-7.783370477359232709e-01
-7.786975292822158057e-01
-7.790572430848522467e-01
-7.794161886010060325e-01
-7.797743653077393589e-01
-7.801317727019329018e-01
-7.804884103002357465e-01
-7.808442776389699080e-01
-7.811993742740940272e-01
-7.815536997810912379e-01
-7.819072537549288660e-01
-7.822600358099758289e-01
-7.826120455799129294e-01
-7.829632827176669085e-01
-7.833137468953365046e-01
-7.836634378041068549e-01
-7.840123551541638980e-01
-7.843604986746215424e-01
-7.847078681134311839e-01
-7.850544632373046561e-01
-7.854002838316216373e-01
-7.857453297003510473e-01
-7.860896006659485735e-01
-7.864330965692908348e-01
-7.867758172695574759e-01
-7.871177626441718811e-01
-7.874589325886777180e-01
-7.877993270166713247e-01
-7.881389458596969044e-01
-7.884777890671578193e-01
-7.888158566062057897e-01
-7.891531484616602921e-01
-7.894896646359161885e-01
-7.898254051488201588e-01
-7.901603700376040873e-01
-7.904945593567531681e-01
-7.908279731779350730e-01
-7.911606115898801583e-01
-7.914924746982887616e-01
-7.918235626257138504e-01
-7.921538755114884145e-01
-7.924834135115826905e-01
-7.928121767985329971e-01
-7.931401655613137258e-01
-7.934673800052470805e-01
-7.937938203518893898e-01
-7.941194868389243045e-01
-7.944443797200515522e-01
-7.947684992648994529e-01
-7.950918457588873611e-01
-7.954144195031298548e-01
-7.957362208143383686e-01
-7.960572500246967387e-01
-7.963775074817572852e-01
-7.966969935483213527e-01
-7.970157086023462734e-01
-7.973336530368193564e-01
-7.976508272596545268e-01
-7.979672316935627618e-01
-7.982828667759729324e-01
-7.985977329588889173e-01
-7.989118307087879067e-01
-7.992251605065087139e-01
-7.995377228471386433e-01
-7.998495182398889236e-01
-8.001605472080159931e-01
-8.004708102886541887e-01
-8.007803080327383638e-01
-8.010890410048907562e-01
-8.013970097832819883e-01
-8.017042149595415834e-01
-8.020106571386280692e-01
-8.023163369387217303e-01
-8.026212549911092564e-01
-8.029254119400661693e-01
-8.032288084427370300e-01
-8.035314451690322990e-01
-8.038333228015144272e-01
-8.041344420352593003e-01
-8.044348035777760808e-01
-8.047344081488615464e-01
-8.050332564805009472e-01
-8.053313493167602033e-01
-8.056286874136535658e-01
-8.059252715390319288e-01
-8.062211024724810216e-01
-8.065161810051992841e-01
-8.068105079398806279e-01
-8.071040840906087421e-01
-8.073969102827313060e-01
-8.076889873527555164e-01
-8.079803161482251861e-01
-8.082708975276284846e-01
-8.085607323602527208e-01
-8.088498215260977453e-01
-8.091381659157517170e-01
-8.094257664302790811e-01
-8.097126239811113235e-01
-8.099987394899234028e-01
-8.102841138885464867e-01
-8.105687481188211807e-01
-8.108526431325194794e-01
-8.111357998912255285e-01
-8.114182193661985121e-01
-8.116999025382966026e-01
-8.119808503978466208e-01
-8.122610639445468905e-01
-8.125405441873464474e-01
-8.128192921443447849e-01
-8.130973088426619588e-01
-8.133745953183670885e-01
-8.136511526163395791e-01
-8.139269817901730875e-01
-8.142020839020625012e-01
-8.144764600227087925e-01
-8.147501112311961169e-01
-8.150230386148956674e-01
-8.152952432693624241e-01
-8.155667262982201349e-01
-8.158374888130603964e-01
-8.161075319333418454e-01
-8.163768567862859094e-01
-8.166454645067596774e-01
-8.169133562371997392e-01
-8.171805331274730744e-01
-8.174469963348129919e-01
-8.177127470236845719e-01
-8.179777863657019532e-01
-8.182421155395315226e-01
-8.185057357307702341e-01
-8.187686481318621201e-01
-8.190308539419973721e-01
-8.192923543670113107e-01
-8.195531506192790250e-01
-8.198132439176261110e-01
-8.200726354872410750e-01
-8.203313265595389980e-01
-8.205893183721274520e-01
-8.208466121686358585e-01
-8.211032091986941728e-01
-8.213591107177864448e-01
-8.216143179871758795e-01
-8.218688322738021412e-01
-8.221226548502043041e-01
-8.223757869944192667e-01
-8.226282299898748374e-01
-8.228799851253268960e-01
-8.231310536947398226e-01
-8.233814369972215497e-01
-8.236311363369122063e-01
-8.238801530229065140e-01
-8.241284883691620822e-01
-8.243761436944129217e-01
-8.246231203220751871e-01
-8.248694195801724582e-01
-8.251150428012310467e-01
-8.253599913222094964e-01
-8.256042664844098766e-01
-8.258478696333856339e-01
-8.260908021188633210e-01
-8.263330652946673238e-01
-8.265746605186093943e-01
-8.268155891524374690e-01
-8.270558525617383028e-01
-8.272954521158517593e-01
-8.275343891878026437e-01
-8.277726651542034464e-01
-8.280102813952048280e-01
-8.282472392943653894e-01
-8.284835402386363512e-01
-8.287191856182319905e-01
-8.289541768265783483e-01
-8.291885152602230802e-01
-8.294222023187762804e-01
-8.296552394048133383e-01
-8.298876279238220910e-01
-8.301193692841062344e-01
-8.303504648967324764e-01
-8.305809161754391656e-01
-8.308107245365755622e-01
-8.310398913990283409e-01
-8.312684181841366593e-01
-8.314963063156455281e-01
-8.317235572196094440e-01
-8.319501723243470925e-01
-8.321761530603487556e-01
-8.324015008602276833e-01
-8.326262171586330529e-01
-8.328503033922027843e-01
-8.330737609994830484e-01
-8.332965914208600999e-01
-8.335187960985068756e-01
-8.337403764763076097e-01
-8.339613339997886676e-01
-8.341816701160780223e-01
-8.344013862738072218e-01
-8.346204839230803030e-01
-8.348389645153970751e-01
-8.350568295035839528e-01
-8.352740803417421089e-01
-8.354907184851899649e-01
-8.357067453904031273e-01
-8.359221625149392265e-01
-8.361369713173933960e-01
-8.363511732573416513e-01
-8.365647697952703910e-01
-8.367777623925323205e-01
-8.369901525112830587e-01
-8.372019416144240722e-01
-8.374131311655389487e-01
-8.376237226288633098e-01
-8.378337174692078726e-01
-8.380431171519051592e-01
-8.382519231427758566e-01
-8.384601369080417754e-01
-8.386677599143097517e-01
-8.388747936284964846e-01
-8.390812395177844607e-01
-8.392870990495701067e-01
-8.394923736914062795e-01
-8.396970649109787299e-01
-8.399011741760150640e-01
-8.401047029542731970e-01
-8.403076527134719642e-01
-8.405100249212522634e-01
-8.407118210451219875e-01
-8.409130425524222741e-01
-8.411136909102634451e-01
-8.413137675854981401e-01
-8.415132740446600312e-01
-8.417122117539371784e-01
-8.419105821790926480e-01
-8.421083867854621818e-01
-8.423056270378950217e-01
-8.425023044007028394e-01
-8.426984203376204352e-01
-8.428939763117714312e-01
-8.430889737856197552e-01
-8.432834142209286732e-01
-8.434772990787327007e-01
-8.436706298192775400e-01
-8.438634079019957657e-01
-8.440556347854534236e-01
-8.442473119273374849e-01
-8.444384407843883444e-01
-8.446290228123729538e-01
-8.448190594660609509e-01
-8.450085521991586024e-01
-8.451975024643043621e-01
-8.453859117130160250e-01
-8.455737813956498705e-01
-8.457611129613815670e-01
-8.459479078581630951e-01
-8.461341675326803369e-01
-8.463198934303334253e-01
-8.465050869952017720e-01
-8.466897496699964387e-01
-8.468738828960508114e-01
-8.470574881132686418e-01
-8.472405667601002888e-01
-8.474231202735125201e-01
-8.476051500889530965e-01
-8.477866576403257914e-01
-8.479676443599630797e-01
-8.481481116785811736e-01
-8.483280610252658116e-01
-8.485074938274429490e-01
-8.486864115108363471e-01
-8.488648154994622441e-01
-8.490427072155716237e-01
-8.492200880796576534e-01
-8.493969595104003956e-01
-8.495733229246458240e-01
-8.497491797374062683e-01
-8.499245313617856956e-01
-8.500993792090023593e-01
-8.502737246883348421e-01
-8.504475692071081783e-01
-8.506209141706584376e-01
-8.507937609823340575e-01
-8.509661110434419973e-01
-8.511379657532393006e-01
-8.513093265089125561e-01
-8.514801947055534725e-01
-8.516505717361281258e-01
-8.518204589914694091e-01
-8.519898578602400629e-01
-8.521587697289244590e-01
-8.523271959818028431e-01
-8.524951380009286872e-01
-8.526625971661105918e-01
-8.528295748548881949e-01
-8.529960724425227347e-01
-8.531620913019670738e-01
-8.533276328038591485e-01
-8.534926983164821124e-01
-8.536572892057715523e-01
-8.538214068352767416e-01
-8.539850525661581981e-01
-8.541482277571559312e-01
-8.543109337645857781e-01
-8.544731719423127592e-01
-8.546349436417453038e-01
-8.547962502118015005e-01
-8.549570929989208645e-01
-8.551174733470060518e-01
-8.552773925974553881e-01
-8.554368520891242333e-01
-8.555958531582938953e-01
-8.557543971386898374e-01
-8.559124853614541450e-01
-8.560701191551185474e-01
-8.562272998456061934e-01
-8.563840287562206610e-01
-8.565403072076145374e-01
-8.566961365178015209e-01
-8.568515180021097910e-01
-8.570064529732162040e-01
-8.571609427410851190e-01
-8.573149886129943775e-01
-8.574685918934948914e-01
-8.576217538844255195e-01
-8.577744758848843132e-01
-8.579267591912217439e-01
-8.580786050970309331e-01
-8.582300148931385486e-01
-8.583809898675854866e-01
-8.585315313056429698e-01
-8.586816404897639199e-01
-8.588313186996042736e-01
-8.589805672119981139e-01
-8.591293873009624438e-01
-8.592777802376758700e-01
-8.594257472904621720e-01
-8.595732897248101745e-01
-8.597204088033387759e-01
-8.598671057858030542e-01
-8.600133819290798343e-01
-8.601592384871649122e-01
-8.603046767111600657e-01
-8.604496978492723880e-01
-8.605943031468069604e-01
-8.607384938461490886e-01
-8.608822711867699651e-01
-8.610256364052163436e-01
-8.611685907351064317e-01
-8.613111354071193437e-01
-8.614532716489878839e-01
-8.615950006855029875e-01
-8.617363237384980668e-01
-8.618772420268507872e-01
-8.620177567664706331e-01
-8.621578691702995734e-01
-8.622975804483095086e-01
-8.624368918074907242e-01
-8.625758044518476719e-01
-8.627143195824020783e-01
-8.628524383971931666e-01
-8.629901620912490134e-01
-8.631274918566049781e-01
-8.632644288822967082e-01
-8.634009743543628046e-01
-8.635371294558134014e-01
-8.636728953666662489e-01
-8.638082732639136285e-01
-8.639432643215337881e-01
-8.640778697104796180e-01
-8.642120905986953039e-01
-8.643459281510823544e-01
-8.644793835295334627e-01
-8.646124578928933158e-01
-8.647451523969961196e-01
-8.648774681946249654e-01
-8.650094064355390300e-01
-8.651409682664612522e-01
-8.652721548310750022e-01
-8.654029672700260800e-01
-8.655334067209279336e-01
-8.656634743183403424e-01
-8.657931711937923991e-01
-8.659224984757715182e-01
-8.660514572897111130e-01
-8.661800487580250119e-01
-8.663082740000555004e-01
-8.664361341321301646e-01
-8.665636302675133740e-01
-8.666907635164337043e-01
-8.668175349860728351e-01
-8.669439457805865334e-01
-8.670699970010682378e-01
-8.671956897455683766e-01
-8.673210251091220124e-01
-8.674460041836939972e-01
-8.675706280582301533e-01
-8.676948978186314054e-01
-8.678188145477591098e-01
-8.679423793254374964e-01
-8.680655932284671028e-01
-8.681884573306003494e-01
-8.683109727025682956e-01
-8.684331404120670950e-01
-8.685549615237607712e-01
-8.686764370992980933e-01
-8.687975681972877062e-01
-8.689183558733291068e-01
-8.690388011799905499e-01
-8.691589051668285881e-01
-8.692786688803740835e-01
-8.693980933641537456e-01
-8.695171796586746993e-01
-8.696359288014391398e-01
-8.697543418269425564e-01
