6.000000000000093259e+00
5.948287708335591617e+00
5.799111331719219109e+00
5.568546720346704504e+00
5.278383125174867629e+00
4.951296244819650028e+00
4.607324345953261790e+00
4.262173097121646492e+00
3.926979281757927431e+00
3.608892212290902179e+00
3.311949960687257111e+00
3.037945588312097378e+00
2.787152043282750569e+00
2.558875382429603995e+00
2.351852339710637452e+00
2.164523433877532987e+00
1.995213295795696062e+00
1.842244887038746670e+00
1.704008139066919725e+00
1.578998016433987850e+00
1.465832605044322001e+00
1.363258535096902646e+00
1.270148679978010398e+00
1.185495410869060740e+00
1.108401542513535398e+00
1.038070328978909940e+00
9.737953480553048768e-01
9.149507688086202517e-01
8.609822714755412942e-01
8.113987415605397047e-01
7.657647629225555752e-01
7.236938730716815371e-01
6.848425147521153278e-01
6.489046215506508730e-01
6.156068036213554473e-01
5.847041320939838638e-01
5.559765341315090481e-01
5.292257938998268241e-01
5.042731153105211028e-01
4.809571595467717064e-01
4.591324426809934023e-01
4.386679750506625175e-01
4.194460422130548705e-01
4.013610580277695017e-01
3.843184532095703099e-01
3.682335897696809024e-01
3.530307094764460474e-01
3.386419327397258705e-01
3.250063252231272792e-01
3.120690458083731911e-01
2.997805838355124264e-01
2.880960876862216358e-01
2.769747818602671385e-01
2.663794661739051217e-01
2.562760886093721768e-01
2.466333824526912577e-01
2.374225583661477568e-01
2.286170426455275961e-01
2.201922538496317305e-01
2.121254110650182823e-01
2.043953681488070995e-01
1.969824692943271949e-01
1.898684221480222700e-01
1.830361854548525069e-01
1.764698688271944538e-01
1.701546427299647501e-01
1.640766571693222375e-01
1.582229678805261996e-01
1.525814690495058690e-01
1.471408317863288628e-01
1.418904477095371819e-01
1.368203771086534681e-01
1.319213012350386738e-01
1.271844783361580911e-01
1.226017030987247292e-01
1.181652692066736676e-01
1.138679347524566704e-01
1.097028902670660472e-01
1.056637291569076098e-01
1.017444203548323045e-01
9.793928300974452661e-02
9.424296305388668582e-02
9.065041150032698836e-02
8.715686433525668408e-02
8.375782388044518412e-02
8.044904151139961601e-02
7.722650162581340405e-02
7.408640676524902435e-02
7.102516380091632164e-02
6.803937110134503086e-02
6.512580660642949826e-02
6.228141673836212061e-02
5.950330608544728700e-02
5.678872780007798715e-02
5.413507465666810708e-02
5.153987071983594237e-02
4.900076357702875390e-02
4.651551709344614594e-02
4.408200465050780142e-02
4.169820283215931039e-02
3.936218552616504301e-02
3.707211841012352654e-02
3.482625379433513385e-02
3.262292579581574370e-02
3.046054581979067838e-02
2.833759832679447199e-02
2.625263686526918550e-02
2.420428035100603142e-02
2.219120957630350832e-02
2.021216393291162816e-02
1.826593833415971618e-02
1.635138032265164715e-02
1.446738735099076939e-02
1.261290422393673838e-02
1.078692069119453062e-02
8.988469180919923807e-03
7.216622664620038485e-03
5.470492644986987840e-03
3.749227258602993995e-03
2.052009486164477203e-03
3.780554634125049551e-04
-1.273387113672620752e-03
-2.903040495336579874e-03
-4.511598301637408104e-03
-6.099726868358412712e-03
-7.668066519988123164e-03
-9.217232774244299431e-03
-1.074781748227154193e-02
-1.226038990844546817e-02
-1.375549775330116298e-02
-1.523366812307284240e-02
-1.669540844891104214e-02
-1.814120735877371854e-02
-1.957153550473138270e-02
-2.098684634824708739e-02
-2.238757690587140498e-02
-2.377414845758330647e-02
-2.514696721990641176e-02
-2.650642498579191403e-02
-2.785289973308661265e-02
-2.918675620336617926e-02
-3.050834645275742052e-02
-3.181801037627059181e-02
-3.311607620709951932e-02
-3.440286099223113792e-02
-3.567867104561792818e-02
-3.694380238020213147e-02
-3.819854111974636812e-02
-3.944316389170580278e-02
-4.067793820201862087e-02
-4.190312279280773711e-02
-4.311896798387251234e-02
-4.432571599877722923e-02
-4.552360127635041859e-02
-4.671285076831025590e-02
-4.789368422375486073e-02
-4.906631446112448558e-02
-5.023094762830002113e-02
-5.138778345139728004e-02
-5.253701547282985107e-02
-5.367883127917688624e-02
-5.481341271931192138e-02
-5.594093611329195581e-02
-5.706157245246467474e-02
-5.817548759116063922e-02
-5.928284243044246171e-02
-6.038379309422176044e-02
-6.147849109811767687e-02
-6.256708351145072455e-02
-6.364971311258627029e-02
-6.472651853804060884e-02
-6.579763442556973985e-02
-6.686319155152550819e-02
-6.792331696277430220e-02
-6.897813410336109397e-02
-7.002776293623708126e-02
-7.107232006017470682e-02
-7.211191882216611004e-02
-7.314666942548145312e-02
-7.417667903352523351e-02
-7.520205186976872125e-02
-7.622288931383255917e-02
-7.723928999396757755e-02
-7.825134987601861658e-02
-7.925916234909546887e-02
-8.026281830800083283e-02
-8.126240623265021390e-02
-8.225801226452857107e-02
-8.324972028035992899e-02
-8.423761196307044674e-02
-8.522176687020280306e-02
-8.620226249982253230e-02
-8.717917435408711890e-02
-8.815257600052316123e-02
-8.912253913112641590e-02
-9.008913361936149444e-02
-9.105242757517352514e-02
-9.201248739807174615e-02
-9.296937782831203589e-02
-9.392316199637065766e-02
-9.487390147066361579e-02
-9.582165630364397613e-02
-9.676648507631277485e-02
-9.770844494122633839e-02
-9.864759166403233581e-02
-9.958397966361190456e-02
-1.005176620508820007e-01
-1.014486906662809274e-01
-1.023771161160341309e-01
-1.033029878071974883e-01
-1.042263539815567464e-01
-1.051472617484132815e-01
-1.060657571163033108e-01
-1.069818850236808616e-01
-1.078956893686167373e-01
-1.088072130375251911e-01
-1.097164979329995071e-01
-1.106235850007215027e-01
-1.115285142555456077e-01
-1.124313248067565080e-01
-1.133320548825141189e-01
-1.142307418535460084e-01
-1.151274222561001481e-01
-1.160221318141807373e-01
-1.169149054610992833e-01
-1.178057773603623098e-01
-1.186947809259144143e-01
-1.195819488417748100e-01
-1.204673130810533649e-01
-1.213509049244354820e-01
-1.222327549780398426e-01
-1.231128931908348351e-01
-1.239913488714277090e-01
-1.248681507044502870e-01
-1.257433267664020138e-01
-1.266169045410367455e-01
-1.274889109343106675e-01
-1.283593722888818345e-01
-1.292283143981889926e-01
-1.300957625201241696e-01
-1.309617413903080285e-01
-1.318262752349811107e-01
-1.326893877835361168e-01
-1.335511022806837034e-01
-1.344114414982585937e-01
-1.352704277467301208e-01
-1.361280828863476178e-01
-1.369844283379970107e-01
-1.378394850937468274e-01
-1.386932737270792360e-01
-1.395458144029032288e-01
-1.403971268872012401e-01
-1.412472305564737296e-01
-1.420961444068988555e-01
-1.429438870632593339e-01
-1.437904767876007073e-01
-1.446359314876685676e-01
-1.454802687251470772e-01
-1.463235057236118297e-01
-1.471656593763185084e-01
-1.480067462537663081e-01
-1.488467826110870806e-01
-1.496857843951757971e-01
-1.505237672517009406e-01
-1.513607465318989598e-01
-1.521967372991805956e-01
-1.530317543355885213e-01
-1.538658121480710739e-01
-1.546989249746007766e-01
-1.555311067901405386e-01
-1.563623713124249193e-01
-1.571927320076471069e-01
-1.580222020959417273e-01
-1.588507945567767532e-01
-1.596785221341801564e-01
-1.605053973418407720e-01
-1.613314324680840961e-01
-1.621566395807318983e-01
-1.629810305318158403e-01
-1.638046169621901749e-01
-1.646274103060402505e-01
-1.654494217952484358e-01
-1.662706624636996200e-01
-1.670911431514093271e-01
-1.679108745086382581e-01
-1.687298669998382461e-01
-1.695481309075229648e-01
-1.703656763360693605e-01
-1.711825132153791951e-01
-1.719986513045055065e-01
-1.728141001951444267e-01
-1.736288693150794538e-01
-1.744429679315160908e-01
-1.752564051543725743e-01
-1.760691899394388749e-01
-1.768813310915311743e-01
-1.776928372674968781e-01
-1.785037169792109413e-01
-1.793139785964733557e-01
-1.801236303498381930e-01
-1.809326803333852762e-01
-1.817411365074245722e-01
-1.825490067011484030e-01
-1.833562986151907881e-01
-1.841630198241779592e-01
-1.849691777791725722e-01
-1.857747798100880532e-01
-1.865798331280560107e-01
-1.873843448277110191e-01
-1.881883218894458421e-01
-1.889917711816158641e-01
-1.897946994626798778e-01
-1.905971133833119224e-01
-1.913990194884520601e-01
-1.922004242193090795e-01
-1.930013339153421326e-01
-1.938017548161652670e-01
-1.946016930634378028e-01
-1.954011547027031392e-01
-1.962001456851790171e-01
-1.969986718695302952e-01
-1.977967390235795264e-01
-1.985943528259880020e-01
-1.993915188679148687e-01
-2.001882426546287563e-01
-2.009845296070728038e-01
-2.017803850634209417e-01
-2.025758142805892670e-01
-2.033708224357015926e-01
-2.041654146275592163e-01
-2.049595958780390803e-01
-2.057533711334868787e-01
-2.065467452660805225e-01
-2.073397230751579667e-01
-2.081323092885138115e-01
-2.089245085636866062e-01
-2.097163254891921125e-01
-2.105077645857551805e-01
-2.112988303075100105e-01
-2.120895270431746027e-01
-2.128798591171785215e-01
-2.136698307908252714e-01
-2.144594462633605259e-01
-2.152487096730771876e-01
-2.160376250983552515e-01
-2.168261965587119922e-01
-2.176144280158102129e-01
-2.184023233744678827e-01
-2.191898864836101246e-01
-2.199771211372471280e-01
-2.207640310754002688e-01
-2.215506199850310332e-01
-2.223368915009224511e-01
-2.231228492065864266e-01
-2.239084966351098660e-01
-2.246938372700112707e-01
-2.254788745460792054e-01
-2.262636118501675786e-01
-2.270480525220227308e-01
-2.278321998550385252e-01
-2.286160570970502404e-01
-2.293996274510762545e-01
-2.301829140760606740e-01
-2.309659200875939233e-01
-2.317486485586352229e-01
-2.325311025201993176e-01
-2.333132849620482563e-01
-2.340951988333569433e-01
-2.348768470433874322e-01
-2.356582324621101232e-01
-2.364393579208574625e-01
-2.372202262129431971e-01
-2.380008400942731916e-01
-2.387812022839325699e-01
-2.395613154647946164e-01
-2.403411822840862966e-01
-2.411208053539439233e-01
-2.419001872519996044e-01
-2.426793305218986063e-01
-2.434582376738450848e-01
-2.442369111851313002e-01
-2.450153535006503736e-01
-2.457935670334010780e-01
-2.465715541649965981e-01
-2.473493172461360967e-01
-2.481268585970929919e-01
-2.489041805082032599e-01
-2.496812852402830740e-01
-2.504581750251404504e-01
-2.512348520659763995e-01
-2.520113185378377030e-01
-2.527875765880590042e-01
-2.535636283366705102e-01
-2.543394758768151021e-01
-2.551151212751621711e-01
-2.558905665723132938e-01
-2.566658137831775433e-01
-2.574408648973708913e-01
-2.582157218795975151e-01
-2.589903866700213331e-01
-2.597648611846251065e-01
-2.605391473155817539e-01
-2.613132469316046813e-01
-2.620871618782937840e-01
-2.628608939784781162e-01
-2.636344450325483479e-01
-2.644078168188033762e-01
-2.651810110937496967e-01
-2.659540295924489040e-01
-2.667268740288047391e-01
-2.674995460958876081e-01
-2.682720474662337873e-01
-2.690443797921460156e-01
-2.698165447059741040e-01
-2.705885438204266302e-01
-2.713603787288288438e-01
-2.721320510054190955e-01
-2.729035622056156241e-01
-2.736749138662790681e-01
-2.744461075059942412e-01
-2.752171446253156573e-01
-2.759880267070263793e-01
-2.767587552164000875e-01
-2.775293316014317280e-01
-2.782997572930955843e-01
-2.790700337055816993e-01
-2.798401622365211949e-01
-2.806101442672302437e-01
-2.813799811629396630e-01
-2.821496742730042473e-01
-2.829192249311415219e-01
-2.836886344556313055e-01
-2.844579041495416960e-01
-2.852270353009442871e-01
-2.859960291831022405e-01
-2.867648870546846696e-01
-2.875336101599737515e-01
-2.883021997290482474e-01
-2.890706569779787904e-01
-2.898389831090369961e-01
-2.906071793108580548e-01
-2.913752467586390726e-01
-2.921431866143222589e-01
-2.929110000267718394e-01
-2.936786881319393694e-01
-2.944462520530582994e-01
-2.952136929008017385e-01
-2.959810117734458235e-01
-2.967482097570433019e-01
-2.975152879255868466e-01
-2.982822473411710917e-01
-2.990490890541362412e-01
-2.998158141032438717e-01
-3.005824235158133795e-01
-3.013489183078796319e-01
-3.021152994843493422e-01
-3.028815680391311327e-01
-3.036477249552848034e-01
-3.044137712051684930e-01
-3.051797077505818412e-01
-3.059455355428865042e-01
-3.067112555231555904e-01
-3.074768686223052216e-01
-3.082423757612199888e-01
-3.090077778508864004e-01
-3.097730757925248879e-01
-3.105382704777017722e-01
-3.113033627884678189e-01
-3.120683535974662082e-01
-3.128332437680708122e-01
-3.135980341544827299e-01
-3.143627256018649563e-01
-3.151273189464421365e-01
-3.158918150156205251e-01
-3.166562146281124979e-01
-3.174205185940122131e-01
-3.181847277149453257e-01
-3.189488427841400964e-01
-3.197128645865532914e-01
-3.204767938989676046e-01
-3.212406314900898008e-01
-3.220043781206591849e-01
-3.227680345435394171e-01
-3.235316015038169346e-01
-3.242950797389029249e-01
-3.250584699786259746e-01
-3.258217729453123934e-01
-3.265849893538961268e-01
-3.273481199120098495e-01
-3.281111653200611267e-01
-3.288741262713213986e-01
-3.296370034520242909e-01
-3.303997975414459942e-01
-3.311625092119869218e-01
-3.319251391292532549e-01
-3.326876879521544206e-01
-3.334501563329584362e-01
-3.342125449173959928e-01
-3.349748543447272908e-01
-3.357370852478143153e-01
-3.364992382532160375e-01
-3.372613139812353222e-01
-3.380233130460303381e-01
-3.387852360556531939e-01
-3.395470836121420866e-01
-3.403088563115814202e-01
-3.410705547441935659e-01
-3.418321794943687264e-01
-3.425937311407793451e-01
-3.433552102564196851e-01
-3.441166174086704443e-01
-3.448779531593818004e-01
-3.456392180649180412e-01
-3.464004126762477154e-01
-3.471615375389743852e-01
-3.479225931934275540e-01
-3.486835801747084629e-01
-3.494444990127497652e-01
-3.502053502323833056e-01
-3.509661343533975186e-01
-3.517268518905932728e-01
-3.524875033538287794e-01
-3.532480892481034140e-01
-3.540086100735929109e-01
-3.547690663257107024e-01
-3.555294584951586567e-01
-3.562897870679875845e-01
-3.570500525256485314e-01
-3.578102553450302481e-01
-3.585703959985328537e-01
-3.593304749541044729e-01
-3.600904926753047408e-01
-3.608504496213353341e-01
-3.616103462471003671e-01
-3.623701830032592386e-01
-3.631299603362546091e-01
-3.638896786883870083e-01
-3.646493384978377050e-01
-3.654089401987256069e-01
-3.661684842211501700e-01
-3.669279709912462439e-01
-3.676874009311971725e-01
-3.684467744593160621e-01
-3.692060919900662652e-01
-3.699653539341028474e-01
-3.707245606983309294e-01
-3.714837126859324434e-01
-3.722428102964067675e-01
-3.730018539256199084e-01
-3.737608439658332005e-01
-3.745197808057650901e-01
-3.752786648305865280e-01
-3.760374964220069005e-01
-3.767962759582842991e-01
-3.775550038142689857e-01
-3.783136803614377541e-01
-3.790723059679393936e-01
-3.798308809986245538e-01
-3.805894058150648407e-01
-3.813478807756217615e-01
-3.821063062354524420e-01
-3.828646825465641390e-01
-3.836230100578237323e-01
-3.843812891150166777e-01
-3.851395200608634939e-01
-3.858977032350649483e-01
-3.866558389743111612e-01
-3.874139276123415576e-01
-3.881719694799555254e-01
-3.889299649050586560e-01
-3.896879142126697948e-01
-3.904458177249876538e-01
-3.912036757613815419e-01
-3.919614886384488184e-01
-3.927192566700273280e-01
-3.934769801672400313e-01
-3.942346594384988911e-01
-3.949922947895625480e-01
-3.957498865235424268e-01
-3.965074349409329901e-01
-3.972649403396524281e-01
-3.980224030150470993e-01
-3.987798232599463755e-01
-3.995372013646555365e-01
-4.002945376170078950e-01
-4.010518323023778420e-01
-4.018090857037117658e-01
-4.025662981015439845e-01
-4.033234697740347707e-01
-4.040806009969835078e-01
-4.048376920438509496e-01
-4.055947431857964691e-01
-4.063517546916887158e-01
-4.071087268281303739e-01
-4.078656598594941896e-01
-4.086225540479218599e-01
-4.093794096533603932e-01
-4.101362269335943056e-01
-4.108930061442485071e-01
-4.116497475388123939e-01
-4.124064513686810374e-01
-4.131631178831449147e-01
-4.139197473294389806e-01
-4.146763399527452765e-01
-4.154328959962171330e-01
-4.161894157010094797e-01
-4.169458993062867269e-01
-4.177023470492454149e-01
-4.184587591651267591e-01
-4.192151358872657774e-01
-4.199714774470607592e-01
-4.207277840740371588e-01
-4.214840559958397126e-01
-4.222402934382702977e-01
-4.229964966252736658e-01
-4.237526657790005036e-01
-4.245088011197859501e-01
-4.252649028661845132e-01
-4.260209712349897204e-01
-4.267770064412389486e-01
-4.275330086982451760e-01
-4.282889782176045324e-01
-4.290449152092111196e-01
-4.298008198812809377e-01
-4.305566924403587681e-01
-4.313125330913477606e-01
-4.320683420375109329e-01
-4.328241194804928194e-01
-4.335798656203321277e-01
-4.343355806554899945e-01
-4.350912647828407143e-01
-4.358469181977136508e-01
-4.366025410938843554e-01
-4.373581336636101491e-01
-4.381136960976241279e-01
-4.388692285851651942e-01
-4.396247313139812762e-01
-4.403802044703611362e-01
-4.411356482391191047e-01
-4.418910628036381572e-01
-4.426464483458647514e-01
-4.434018050463275351e-01
-4.441571330841519449e-01
-4.449124326370738070e-01
-4.456677038814493286e-01
-4.464229469922700866e-01
-4.471781621431765719e-01
-4.479333495064603543e-01
-4.486885092530987773e-01
-4.494436415527467421e-01
-4.501987465737527505e-01
-4.509538244831798881e-01
-4.517088754468074341e-01
-4.524638996291469595e-01
-4.532188971934587585e-01
-4.539738683017523480e-01
-4.547288131148063961e-01
-4.554837317921828777e-01
-4.562386244922179146e-01
-4.569934913720648528e-01
-4.577483325876793852e-01
-4.585031482938387581e-01
-4.592579386441532630e-01
-4.600127037910754502e-01
-4.607674438859184485e-01
-4.615221590788491368e-01
-4.622768495189065185e-01
-4.630315153540289774e-01
-4.637861567310337940e-01
-4.645407737956505079e-01
-4.652953666925146448e-01
-4.660499355651955833e-01
-4.668044805561910593e-01
-4.675590018069328835e-01
-4.683134994578181387e-01
-4.690679736481992435e-01
-4.698224245163995505e-01
-4.705768521997202858e-01
-4.713312568344498743e-01
-4.720856385558812041e-01
-4.728399974983077958e-01
-4.735943337950394016e-01
-4.743486475784089440e-01
-4.751029389797841174e-01
-4.758572081295700529e-01
-4.766114551572245284e-01
-4.773656801912579128e-01
-4.781198833592505970e-01
-4.788740647878533818e-01
-4.796282246028041318e-01
-4.803823629289260544e-01
-4.811364798901393014e-01
-4.818905756094695181e-01
-4.826446502090653290e-01
-4.833987038101806855e-01
-4.841527365332124466e-01
-4.849067484976802289e-01
-4.856607398222571592e-01
-4.864147106247614372e-01
-4.871686610221734881e-01
-4.879225911306384056e-01
-4.886765010654664509e-01
-4.894303909411575892e-01
-4.901842608713917193e-01
-4.909381109690462708e-01
-4.916919413461915411e-01
-4.924457521141182847e-01
-4.931995433833147868e-01
-4.939533152635009472e-01
-4.947070678636222851e-01
-4.954608012918520488e-01
-4.962145156556067582e-01
-4.969682110615502024e-01
-4.977218876155998228e-01
-4.984755454229310989e-01
-4.992291845879829881e-01
-4.999828052144622559e-01
-5.007364074053606284e-01
-5.014899912629565693e-01
-5.022435568888014013e-01
-5.029971043837591083e-01
-5.037506338479837975e-01
-5.045041453809379073e-01
-5.052576390814034202e-01
-5.060111150474735364e-01
-5.067645733765738791e-01
-5.075180141654428434e-01
-5.082714375101772264e-01
-5.090248435061958121e-01
-5.097782322482669048e-01
-5.105316038305194315e-01
-5.112849583464267322e-01
-5.120382958888302083e-01
-5.127916165499488699e-01
-5.135449204213490271e-01
-5.142982075940010223e-01
-5.150514781582335999e-01
-5.158047322037856430e-01
-5.165579698197696468e-01
-5.173111910947079117e-01
-5.180643961165194433e-01
-5.188175849725340516e-01
-5.195707577494893536e-01
-5.203239145335419868e-01
-5.210770554102683860e-01
-5.218301804646737763e-01
-5.225832897811937272e-01
-5.233363834436920436e-01
-5.240894615354828590e-01
-5.248425241393158691e-01
-5.255955713373999805e-01
-5.263486032113849911e-01
-5.271016198423806864e-01
-5.278546213109651664e-01
-5.286076076971782944e-01
-5.293605790805324673e-01
-5.301135355400053983e-01
-5.308664771540679839e-01
-5.316194040006636534e-01
-5.323723161572239126e-01
-5.331252137006742275e-01
-5.338780967074305828e-01
-5.346309652534136925e-01
-5.353838194140413398e-01
-5.361366592642458073e-01
-5.368894848784553364e-01
-5.376422963306304315e-01
-5.383950936942323295e-01
-5.391478770422614142e-01
-5.399006464472285716e-01
-5.406534019811853886e-01
-5.414061437157061674e-01
-5.421588717219077980e-01
-5.429115860704541996e-01
-5.436642868315377797e-01
-5.444169740749100761e-01
-5.451696478698649928e-01
-5.459223082852603381e-01
-5.466749553895008384e-01
-5.474275892505614527e-01
-5.481802099359776026e-01
-5.489328175128531662e-01
-5.496854120478614769e-01
-5.504379936072525403e-01
-5.511905622568498142e-01
-5.519431180620626431e-01
-5.526956610878800413e-01
-5.534481913988876789e-01
-5.542007090592478979e-01
-5.549532141327253587e-01
-5.557057066826820435e-01
-5.564581867720694852e-01
-5.572106544634550795e-01
-5.579631098190019900e-01
-5.587155529004915744e-01
-5.594679837693018465e-01
-5.602204024864411158e-01
-5.609728091125281146e-01
-5.617252037077983262e-01
-5.624775863321164193e-01
-5.632299570449700310e-01
-5.639823159054739854e-01
-5.647346629723829503e-01
-5.654869983040722303e-01
-5.662393219585671877e-01
-5.669916339935241467e-01
-5.677439344662404963e-01
-5.684962234336737863e-01
-5.692485009524106410e-01
-5.700007670786929603e-01
-5.707530218684289114e-01
-5.715052653771629521e-01
-5.722574976601030317e-01
-5.730097187721306939e-01
-5.737619287677695468e-01
-5.745141277012225656e-01
-5.752663156263631006e-01
-5.760184925967177794e-01
-5.767706586655092504e-01
-5.775228138856177695e-01
-5.782749583096018497e-01
-5.790270919897125834e-01
-5.797792149778681070e-01
-5.805313273256832440e-01
-5.812834290844536289e-01
-5.820355203051651438e-01
-5.827876010384933636e-01
-5.835396713348066644e-01
-5.842917312441755495e-01
-5.850437808163615472e-01
-5.857958201008351962e-01
-5.865478491467562838e-01
-5.872998680029977159e-01
-5.880518767181377449e-01
-5.888038753404666314e-01
-5.895558639179746541e-01
-5.903078424983778660e-01
-5.910598111290975565e-01
-5.918117698572811225e-01
-5.925637187297826403e-01
-5.933156577931931741e-01
-5.940675870938074699e-01
-5.948195066776665874e-01
-5.955714165905166002e-01
-5.963233168778525606e-01
-5.970752075848845264e-01
-5.978270887565644287e-01
-5.985789604375776340e-01
-5.993308226723379484e-01
-6.000826755050125971e-01
-6.008345189794944696e-01
-6.015863531394264330e-01
-6.023381780281928943e-01
-6.030899936889233537e-01
-6.038418001644955124e-01
-6.045935974975339411e-01
-6.053453857304165187e-01
-6.060971649052764310e-01
-6.068489350639980628e-01
-6.076006962482149998e-01
-6.083524484993303449e-01
-6.091041918585033965e-01
-6.098559263666525343e-01
-6.106076520644552197e-01
-6.113593689923598751e-01
-6.121110771905814429e-01
-6.128627766990976111e-01
-6.136144675576563623e-01
-6.143661498057790826e-01
-6.151178234827570090e-01
-6.158694886276578906e-01
-6.166211452793218806e-01
-6.173727934763661995e-01
-6.181244332571965705e-01
-6.188760646599830162e-01
-6.196276877226905011e-01
-6.203793024830582814e-01
-6.211309089786154480e-01
-6.218825072466760417e-01
-6.226340973243390531e-01
-6.233856792484997467e-01
-6.241372530558312315e-01
-6.248888187828143259e-01
-6.256403764657036959e-01
-6.263919261405713756e-01
-6.271434678432692422e-01
-6.278950016094509978e-01
-6.286465274745676179e-01
-6.293980454738790087e-01
-6.301495556424316913e-01
-6.309010580150844483e-01
-6.316525526265042156e-01
-6.324040395111543145e-01
-6.331555187033081067e-01
-6.339069902370516596e-01
-6.346584541462764184e-01
-6.354099104646767637e-01
-6.361613592257738814e-01
-6.369128004628927808e-01
-6.376642342091765059e-01
-6.384156604975789184e-01
-6.391670793608793533e-01
-6.399184908316661868e-01
-6.406698949423533795e-01
-6.414212917251705948e-01
-6.421726812121755223e-01
-6.429240634352394457e-01
-6.436754384260707784e-01
-6.444268062161877531e-01
-6.451781668369485079e-01
-6.459295203195277724e-01
-6.466808666949382944e-01
-6.474322059940156304e-01
-6.481835382474335772e-01
-6.489348634856865194e-01
-6.496861817391120786e-01
-6.504374930378808983e-01
-6.511887974119916489e-01
-6.519400948912890126e-01
-6.526913855054478075e-01
-6.534426692839830908e-01
-6.541939462562512686e-01
-6.549452164514472097e-01
-6.556964798986157916e-01
-6.564477366266272540e-01
-6.571989866642082845e-01
-6.579502300399308057e-01
-6.587014667822033154e-01
-6.594526969192889831e-01
-6.602039204793012095e-01
-6.609551374901893039e-01
-6.617063479797619108e-01
-6.624575519756789044e-01
-6.632087495054463933e-01
-6.639599405964254908e-01
-6.647111252758289845e-01
-6.654623035707292189e-01
-6.662134755080494353e-01
-6.669646411145687681e-01
-6.677158004169292393e-01
-6.684669534416189940e-01
-6.692181002149963920e-01
-6.699692407632754643e-01
-6.707203751125276892e-01
-6.714715032886934276e-01
-6.722226253175740407e-01
-6.729737412248263384e-01
-6.737248510359761244e-01
-6.744759547764219709e-01
-6.752270524714174549e-01
-6.759781441460872564e-01
-6.767292298254213856e-01
-6.774803095342800674e-01
-6.782313832973981826e-01
-6.789824511393687256e-01
-6.797335130846663409e-01
-6.804845691576305589e-01
-6.812356193824782302e-01
-6.819866637832985301e-01
-6.827377023840489612e-01
-6.834887352085704526e-01
-6.842397622805796997e-01
-6.849907836236547309e-01
-6.857417992612697688e-01
-6.864928092167654761e-01
-6.872438135133613901e-01
-6.879948121741702449e-01
-6.887458052221653304e-01
-6.894967926802162417e-01
-6.902477745710623447e-01
-6.909987509173345366e-01
-6.917497217415427002e-01
-6.925006870660758151e-01
-6.932516469132221637e-01
-6.940026013051400211e-01
-6.947535502638776395e-01
-6.955044938113751352e-01
-6.962554319694569394e-01
-6.970063647598336853e-01
-6.977572922041022085e-01
-6.985082143237566488e-01
-6.992591311401717968e-01
-7.000100426746255211e-01
-7.007609489482724552e-01
-7.015118499821686449e-01
-7.022627457972617782e-01
-7.030136364143912964e-01
-7.037645218542850634e-01
-7.045154021375735764e-01
-7.052662772847854145e-01
-7.060171473163289191e-01
-7.067680122525255015e-01
-7.075188721135825531e-01
-7.082697269196125411e-01
-7.090205766906233498e-01
-7.097714214465165039e-01
-7.105222612070963839e-01
-7.112730959920746665e-01
-7.120239258210445676e-01
-7.127747507135294702e-01
-7.135255706889209737e-01
-7.142763857665350713e-01
-7.150271959655823961e-01
-7.157780013051802115e-01
-7.165288018043420859e-01
-7.172795974819958786e-01
-7.180303883569661982e-01
-7.187811744479865039e-01
-7.195319557736936655e-01
-7.202827323526325154e-01
-7.210335042032540720e-01
-7.217842713439114322e-01
-7.225350337928778677e-01
-7.232857915683161831e-01
-7.240365446883133549e-01
-7.247872931708575495e-01
-7.255380370338506690e-01
-7.262887762950960280e-01
-7.270395109723160054e-01
-7.277902410831361690e-01
-7.285409666450981536e-01
-7.292916876756538880e-01
-7.300424041921607099e-01
-7.307931162118940227e-01
-7.315438237520424103e-01
-7.322945268296991994e-01
-7.330452254618783359e-01
-7.337959196654968430e-01
-7.345466094574012450e-01
-7.352972948543322618e-01
-7.360479758729598920e-01
-7.367986525298586553e-01
-7.375493248415185832e-01
-7.382999928243499932e-01
-7.390506564946642820e-01
-7.398013158687037905e-01
-7.405519709626124936e-01
-7.413026217924553185e-01
-7.420532683742135927e-01
-7.428039107237706107e-01
-7.435545488569439421e-01
-7.443051827894483496e-01
-7.450558125369258766e-01
-7.458064381149283051e-01
-7.465570595389148245e-01
-7.473076768242714607e-01
-7.480582899862902035e-01
-7.488088990401781109e-01
-7.495595040010576415e-01
-7.503101048839683207e-01
-7.510607017038553046e-01
-7.518112944755752647e-01
-7.525618832139099323e-01
-7.533124679335383433e-01
-7.540630486490601525e-01
-7.548136253749840874e-01
-7.555641981257262829e-01
-7.563147669156112807e-01
-7.570653317588827980e-01
-7.578158926696816344e-01
-7.585664496620587727e-01
-7.593170027499708263e-01
-7.600675519472895880e-01
-7.608180972677773823e-01
-7.615686387251102696e-01
-7.623191763328622805e-01
-7.630697101045101904e-01
-7.638202400534270797e-01
-7.645707661928911048e-01
-7.653212885360752837e-01
-7.660718070960428339e-01
-7.668223218857607160e-01
-7.675728329180774301e-01
-7.683233402057405570e-01
-7.690738437613803269e-01
-7.698243435975204996e-01
-7.705748397265651528e-01
-7.713253321607995705e-01
-7.720758209123861349e-01
-7.728263059933730972e-01
-7.735767874156850299e-01
-7.743272651911036197e-01
-7.750777393312945351e-01
-7.758282098477866651e-01
-7.765786767519696765e-01
-7.773291400550915720e-01
-7.780795997682624643e-01
-7.788300559024419201e-01
-7.795805084684473973e-01
-7.803309574769220491e-01
-7.810814029383775781e-01
-7.818318448631351725e-01
-7.825822832613713587e-01
-7.833327181430811414e-01
-7.840831495180820010e-01
-7.848335773960133377e-01
-7.855840017863275904e-01
-7.863344226982822427e-01
-7.870848401409350492e-01
-7.878352541231539163e-01
-7.885856646535729375e-01
-7.893360717406351368e-01
-7.900864753925442852e-01
-7.908368756172784453e-01
-7.915872724225868629e-01
-7.923376658159575481e-01
-7.930880558046442541e-01
-7.938384423956275082e-01
-7.945888255956277124e-01
-7.953392054110907106e-01
-7.960895818481599218e-01
-7.968399549127046511e-01
-7.975903246102777899e-01
-7.983406909461191470e-01
-7.990910539251429023e-01
-7.998414135519354984e-01
-8.005917698307222219e-01
-8.013421227653847456e-01
-8.020924723594242689e-01
-8.028428186159677349e-01
-8.035931615377409631e-01
-8.043435011270653190e-01
-8.050938373858402830e-01
-8.058441703155269087e-01
-8.065944999171421603e-01
-8.073448261912303803e-01
-8.080951491378660645e-01
-8.088454687566176693e-01
-8.095957850465448358e-01
-8.103460980061840679e-01
-8.110964076335074324e-01
-8.118467139259414322e-01
-8.125970168803141602e-01
-8.133473164928609611e-01
-8.140976127591906808e-01
-8.148479056742660154e-01
-8.155981952323909656e-01
-8.163484814271775303e-01
-8.170987642515370464e-01
-8.178490436976392219e-01
-8.185993197569120250e-01
-8.193495924199947211e-01
-8.200998616767279925e-01
-8.208501275161196320e-01
-8.216003899263186749e-01
-8.223506488945978576e-01
-8.231009044073170910e-01
-8.238511564498869344e-01
-8.246014050067607126e-01
-8.253516500613831131e-01
-8.261018915961703124e-01
-8.268521295924768921e-01
-8.276023640305533169e-01
-8.283525948895287261e-01
-8.291028221473616400e-01
-8.298530457808184213e-01
-8.306032657654177642e-01
-8.313534820754091559e-01
-8.321036946837306880e-01
-8.328539035619653141e-01
-8.336041086803016587e-01
-8.343543100074992669e-01
-8.351045075108356475e-01
-8.358547011560820694e-01
-8.366048909074259576e-01
-8.373550767274543505e-01
-8.381052585771026076e-01
-8.388554364155961229e-01
-8.396056102004048061e-01
-8.403557798871975626e-01
-8.411059454297883375e-01
-8.418561067800932607e-01
-8.426062638880503775e-01
-8.433564167015966673e-01
-8.441065651665975444e-01
-8.448567092267788015e-01
-8.456068488236934133e-01
-8.463569838966384928e-01
-8.471071143826078842e-01
-8.478572402162274368e-01
-8.486073613296791773e-01
-8.493574776526623404e-01
-8.501075891122953365e-01
-8.508576956330818897e-01
-8.516077971368111177e-01
-8.523578935424976910e-01
-8.531079847663259885e-01
-8.538580707215576160e-01
-8.546081513184583534e-01
-8.553582264642272115e-01
-8.561082960629254890e-01
-8.568583600153791835e-01
-8.576084182191197058e-01
-8.583584705682847371e-01
-8.591085169535473964e-01
-8.598585572620160988e-01
-8.606085913771649443e-01
-8.613586191787360180e-01
-8.621086405426526822e-01
-8.628586553409208770e-01
-8.636086634415467422e-01
-8.643586647084416930e-01
-8.651086590013182809e-01
-8.658586461755937158e-01
-8.666086260823053777e-01
-8.673585985679858057e-01
-8.681085634745808743e-01
-8.688585206393292237e-01
-8.696084698946817682e-01
-8.703584110681599206e-01
-8.711083439822701058e-01
-8.718582684543967343e-01
-8.726081842966691982e-01
-8.733580913158586201e-01
-8.741079893132709389e-01
-8.748578780846245628e-01
-8.756077574199128133e-01
-8.763576271033121090e-01
-8.771074869130395246e-01
-8.778573366212465423e-01
-8.786071759938721693e-01
-8.793570047905282516e-01
-8.801068227643729092e-01
-8.808566296619693148e-01
-8.816064252231695653e-01
-8.823562091809654673e-01
-8.831059812613576421e-01
-8.838557411832248523e-01
-8.846054886581701249e-01
-8.853552233904017355e-01
-8.861049450765777769e-01
-8.868546534056589437e-01
-8.876043480587679779e-01
-8.883540287090553322e-01
-8.891036950215337464e-01
-8.898533466529243707e-01
-8.906029832515340861e-01
-8.913526044570722062e-01
-8.921022099005024852e-01
-8.928517992039035622e-01
-8.936013719802993194e-01
-8.943509278334957902e-01
-8.951004663579233966e-01
-8.958499871384905111e-01
-8.965994897503977157e-01
-8.973489737589809279e-01
-8.980984387195564134e-01
-8.988478841772425953e-01
-8.995973096667895241e-01
-9.003467147124203374e-01
-9.010960988276495165e-01
-9.018454615151118015e-01
-9.025948022663957682e-01
-9.033441205618674141e-01
-9.040934158704833079e-01
-9.048426876496326043e-01
-9.055919353449344289e-01
-9.063411583900883306e-01
-9.070903562066667813e-01
-9.078395282039570802e-01
-9.085886737787520762e-01
-9.093377923151961806e-01
-9.100868831845879692e-01
-9.108359457451912222e-01
-9.115849793420530700e-01
-9.123339833068293547e-01
-9.130829569575693583e-01
-9.138318995985644788e-01
-9.145808105201272964e-01
-9.153296889984222640e-01
-9.160785342952747490e-01
-9.168273456579654201e-01
-9.175761223190632698e-01
-9.183248634962172252e-01
-9.190735683919634136e-01
-9.198222361935494140e-01
-9.205708660727323078e-01
-9.213194571855892745e-01
-9.220680086723093138e-01
-9.228165196570305984e-01
-9.235649892476268663e-01
-9.243134165355164633e-01
-9.250618005954779344e-01
-9.258101404854526262e-01
-9.265584352463475115e-01
-9.273066839018541119e-01
-9.280548854582518770e-01
-9.288030389042069013e-01
-9.295511432105988403e-01
-9.302991973303091910e-01
-9.310472001980505397e-01
-9.317951507301736047e-01
-9.325430478244515209e-01
-9.332908903599286266e-01
-9.340386771967198465e-01
-9.347864071758015259e-01
-9.355340791188588856e-01
-9.362816918280785217e-01
-9.370292440859675498e-01
-9.377767346551761918e-01
-9.385241622783132565e-01
-9.392715256777561805e-01
-9.400188235554843841e-01
-9.407660545928934193e-01
-9.415132174506143370e-01
-9.422603107683396040e-01
-9.430073331646557921e-01
-9.437542832368591705e-01
-9.445011595607935018e-01
-9.452479606906715182e-01
-9.459946851589080552e-01
-9.467413314759648424e-01
-9.474878981301739778e-01
-9.482343835875682858e-01
-9.489807862917478687e-01
-9.497271046636936997e-01
-9.504733371016153010e-01
-9.512194819808161839e-01
-9.519655376535144375e-01
-9.527115024487134987e-01
-9.534573746720454990e-01
-9.542031526056138357e-01
-9.549488345078845919e-01
-9.556944186135166719e-01
-9.564399031332201373e-01
-9.571852862536510687e-01
-9.579305661372534697e-01
-9.586757409221362547e-01
-9.594208087219494585e-01
-9.601657676257665530e-01
-9.609106156979413393e-01
-9.616553509780214615e-01
-9.623999714806107386e-01
-9.631444751952618066e-01
-9.638888600863712020e-01
-9.646331240930798856e-01
-9.653772651291581131e-01
-9.661212810829283848e-01
-9.668651698171318865e-01
-9.676089291688835248e-01
-9.683525569495572416e-01
-9.690960509447026361e-01
-9.698394089139761309e-01
-9.705826285910561513e-01
-9.713257076835594139e-01
-9.720686438729999601e-01
-9.728114348147018919e-01
-9.735540781377352015e-01
-9.742965714448789116e-01
-9.750389123125430269e-01
-9.757810982907494379e-01
-9.765231269030457684e-01
-9.772649956465041532e-01
-9.780067019916585114e-01
-9.787482433824892247e-01
-9.794896172363721787e-01
-9.802308209440898645e-01
-9.809718518697702061e-01
-9.817127073508929991e-01
-9.824533846982964613e-01
-9.831938811961306035e-01
-9.839341941018824311e-01
-9.846743206463867137e-01
-9.854142580337992285e-01
-9.861540034416310663e-01
-9.868935540207772750e-01
-9.876329068955087553e-01
-9.883720591635198893e-01
-9.891110078959397534e-01
-9.898497501373921814e-01
-9.905882829060183026e-01
-9.913266031935152878e-01
-9.920647079652176181e-01
-9.928025941601015258e-01
-9.935402586908923528e-01
-9.942776984441009658e-01
-9.950149102800981415e-01
-9.957518910331978335e-01
-9.964886375117153472e-01
-9.972251464980755875e-01
-9.979614147488793385e-01
-9.986974389950109554e-01
-9.994332159417325112e-01
-1.000168742268780608e+00
-1.000904014630493277e+00
-1.001639029655891910e+00
-1.002373783948827146e+00
-1.003108274088093887e+00
-1.003842496627554093e+00
-1.004576448096264674e+00
-1.005310124998627819e+00
-1.006043523814533991e+00
-1.006776640999496486e+00
-1.007509472984807530e+00
-1.008242016177702149e+00
-1.008974266961511157e+00
-1.009706221695843897e+00
-1.010437876716738570e+00
-1.011169228336845194e+00
-1.011900272845621229e+00
-1.012631006509495668e+00
-1.013361425572077756e+00
-1.014091526254341069e+00
-1.014821304754831122e+00
-1.015550757249851443e+00
-1.016279879893711380e+00
-1.017008668818895289e+00
-1.017737120136309681e+00
-1.018465229935498151e+00
-1.019192994284867426e+00
-1.019920409231922731e+00
-1.020647470803494050e+00
-1.021374175005997254e+00
-1.022100517825652810e+00
-1.022826495228761567e+00
-1.023552103161931459e+00
-1.024277337552365719e+00
-1.025002194308098691e+00
-1.025726669318267614e+00
-1.026450758453396173e+00
-1.027174457565654286e+00
-1.027897762489139666e+00
-1.028620669040172686e+00
-1.029343173017549296e+00
-1.030065270202878747e+00
-1.030786956360828288e+00
-1.031508227239460673e+00
-1.032229078570503944e+00
-1.032949506069674506e+00
-1.033669505436988212e+00
-1.034389072357043915e+00
-1.035108202499377628e+00
-1.035826891518748072e+00
-1.036545135055474409e+00
-1.037262928735763756e+00
-1.037980268172020049e+00
-1.038697148963201089e+00
-1.039413566695132518e+00
-1.040129516940845988e+00
-1.040844995260930439e+00
-1.041559997203871601e+00
-1.042274518306381959e+00
-1.042988554093773113e+00
-1.043702100080285078e+00
-1.044415151769453320e+00
-1.045127704654454703e+00
-1.045839754218474082e+00
-1.046551295935058912e+00
-1.047262325268474514e+00
-1.047972837674091995e+00
-1.048682828598729744e+00
-1.049392293481036464e+00
-1.050101227751850441e+00
-1.050809626834589450e+00
-1.051517486145603586e+00
-1.052224801094572282e+00
-1.052931567084862907e+00
-1.053637779513925787e+00
-1.054343433773660799e+00
-1.055048525250809721e+00
-1.055753049327335047e+00
-1.056457001380795679e+00
-1.057160376784760603e+00
-1.057863170909157491e+00
-1.058565379120691707e+00
-1.059266996783208459e+00
-1.059968019258109351e+00
-1.060668441904715875e+00
-1.061368260080681525e+00
-1.062067469142370824e+00
-1.062766064445259229e+00
-1.063464041344311939e+00
-1.064161395194381132e+00
-1.064858121350616305e+00
-1.065554215168831087e+00
-1.066249672005918692e+00
-1.066944487220220283e+00
-1.067638656171941092e+00
-1.068332174223526110e+00
-1.069025036740071544e+00
-1.069717239089698513e+00
-1.070408776643951176e+00
-1.071099644778187532e+00
-1.071789838871982425e+00
-1.072479354309494370e+00
-1.073168186479874331e+00
-1.073856330777645418e+00
-1.074543782603096576e+00
-1.075230537362662497e+00
-1.075916590469319756e+00
-1.076601937342963389e+00
-1.077286573410784376e+00
-1.077970494107672428e+00
-1.078653694876585245e+00
-1.079336171168922665e+00
-1.080017918444917013e+00
-1.080698932174004812e+00
-1.081379207835198031e+00
-1.082058740917475559e+00
-1.082737526920128035e+00
-1.083415561353151757e+00
-1.084092839737599956e+00
-1.084769357605974260e+00
-1.085445110502557098e+00
-1.086120093983802493e+00
-1.086794303618676683e+00
-1.087467734989036261e+00
-1.088140383689962132e+00
-1.088812245330127215e+00
-1.089483315532156604e+00
-1.090153589932955303e+00
-1.090823064184069269e+00
-1.091491733952035359e+00
-1.092159594918699073e+00
-1.092826642781585811e+00
-1.093492873254213738e+00
-1.094158282066430621e+00
-1.094822864964760223e+00
-1.095486617712713384e+00
-1.096149536091128418e+00
-1.096811615898472203e+00
-1.097472852951190569e+00
-1.098133243083990296e+00
-1.098792782150181280e+00
-1.099451466021973189e+00
-1.100109290590781441e+00
-1.100766251767538506e+00
-1.101422345482991449e+00
-1.102077567687999027e+00
-1.102731914353825005e+00
-1.103385381472429927e+00
-1.104037965056763770e+00
-1.104689661141040613e+00
-1.105340465781023740e+00
-1.105990375054312969e+00
-1.106639385060585790e+00
-1.107287491921919553e+00
-1.107934691783011960e+00
-1.108580980811460170e+00
-1.109226355198020597e+00
-1.109870811156877579e+00
-1.110514344925862984e+00
-1.111156952766735539e+00
-1.111798630965415091e+00
-1.112439375832210642e+00
-1.113079183702077923e+00
-1.113718050934835002e+00
-1.114355973915410747e+00
-1.114992949054043336e+00
-1.115628972786522954e+00
-1.116264041574413168e+00
-1.116898151905238556e+00
-1.117531300292718965e+00
-1.118163483276973791e+00
-1.118794697424702722e+00
-1.119424939329400015e+00
-1.120054205611566323e+00
-1.120682492918850803e+00
-1.121309797926283158e+00
-1.121936117336430838e+00
-1.122561447879590890e+00
-1.123185786313951384e+00
-1.123809129425765940e+00
-1.124431474029523370e+00
-1.125052816968106217e+00
-1.125673155112953738e+00
-1.126292485364203344e+00
-1.126910804650860687e+00
-1.127528109930926448e+00
-1.128144398191539777e+00
-1.128759666449134391e+00
-1.129373911749554260e+00
-1.129987131168184167e+00
-1.130599321810099145e+00
-1.131210480810143304e+00
-1.131820605333089480e+00
-1.132429692573733604e+00
-1.133037739756999285e+00
-1.133644744138061489e+00
-1.134250703002434468e+00
-1.134855613666073904e+00
-1.135459473475479264e+00
-1.136062279807761088e+00
-1.136664030070750231e+00
-1.137264721703082238e+00
-1.137864352174255300e+00
-1.138462918984717964e+00
-1.139060419665943513e+00
-1.139656851780487479e+00
-1.140252212922060249e+00
-1.140846500715574363e+00
-1.141439712817217345e+00
-1.142031846914488113e+00
-1.142622900726258273e+00
-1.143212872002804081e+00
-1.143801758525855083e+00
-1.144389558108635629e+00
-1.144976268595881974e+00
-1.145561887863891792e+00
-1.146146413820546162e+00
-1.146729844405316889e+00
-1.147312177589306925e+00
-1.147893411375253248e+00
-1.148473543797546848e+00
-1.149052572922230731e+00
-1.149630496847022565e+00
-1.150207313701298251e+00
-1.150783021646104798e+00
-1.151357618874146116e+00
-1.151931103609789231e+00
-1.152503474109027870e+00
-1.153074728659495785e+00
-1.153644865580431667e+00
-1.154213883222661607e+00
-1.154781779968588662e+00
-1.155348554232129565e+00
-1.155914204458738048e+00
-1.156478729125319349e+00
-1.157042126740233767e+00
-1.157604395843220946e+00
-1.158165535005395208e+00
-1.158725542829169397e+00
-1.159284417948226231e+00
-1.159842159027457020e+00
-1.160398764762909707e+00
-1.160954233881738462e+00
-1.161508565142127525e+00
-1.162061757333250789e+00
-1.162613809275190757e+00
-1.163164719818882364e+00
-1.163714487846028156e+00
-1.164263112269035894e+00
-1.164810592030946834e+00
-1.165356926105347579e+00
-1.165902113496296799e+00
-1.166446153238225314e+00
-1.166989044395889685e+00
-1.167530786064234993e+00
-1.168071377368347985e+00
-1.168610817463333174e+00
-1.169149105534236677e+00
-1.169686240795943188e+00
-1.170222222493068731e+00
-1.170757049899881164e+00
-1.171290722320165401e+00
-1.171823239087156798e+00
-1.172354599563388167e+00
-1.172884803140616938e+00
-1.173413849239703266e+00
-1.173941737310482347e+00
-1.174468466831661395e+00
-1.174994037310703510e+00
-1.175518448283707329e+00
-1.176041699315274469e+00
-1.176563789998401166e+00
-1.177084719954343717e+00
-1.177604488832499241e+00
-1.178123096310271345e+00
-1.178640542092946664e+00
-1.179156825913550533e+00
-1.179671947532734855e+00
-1.180185906738617119e+00
-1.180698703346673817e+00
-1.181210337199573690e+00
-1.181720808167060266e+00
-1.182230116145802867e+00
-1.182738261059260942e+00
-1.183245242857523971e+00
-1.183751061517182013e+00
-1.184255717041187594e+00
-1.184759209458680962e+00
-1.185261538824873728e+00
-1.185762705220870350e+00
-1.186262708753542672e+00
-1.186761549555362727e+00
-1.187259227784257520e+00
-1.187755743623441829e+00
-1.188251097281292745e+00
-1.188745288991155391e+00
-1.189238319011220790e+00
-1.189730187624341795e+00
-1.190220895137894086e+00
-1.190710441883606974e+00
-1.191198828217403971e+00
-1.191686054519237592e+00
-1.192172121192947021e+00
-1.192657028666068930e+00
-1.193140777389683826e+00
-1.193623367838268168e+00
-1.194104800509507625e+00
-1.194585075924144757e+00
-1.195064194625800935e+00
-1.195542157180829568e+00
-1.196018964178132471e+00
-1.196494616229001995e+00
-1.196969113966935616e+00
-1.197442458047500047e+00
-1.197914649148132726e+00
-1.198385687967982838e+00
-1.198855575227743664e+00
-1.199324311669482945e+00
-1.199791898056460804e+00
-1.200258335172995405e+00
-1.200723623824237807e+00
-1.201187764836037397e+00
-1.201650759054772033e+00
-1.202112607347152196e+00
-1.202573310600073553e+00
-1.203032869720429332e+00
-1.203491285634948227e+00
-1.203948559290018094e+00
-1.204404691651514092e+00
-1.204859683704619266e+00
-1.205313536453665124e+00
-1.205766250921960658e+00
-1.206217828151594729e+00
-1.206668269203299726e+00
-1.207117575156248401e+00
-1.207565747107897547e+00
-1.208012786173819686e+00
-1.208458693487520108e+00
-1.208903470200260344e+00
-1.209347117480904066e+00
-1.209789636515736788e+00
-1.210231028508288897e+00
-1.210671294679177334e+00
-1.211110436265917523e+00
-1.211548454522767493e+00
-1.211985350720544030e+00
-1.212421126146474792e+00
-1.212855782103996916e+00
-1.213289319912613795e+00
-1.213721740907714119e+00
-1.214153046440403116e+00
-1.214583237877338462e+00
-1.215012316600547981e+00
-1.215440284007289984e+00
-1.215867141509846761e+00
-1.216292890535394022e+00
-1.216717532525824375e+00
-1.217141068937555470e+00
-1.217563501241398116e+00
-1.217984830922371309e+00
-1.218405059479549468e+00
-1.218824188425887689e+00
-1.219242219288066531e+00
-1.219659153606307278e+00
-1.220074992934246927e+00
-1.220489738838744564e+00
-1.220903392899731266e+00
-1.221315956710044892e+00
-1.221727431875279102e+00
-1.222137820013609710e+00
-1.222547122755642590e+00
-1.222955341744259794e+00
-1.223362478634450801e+00
-1.223768535093159082e+00
-1.224173512799130004e+00
-1.224577413442752061e+00
-1.224980238725890347e+00
-1.225381990361758211e+00
-1.225782670074725411e+00
-1.226182279600205538e+00
-1.226580820684466389e+00
-1.226978295084501625e+00
-1.227374704567878672e+00
-1.227770050912570188e+00
-1.228164335906818838e+00
-1.228557561348986971e+00
-1.228949729047407402e+00
-1.229340840820225988e+00
-1.229730898495265734e+00
-1.230119903909890677e+00
-1.230507858910818486e+00
-1.230894765354040299e+00
-1.231280625104602899e+00
-1.231665440036536552e+00
-1.232049212032663599e+00
-1.232431942984475448e+00
-1.232813634791984247e+00
-1.233194289363596319e+00
-1.233573908615967607e+00
-1.233952494473848027e+00
-1.234330048869974217e+00
-1.234706573744904556e+00
-1.235082071046906815e+00
-1.235456542731804719e+00
-1.235829990762853381e+00
-1.236202417110605634e+00
-1.236573823752777468e+00
-1.236944212674113475e+00
-1.237313585866267163e+00
-1.237681945327653743e+00
-1.238049293063333778e+00
-1.238415631084885504e+00
-1.238780961410268944e+00
-1.239145286063703333e+00
-1.239508607075552549e+00
-1.239870926482172120e+00
-1.240232246325817300e+00
-1.240592568654503625e+00
-1.240951895521880788e+00
-1.241310228987124287e+00
-1.241667571114798641e+00
-1.242023923974767241e+00
-1.242379289642021378e+00
-1.242733670196627616e+00
-1.243087067723560146e+00
-1.243439484312606202e+00
-1.243790922058243265e+00
-1.244141383059536476e+00
-1.244490869420007639e+00
-1.244839383247544395e+00
-1.245186926654262560e+00
-1.245533501756421746e+00
-1.245879110674293022e+00
-1.246223755532064326e+00
-1.246567438457730326e+00
-1.246910161582970300e+00
-1.247251927043068420e+00
-1.247592736976780303e+00
-1.247932593526253520e+00
-1.248271498836901028e+00
-1.248609455057315465e+00
-1.248946464339152129e+00
-1.249282528837045270e+00
-1.249617650708494176e+00
-1.249951832113762595e+00
-1.250285075215794572e+00
-1.250617382180100101e+00
-1.250948755174660754e+00
-1.251279196369853519e+00
-1.251608707938321130e+00
-1.251937292054909445e+00
-1.252264950896560869e+00
-1.252591686642213542e+00
-1.252917501472717854e+00
-1.253242397570749622e+00
-1.253566377120721498e+00
-1.253889442308673274e+00
-1.254211595322203054e+00
-1.254532838350379764e+00
-1.254853173583641235e+00
-1.255172603213723370e+00
-1.255491129433570663e+00
-1.255808754437246488e+00
-1.256125480419844953e+00
-1.256441309577430276e+00
-1.256756244106936204e+00
-1.257070286206082299e+00
-1.257383438073315318e+00
-1.257695701907694419e+00
-1.258007079908850967e+00
-1.258317574276884621e+00
-1.258627187212296272e+00
-1.258935920915907003e+00
-1.259243777588780366e+00
-1.259550759432169764e+00
-1.259856868647404537e+00
-1.260162107435852885e+00
-1.260466477998829937e+00
-1.260769982537534029e+00
-1.261072623252967650e+00
-1.261374402345881274e+00
-1.261675322016684087e+00
-1.261975384465397809e+00
-1.262274591891568765e+00
-1.262572946494221027e+00
-1.262870450471755390e+00
-1.263167106021922725e+00
-1.263462915341746262e+00
-1.263757880627445429e+00
-1.264052004074379232e+00
-1.264345287876988300e+00
-1.264637734228726718e+00
-1.264929345321998744e+00
-1.265220123348115067e+00
-1.265510070497206652e+00
-1.265799188958185439e+00
-1.266087480918669739e+00
-1.266374948564951142e+00
-1.266661594081909259e+00
-1.266947419652967532e+00
-1.267232427460046829e+00
-1.267516619683483725e+00
-1.267799998502008307e+00
-1.268082566092671337e+00
-1.268364324630786522e+00
-1.268645276289894763e+00
-1.268925423241702433e+00
-1.269204767656022526e+00
-1.269483311700738248e+00
-1.269761057541751503e+00
-1.270038007342917608e+00
-1.270314163266021090e+00
-1.270589527470707747e+00
-1.270864102114443561e+00
-1.271137889352470296e+00
-1.271410891337753979e+00
-1.271683110220944712e+00
-1.271954548150336262e+00
-1.272225207271801883e+00
-1.272495089728769679e+00
-1.272764197662178631e+00
-1.273032533210417538e+00
-1.273300098509311029e+00
-1.273566895692045842e+00
-1.273832926889163941e+00
-1.274098194228494352e+00
-1.274362699835119406e+00
-1.274626445831361199e+00
-1.274889434336694327e+00
-1.275151667467757211e+00
-1.275413147338282371e+00
-1.275673876059074008e+00
-1.275933855737957368e+00
-1.276193088479770088e+00
-1.276451576386294917e+00
-1.276709321556241727e+00
-1.276966326085212877e+00
-1.277222592065670570e+00
-1.277478121586892001e+00
-1.277732916734952262e+00
-1.277986979592677041e+00
-1.278240312239623533e+00
-1.278492916752043129e+00
-1.278744795202850115e+00
-1.278995949661592135e+00
-1.279246382194417331e+00
-1.279496094864054356e+00
-1.279745089729772189e+00
-1.279993368847366364e+00
-1.280240934269106345e+00
-1.280487788043737307e+00
-1.280733932216429061e+00
-1.280979368828768283e+00
-1.281224099918713666e+00
-1.281468127520587252e+00
-1.281711453665038691e+00
-1.281954080379030581e+00
-1.282196009685795834e+00
-1.282437243604842347e+00
-1.282677784151889266e+00
-1.282917633338886754e+00
-1.283156793173973798e+00
-1.283395265661438911e+00
-1.283633052801729235e+00
-1.283870156591418787e+00
-1.284106579023172268e+00
-1.284342322085741062e+00
-1.284577387763945033e+00
-1.284811778038633445e+00
-1.285045494886694284e+00
-1.285278540280996973e+00
-1.285510916190422570e+00
-1.285742624579796045e+00
-1.285973667409906707e+00
-1.286204046637462017e+00
-1.286433764215095144e+00
-1.286662822091333203e+00
-1.286891222210583052e+00
-1.287118966513116858e+00
-1.287346056935057437e+00
-1.287572495408354945e+00
-1.287798283860795756e+00
-1.288023424215952950e+00
-1.288247918393196745e+00
-1.288471768307671184e+00
-1.288694975870290582e+00
-1.288917542987715104e+00
-1.289139471562329886e+00
-1.289360763492260586e+00
-1.289581420671333634e+00
-1.289801444989080004e+00
-1.290020838330715236e+00
-1.290239602577133660e+00
-1.290457739604891962e+00
-1.290675251286204306e+00
-1.290892139488931223e+00
-1.291108406076560078e+00
-1.291324052908205289e+00
-1.291539081838596115e+00
-1.291753494718070439e+00
-1.291967293392557226e+00
-1.292180479703572527e+00
-1.292393055488215925e+00
-1.292605022579153884e+00
-1.292816382804619080e+00
-1.293027137988396191e+00
-1.293237289949818125e+00
-1.293446840503761797e+00
-1.293655791460637694e+00
-1.293864144626377000e+00
-1.294071901802438029e+00
-1.294279064785801570e+00
-1.294485635368941789e+00
-1.294691615339842672e+00
-1.294897006481987800e+00
-1.295101810574363244e+00
-1.295306029391422253e+00
-1.295509664703123454e+00
-1.295712718274891984e+00
-1.295915191867632599e+00
-1.296117087237715459e+00
-1.296318406136993229e+00
-1.296519150312762658e+00
-1.296719321507802558e+00
-1.296918921460327834e+00
-1.297117951904030564e+00
-1.297316414568036036e+00
-1.297514311176929391e+00
-1.297711643450745189e+00
-1.297908413104958303e+00
-1.298104621850489915e+00
-1.298300271393711514e+00
-1.298495363436420247e+00
-1.298689899675864234e+00
-1.298883881804730800e+00
-1.299077311511133370e+00
-1.299270190478645448e+00
-1.299462520386248876e+00
-1.299654302908391346e+00
-1.299845539714937104e+00
-1.300036232471193154e+00
-1.300226382837901040e+00
-1.300415992471255722e+00
-1.300605063022869823e+00
-1.300793596139794506e+00
-1.300981593464545227e+00
-1.301169056635049559e+00
-1.301355987284697591e+00
-1.301542387042315285e+00
-1.301728257532173805e+00
-1.301913600373988178e+00
-1.302098417182936174e+00
-1.302282709569629437e+00
-1.302466479140146571e+00
-1.302649727496014265e+00
-1.302832456234216174e+00
-1.303014666947208244e+00
-1.303196361222893840e+00
-1.303377540644658827e+00
-1.303558206791347152e+00
-1.303738361237282817e+00
-1.303918005552258785e+00
-1.304097141301556739e+00
-1.304275770045933758e+00
-1.304453893341638970e+00
-1.304631512740413557e+00
