6.000000000000093259e+00
5.948287708335591617e+00
5.799111331719219109e+00
5.568546720346704504e+00
5.278383125174867629e+00
4.951296244819650028e+00
4.607324345953261790e+00
4.262173097121646492e+00
3.926979281757927431e+00
3.608892212290902179e+00
3.311949960687257111e+00
3.037945588312097378e+00
2.787152043282750569e+00
2.558875382429603995e+00
2.351852339710637452e+00
2.164523433877532987e+00
1.995213295795696062e+00
1.842244887038746670e+00
1.704008139066919725e+00
1.578998016433987850e+00
1.465832605044322001e+00
1.363258535096902646e+00
1.270148679978010398e+00
1.185495410869046973e+00
1.108401542513013371e+00
1.038070328967463318e+00
9.737953478947606323e-01
9.149507672573505834e-01
8.609822605102872561e-01
8.113986820098143538e-01
7.657645042155276638e-01
7.236929435160883717e-01
6.848396745554224951e-01
6.488970686260954190e-01
6.155889775963055977e-01
5.846661721952647328e-01
5.559025744054907348e-01
5.290923713748724166e-01
5.040479840342402262e-01
4.805987398277528633e-01
4.585900158309187957e-01
4.378826001353906539e-01
4.183520598543652991e-01
3.998879789127557371e-01
3.823930099049838160e-01
3.657817509351087293e-01
3.499795007177597950e-01
3.349209630432227192e-01
3.205489704338493340e-01
3.068132838263160078e-01
2.936695071659796152e-01
2.810781378126222529e-01
2.690037585003438037e-01
2.574143654425501970e-01
2.462808200544726600e-01
2.355764080765836155e-01
2.252764887759409751e-01
2.153582175352966033e-01
2.058003267956107496e-01
1.965829524550692098e-01
1.876874950743723236e-01
1.790965073621971215e-01
1.707936012942670445e-01
1.627633698032198428e-01
1.549913192635192782e-01
1.474638100095427284e-01
1.401680029035015096e-01
1.330918105531794238e-01
1.262238522074871083e-01
1.195534116646493755e-01
1.130703977429713403e-01
1.067653070117052794e-01
1.006291885772701011e-01
9.465361078354819768e-02
8.883062972373274857e-02
8.315275948407903350e-02
7.761294405191410117e-02
7.220453082574809778e-02
6.692124566703297472e-02
6.175716943251782776e-02
5.670671592513319703e-02
5.176461119975046821e-02
4.692587415921078975e-02
4.218579837553736167e-02
3.753993507112206307e-02
3.298407719554363737e-02
2.851424453475018272e-02
2.412666979093504305e-02
1.981778557363203519e-02
1.558421224466874366e-02
1.142274656224198659e-02
7.330351072013852054e-03
3.304144195752936608e-03
-6.586090290500029587e-04
-4.560505602643566414e-03
-8.404012650769190906e-03
-1.219147498541459096e-02
-1.592512217476788061e-02
-1.960707515615239815e-02
-2.323935242348092178e-02
-2.682387581858708403e-02
-3.036247595376745378e-02
-3.385689729094398803e-02
-3.730880290108441744e-02
-4.071977892580699865e-02
-4.409133876157939058e-02
-4.742492698538353091e-02
-5.072192303946092273e-02
-5.398364469138469679e-02
-5.721135128464492625e-02
-6.040624679372032235e-02
-6.356948269671795770e-02
-6.670216067766711332e-02
-6.980533516967903085e-02
-7.288001574944655281e-02
-7.592716939271998422e-02
-7.894772259984342289e-02
-8.194256339961142332e-02
-8.491254323933405956e-02
-8.785847876831498482e-02
-9.078115352142841765e-02
-9.368131950912866879e-02
-9.655969871972253094e-02
-9.941698453928579648e-02
-1.022538430943608356e-01
-1.050709145221151858e-01
-1.078688141723882499e-01
-1.106481337457100034e-01
-1.134094423711876909e-01
-1.161532876277442949e-01
-1.188801965121670801e-01
-1.215906763570083482e-01
-1.242852157013121794e-01
-1.269642851168895914e-01
-1.296283379926852219e-01
-1.322778112796629268e-01
-1.349131261984280183e-01
-1.375346889117043669e-01
-1.401428911636493913e-01
-1.427381108878156279e-01
-1.453207127855334901e-01
-1.478910488763304498e-01
-1.504494590219041805e-01
-1.529962714251014988e-01
-1.555318031052401184e-01
-1.580563603510236614e-01
-1.605702391523353145e-01
-1.630737256118608425e-01
-1.655670963377753879e-01
-1.680506188183661098e-01
-1.705245517795839771e-01
-1.729891455264001288e-01
-1.754446422687717666e-01
-1.778912764330321528e-01
-1.803292749594162525e-01
-1.827588575864611820e-01
-1.851802371228878363e-01
-1.875936197076251422e-01
-1.899992050585385950e-01
-1.923971867104324884e-01
-1.947877522428632380e-01
-1.971710834982183247e-01
-1.995473567905605705e-01
-2.019167431056945183e-01
-2.042794082928208466e-01
-2.066355132482521895e-01
-2.089852140914988388e-01
-2.113286623340993875e-01
-2.136660050415883916e-01
-2.159973849888169872e-01
-2.183229408090371082e-01
-2.206428071369708477e-01
-2.229571147461485991e-01
-2.252659906808113233e-01
-2.275695583825597390e-01
-2.298679378120678241e-01
-2.321612455659858576e-01
-2.344495949893262987e-01
-2.367330962835126063e-01
-2.390118566102245878e-01
-2.412859801913230240e-01
-2.435555684049228176e-01
-2.458207198778671609e-01
-2.480815305746837396e-01
-2.503380938832497349e-01
-2.525905006972130606e-01
-2.548388394954075320e-01
-2.570831964183038498e-01
-2.593236553416748968e-01
-2.615602979475541434e-01
-2.637932037926468132e-01
-2.660224503742310009e-01
-2.682481131937248797e-01
-2.704702658179600760e-01
-2.726889799382780644e-01
-2.749043254275286285e-01
-2.771163703950776935e-01
-2.793251812398889755e-01
-2.815308227017046527e-01
-2.837333579105165149e-01
-2.859328484342839594e-01
-2.881293543250291744e-01
-2.903229341633467575e-01
-2.925136451014089811e-01
-2.947015429045009016e-01
-2.968866819911614718e-01
-2.990691154719833378e-01
-3.012488951870989640e-01
-3.034260717424440146e-01
-3.056006945448002665e-01
-3.077728118356939935e-01
-3.099424707241807408e-01
-3.121097172185640645e-01
-3.142745962570770990e-01
-3.164371517375817455e-01
-3.185974265462936383e-01
-3.207554625856180452e-01
-3.229113008010578434e-01
-3.250649812072980982e-01
-3.272165429134622494e-01
-3.293660241475576123e-01
-3.315134622801658715e-01
-3.336588938473968868e-01
-3.358023545731235737e-01
-3.379438793905322203e-01
-3.400835024630101677e-01
-3.422212572043890622e-01
-3.443571762985799811e-01
-3.464912917185903329e-01
-3.486236347450074602e-01
-3.507542359838568546e-01
-3.528831253840177817e-01
-3.550103322540127393e-01
-3.571358852783928506e-01
-3.592598125335801362e-01
-3.613821415032549278e-01
-3.635028990933029669e-01
-3.656221116463151399e-01
-3.677398049556662718e-01
-3.698560042791866342e-01
-3.719707343524386034e-01
-3.740840194016066267e-01
-3.761958831560298644e-01
-3.783063488603676250e-01
-3.804154392864054768e-01
-3.825231767445662068e-01
-3.846295830950539063e-01
-3.867346797587116747e-01
-3.888384877275667395e-01
-3.909410275750616615e-01
-3.930423194660678243e-01
-3.951423831665312747e-01
-3.972412380529178888e-01
-3.993389031213722684e-01
-4.014353969966452107e-01
-4.035307379407517825e-01
-4.056249438614079050e-01
-4.077180323202696521e-01
-4.098100205408853336e-01
-4.119009254164847644e-01
-4.139907635175419376e-01
-4.160795510991646684e-01
-4.181673041082251130e-01
-4.202540381903692168e-01
-4.223397686968124454e-01
-4.244245106909445009e-01
-4.265082789547886000e-01
-4.285910879952742336e-01
-4.306729520503555508e-01
-4.327538850949777527e-01
-4.348339008468586342e-01
-4.369130127721748691e-01
-4.389912340910457900e-01
-4.410685777829239096e-01
-4.431450565918226836e-01
-4.452206830314170971e-01
-4.472954693900189072e-01
-4.493694277354370881e-01
-4.514425699196903397e-01
-4.535149075836213406e-01
-4.555864521614034213e-01
-4.576572148849077371e-01
-4.597272067880083801e-01
-4.617964387107101887e-01
-4.638649213032637331e-01
-4.659326650301113815e-01
-4.679996801737571488e-01
-4.700659768385688775e-01
-4.721315649544395865e-01
-4.741964542804137372e-01
-4.762606544081792737e-01
-4.783241747655117559e-01
-4.803870246196089711e-01
-4.824492130803818557e-01
-4.845107491036131364e-01
-4.865716414941120282e-01
-4.886318989087191089e-01
-4.906915298593031993e-01
-4.927505427156576023e-01
-4.948089457083305054e-01
-4.968667469313959306e-01
-4.989239543451581826e-01
-5.009805757788038383e-01
-5.030366189329615878e-01
-5.050920913822527503e-01
-5.071470005777349854e-01
-5.092013538493166402e-01
-5.112551584081248546e-01
-5.133084213487892900e-01
-5.153611496516985468e-01
-5.174133501852038464e-01
-5.194650297077595402e-01
-5.215161948700360872e-01
-5.235668522169690808e-01
-5.256170081897642010e-01
-5.276666691278764088e-01
-5.297158412709161990e-01
-5.317645307605397553e-01
-5.338127436422870353e-01
-5.358604858673725602e-01
-5.379077632944577747e-01
-5.399545816913625673e-01
-5.420009467367448153e-01
-5.440468640217610563e-01
-5.460923390516772002e-01
-5.481373772474336103e-01
-5.501819839472014140e-01
-5.522261644078942933e-01
-5.542699238066335354e-01
-5.563132672422178571e-01
-5.583561997365220630e-01
-5.603987262358893773e-01
-5.624408516124957957e-01
-5.644825806656764700e-01
-5.665239181232246679e-01
-5.685648686426766352e-01
-5.706054368125459408e-01
-5.726456271535556031e-01
-5.746854441198377961e-01
-5.767248921001091322e-01
-5.787639754187968721e-01
-5.808026983372031049e-01
-5.828410650545716720e-01
-5.848790797091940608e-01
-5.869167463794483508e-01
-5.889540690848501514e-01
-5.909910517870613500e-01
-5.930276983908977506e-01
-5.950640127452836436e-01
-5.970999986442276919e-01
-5.991356598277495227e-01
-6.011709999828096507e-01
-6.032060227441895517e-01
-6.052407316953999361e-01
-6.072751303695267389e-01
-6.093092222500869903e-01
-6.113430107718683670e-01
-6.133764993217230010e-01
-6.154096912393968166e-01
-6.174425898182823724e-01
-6.194751983062137812e-01
-6.215075199062084499e-01
-6.235395577772095965e-01
-6.255713150348064522e-01
-6.276027947519574601e-01
-6.296339999596762826e-01
-6.316649336477242471e-01
-6.336955987652751476e-01
-6.357259982215907046e-01
-6.377561348866394031e-01
-6.397860115917539670e-01
-6.418156311302466444e-01
-6.438449962580228281e-01
-6.458741096941669202e-01
-6.479029741215510674e-01
-6.499315921874019297e-01
-6.519599665038549041e-01
-6.539880996485415432e-01
-6.560159941651061422e-01
-6.580436525637526346e-01
-6.600710773217720595e-01
-6.620982708840573716e-01
-6.641252356636064835e-01
-6.661519740420320801e-01
-6.681784883700325750e-01
-6.702047809678813861e-01
-6.722308541259131021e-01
-6.742567101049437017e-01
-6.762823511367807017e-01
-6.783077794246245018e-01
-6.803329971435214674e-01
-6.823580064408056867e-01
-6.843828094365067560e-01
-6.864074082237673347e-01
-6.884318048692560366e-01
-6.904560014135741053e-01
-6.924799998716302252e-01
-6.945038022330399796e-01
-6.965274104625067686e-01
-6.985508265001945105e-01
-7.005740522620851340e-01
-7.025970896403515020e-01
-7.046199405037064656e-01
-7.066426066977495868e-01
-7.086650900453096424e-01
-7.106873923467764698e-01
-7.127095153804490213e-01
-7.147314609028333487e-01
-7.167532306489907690e-01
-7.187748263328245235e-01
-7.207962496474048519e-01
-7.228175022652674198e-01
-7.248385858387149661e-01
-7.268595020000968576e-01
-7.288802523621211726e-01
-7.309008385181132716e-01
-7.329212620423105617e-01
-7.349415244901317257e-01
-7.369616273984367361e-01
-7.389815722858100733e-01
-7.410013606528063068e-01
-7.430209939822076670e-01
-7.450404737392881671e-01
-7.470598013720421982e-01
-7.490789783114437661e-01
-7.510980059716828583e-01
-7.531168857503898195e-01
-7.551356190288813774e-01
-7.571542071723874612e-01
-7.591726515302631428e-01
-7.611909534362253371e-01
-7.632091142085537516e-01
-7.652271351503163732e-01
-7.672450175495845182e-01
-7.692627626796210150e-01
-7.712803717990949215e-01
-7.732978461522882485e-01
-7.753151869692797016e-01
-7.773323954661389701e-01
-7.793494728451384468e-01
-7.813664202949125448e-01
-7.833832389906584259e-01
-7.853999300943179662e-01
-7.874164947547555027e-01
-7.894329341079219242e-01
-7.914492492770508481e-01
-7.934654413728153832e-01
-7.954815114934911113e-01
-7.974974607251308356e-01
-7.995132901417268956e-01
-8.015290008053740367e-01
-8.035445937664121852e-01
-8.055600700636030842e-01
-8.075754307242651864e-01
-8.095906767644341917e-01
-8.116058091890157034e-01
-8.136208289919188985e-01
-8.156357371562030778e-01
-8.176505346542265462e-01
-8.196652224477886106e-01
-8.216798014882509271e-01
-8.236942727166861600e-01
-8.257086370640107642e-01
-8.277228954511086645e-01
-8.297370487889670354e-01
-8.317510979788051984e-01
-8.337650439121903068e-01
-8.357788874711726823e-01
-8.377926295283950608e-01
-8.398062709472311482e-01
-8.418198125818826538e-01
-8.438332552775121842e-01
-8.458465998703438293e-01
-8.478598471877841769e-01
-8.498729980485451030e-01
-8.518860532627212656e-01
-8.538990136319377644e-01
-8.559118799494229712e-01
-8.579246530001330973e-01
-8.599373335608517799e-01
-8.619499224002847848e-01
-8.639624202791712504e-01
-8.659748279503755031e-01
-8.679871461589832027e-01
-8.699993756424059255e-01
-8.720115171304717583e-01
-8.740235713455074551e-01
-8.760355390024463507e-01
-8.780474208089211752e-01
-8.800592174653395494e-01
-8.820709296649728026e-01
-8.840825580940545603e-01
-8.860941034318605691e-01
-8.881055663507916309e-01
-8.901169475164536493e-01
-8.921282475877559959e-01
-8.941394672169663549e-01
-8.961506070498158616e-01
-8.981616677255646053e-01
-9.001726498770739049e-01
-9.021835541309031203e-01
-9.041943811073548387e-01
-9.062051314205876729e-01
-9.082158056786530098e-01
-9.102264044835896017e-01
-9.122369284314810756e-01
-9.142473781125503018e-01
-9.162577541111874835e-01
-9.182680570060642866e-01
-9.202782873701756960e-01
-9.222884457709020767e-01
-9.242985327700936615e-01
-9.263085489241144055e-01
-9.283184947839329126e-01
-9.303283708951526343e-01
-9.323381777981033514e-01
-9.343479160278860274e-01
-9.363575861144332046e-01
-9.383671885825766168e-01
-9.403767239521050314e-01
-9.423861927378187620e-01
-9.443955954495762972e-01
-9.464049325923765688e-01
-9.484142046663961434e-01
-9.504234121670476210e-01
-9.524325555850328140e-01
-9.544416354064029218e-01
-9.564506521126087124e-01
-9.584596061805389366e-01
-9.604684980825936025e-01
-9.624773282867209456e-01
-9.644860972564806012e-01
-9.664948054510736908e-01
-9.685034533254049949e-01
-9.705120413301333571e-01
-9.725205699117016600e-01
-9.745290395124103222e-01
-9.765374505704407238e-01
-9.785458035199110505e-01
-9.805540987909217021e-01
-9.825623368096069177e-01
-9.845705179981504296e-01
-9.865786427748647336e-01
-9.885867115542130712e-01
-9.905947247468515071e-01
-9.926026827596837743e-01
-9.946105859958931372e-01
-9.966184348549776972e-01
-9.986262297328043491e-01
-1.000633971021633872e+00
-1.002641659110184769e+00
-1.004649294383627822e+00
-1.006656877223673252e+00
-1.008664408008577817e+00
-1.010671887113192779e+00
-1.012679314908994543e+00
-1.014686691764131288e+00
-1.016694018043454495e+00
-1.018701294108535826e+00
-1.020708520317735957e+00
-1.022715697026212123e+00
-1.024722824585972303e+00
-1.026729903345882988e+00
-1.028736933651729135e+00
-1.030743915846231706e+00
-1.032750850269091192e+00
-1.034757737256997823e+00
-1.036764577143691080e+00
-1.038771370259970350e+00
-1.040778116933741115e+00
-1.042784817490022053e+00
-1.044791472251012321e+00
-1.046798081536080449e+00
-1.048804645661824075e+00
-1.050811164942081488e+00
-1.052817639687975149e+00
-1.054824070207917019e+00
-1.056830456807665852e+00
-1.058836799790332961e+00
-1.060843099456413086e+00
-1.062849356103823695e+00
-1.064855570027912313e+00
-1.066861741521506923e+00
-1.068867870874913528e+00
-1.070873958375965662e+00
-1.072880004310036828e+00
-1.074886008960073802e+00
-1.076891972606611292e+00
-1.078897895527809681e+00
-1.080903777999467463e+00
-1.082909620295045672e+00
-1.084915422685704289e+00
-1.086921185440311133e+00
-1.088926908825469386e+00
-1.090932593105551351e+00
-1.092938238542698892e+00
-1.094943845396859627e+00
-1.096949413925816463e+00
-1.098954944385196253e+00
-1.100960437028487116e+00
-1.102965892107084400e+00
-1.104971309870278473e+00
-1.106976690565304233e+00
-1.108982034437344222e+00
-1.110987341729551492e+00
-1.112992612683080695e+00
-1.114997847537096298e+00
-1.117003046528795007e+00
-1.119008209893417982e+00
-1.121013337864300352e+00
-1.123018430672839463e+00
-1.125023488548562156e+00
-1.127028511719112558e+00
-1.129033500410292046e+00
-1.131038454846046371e+00
-1.133043375248525164e+00
-1.135048261838064176e+00
-1.137053114833217915e+00
-1.139057934450779408e+00
-1.141062720905786199e+00
-1.143067474411551654e+00
-1.145072195179671626e+00
-1.147076883420039994e+00
-1.149081539340873537e+00
-1.151086163148716146e+00
-1.153090755048470806e+00
-1.155095315243401366e+00
-1.157099843935151640e+00
-1.159104341323761167e+00
-1.161108807607690308e+00
-1.163113242983813134e+00
-1.165117647647459842e+00
-1.167122021792405873e+00
-1.169126365610907881e+00
-1.171130679293699295e+00
-1.173134963030019184e+00
-1.175139217007614700e+00
-1.177143441412775937e+00
-1.179147636430316171e+00
-1.181151802243618265e+00
-1.183155939034629567e+00
-1.185160046983878113e+00
-1.187164126270489506e+00
-1.189168177072199351e+00
-1.191172199565364132e+00
-1.193176193924974982e+00
-1.195180160324672780e+00
-1.197184098936749042e+00
-1.199188009932181220e+00
-1.201191893480623385e+00
-1.203195749750425314e+00
-1.205199578908649594e+00
-1.207203381121074504e+00
-1.209207156552213114e+00
-1.211210905365324608e+00
-1.213214627722419170e+00
-1.215218323784274856e+00
-1.217221993710454253e+00
-1.219225637659292927e+00
-1.221229255787944945e+00
-1.223232848252365113e+00
-1.225236415207331397e+00
-1.227239956806453813e+00
-1.229243473202184855e+00
-1.231246964545837264e+00
-1.233250430987578694e+00
-1.235253872676447484e+00
-1.237257289760382406e+00
-1.239260682386200685e+00
-1.241264050699631527e+00
-1.243267394845310347e+00
-1.245270714966808301e+00
-1.247274011206620292e+00
-1.249277283706180075e+00
-1.251280532605884011e+00
-1.253283758045084628e+00
-1.255286960162105281e+00
-1.257290139094247028e+00
-1.259293294977799071e+00
-1.261296427948052967e+00
-1.263299538139303735e+00
-1.265302625684859628e+00
-1.267305690717054567e+00
-1.269308733367256137e+00
-1.271311753765868913e+00
-1.273314752042351339e+00
-1.275317728325213062e+00
-1.277320682742035141e+00
-1.279323615419468263e+00
-1.281326526483249628e+00
-1.283329416058203387e+00
-1.285332284268249081e+00
-1.287335131236412522e+00
-1.289337957084842667e+00
-1.291340761934792303e+00
-1.293343545906659120e+00
-1.295346309119963291e+00
-1.297349051693377220e+00
-1.299351773744718663e+00
-1.301354475390969156e+00
-1.303357156748273127e+00
-1.305359817931941002e+00
-1.307362459056472304e+00
-1.309365080235547429e+00
-1.311367681582044087e+00
-1.313370263208031519e+00
-1.315372825224801367e+00
-1.317375367742841696e+00
-1.319377890871872072e+00
-1.321380394720838680e+00
-1.323382879397913880e+00
-1.325385345010515303e+00
-1.327387791665305627e+00
-1.329390219468203016e+00
-1.331392628524382449e+00
-1.333395018938283272e+00
-1.335397390813612528e+00
-1.337399744253360723e+00
-1.339402079359807596e+00
-1.341404396234503915e+00
-1.343406694978313665e+00
-1.345408975691390507e+00
-1.347411238473197770e+00
-1.349413483422517102e+00
-1.351415710637441370e+00
-1.353417920215396864e+00
-1.355420112253121312e+00
-1.357422286846712067e+00
-1.359424444091587247e+00
-1.361426584082515490e+00
-1.363428706913625943e+00
-1.365430812678391614e+00
-1.367432901469654238e+00
-1.369434973379631826e+00
-1.371437028499892463e+00
-1.373439066921404494e+00
-1.375441088734498107e+00
-1.377443094028912407e+00
-1.379445082893758112e+00
-1.381447055417559522e+00
-1.383449011688233421e+00
-1.385450951793112173e+00
-1.387452875818931952e+00
-1.389454783851849173e+00
-1.391456675977440716e+00
-1.393458552280711915e+00
-1.395460412846098119e+00
-1.397462257757463133e+00
-1.399464087098120979e+00
-1.401465900950821908e+00
-1.403467699397773716e+00
-1.405469482520627755e+00
-1.407471250400492702e+00
-1.409473003117946766e+00
-1.411474740753029700e+00
-1.413476463385254789e+00
-1.415478171093599080e+00
-1.417479863956533137e+00
-1.419481542052000611e+00
-1.421483205457433341e+00
-1.423484854249756903e+00
-1.425486488505386173e+00
-1.427488108300243086e+00
-1.429489713709745091e+00
-1.431491304808824250e+00
-1.433492881671909025e+00
-1.435494444372959366e+00
-1.437495992985437399e+00
-1.439497527582342951e+00
-1.441499048236186686e+00
-1.443500555019020748e+00
-1.445502048002419215e+00
-1.447503527257499201e+00
-1.449504992854923735e+00
-1.451506444864886003e+00
-1.453507883357138430e+00
-1.455509308400972479e+00
-1.457510720065247956e+00
-1.459512118418368809e+00
-1.461513503528310665e+00
-1.463514875462608389e+00
-1.465516234288365638e+00
-1.467517580072255967e+00
-1.469518912880529271e+00
-1.471520232779009563e+00
-1.473521539833105631e+00
-1.475522834107806824e+00
-1.477524115667698590e+00
-1.479525384576942937e+00
-1.481526640899305081e+00
-1.483527884698146782e+00
-1.485529116036420128e+00
-1.487530334976691293e+00
-1.489531541581124774e+00
-1.491532735911500263e+00
-1.493533918029197993e+00
-1.495535087995224277e+00
-1.497536245870199068e+00
-1.499537391714357515e+00
-1.501538525587563733e+00
-1.503539647549306135e+00
-1.505540757658698547e+00
-1.507541855974497080e+00
-1.509542942555076150e+00
-1.511544017458461342e+00
-1.513545080742308757e+00
-1.515546132463915674e+00
-1.517547172680240086e+00
-1.519548201447868063e+00
-1.521549218823042615e+00
-1.523550224861670577e+00
-1.525551219619296406e+00
-1.527552203151129495e+00
-1.529553175512050389e+00
-1.531554136756582585e+00
-1.533555086938928946e+00
-1.535556026112963490e+00
-1.537556954332212289e+00
-1.539557871649897880e+00
-1.541558778118901740e+00
-1.543559673791780495e+00
-1.545560558720787236e+00
-1.547561432957838212e+00
-1.549562296554549468e+00
-1.551563149562216193e+00
-1.553563992031824270e+00
-1.555564824014049607e+00
-1.557565645559260137e+00
-1.559566456717526695e+00
-1.561567257538610143e+00
-1.563568048071982242e+00
-1.565568828366801890e+00
-1.567569598471941994e+00
-1.569570358435980584e+00
-1.571571108307209030e+00
-1.573571848133616502e+00
-1.575572577962919496e+00
-1.577573297842539413e+00
-1.579574007819623205e+00
-1.581574707941025171e+00
-1.583575398253336930e+00
-1.585576078802852118e+00
-1.587576749635613238e+00
-1.589577410797364365e+00
-1.591578062333602217e+00
-1.593578704289536851e+00
-1.595579336710118534e+00
-1.597579959640035074e+00
-1.599580573123697835e+00
-1.601581177205275930e+00
-1.603581771928661137e+00
-1.605582357337496768e+00
-1.607582933475167453e+00
-1.609583500384802024e+00
-1.611584058109278850e+00
-1.613584606691221834e+00
-1.615585146173009301e+00
-1.617585676596774436e+00
-1.619586198004401734e+00
-1.621586710437524337e+00
-1.623587213937545570e+00
-1.625587708545625176e+00
-1.627588194302680646e+00
-1.629588671249389886e+00
-1.631589139426201207e+00
-1.633589598873330440e+00
-1.635590049630753606e+00
-1.637590491738219800e+00
-1.639590925235250296e+00
-1.641591350161136109e+00
-1.643591766554945544e+00
-1.645592174455518197e+00
-1.647592573901470958e+00
-1.649592964931210437e+00
-1.651593347582905880e+00
-1.653593721894522472e+00
-1.655594087903800249e+00
-1.657594445648267412e+00
-1.659594795165237446e+00
-1.661595136491810676e+00
-1.663595469664882032e+00
-1.665595794721123957e+00
-1.667596111697018157e+00
-1.669596420628818079e+00
-1.671596721552597753e+00
-1.673597014504206948e+00
-1.675597299519300476e+00
-1.677597576633329091e+00
-1.679597845881552365e+00
-1.681598107299017153e+00
-1.683598360920582238e+00
-1.685598606780914777e+00
-1.687598844914478091e+00
-1.689599075355544544e+00
-1.691599298138201757e+00
-1.693599513296339731e+00
-1.695599720863653959e+00
-1.697599920873664736e+00
-1.699600113359697406e+00
-1.701600298354895457e+00
-1.703600475892212307e+00
-1.705600646004427290e+00
-1.707600808724128560e+00
-1.709600964083730856e+00
-1.711601112115463286e+00
-1.713601252851383316e+00
-1.715601386323362565e+00
-1.717601512563109001e+00
-1.719601631602141856e+00
-1.721601743471818713e+00
-1.723601848203313969e+00
-1.725601945827640815e+00
-1.727602036375634142e+00
-1.729602119877968081e+00
-1.731602196365138457e+00
-1.733602265867480119e+00
-1.735602328415165596e+00
-1.737602384038193337e+00
-1.739602432766407691e+00
-1.741602474629483366e+00
-1.743602509656936084e+00
-1.745602537878120808e+00
-1.747602559322234184e+00
-1.749602574018320089e+00
-1.751602581995248320e+00
-1.753602583281746563e+00
-1.755602577906386186e+00
-1.757602565897576019e+00
-1.759602547283577900e+00
-1.761602522092506895e+00
-1.763602490352311536e+00
-1.765602452090800689e+00
-1.767602407335634007e+00
-1.769602356114317043e+00
-1.771602298454211688e+00
-1.773602234382530174e+00
-1.775602163926345511e+00
-1.777602087112579721e+00
-1.779602003968012269e+00
-1.781601914519285401e+00
-1.783601818792887483e+00
-1.785601716815175655e+00
-1.787601608612365167e+00
-1.789601494210526944e+00
-1.791601373635600014e+00
-1.793601246913387293e+00
-1.795601114069544479e+00
-1.797600975129597378e+00
-1.799600830118944561e+00
-1.801600679062839827e+00
-1.803600521986405969e+00
-1.805600358914635217e+00
-1.807600189872384799e+00
-1.809600014884391150e+00
-1.811599833975246598e+00
-1.813599647169425122e+00
-1.815599454491265918e+00
-1.817599255964985838e+00
-1.819599051614672502e+00
-1.821598841464284302e+00
-1.823598625537660167e+00
-1.825598403858517571e+00
-1.827598176450432765e+00
-1.829597943336879640e+00
-1.831597704541198635e+00
-1.833597460086606512e+00
-1.835597209996218115e+00
-1.837596954293003071e+00
-1.839596692999830196e+00
-1.841596426139438192e+00
-1.843596153734456955e+00
-1.845595875807394037e+00
-1.847595592380637530e+00
-1.849595303476473607e+00
-1.851595009117058765e+00
-1.853594709324438705e+00
-1.855594404120552099e+00
-1.857594093527220824e+00
-1.859593777566152184e+00
-1.861593456258940904e+00
-1.863593129627077349e+00
-1.865592797691933091e+00
-1.867592460474783556e+00
-1.869592117996777603e+00
-1.871591770278967504e+00
-1.873591417342297838e+00
-1.875591059207601052e+00
-1.877590695895600348e+00
-1.879590327426920782e+00
-1.881589953822084160e+00
-1.883589575101491498e+00
-1.885589191285456989e+00
-1.887588802394181586e+00
-1.889588408447766765e+00
-1.891588009466212972e+00
-1.893587605469410740e+00
-1.895587196477153569e+00
-1.897586782509141701e+00
-1.899586363584955917e+00
-1.901585939724105279e+00
-1.903585510945968284e+00
-1.905585077269843941e+00
-1.907584638714926006e+00
-1.909584195300314091e+00
-1.911583747045001447e+00
-1.913583293967896060e+00
-1.915582836087798668e+00
-1.917582373423418529e+00
-1.919581905993367643e+00
-1.921581433816161422e+00
-1.923580956910220907e+00
-1.925580475293867444e+00
-1.927579988985339554e+00
-1.929579498002762072e+00
-1.931579002364183228e+00
-1.933578502087547557e+00
-1.935577997190711441e+00
-1.937577487691429567e+00
-1.939576973607371357e+00
-1.941576454956105646e+00
-1.943575931755115116e+00
-1.945575404021786525e+00
-1.947574871773408489e+00
-1.949574335027182581e+00
-1.951573793800219336e+00
-1.953573248109527594e+00
-1.955572697972031815e+00
-1.957572143404552989e+00
-1.959571584423835056e+00
-1.961571021046509600e+00
-1.963570453289130047e+00
-1.965569881168147015e+00
-1.967569304699918087e+00
-1.969568723900711582e+00
-1.971568138786687907e+00
-1.973567549373930641e+00
-1.975566955678411452e+00
-1.977566357716014078e+00
-1.979565755502525448e+00
-1.981565149053623687e+00
-1.983564538384906317e+00
-1.985563923511855622e+00
-1.987563304449865065e+00
-1.989562681214222639e+00
-1.991562053820108424e+00
-1.993561422282610573e+00
-1.995560786616705107e+00
-1.997560146837262351e+00
-1.999559502959050272e+00
-2.001558854996729586e+00
-2.003558202964843549e+00
-2.005557546877824837e+00
-2.007556886750003322e+00
-2.009556222595580088e+00
-2.011555554428648307e+00
-2.013554882263178580e+00
-2.015554206113019386e+00
-2.017553525991892638e+00
-2.019552841913404340e+00
-2.021552153891019721e+00
-2.023551461938076557e+00
-2.025550766067775843e+00
-2.027550066293189346e+00
-2.029549362627235176e+00
-2.031548655082696886e+00
-2.033547943672203484e+00
-2.035547228408234766e+00
-2.037546509303111097e+00
-2.039545786368997415e+00
-2.041545059617893898e+00
-2.043544329061622644e+00
-2.045543594711843660e+00
-2.047542856580025106e+00
-2.049542114677460170e+00
-2.051541369015242644e+00
-2.053540619604281137e+00
-2.055539866455273756e+00
-2.057539109578707670e+00
-2.059538348984854661e+00
-2.061537584683769797e+00
-2.063536816685278552e+00
-2.065536044998952825e+00
-2.067535269634134920e+00
-2.069534490599906462e+00
-2.071533707905083510e+00
-2.073532921558209008e+00
-2.075532131567546568e+00
-2.077531337941063594e+00
-2.079530540686436169e+00
-2.081529739811001978e+00
-2.083528935321803832e+00
-2.085528127225519501e+00
-2.087527315528496796e+00
-2.089526500236717155e+00
-2.091525681355778765e+00
-2.093524858890900120e+00
-2.095524032846891149e+00
-2.097523203228143007e+00
-2.099522370038608976e+00
-2.101521533281807574e+00
-2.103520692960763938e+00
-2.105519849078044459e+00
-2.107519001635695055e+00
-2.109518150635245615e+00
-2.111517296077690897e+00
-2.113516437963449235e+00
-2.115515576292370525e+00
-2.117514711063690491e+00
-2.119513842276023574e+00
-2.121512969927335845e+00
-2.123512094014904150e+00
-2.125511214535323212e+00
-2.127510331484452344e+00
-2.129509444857397682e+00
-2.131508554648485099e+00
-2.133507660851237109e+00
-2.135506763458321799e+00
-2.137505862461552386e+00
-2.139504957851826816e+00
-2.141504049619115779e+00
-2.143503137752414300e+00
-2.145502222239715095e+00
-2.147501303067967271e+00
-2.149500380223037244e+00
-2.151499453689679875e+00
-2.153498523451483404e+00
-2.155497589490842802e+00
-2.157496651788904263e+00
-2.159495710325525675e+00
-2.161494765079241986e+00
-2.163493816027187044e+00
-2.165492863145086933e+00
-2.167491906407174262e+00
-2.169490945786159752e+00
-2.171489981253168278e+00
-2.173489012777681584e+00
-2.175488040327492545e+00
-2.177487063868634998e+00
-2.179486083365336668e+00
-2.181485098779938792e+00
-2.183484110072860584e+00
-2.185483117202505099e+00
-2.187482120125213036e+00
-2.189481118795179704e+00
-2.191480113164390175e+00
-2.193479103182552237e+00
-2.195478088797013339e+00
-2.197477069952674888e+00
-2.199476046591941181e+00
-2.201475018654605709e+00
-2.203473986077788993e+00
-2.205472948795846655e+00
-2.207471906740271272e+00
-2.209470859839623991e+00
-2.211469808019418171e+00
-2.213468751202046114e+00
-2.215467689306658716e+00
-2.217466622249081531e+00
-2.219465549941708638e+00
-2.221464472293392944e+00
-2.223463389209336505e+00
-2.225462300590993703e+00
-2.227461206335940247e+00
-2.229460106337776359e+00
-2.231459000485980670e+00
-2.233457888665810742e+00
-2.235456770758179168e+00
-2.237455646639510576e+00
-2.239454516181616395e+00
-2.241453379251567402e+00
-2.243452235711551168e+00
-2.245451085418743720e+00
-2.247449928225136784e+00
-2.249448763977428101e+00
-2.251447592516852225e+00
-2.253446413679019766e+00
-2.255445227293787713e+00
-2.257444033185069809e+00
-2.259442831170697552e+00
-2.261441621062242113e+00
-2.263440402664836704e+00
-2.265439175777028691e+00
-2.267437940190567325e+00
-2.269436695690264294e+00
-2.271435442053770792e+00
-2.273434179051401660e+00
-2.275432906445963965e+00
-2.277431623992537180e+00
-2.279430331438277335e+00
-2.281429028522219404e+00
-2.283427714975074796e+00
-2.285426390519004869e+00
-2.287425054867423757e+00
-2.289423707724764334e+00
-2.291422348786266827e+00
-2.293420977737738564e+00
-2.295419594255335038e+00
-2.297418198005322321e+00
-2.299416788643832810e+00
-2.301415365816620540e+00
-2.303413929158820039e+00
-2.305412478294693202e+00
-2.307411012837369491e+00
-2.309409532388583042e+00
-2.311408036538420419e+00
-2.313406524865031955e+00
-2.315404996934378179e+00
-2.317403452299932276e+00
-2.319401890502425179e+00
-2.321400311069524935e+00
-2.323398713515570702e+00
-2.325397097341276531e+00
-2.327395462033414741e+00
-2.329393807064522814e+00
-2.331392131892600084e+00
-2.333390435960793319e+00
-2.335388718697059218e+00
-2.337386979513871310e+00
-2.339385217807871786e+00
-2.341383432959562860e+00
-2.343381624332946611e+00
-2.345379791275197245e+00
-2.347377933116324034e+00
-2.349376049168810265e+00
-2.351374138727272634e+00
-2.353372201068093084e+00
-2.355370235449061767e+00
-2.357368241109016438e+00
-2.359366217267456101e+00
-2.361364163124190174e+00
-2.363362077858944144e+00
-2.365359960630974090e+00
-2.367357810578684330e+00
-2.369355626819246385e+00
-2.371353408448188649e+00
-2.373351154538990926e+00
-2.375348864142709182e+00
-2.377346536287537226e+00
-2.379344169978403478e+00
-2.381341764196565958e+00
-2.383339317899188181e+00
-2.385336830018900844e+00
-2.387334299463387044e+00
-2.389331725114957283e+00
-2.391329105830098722e+00
-2.393326440439039526e+00
-2.395323727745317655e+00
-2.397320966525326114e+00
-2.399318155527858654e+00
-2.401315293473669232e+00
-2.403312379055007053e+00
-2.405309410935152492e+00
-2.407306387747967236e+00
-2.409303308097423990e+00
-2.411300170557125089e+00
-2.413296973669854406e+00
-2.415293715947067987e+00
-2.417290395868457065e+00
-2.419287011881433802e+00
-2.421283562400671663e+00
-2.423280045807593819e+00
-2.425276460449913518e+00
-2.427272804641129156e+00
-2.429269076660029114e+00
-2.431265274750199712e+00
-2.433261397119538039e+00
-2.435257441939727929e+00
-2.437253407345773226e+00
-2.439249291435463096e+00
-2.441245092268891081e+00
-2.443240807867940845e+00
-2.445236436215771469e+00
-2.447231975256327186e+00
-2.449227422893812900e+00
-2.451222776992183050e+00
-2.453218035374645112e+00
-2.455213195823137795e+00
-2.457208256077820785e+00
-2.459203213836547164e+00
-2.461198066754378022e+00
-2.463192812443049995e+00
-2.465187448470461451e+00
-2.467181972360164455e+00
-2.469176381590853175e+00
-2.471170673595840306e+00
-2.473164845762557462e+00
-2.475158895432038264e+00
-2.477152819898396530e+00
-2.479146616408336001e+00
-2.481140282160620103e+00
-2.483133814305582998e+00
-2.485127209944617555e+00
-2.487120466129649099e+00
-2.489113579862665571e+00
-2.491106548095206374e+00
-2.493099367727837912e+00
-2.495092035609692172e+00
-2.497084548537948478e+00
-2.499076903257348103e+00
-2.501069096459707986e+00
-2.503061124783430902e+00
-2.505052984813015637e+00
-2.507044673078590691e+00
-2.509036186055425777e+00
-2.511027520163459315e+00
-2.513018671766829026e+00
-2.515009637173412305e+00
-2.517000412634354145e+00
-2.518990994343617729e+00
-2.520981378437525233e+00
-2.522971560994305307e+00
-2.524961538033663633e+00
-2.526951305516333068e+00
-2.528940859343627334e+00
-2.530930195357043111e+00
-2.532919309337809288e+00
-2.534908197006472186e+00
-2.536896854022500758e+00
-2.538885275983858936e+00
-2.540873458426619713e+00
-2.542861396824565468e+00
-2.544849086588790055e+00
-2.546836523067347535e+00
-2.548823701544851605e+00
-2.550810617242103451e+00
-2.552797265315760011e+00
-2.554783640857958282e+00
-2.556769738895973365e+00
-2.558755554391887177e+00
-2.560741082242257161e+00
-2.562726317277782329e+00
-2.564711254263010165e+00
-2.566695887896015993e+00
-2.568680212808101881e+00
-2.570664223563517758e+00
-2.572647914659185187e+00
-2.574631280524410037e+00
-2.576614315520644904e+00
-2.578597013941194227e+00
-2.580579370011019336e+00
-2.582561377886476883e+00
-2.584543031655094136e+00
-2.586524325335367802e+00
-2.588505252876547758e+00
-2.590485808158435876e+00
-2.592465984991226158e+00
-2.594445777115308882e+00
-2.596425178201105854e+00
-2.598404181848935846e+00
-2.600382781588849390e+00
-2.602360970880523539e+00
-2.604338743113104648e+00
-2.606316091605136442e+00
-2.608293009604434332e+00
-2.610269490288016581e+00
-2.612245526762007497e+00
-2.614221112061606789e+00
-2.616196239150994973e+00
-2.618170900923314282e+00
-2.620145090200656668e+00
-2.622118799734009631e+00
-2.624092022203271313e+00
-2.626064750217273591e+00
-2.628036976313759876e+00
-2.630008692959445504e+00
-2.631979892550065703e+00
-2.633950567410411114e+00
-2.635920709794411287e+00
-2.637890311885199957e+00
-2.639859365795233614e+00
-2.641827863566378998e+00
-2.643795797170025441e+00
-2.645763158507252744e+00
-2.647729939408920874e+00
-2.649696131635880025e+00
-2.651661726879106951e+00
-2.653626716759903914e+00
-2.655591092830098532e+00
-2.657554846572229401e+00
-2.659517969399801007e+00
-2.661480452657492890e+00
-2.663442287621423432e+00
-2.665403465499406988e+00
-2.667363977431223443e+00
-2.669323814488925084e+00
-2.671282967677106601e+00
-2.673241427933245706e+00
-2.675199186128023765e+00
-2.677156233065664193e+00
-2.679112559484274403e+00
-2.681068156056234386e+00
-2.683023013388567524e+00
-2.684977122023330054e+00
-2.686930472438008533e+00
-2.688883055045960369e+00
-2.690834860196823719e+00
-2.692785878176984671e+00
-2.694736099210011115e+00
-2.696685513457130146e+00
-2.698634111017726323e+00
-2.700581881929813299e+00
-2.702528816170560511e+00
-2.704474903656805207e+00
-2.706420134245591136e+00
-2.708364497734693010e+00
-2.710307983863220471e+00
-2.712250582312135894e+00
-2.714192282704867232e+00
-2.716133074607899101e+00
-2.718072947531373185e+00
-2.720011890929710408e+00
-2.721949894202232212e+00
-2.723886946693820033e+00
-2.725823037695549012e+00
-2.727758156445370563e+00
-2.729692292128768294e+00
-2.731625433879472098e+00
-2.733557570780130508e+00
-2.735488691863030564e+00
-2.737418786110823898e+00
-2.739347842457249271e+00
-2.741275849787876417e+00
-2.743202796940869437e+00
-2.745128672707716433e+00
-2.747053465834052410e+00
-2.748977165020388469e+00
-2.750899758922951133e+00
-2.752821236154447959e+00
-2.754741585284897987e+00
-2.756660794842458628e+00
-2.758578853314230805e+00
-2.760495749147128475e+00
-2.762411470748705078e+00
-2.764326006488018628e+00
-2.766239344696504787e+00
-2.768151473668832185e+00
-2.770062381663806583e+00
-2.771972056905246173e+00
-2.773880487582879972e+00
-2.775787661853261756e+00
-2.777693567840684441e+00
-2.779598193638085135e+00
-2.781501527307995492e+00
-2.783403556883454311e+00
-2.785304270368965884e+00
-2.787203655741438357e+00
-2.789101700951142071e+00
-2.790998393922669685e+00
-2.792893722555894520e+00
-2.794787674726963989e+00
-2.796680238289252607e+00
-2.798571401074360310e+00
-2.800461150893086781e+00
-2.802349475536448864e+00
-2.804236362776646452e+00
-2.806121800368094110e+00
-2.808005776048408730e+00
-2.809888277539426937e+00
-2.811769292548218058e+00
-2.813648808768104193e+00
-2.815526813879681622e+00
-2.817403295551836440e+00
-2.819278241442796151e+00
-2.821151639201130656e+00
-2.823023476466809623e+00
-2.824893740872216785e+00
-2.826762420043212209e+00
-2.828629501600145701e+00
-2.830494973158923511e+00
-2.832358822332032844e+00
-2.834221036729599685e+00
-2.836081603960421749e+00
-2.837940511633015639e+00
-2.839797747356680446e+00
-2.841653298742527145e+00
-2.843507153404540411e+00
-2.845359298960606687e+00
-2.847209723033583106e+00
-2.849058413252328226e+00
-2.850905357252769168e+00
-2.852750542678924361e+00
-2.854593957183959585e+00
-2.856435588431228911e+00
-2.858275424095329864e+00
-2.860113451863119938e+00
-2.861949659434773086e+00
-2.863784034524810451e+00
-2.865616564863139981e+00
-2.867447238196077386e+00
-2.869276042287391082e+00
-2.871102964919319600e+00
-2.872927993893584997e+00
-2.874751117032432912e+00
-2.876572322179648200e+00
-2.878391597201547025e+00
-2.880208929988009814e+00
-2.882024308453473793e+00
-2.883837720537937077e+00
-2.885649154207969413e+00
-2.887458597457676746e+00
-2.889266038309714624e+00
-2.891071464816252767e+00
-2.892874865059977374e+00
-2.894676227155035253e+00
-2.896475539248021036e+00
-2.898272789518931969e+00
-2.900067966182128920e+00
-2.901861057487274298e+00
-2.903652051720286398e+00
-2.905440937204287977e+00
-2.907227702300511307e+00
-2.909012335409244532e+00
-2.910794824970749151e+00
-2.912575159466151309e+00
-2.914353327418379269e+00
-2.916129317393033382e+00
-2.917903117999282703e+00
-2.919674717890761606e+00
-2.921444105766430877e+00
-2.923211270371454784e+00
-2.924976200498046630e+00
-2.926738884986347156e+00
-2.928499312725235004e+00
-2.930257472653192252e+00
-2.932013353759117980e+00
-2.933766945083147171e+00
-2.935518235717465618e+00
-2.937267214807113724e+00
-2.939013871550775647e+00
-2.940758195201564451e+00
-2.942500175067799262e+00
-2.944239800513775318e+00
-2.945977060960514038e+00
-2.947711945886516638e+00
-2.949444444828509759e+00
-2.951174547382146685e+00
-2.952902243202773835e+00
-2.954627522006106233e+00
-2.956350373568930046e+00
-2.958070787729809137e+00
-2.959788754389769405e+00
-2.961504263512940494e+00
-2.963217305127253010e+00
-2.964927869325073573e+00
-2.966635946263839418e+00
-2.968341526166709432e+00
-2.970044599323162338e+00
-2.971745156089635742e+00
-2.973443186890095902e+00
-2.975138682216649677e+00
-2.976831632630128066e+00
-2.978522028760632434e+00
-2.980209861308113606e+00
-2.981895121042925201e+00
-2.983577798806334336e+00
-2.985257885511074960e+00
-2.986935372141870548e+00
-2.988610249755903059e+00
-2.990282509483352502e+00
-2.991952142527851244e+00
-2.993619140166983161e+00
-2.995283493752726400e+00
-2.996945194711915672e+00
-2.998604234546685454e+00
-3.000260604834902978e+00
-3.001914297230588780e+00
-3.003565303464318603e+00
-3.005213615343643063e+00
-3.006859224753456683e+00
-3.008502123656377147e+00
-3.010142304093130328e+00
-3.011779758182894007e+00
-3.013414478123642493e+00
-3.015046456192498781e+00
-3.016675684746029429e+00
-3.018302156220589172e+00
-3.019925863132612687e+00
-3.021546798078898810e+00
-3.023164953736911631e+00
-3.024780322865038062e+00
-3.026392898302854739e+00
-3.028002672971387366e+00
-3.029609639873324767e+00
-3.031213792093279569e+00
-3.032815122798003138e+00
-3.034413625236575207e+00
-3.036009292740622367e+00
-3.037602118724504141e+00
-3.039192096685484401e+00
-3.040779220203910338e+00
-3.042363482943359898e+00
-3.043944878650806096e+00
-3.045523401156737808e+00
-3.047099044375307209e+00
-3.048671802304432354e+00
-3.050241669025915758e+00
-3.051808638705544752e+00
-3.053372705593172309e+00
-3.054933864022805423e+00
-3.056492108412681485e+00
-3.058047433265310922e+00
-3.059599833167546024e+00
-3.061149302790614257e+00
-3.062695836890157786e+00
-3.064239430306248568e+00
-3.065780077963415007e+00
-3.067317774870633507e+00
-3.068852516121338248e+00
-3.070384296893400755e+00
-3.071913112449116134e+00
-3.073438958135158217e+00
-3.074961829382562239e+00
-3.076481721706660011e+00
-3.077998630707029726e+00
-3.079512552067447562e+00
-3.081023481555773103e+00
-3.082531415023927579e+00
-3.084036348407749539e+00
-3.085538277726939338e+00
-3.087037199084918360e+00
-3.088533108668751748e+00
-3.090026002748996081e+00
-3.091515877679594571e+00
-3.093002729897726955e+00
-3.094486555923666504e+00
-3.095967352360638802e+00
-3.097445115894644108e+00
-3.098919843294315246e+00
-3.100391531410722656e+00
-3.101860177177210520e+00
-3.103325777609196034e+00
-3.104788329803979785e+00
-3.106247830940552124e+00
-3.107704278279373344e+00
-3.109157669162169402e+00
-3.110608001011689883e+00
-3.112055271331517936e+00
-3.113499477705793161e+00
-3.114940617799010436e+00
-3.116378689355737031e+00
-3.117813690200390120e+00
-3.119245618236961004e+00
-3.120674471448748211e+00
-3.122100247898107916e+00
-3.123522945726144417e+00
-3.124942563152469877e+00
-3.126359098474873033e+00
-3.127772550069058077e+00
-3.129182916388340896e+00
-3.130590195963330657e+00
-3.131994387401633162e+00
-3.133395489387540866e+00
-3.134793500681709144e+00
-3.136188420120827214e+00
-3.137580246617300173e+00
-3.138968979158906158e+00
-3.140354616808472166e+00
-3.141737158703518773e+00
-3.143116604055923968e+00
-3.144492952151558995e+00
-3.145866202349955287e+00
-3.147236354083914556e+00
-3.148603406859185050e+00
-3.149967360254052995e+00
-3.151328213919004195e+00
-3.152685967576333681e+00
-3.154040621019778001e+00
-3.155392174114114212e+00
-3.156740626794790394e+00
-3.158085979067543736e+00
-3.159428231007983534e+00
-3.160767382761223487e+00
-3.162103434541457148e+00
-3.163436386631580888e+00
-3.164766239382774682e+00
-3.166092993214101092e+00
-3.167416648612081165e+00
-3.168737206130314732e+00
-3.170054666389021225e+00
-3.171369030074659534e+00
-3.172680297939483474e+00
-3.173988470801129669e+00
-3.175293549542197447e+00
-3.176595535109803858e+00
-3.177894428515166680e+00
-3.179190230833184305e+00
-3.180482943201974777e+00
-3.181772566822456128e+00
-3.183059102957915609e+00
-3.184342552933560277e+00
-3.185622918136080894e+00
-3.186900200013199402e+00
-3.188174400073245707e+00
-3.189445519884697156e+00
-3.190713561075738447e+00
-3.191978525333799777e+00
-3.193240414405136729e+00
-3.194499230094351550e+00
-3.195754974263956605e+00
-3.197007648833916527e+00
-3.198257255781201902e+00
-3.199503797139319428e+00
-3.200747274997892688e+00
-3.201987691502155453e+00
-3.203225048852532009e+00
-3.204459349304178861e+00
-3.205690595166503787e+00
-3.206918788802732401e+00
-3.208143932629436090e+00
-3.209366029116079488e+00
-3.210585080784561729e+00
-3.211801090208752818e+00
-3.213014060014030004e+00
-3.214223992876829694e+00
-3.215430891524192258e+00
-3.216634758733272204e+00
-3.217835597330919395e+00
-3.219033410193183897e+00
-3.220228200244878103e+00
-3.221419970459117543e+00
-3.222608723856852375e+00
-3.223794463506401975e+00
-3.224977192523020175e+00
-3.226156914068423198e+00
-3.227333631350331355e+00
-3.228507347622018742e+00
-3.229678066181850049e+00
-3.230845790372828485e+00
-3.232010523582137917e+00
-3.233172269240705443e+00
-3.234331030822717779e+00
-3.235486811845194044e+00
-3.236639615867525688e+00
-3.237789446491025291e+00
-3.238936307358474043e+00
-3.240080202153672317e+00
-3.241221134601006693e+00
-3.242359108464974771e+00
-3.243494127549766404e+00
-3.244626195698819604e+00
-3.245755316794341372e+00
-3.246881494756907127e+00
-3.248004733544994860e+00
-3.249125037154562357e+00
-3.250242409618593786e+00
-3.251356855006676039e+00
-3.252468377424534651e+00
-3.253576981013646119e+00
-3.254682669950768492e+00
-3.255785448447522157e+00
-3.256885320749955959e+00
-3.257982291138131092e+00
-3.259076363925676567e+00
-3.260167543459375317e+00
-3.261255834118745867e+00
-3.262341240315603574e+00
-3.263423766493654288e+00
-3.264503417128070684e+00
-3.265580196725082374e+00
-3.266654109821542917e+00
-3.267725160984549237e+00
-3.268793354810988649e+00
-3.269858695927167158e+00
-3.270921188988376915e+00
-3.271980838678499648e+00
-3.273037649709614971e+00
-3.274091626821569623e+00
-3.275142774781601318e+00
-3.276191098383935962e+00
-3.277236602449386638e+00
-3.278279291824959696e+00
-3.279319171383464404e+00
-3.280356246023137690e+00
-3.281390520667216038e+00
-3.282422000263606421e+00
-3.283450689784438215e+00
-3.284476594225747892e+00
-3.285499718607048703e+00
-3.286520067970974068e+00
-3.287537647382893446e+00
-3.288552461930556170e+00
-3.289564516723709531e+00
-3.290573816893715087e+00
-3.291580367593212486e+00
-3.292584173995727781e+00
-3.293585241295332366e+00
-3.294583574706266393e+00
-3.295579179462589270e+00
-3.296572060817822170e+00
-3.297562224044599422e+00
-3.298549674434304801e+00
-3.299534417296742905e+00
-3.300516457959767003e+00
-3.301495801768955740e+00
-3.302472454087265863e+00
-3.303446420294684938e+00
-3.304417705787901838e+00
-3.305386315979976786e+00
-3.306352256299985193e+00
-3.307315532192716123e+00
-3.308276149118329013e+00
-3.309234112552024598e+00
-3.310189427983733168e+00
-3.311142100917775721e+00
-3.312092136872578862e+00
-3.313039541380299990e+00
-3.313984319986586158e+00
-3.314926478250200592e+00
-3.315866021742746028e+00
-3.316802956048343187e+00
-3.317737286763336790e+00
-3.318669019495981143e+00
-3.319598159866155473e+00
-3.320524713505045078e+00
-3.321448686054867316e+00
-3.322370083168562083e+00
-3.323288910509508920e+00
-3.324205173751239251e+00
-3.325118878577137949e+00
-3.326030030680182659e+00
-3.326938635762635599e+00
-3.327844699535787765e+00
-3.328748227719661390e+00
-3.329649226042754595e+00
-3.330547700241747844e+00
-3.331443656061256142e+00
-3.332337099253547930e+00
-3.333228035578276849e+00
-3.334116470802230836e+00
-3.335002410699060782e+00
-3.335885861049020740e+00
-3.336766827638730781e+00
-3.337645316260889228e+00
-3.338521332714054157e+00
-3.339394882802380060e+00
-3.340265972335360711e+00
-3.341134607127596023e+00
-3.342000792998549130e+00
-3.342864535772311019e+00
-3.343725841277342070e+00
-3.344584715346252235e+00
-3.345441163815569663e+00
-3.346295192525492901e+00
-3.347146807319678619e+00
-3.347996014045008462e+00
-3.348842818551359013e+00
-3.349687226691373976e+00
-3.350529244320266997e+00
-3.351368877295578752e+00
-3.352206131476968221e+00
-3.353041012726011072e+00
-3.353873526905957636e+00
-3.354703679881556599e+00
-3.355531477518826300e+00
-3.356356925684853554e+00
-3.357180030247592484e+00
-3.358000797075651356e+00
-3.358819232038124714e+00
-3.359635341004350018e+00
-3.360449129843749105e+00
-3.361260604425618581e+00
-3.362069770618942410e+00
-3.362876634292195188e+00
-3.363681201313175162e+00
-3.364483477548788848e+00
-3.365283468864896488e+00
-3.366081181126111765e+00
-3.366876620195641490e+00
-3.367669791935068879e+00
-3.368460702204226553e+00
-3.369249356861001576e+00
-3.370035761761159598e+00
-3.370819922758175657e+00
-3.371601845703074751e+00
-3.372381536444260419e+00
-3.373159000827350873e+00
-3.373934244695026230e+00
-3.374707273886851766e+00
-3.375478094239134474e+00
-3.376246711584750315e+00
-3.377013131753017650e+00
-3.377777360569514720e+00
-3.378539403855939760e+00
-3.379299267429975551e+00
-3.380056957105110893e+00
-3.380812478690529144e+00
-3.381565837990947010e+00
-3.382317040806470221e+00
-3.383066092932459412e+00
-3.383813000159398232e+00
-3.384557768272733025e+00
-3.385300403052763141e+00
-3.386040910274499716e+00
-3.386779295707523563e+00
-3.387515565115873262e+00
-3.388249724257903051e+00
-3.388981778886158480e+00
-3.389711734747256955e+00
-3.390439597581756725e+00
-3.391165373124040538e+00
-3.391889067102201061e+00
-3.392610685237904988e+00
-3.393330233246290906e+00
-3.394047716835855155e+00
-3.394763141708322607e+00
-3.395476513558555176e+00
-3.396187838074417709e+00
-3.396897120936695824e+00
-3.397604367818964910e+00
-3.398309584387486648e+00
-3.399012776301134853e+00
-3.399713949211238262e+00
-3.400413108761530356e+00
-3.401110260588019685e+00
-3.401805410318901934e+00
-3.402498563574450685e+00
-3.403189725966949020e+00
-3.403878903100559850e+00
-3.404566100571253084e+00
-3.405251323966715926e+00
-3.405934578866256945e+00
-3.406615870840710159e+00
-3.407295205452365749e+00
-3.407972588254861712e+00
-3.408648024793117681e+00
-3.409321520603243005e+00
-3.409993081212455035e+00
-3.410662712138999186e+00
-3.411330418892062788e+00
-3.411996206971711576e+00
-3.412660081868798212e+00
-3.413322049064900998e+00
-3.413982114032228399e+00
-3.414640282233566193e+00
-3.415296559122193099e+00
-3.415950950141818598e+00
-3.416603460726501229e+00
-3.417254096300595290e+00
-3.417902862278670018e+00
-3.418549764065456742e+00
-3.419194807055764951e+00
-3.419837996634451205e+00
-3.420479338176304562e+00
-3.421118837046043026e+00
-3.421756498598222063e+00
-3.422392328177162213e+00
-3.423026331116926002e+00
-3.423658512741242443e+00
-3.424288878363441757e+00
-3.424917433286415847e+00
-3.425544182802565008e+00
-3.426169132193729094e+00
-3.426792286731158654e+00
-3.427413651675432327e+00
-3.428033232276453290e+00
-3.428651033773349344e+00
-3.429267061394468463e+00
-3.429881320357297092e+00
-3.430493815868443708e+00
-3.431104553123577539e+00
-3.431713537307389039e+00
-3.432320773593545038e+00
-3.432926267144651877e+00
-3.433530023112202123e+00
-3.434132046636562130e+00
-3.434732342846897435e+00
-3.435330916861159434e+00
-3.435927773786036976e+00
-3.436522918716932384e+00
-3.437116356737911715e+00
-3.437708092921669234e+00
-3.438298132329512313e+00
-3.438886480011307700e+00
-3.439473141005464196e+00
-3.440058120338891356e+00
-3.440641423026978618e+00
-3.441223054073552223e+00
-3.441803018470863229e+00
-3.442381321199553312e+00
-3.442957967228613470e+00
-3.443532961515380020e+00
-3.444106309005495081e+00
-3.444678014632887919e+00
-3.445248083319748300e+00
-3.445816519976498515e+00
-3.446383329501781390e+00
-3.446948516782433636e+00
-3.447512086693461875e+00
-3.448074044098023982e+00
-3.448634393847407775e+00
-3.449193140781026123e+00
-3.449750289726372099e+00
-3.450305845499023416e+00
-3.450859812902615342e+00
-3.451412196728842474e+00
-3.451963001757405891e+00
-3.452512232756030919e+00
-3.453059894480443592e+00
-3.453605991674363995e+00
-3.454150529069468067e+00
-3.454693511385410698e+00
-3.455234943329784869e+00
-3.455774829598127429e+00
-3.456313174873896443e+00
-3.456849983828481854e+00
-3.457385261121165065e+00
-3.457919011399147369e+00
-3.458451239297500202e+00
-3.458981949439201564e+00
-3.459511146435088946e+00
-3.460038834883881087e+00
-3.460565019372162876e+00
-3.461089704474372919e+00
-3.461612894752810199e+00
-3.462134594757628747e+00
-3.462654809026818548e+00
-3.463173542086223300e+00
-3.463690798449527097e+00
-3.464206582618243768e+00
-3.464720899081745742e+00
-3.465233752317215199e+00
-3.465745146789698250e+00
-3.466255086952054754e+00
-3.466763577244990735e+00
-3.467270622097042398e+00
-3.467776225924600553e+00
-3.468280393131878192e+00
-3.468783128110925151e+00
-3.469284435241662745e+00
-3.469784318891829145e+00
-3.470282783417033556e+00
-3.470779833160734462e+00
-3.471275472454245836e+00
-3.471769705616741142e+00
-3.472262536955279533e+00
-3.472753970764776987e+00
-3.473244011328037395e+00
-3.473732662915751224e+00
-3.474219929786495076e+00
-3.474705816186759222e+00
-3.475190326350926284e+00
-3.475673464501307208e+00
-3.476155234848128828e+00
-3.476635641589553849e+00
-3.477114688911682627e+00
-3.477592380988570042e+00
-3.478068721982226830e+00
-3.478543716042638234e+00
-3.479017367307770225e+00
