2.346577231248776345e-15
-3.598757543530343384e+00
-7.004010634220260378e+00
-1.005946188638997896e+01
-1.266805988711357500e+01
-1.479391376939861047e+01
-1.644975401375118906e+01
-1.767924016020140243e+01
-1.854097138574232417e+01
-1.909703465088330887e+01
-1.940613954605381863e+01
-1.952023832365472700e+01
-1.948339303565606073e+01
-1.933191481244332266e+01
-1.909512432812559624e+01
-1.879634389338119860e+01
-1.845390865366750077e+01
-1.808209399374582915e+01
-1.769191840367533075e+01
-1.729181484788465184e+01
-1.688817940980624499e+01
-1.648581306855621875e+01
-1.608827349214909219e+01
-1.569815334824375519e+01
-1.531729910939039740e+01
-1.494698268864835988e+01
-1.458803547015700985e+01
-1.424095305131818279e+01
-1.390597673264866607e+01
-1.358315718164476138e+01
-1.327240387686214795e+01
-1.297352377622644504e+01
-1.268625105685914711e+01
-1.241026993404459944e+01
-1.214523128930240858e+01
-1.189076455006893163e+01
-1.164648540463053905e+01
-1.141200096133282038e+01
-1.118691299749853130e+01
-1.097082075486228447e+01
-1.076332341421876926e+01
-1.056402307295319787e+01
-1.037252768257828350e+01
-1.018845431525761569e+01
-1.001143193490348260e+01
-9.841104027053344083e+00
-9.677130336661235788e+00
-9.519188264517605802e+00
-9.366973316043047504e+00
-9.220199319447031527e+00
-9.078597867738556815e+00
-8.941917770124188536e+00
-8.809923941761717003e+00
-8.682396522838319086e+00
-8.559129592181307089e+00
-8.439930254668325915e+00
-8.324617401914485626e+00
-8.213020921160349985e+00
-8.104980598021361615e+00
-8.000345496841189785e+00
-7.898973022835103386e+00
-7.800728469108760166e+00
-7.705484219591322237e+00
-7.613119436540524809e+00
-7.523519374895861311e+00
-7.436575180628514303e+00
-7.352183288387410087e+00
-7.270245305071890485e+00
-7.190667468074089186e+00
-7.113360594379038560e+00
-7.038239582554822071e+00
-6.965223413118249773e+00
-6.894234682277266657e+00
-6.825199643515606596e+00
-6.758047764677194813e+00
-6.692711803726413500e+00
-6.629127383251261385e+00
-6.567233095398332665e+00
-6.506970089538648416e+00
-6.448282202732982249e+00
-6.391115557406434000e+00
-6.335418714596081635e+00
-6.281142279212005519e+00
-6.228239073917634983e+00
-6.176663750049171675e+00
-6.126372980390124567e+00
-6.077325074164933838e+00
-6.029480187262364232e+00
-5.982799939969866365e+00
-5.937247643417197018e+00
-5.892787918909522027e+00
-5.849386939531823870e+00
-5.807012050089759292e+00
-5.765632022952200231e+00
-5.725216677733593329e+00
-5.685737150566157361e+00
-5.647165512761962880e+00
-5.609475052803908568e+00
-5.572639893316293502e+00
-5.536635285147330166e+00
-5.501437222055765908e+00
-5.467022746331300809e+00
-5.433369560673227738e+00
-5.400456344859752456e+00
-5.368262364355286032e+00
-5.336767797596193574e+00
-5.305953340916551575e+00
-5.275800546068121655e+00
-5.246291421101219932e+00
-5.217408777780801366e+00
-5.189135828100512882e+00
-5.161456541295564193e+00
-5.134355235704736842e+00
-5.107816945114992180e+00
-5.081827005718208667e+00
-5.056371431552904916e+00
-5.031436496330875308e+00
-5.007009117767775130e+00
-4.983076434080035533e+00
-4.959626197020013727e+00
-4.936646342864836612e+00
-4.914125393992755164e+00
-4.892052024205668204e+00
-4.870415468700881156e+00
-4.849205083586292098e+00
-4.828410764118411080e+00
-4.808022498283888169e+00
-4.788030793189020251e+00
-4.768426222594880137e+00
-4.749199861355696939e+00
-4.730342826806978707e+00
-4.711846721161606411e+00
-4.693703166660300852e+00
-4.675904255844277380e+00
-4.658442080386684836e+00
-4.641309189169430027e+00
-4.624498110722592870e+00
-4.608001819040664415e+00
-4.591813249564162369e+00
-4.575925772677280179e+00
-4.560332703172600866e+00
-4.545027781378537135e+00
-4.530004676053281720e+00
-4.515257473095990015e+00
-4.500780171821417319e+00
-4.486567181213534816e+00
-4.472612809537045209e+00
-4.458911768095955352e+00
-4.445458654142403709e+00
-4.432248462107183151e+00
-4.419276059769200238e+00
-4.406536706928610769e+00
-4.394025524803599758e+00
-4.381738022119542109e+00
-4.369669557703117491e+00
-4.357815873963651221e+00
-4.346172552656778265e+00
-4.334735555736754620e+00
-4.323500674264319166e+00
-4.312464076611048469e+00
-4.301621750488139995e+00
-4.290970058485558347e+00
-4.280505173200522151e+00
-4.270223640096304507e+00
-4.260121805710433307e+00
-4.250196387819883626e+00
-4.240443896710487159e+00
-4.230861212636406243e+00
-4.221445000134182557e+00
-4.212192292765390533e+00
-4.203099900459730698e+00
-4.194165001531493076e+00
-4.185384543036786198e+00
-4.176755840055650815e+00
-4.168275969049632934e+00
-4.159942374402197274e+00
-4.151752254763803052e+00
-4.143703176844183211e+00
-4.135792454733052459e+00
-4.128017770938265940e+00
-4.120376548671143446e+00
-4.112866580125597693e+00
-4.105485391717340171e+00
-4.098230879599879195e+00
-4.091100667847493710e+00
-4.084092751204479121e+00
-4.077204846202493016e+00
-4.070435041139979226e+00
-4.063781140124799407e+00
-4.057241320281445240e+00
-4.050813468710359189e+00
-4.044495846920865390e+00
-4.038286420699004786e+00
-4.032183531764662376e+00
-4.026185220539959531e+00
-4.020289905029518884e+00
-4.014495696482104137e+00
-4.008801085492864402e+00
-4.003204250550911780e+00
-3.997703751363628211e+00
-3.992297830282988791e+00
-3.986985112851590074e+00
-3.981763902101227437e+00
-3.976632886320795812e+00
-3.971590426220525050e+00
-3.966635269922278884e+00
-3.961765832983205726e+00
-3.956980920608975882e+00
-3.952279000530777964e+00
-3.947658932442521529e+00
-3.943119233725074668e+00
-3.938658816108696836e+00
-3.934276244238647191e+00
-3.929970479564207864e+00
-3.925740131739939631e+00
-3.921584209742839722e+00
-3.917501366103782523e+00
-3.913490655254395101e+00
-3.909550770583280155e+00
-3.905680810014612980e+00
-3.901879505883443677e+00
-3.898145997748321712e+00
-3.894479055080481977e+00
-3.890877857312433186e+00
-3.887341209335875902e+00
-3.883868328788732338e+00
-3.880458054356503705e+00
-3.877109640300238969e+00
-3.873821957556248030e+00
-3.870594295507666427e+00
-3.867425555877318288e+00
-3.864315061745772439e+00
-3.861261744232171722e+00
-3.858264958761791430e+00
-3.855323664529822114e+00
-3.852437248021099769e+00
-3.849604695252314190e+00
-3.846825422546772622e+00
-3.844098441549963940e+00
-3.841423197262773925e+00
-3.838798725825308900e+00
-3.836224499811863087e+00
-3.833699578778244188e+00
-3.831223461821591680e+00
-3.828795230886344658e+00
-3.826414410592680948e+00
-3.824080104295928706e+00
-3.821791861187119999e+00
-3.819548805101141475e+00
-3.817350508892937366e+00
-3.815196115989696324e+00
-3.813085222045982547e+00
-3.811016989235239905e+00
-3.808991035188011409e+00
-3.807006540017460861e+00
-3.805063142544391930e+00
-3.803160040052316226e+00
-3.801296891803088940e+00
-3.799472911516180940e+00
-3.797687778179308360e+00
-3.795940721247222704e+00
-3.794231438750964802e+00
-3.792559175211114297e+00
-3.790923647050208789e+00
-3.789324113215499334e+00
-3.787760307898270451e+00
-3.786231503861523962e+00
-3.784737452470404495e+00
-3.783277439719707758e+00
-3.781851233579756055e+00
-3.780458132718715003e+00
-3.779097921168387941e+00
-3.777769909736207410e+00
-3.776473897995408002e+00
-3.775209208381710813e+00
-3.773975655512153526e+00
-3.772772572961655690e+00
-3.771599789914977574e+00
-3.770456650617855399e+00
-3.769342998366895348e+00
-3.768258187630265432e+00
-3.767202075379906923e+00
-3.766174025876769971e+00
-3.765173909349911252e+00
-3.764201099441435439e+00
-3.763255479236952805e+00
-3.762336431364905920e+00
-3.761443851383626136e+00
-3.760577130529443313e+00
-3.759736176465277246e+00
-3.758920388672437163e+00
-3.758129686565404359e+00
-3.757363477522284168e+00
-3.756621692370583077e+00
-3.755903746050944125e+00
-3.755209580479114351e+00
-3.754538617837453796e+00
-3.753890810818187429e+00
-3.753265588537447073e+00
-3.752662914164609731e+00
-3.752082223453695686e+00
-3.751523489763945562e+00
-3.750986155203045236e+00
-3.750470203044076634e+00
-3.749975081475289684e+00
-3.749500783418477923e+00
-3.749046762879864048e+00
-3.748613022175321774e+00
-3.748199020876512133e+00
-3.747804770448507128e+00
-3.747429735785724692e+00
-3.747073937267018540e+00
-3.746736844876015660e+00
-3.746418487679012532e+00
-3.746118340524099644e+00
-3.745836440947392099e+00
-3.745572268445107156e+00
-3.745325868813766501e+00
-3.745096725989535802e+00
-3.744884893827808536e+00
-3.744689860504229362e+00
-3.744511687739097372e+00
-3.744349867754377392e+00
-3.744204469948699376e+00
-3.744074990404316239e+00
-3.743961506018328222e+00
-3.743863516554056581e+00
-3.743781106234004952e+00
-3.743713778329698982e+00
-3.743661624222387463e+00
-3.743624150525181715e+00
-3.743601455617382889e+00
-3.743593049293129749e+00
-3.743599036774979627e+00
-3.743618930883129803e+00
-3.743652843534217567e+00
-3.743700290424996968e+00
-3.743761390022365632e+00
-3.743835660755496786e+00
-3.743923227502826467e+00
-3.744023611286637632e+00
-3.744136943263320472e+00
-3.744262746913868956e+00
-3.744401159543566671e+00
-3.744551706962404580e+00
-3.744714532500126758e+00
-3.744889164170436491e+00
-3.745075751207475268e+00
-3.745273823707519156e+00
-3.745483536693268611e+00
-3.745704422226669550e+00
-3.745936641007133083e+00
-3.746179726949168565e+00
-3.746433846320994299e+00
-3.746698534780434020e+00
-3.746973964060243745e+00
-3.747259671455946073e+00
-3.747555834064110858e+00
-3.747861990715855018e+00
-3.748178323774353782e+00
-3.748504373507455689e+00
-3.748840327451099075e+00
-3.749185727214241037e+00
-3.749540765414802745e+00
-3.749904984910399808e+00
-3.750278583313276126e+00
-3.750661104640167665e+00
-3.751052751412903508e+00
-3.751453068720724815e+00
-3.751862263913060769e+00
-3.752279883067799027e+00
-3.752706138282898340e+00
-3.753140576543530837e+00
-3.753583414619605652e+00
-3.754034200325009785e+00
-3.754493155027521123e+00
-3.754959827293431918e+00
-3.755434443016949952e+00
-3.755916551442870066e+00
-3.756406382922434339e+00
-3.756903487307481804e+00
-3.757408099339341501e+00
-3.757919769407425559e+00
-3.758438736578373796e+00
-3.758964551711877267e+00
-3.759497458137198489e+00
-3.760037007119108932e+00
-3.760583446188680234e+00
-3.761136326952615683e+00
-3.761695901085047034e+00
-3.762261720473108362e+00
-3.762834040877312880e+00
-3.763412414405611361e+00
-3.763997100849764799e+00
-3.764587652480883673e+00
-3.765184333068686939e+00
-3.765786694991204442e+00
-3.766395005944588981e+00
-3.767008818359429245e+00
-3.767628403808277238e+00
-3.768253314721355718e+00
-3.768883826499286993e+00
-3.769519491520590293e+00
-3.770160588967038873e+00
-3.770806671115551900e+00
-3.771458020883710738e+00
-3.772114190398417666e+00
-3.772775466268985856e+00
-3.773441400425244119e+00
-3.774112283125624856e+00
-3.774787666057077828e+00
-3.775467843085970276e+00
-3.776152365611817441e+00
-3.776841531068888980e+00
-3.777534890526089484e+00
-3.778232744946782518e+00
-3.778934645027178796e+00
-3.779640895222191599e+00
-3.780351045814398514e+00
-3.781065404713898737e+00
-3.781783521749808141e+00
-3.782505708252089871e+00
-3.783231513557745007e+00
-3.783961252382317397e+00
-3.784694473533046111e+00
-3.785431495077908881e+00
-3.786171865257603741e+00
-3.786915905460471077e+00
-3.787663163325016846e+00
-3.788413963528667328e+00
-3.789167853072976211e+00
-3.789925159894262485e+00
-3.790685430323278649e+00
-3.791448995525961596e+00
-3.792215401129174435e+00
-3.792984981500071129e+00
-3.793757281529612779e+00
-3.794532638758496113e+00
-3.795310597310468381e+00
-3.796091497873160581e+00
-3.796874883772483944e+00
-3.797661098817076919e+00
-3.798449685505389084e+00
-3.799240990741837631e+00
-3.800034556168366162e+00
-3.800830731760916237e+00
-3.801629058276609463e+00
-3.802429888739177866e+00
-3.803232762993410176e+00
-3.804038037087972057e+00
-3.804845249928354267e+00
-3.805654760565834405e+00
-3.806466106940433747e+00
-3.807279651084487959e+00
-3.808094929946912011e+00
-3.808912308520227885e+00
-3.809731322737131443e+00
-3.810552340530029003e+00
-3.811374896791148714e+00
-3.812199362373053901e+00
-3.813025271103550828e+00
-3.813852996736331491e+00
-3.814682072011568614e+00
-3.815512873565513718e+00
-3.816344933027970399e+00
-3.817178629899823150e+00
-3.818013494678247355e+00
-3.818849909711355739e+00
-3.819687404342041681e+00
-3.820526363748773413e+00
-3.821366316098855354e+00
-3.822207649384743000e+00
-3.823049890577451482e+00
-3.823893430467571797e+00
-3.824737794809591751e+00
-3.825583377176688948e+00
-3.826429702087061457e+00
-3.827277165881607157e+00
-3.828125291822773502e+00
-3.828974479004724873e+00
-3.829824249415168858e+00
-3.830675004887521773e+00
-3.831526266116177748e+00
-3.832378437660170167e+00
-3.833231038902459975e+00
-3.834084477114494849e+00
-3.834938270349938172e+00
-3.835792828579975833e+00
-3.836647668511606213e+00
-3.837503202803195013e+00
-3.838358946798022142e+00
-3.839215315829771047e+00
-3.840071823861300970e+00
-3.840928888889863835e+00
-3.841786023481547296e+00
-3.842643648285998914e+00
-3.843501274456416095e+00
-3.844359325283935647e+00
-3.845217310493207474e+00
-3.846075656006191057e+00
-3.846933870103625086e+00
-3.847792381328063449e+00
-3.848650696501248358e+00
-3.849509246776397386e+00
-3.850367537501376614e+00
-3.851226002430540252e+00
-3.852084145423389394e+00
-3.852942402826017076e+00
-3.853800276995390295e+00
-3.854658206860357872e+00
-3.855515693261235111e+00
-3.856373177701023280e+00
-3.857230159489686283e+00
-3.858087082695963232e+00
-3.858943445085945001e+00
-3.859799693285971500e+00
-3.860655323505064462e+00
-3.861510784919223394e+00
-3.862365572167491656e+00
-3.863220136967954854e+00
-3.864073972376791399e+00
-3.864927532646816655e+00
-3.865780309238958878e+00
-3.866632758933625347e+00
-3.867484371584060998e+00
-3.868335606491456691e+00
-3.869185951889299258e+00
-3.870035869592924449e+00
-3.870884846204098118e+00
-3.871733346045991286e+00
-3.872580854076998147e+00
-3.873427837121889095e+00
-3.874273778484098596e+00
-3.875119147484092696e+00
-3.875963425759089365e+00
-3.876807085119465590e+00
-3.877649605525108178e+00
-3.878491461270790808e+00
-3.879332130628048603e+00
-3.880172090370824556e+00
-3.881010817071468555e+00
-3.881848789977868641e+00
-3.882685483952675209e+00
-3.883521380712838589e+00
-3.884355953400739470e+00
-3.885189686197760395e+00
-3.886022050515656634e+00
-3.886853532995619087e+00
-3.887683603308702995e+00
-3.888512750551591957e+00
-3.889340442644581231e+00
-3.890167171135568758e+00
-3.890992402184349608e+00
-3.891816629786052584e+00
-3.892639318330111120e+00
-3.893460964255122558e+00
-3.894281030170603675e+00
-3.895100014954854917e+00
-3.895917379427984883e+00
-3.896733624904628268e+00
-3.897548210406130309e+00
-3.898361639680006263e+00
-3.899173369939650247e+00
-3.899983907362301938e+00
-3.900792707344334254e+00
-3.901600278489613771e+00
-3.902406074368482525e+00
-3.903210606008590933e+00
-3.904013325145427427e+00
-3.904814745227594752e+00
-3.905614316146984066e+00
-3.906412553770624907e+00
-3.907208906138072813e+00
-3.908003891532290108e+00
-3.908796956132064793e+00
-3.909588620633893008e+00
-3.910378329347308668e+00
-3.911166605380208772e+00
-3.911952891164529600e+00
-3.912737712217431607e+00
-3.913520509085052890e+00
-3.914301809691864253e+00
-3.915081052690057462e+00
-3.915858768409551161e+00
-3.916634393600514574e+00
-3.917408460996700814e+00
-3.918180405438236313e+00
-3.918950762061085502e+00
-3.919718963787466759e+00
-3.920485548154077460e+00
-3.921249946157399080e+00
-3.922012697733570530e+00
-3.922773231945565708e+00
-3.923532091127710064e+00
-3.924288702401871110e+00
-3.925043610499313385e+00
-3.925796240593268926e+00
-3.926547139811058074e+00
-3.927295731369609300e+00
-3.928042564791364377e+00
-3.928787061329622965e+00
-3.929529772901043660e+00
-3.930270118787958733e+00
-3.931008653300562372e+00
-3.931744793742838251e+00
-3.932479096818010778e+00
-3.933210977844430190e+00
-3.933940995917726724e+00
-3.934668564363552168e+00
-3.935394244669594421e+00
-3.936117448161513543e+00
-3.936838738718793973e+00
-3.937557525660150493e+00
-3.938274375256513249e+00
-3.938988694812612490e+00
-3.939701052990812524e+00
-3.940410855074845564e+00
-3.941118672118399502e+00
-3.941823907377415726e+00
-3.942527134296877733e+00
-3.943227754098101556e+00
-3.943926342617525282e+00
-3.944622299034959756e+00
-3.945316201578570325e+00
-3.946007447379893840e+00
-3.946696617059124446e+00
-3.947383105692823690e+00
-3.948067496293515166e+00
-3.948749181876183290e+00
-3.949428747846217114e+00
-3.950105585150267995e+00
-3.950780281587150888e+00
-3.951452226028665748e+00
-3.952122008667622755e+00
-3.952789016294415703e+00
-3.953453841496560983e+00
-3.954115868976574077e+00
-3.954775693717461849e+00
-3.955432698327289831e+00
-3.956087480185441319e+00
-3.956739419799162327e+00
-3.957389116945039476e+00
-3.958035950023155003e+00
-3.958680521208316261e+00
-3.959322206787001086e+00
-3.959961611333350895e+00
-3.960598109013882873e+00
-3.961232306803170289e+00
-3.961863576741551540e+00
-3.962492528205188602e+00
-3.963118531101898157e+00
-3.963742197210797347e+00
-3.964362894300899054e+00
-3.964981236555599864e+00
-3.965596589598912036e+00
-3.966209570019880282e+00
-3.966819541291336737e+00
-3.967427122409455276e+00
-3.968031674689660893e+00
-3.968633819536874441e+00
-3.969232916102945818e+00
-3.969829588203058091e+00
-3.970423192819403813e+00
-3.971014356179133564e+00
-3.971602433088682105e+00
-3.972188052188759144e+00
-3.972770566104030454e+00
-3.973350605890697995e+00
-3.973927521985384015e+00
-3.974501947861642126e+00
-3.975073231762098924e+00
-3.975642009579558156e+00
-3.976207627356552088e+00
-3.976770723407049513e+00
-3.977330641567641933e+00
-3.977888022575418958e+00
-3.978442208054916662e+00
-3.978993841168515733e+00
-3.979542261322720265e+00
-3.980088114107348307e+00
-3.980630736704854566e+00
-3.981170777134679817e+00
-3.981707570349307890e+00
-3.982241766800039606e+00
-3.982772699203414479e+00
-3.983301020444911078e+00
-3.983826060999195562e+00
-3.984348476188275257e+00
-3.984867594239011268e+00
-3.985384072912382170e+00
-3.985897238181479452e+00
-3.986407750248679882e+00
-3.986914932827498870e+00
-3.987419448564231583e+00
-3.987920618906782622e+00
-3.988419108948018099e+00
-3.988914237864339629e+00
-3.989406673197791076e+00
-3.989895731847437510e+00
-3.990382083807120672e+00
-3.990865043692645830e+00
-3.991345283952397072e+00
-3.991822116913109397e+00
-3.992296217480450160e+00
-3.992766895686157724e+00
-3.993234828896053301e+00
-3.993699324841025078e+00
-3.994161063349854324e+00
-3.994619349846746825e+00
-3.995074866626403320e+00
-3.995526916800386630e+00
-3.995976185132379399e+00
-3.996421972415434620e+00
-3.996864965885180254e+00
-3.997304464010318359e+00
-3.997741156501458448e+00
-3.998174339497094554e+00
-3.998604705186040054e+00
-3.999031547370638595e+00
-3.999455560720948544e+00
-3.999876036697448622e+00
-4.000293672454638738e+00
-4.000707757105203655e+00
-4.001118990291427480e+00
-4.001526658772250222e+00
-4.001931464681025119e+00
-4.002332692417109428e+00
-4.002731046608325016e+00
-4.003125809288486714e+00
-4.003517687583268092e+00
-4.003905961155194149e+00
-4.004291339631095958e+00
-4.004673100296344046e+00
-4.005051955282488585e+00
-4.005427179491699796e+00
-4.005799487563881378e+00
-4.006168152012129724e+00
-4.006533889988223684e+00
-4.006895971610297202e+00
-4.007255116545596074e+00
-4.007610592511435144e+00
-4.007963121694152697e+00
-4.008311969404280362e+00
-4.008657860351012125e+00
-4.009000057432173136e+00
-4.009339287883548764e+00
-4.009674812184313986e+00
-4.010007360100609652e+00
-4.010336189687078168e+00
-4.010662033244035918e+00
-4.010984146395607297e+00
-4.011303263980145140e+00
-4.011618639185297042e+00
-4.011931009391474845e+00
-4.012239625343815952e+00
-4.012545226968676104e+00
-4.012847062562722833e+00
-4.013145874602359164e+00
-4.013440908929728934e+00
-4.013732910575277479e+00
-4.014021122920684803e+00
-4.014306293554490424e+00
-4.014587663391924188e+00
-4.014865982583756043e+00
-4.015140489572661231e+00
-4.015411937075826998e+00
-4.015679561057403646e+00
-4.015944116805176378e+00
-4.016204837798686533e+00
-4.016462481900584969e+00
-4.016716280099711156e+00
-4.016966992837896377e+00
-4.017213848607211091e+00
-4.017457610433026183e+00
-4.017697504304424072e+00
-4.017934295834740155e+00
-4.018167208504041632e+00
-4.018397010517990253e+00
-4.018622922841474931e+00
-4.018845716276967295e+00
-4.019064609268043320e+00
-4.019280375218445833e+00
-4.019492230044271253e+00
-4.019700949755112163e+00
-4.019905747733395707e+00
-4.020107402599155222e+00
-4.020305125194938434e+00
-4.020499696755815755e+00
-4.020690325578220481e+00
-4.020877795516995867e+00
-4.021061312316192016e+00
-4.021241662455050658e+00
-4.021418049119114713e+00
-4.021591261416748608e+00
-4.021760499968610070e+00
-4.021926556516997486e+00
-4.022088629111474134e+00
-4.022247512133076519e+00
-4.022402401053855492e+00
-4.022554092898560363e+00
-4.022701780555367534e+00
-4.022846263697610780e+00
-4.022986732623306416e+00
-4.023123989659231903e+00
-4.023257222506900099e+00
-4.023387236151533486e+00
-4.023513215691729705e+00
-4.023635968776264171e+00
-4.023754677894241460e+00
-4.023870153363109381e+00
-4.023981575056184923e+00
-4.024089755964476822e+00
-4.024193873339122263e+00
-4.024294742849993334e+00
-4.024391539119345218e+00
-4.024485080501184697e+00
-4.024574538982436778e+00
-4.024660735606327755e+00
-4.024742839718060239e+00
-4.024821675055274994e+00
-4.024896408314820206e+00
-4.024967865934249822e+00
-4.025035211955358960e+00
-4.025099275520947373e+00
-4.025159218011193474e+00
-4.025215871279463009e+00
-4.025268394037738062e+00
-4.025317620855409118e+00
-4.025362707769579274e+00
-4.025404492071119833e+00
-4.025442127115561597e+00
-4.025476452920727866e+00
-4.025506620153931792e+00
-4.025533471565548638e+00
-4.025556155127836711e+00
-4.025575516329318759e+00
-4.025590700440474734e+00
-4.025602555693617468e+00
-4.025610224650629121e+00
-4.025614558293265866e+00
-4.025614696468021947e+00
-4.025611492911800759e+00
-4.025604084748870548e+00
-4.025593328477014232e+00
-4.025578358491421760e+00
-4.025560034056542946e+00
-4.025537486831554546e+00
-4.025511578853470773e+00
-4.025481439038451015e+00
-4.025447932202011359e+00
-4.025410184510304745e+00
-4.025369063563227989e+00
-4.025323692769999795e+00
-4.025274942520812971e+00
-4.025221933460927382e+00
-4.025165538776859009e+00
-4.025104876342856741e+00
-4.025040822147807340e+00
-4.024972491287801546e+00
-4.024900762560167600e+00
-4.024824748275852571e+00
-4.024745330046714642e+00
-4.024661617391262602e+00
-4.024574494742148900e+00
-4.024483068818344833e+00
-4.024388226879426433e+00
-4.024289072837554215e+00
-4.024186496785538303e+00
-4.024079599821524411e+00
-4.023969274877805091e+00
-4.023854620231221091e+00
-4.023736531659887206e+00
-4.023614104612049047e+00
-4.023488237718042093e+00
-4.023358023590085430e+00
-4.023224363717195828e+00
-4.023086347868208179e+00
-4.022944880397265166e+00
-4.022799048222410079e+00
-4.022649758569411205e+00
-4.022496095498059532e+00
-4.022338969112276175e+00
-4.022177460606167543e+00
-4.022012482968383651e+00
-4.021843114519823459e+00
-4.021670271140486363e+00
-4.021493028270442416e+00
-4.021312304687825190e+00
-4.021127172944275685e+00
-4.020938554722680358e+00
-4.020745519678714963e+00
-4.020548992406812516e+00
-4.020348039658881767e+00
-4.020143588947784785e+00
-4.019934704114007218e+00
-4.019722315595585016e+00
-4.019505484313863342e+00
-4.019285143639066860e+00
-4.019060351565526545e+00
-4.018832044402532944e+00
-4.018599277209665033e+00
-4.018362989242287853e+00
-4.018122232617272971e+00
-4.017877949543139593e+00
-4.017629189186208372e+00
-4.017376896715128431e+00
-4.017120118337765611e+00
-4.016859802190070994e+00
-4.016594991513390944e+00
-4.016326637418172751e+00
-4.016053780171257692e+00
-4.015777373864780841e+00
-4.015496455783002183e+00
-4.015211983007000107e+00
-4.014922989830326472e+00
-4.014630436330371310e+00
-4.014333353801816884e+00
-4.014032705325624839e+00
-4.013727519189521864e+00
-4.013418761485407771e+00
-4.013105457485782956e+00
-4.012788576300988730e+00
-4.012467140180000946e+00
-4.012142121259074656e+00
-4.011812538755273216e+00
-4.011479367838419741e+00
-4.011141624685327756e+00
-4.010800287506828710e+00
-4.010454369431172950e+00
-4.010104851717832375e+00
-4.009750744437951653e+00
-4.009393031907420024e+00
-4.009030721131787267e+00
-4.008664799490997410e+00
-4.008294270916491264e+00
-4.007920125860087168e+00
-4.007541365170519398e+00
-4.007158982379261047e+00
-4.006771975243702322e+00
-4.006381340382876743e+00
-4.005986072454087221e+00
-4.005587171171915095e+00
-4.005183628084857617e+00
-4.004776446010940738e+00
-4.004364613381139471e+00
-4.003949136124907326e+00
-4.003528999546813516e+00
-4.003105212695904136e+00
-4.002676757741485680e+00
-4.002244646860199317e+00
-4.001807859077193719e+00
-4.001367409704915445e+00
-4.000922274615384744e+00
-4.000473472265079877e+00
-4.000019975363773739e+00
-3.999562805520299857e+00
-3.999100932273150111e+00
-3.998635380391797334e+00
-3.998165116234318361e+00
-3.997691167739148455e+00
-3.997212498074862008e+00
-3.996730138357237117e+00
-3.996243048556023414e+00
-3.995752262972988245e+00
-3.995256738369691973e+00
-3.994757512242349762e+00
-3.994253538135141390e+00
-3.993745856747158651e+00
-3.993233418395811363e+00
-3.992717266991795633e+00
-3.992196349616287332e+00
-3.991671713400225752e+00
-3.991142302179055079e+00
-3.990609166312763634e+00
-3.990071246381392100e+00
-3.989529595982794774e+00
-3.988983152432118207e+00
-3.988432972573808577e+00
-3.987877990448407850e+00
-3.987319266155925135e+00
-3.986755730452608226e+00
-3.986188446702935373e+00
-3.985616342369085352e+00
-3.985040484088951285e+00
-3.984459796020836997e+00
-3.983875348085180068e+00
-3.983286061126430244e+00
-3.982693008356649855e+00
-3.982095107296602876e+00
-3.981493434459101088e+00
-3.980886904031073925e+00
-3.980276595835439579e+00
-3.979661420715241427e+00
-3.979042461812685616e+00
-3.978418626616845089e+00
-3.977791001598499410e+00
-3.977158490882612085e+00
-3.976522184277934802e+00
-3.975880982535000996e+00
-3.975235978810039761e+00
-3.974586070468745902e+00
-3.973932354024380942e+00
-3.973273723447505290e+00
-3.972611278617829811e+00
-3.971943910100378616e+00
-3.971272721150981955e+00
-3.970596598918572973e+00
-3.969916650044745143e+00
-3.969231758251787756e+00
-3.968543033576811929e+00
-3.967849356304817832e+00
-3.967151839878209074e+00
-3.966449361133991935e+00
-3.965743036929671117e+00
-3.965031740643551128e+00
-3.964316592558143171e+00
-3.963596462582150703e+00
-3.962872474433059011e+00
-3.962143494539106303e+00
-3.961410650062772820e+00
-3.960672803940832321e+00
-3.959931086790828392e+00
-3.959184358047026731e+00
-3.958433751792230559e+00
-3.957678123947035331e+00
-3.956918612069670882e+00
-3.956154068555925107e+00
-3.955385634449720467e+00
-3.954612158610784522e+00
-3.953834785578977495e+00
-3.953052360666706733e+00
-3.952266031920145029e+00
-3.951474641092930451e+00
-3.950679339748051966e+00
-3.949878966068848918e+00
-3.949074675145678892e+00
-3.948265301580005993e+00
-3.947452004000085335e+00
-3.946633613413930153e+00
-3.945811291998266412e+00
-3.944983867156038659e+00
-3.944152504623072986e+00
-3.943316028185444466e+00
-3.942475607148863137e+00
-3.941630061670612584e+00
-3.940780564637203387e+00
-3.939925932565162103e+00
-3.939067341932614319e+00
-3.938203605603381785e+00
-3.937335903658099490e+00
-3.936463045295744312e+00
-3.935586214210521128e+00
-3.934704215924441861e+00
-3.933818237756242286e+00
-3.932927081538728054e+00
-3.932031938226334233e+00
-3.931131605950244357e+00
-3.930227279311841126e+00
-3.929317752728306967e+00
-3.928404224459107308e+00
-3.927485485194900150e+00
-3.926562736864705361e+00
-3.925634766420024846e+00
-3.924702779470655933e+00
-3.923765559216359389e+00
-3.922824314959211467e+00
-3.921877826134363865e+00
-3.920927305747721192e+00
-3.919971529457022541e+00
-3.919011713983497458e+00
-3.918046631194489482e+00
-3.917077501538276607e+00
-3.916103093078734609e+00
-3.915124630002890349e+00
-3.914140876558048543e+00
-3.913153060681728856e+00
-3.912159942791410661e+00
-3.911162754586940515e+00
-3.910160252642691514e+00
-3.909153672432799542e+00
-3.908141766675026219e+00
-3.907125774629681469e+00
-3.906104445144566117e+00
-3.905079021278187401e+00
-3.904048247994630572e+00
-3.903013372162807304e+00
-3.901973134849432867e+00
-3.900928786745917698e+00
-3.899879065007769707e+00
-3.898825224161143854e+00
-3.897765997436507757e+00
-3.896702643207012873e+00
-3.895633890764072405e+00
-3.894561002340237277e+00
-3.893482703273686951e+00
-3.892400259668880480e+00
-3.891312392896513206e+00
-3.890220372945428107e+00
-3.889122917204589136e+00
-3.888021299559802024e+00
-3.886914233403766517e+00
-3.885802996531984910e+00
-3.884686298326352816e+00
-3.883565420504736743e+00
-3.882439068423650497e+00
-3.881308527736010205e+00
-3.880172499758269389e+00
-3.879032274091286592e+00
-3.877886547996531874e+00
-3.876736615035730971e+00
-3.875581168400328735e+00
-3.874421505626064022e+00
-3.873256315819228579e+00
-3.872086900502520468e+00
-3.870911944682001060e+00
-3.869732753880463783e+00
-3.868548008988315523e+00
-3.867359019541764642e+00
-3.866164462300127003e+00
-3.864965650826241550e+00
-3.863761257732804211e+00
-3.862552600622690679e+00
-3.861338347946294824e+00
-3.860119821359920600e+00
-3.858895685135906195e+00
-3.857667264997495238e+00
-3.856433221023067848e+00
-3.855194883016364038e+00
-3.853950906845777347e+00
-3.852702626409246545e+00
-3.851448693348947128e+00
-3.850190445670873096e+00
-3.848926530774666510e+00
-3.847658290788153579e+00
-3.846384368852083124e+00
-3.845106111229970036e+00
-3.843822156787179090e+00
-3.842533855936901777e+00
-3.841239843252482800e+00
-3.839941473310825248e+00
-3.838637376376484500e+00
-3.837328911204241244e+00
-3.836014703732929743e+00
-3.834696116909441788e+00
-3.833371772329856153e+00
-3.832043037147568221e+00
-3.830708528598693263e+00
-3.829369618057452573e+00
-3.828024918382812114e+00
-3.826675805184326151e+00
-3.825320886926333319e+00
-3.823961543468317181e+00
-3.822596378862440414e+00
-3.821226777232836991e+00
-3.819851338201828650e+00
-3.818471450172898685e+00
-3.817085708320708815e+00
-3.815695505343020599e+00
-3.814299431948910524e+00
-3.812898885145317607e+00
-3.811492451157708850e+00
-3.810081531317283332e+00
-3.808664707347685141e+00
-3.807243384919534623e+00
-3.805816141236246342e+00
-3.804384386323179434e+00
-3.802946692845204257e+00
-3.801504475197635013e+00
-3.800056301488151878e+00
-3.798603590497628968e+00
-3.797144905757900979e+00
-3.795681670450882894e+00
-3.794212443513644839e+00
-3.792738652544990874e+00
-3.791258851868259061e+00
-3.789774473514804232e+00
-3.788284067175266223e+00
-3.786789069329464574e+00
-3.785288025016096736e+00
-3.783782375179518986e+00
-3.782270660187056599e+00
-3.780754325463898891e+00
-3.779231906686485676e+00
-3.777704853777105853e+00
-3.776171697701726782e+00
-3.774633892896106069e+00
-3.773089965596208906e+00
-3.771541374767730215e+00
-3.769986641896620139e+00
-3.768427230495391189e+00
-3.766861657280069497e+00
-3.765291390326699350e+00
-3.763714941561320693e+00
-3.762133783640533302e+00
-3.760546423680161787e+00
-3.758954338934477946e+00
-3.757356031688796616e+00
-3.755752983812385981e+00
-3.754143692739558169e+00
-3.752529644971995371e+00
-3.750909333072533158e+00
-3.749284248192894076e+00
-3.747652878003688848e+00
-3.746016718324425732e+00
-3.744374251912807594e+00
-3.742726979274032306e+00
-3.741073378231971613e+00
-3.739414953995681135e+00
-3.737750179434248476e+00
-3.736080564478756472e+00
-3.734404577022456984e+00
-3.732723731737057182e+00
-3.731036491518593401e+00
-3.729344375798063549e+00
-3.727645842453204406e+00
-3.725942415693021648e+00
-3.724232548355414618e+00
-3.722517769446618718e+00
-3.720796526743255228e+00
-3.719070354067935291e+00
-3.717337694114381197e+00
-3.715600085541090003e+00
-3.713855965937233439e+00
-3.712106878816850752e+00
-3.710351256642845375e+00
-3.708590647804592244e+00
-3.706823479616871531e+00
-3.705051305364596814e+00
-3.703272547192414166e+00
-3.701488763301199469e+00
-3.699698370643448975e+00
-3.697902932356419203e+00
-3.696100860178464842e+00
-3.694293722204171626e+00
-3.692479924935406999e+00
-3.690661041445107760e+00
-3.688835472976601970e+00
-3.687004797602369432e+00
-3.685167411284795858e+00
-3.683324897117681296e+00
-3.681475645760032833e+00
-3.679621245348656533e+00
-3.677760081216809418e+00
-3.675893746566506692e+00
-3.674020621382600993e+00
-3.672142303954686327e+00
-3.670257168896779110e+00
-3.668366819608637641e+00
-3.666469625310722069e+00
-3.664567194535987671e+00
-3.662657891088620499e+00
-3.660743328657971141e+00
-3.658821865609282131e+00
-3.656895120811825439e+00
-3.654961447168990851e+00
-3.653022468753879259e+00
-3.651076532985185974e+00
-3.649125269163976171e+00
-3.647167019201364990e+00
-3.645203417650801914e+00
-3.643232800892837631e+00
-3.641256808758184693e+00
-3.639273772073854385e+00
-3.637285335972786804e+00
-3.635289825705470435e+00
-3.633288891732585402e+00
-3.631280853704944800e+00
-3.629267367436786795e+00
-3.627246746956076073e+00
-3.625220653456737274e+00
-3.623187395320808690e+00
-3.621148639148257242e+00
-3.619102687652046235e+00
-3.617051212865006082e+00
-3.614992511807717523e+00
-3.612928261973173072e+00
-3.610856754666277091e+00
-3.608779672867614252e+00
-3.606695302143107629e+00
-3.604605330988953416e+00
-3.602508039208749402e+00
-3.600405120842453677e+00
-3.598294849908033388e+00
-3.596178926017875810e+00
-3.594055617380829570e+00
-3.591926629210826949e+00
-3.589790223884139930e+00
-3.587648112245568566e+00
-3.585498550815394925e+00
-3.583343256099075003e+00
-3.581180478737423734e+00
-3.579011940926734248e+00
-3.576835887404626657e+00
-3.574654046089021264e+00
-3.572464655790799970e+00
-3.570269450180227455e+00
-3.568066662117977295e+00
-3.565858031058093847e+00
-3.563641783887239178e+00
-3.561419665875115825e+00
-3.559189897910655542e+00
-3.556954231111337350e+00
-3.554710880344668311e+00
-3.552461602608511182e+00
-3.550204606725068324e+00
-3.547941655605637568e+00
-3.545670952003322718e+00
-3.543394264776213998e+00
-3.541109790584388239e+00
-3.538819304266598742e+00
-3.536520996365928315e+00
-3.534216647736090788e+00
-3.531904442779099984e+00
-3.529586168398243018e+00
-3.527260002830529650e+00
-3.524927739063822063e+00
-3.522587549145858699e+00
-3.520241232184793567e+00
-3.517886954014795009e+00
-3.515526519900186386e+00
-3.513158089437300458e+00
-3.510783474082912026e+00
-3.508400827171294978e+00
-3.506011966388367540e+00
-3.503615038781707103e+00
-3.501211868303782282e+00
-3.498800595690878090e+00
-3.496383051199490222e+00
-3.493957369230068721e+00
-3.491525386381188145e+00
-3.489085230692574147e+00
-3.486638745143426643e+00
-3.484184051387840597e+00
-3.481722998824434701e+00
-3.479253702696753159e+00
-3.476778018862136665e+00
-3.474294056128414798e+00
-3.471803676851328291e+00
-3.469304983377659024e+00
-3.466799844601812008e+00
-3.464286356384111087e+00
-3.461766394198005248e+00
-3.459238047391913540e+00
-3.456703198059237536e+00
-3.454159929010689911e+00
-3.451610129001140059e+00
-3.449051874277624385e+00
-3.446487060298154770e+00
-3.443913756720113017e+00
-3.441333865746801557e+00
-3.438745450419693039e+00
-3.436150419729888217e+00
-3.433546830076501966e+00
-3.430936597281468270e+00
-3.428317771074822495e+00
-3.425692274152685624e+00
-3.423058149549172757e+00
-3.420417326878204545e+00
-3.417767842450944560e+00
-3.415111632843428779e+00
-3.412446727616261999e+00
-3.409775070352136339e+00
-3.407094683833701954e+00
-3.404407518694970047e+00
-3.401711590912814831e+00
-3.399008858218030671e+00
-3.396297329753446892e+00
-3.393578970392223670e+00
-3.390851782414784132e+00
-3.388117737882742730e+00
-3.385374832185379379e+00
-3.382625044619037347e+00
-3.379866363652963557e+00
-3.377100775864871451e+00
-3.374326262774689056e+00
-3.371544818288660927e+00
-3.368754416947602248e+00
-3.365957060033783144e+00
-3.363150715078925046e+00
-3.360337390789106760e+00
-3.357515047656553175e+00
-3.354685701859322133e+00
-3.351847306819442096e+00
-3.349001886235349890e+00
-3.346147386427813064e+00
-3.343285838664393328e+00
-3.340415182133142036e+00
-3.337537455719971291e+00
-3.334650591448149459e+00
-3.331756635871365724e+00
-3.328853513815938747e+00
-3.325943279553109644e+00
-3.323023850679352353e+00
-3.320097289233550075e+00
-3.317161505549221623e+00
-3.314218569483324828e+00
-3.311266384072728997e+00
-3.308307027043088766e+00
-3.305338394100491239e+00
-3.302362570890458482e+00
-3.299377445753579607e+00
-3.296385112306553289e+00
-3.293383451489391156e+00
-3.290374564941497493e+00
-3.287356326166710918e+00
-3.284330844879187250e+00
-3.281295987110287360e+00
-3.278253870701083539e+00
-3.275202354173895269e+00
-3.272143563549168466e+00
-3.269075349802866626e+00
-3.265999847187623928e+00
-3.262914899095262111e+00
-3.259822648063643413e+00
-3.256720929862032765e+00
-3.253611895366897322e+00
-3.250493372685963944e+00
-3.247367521087895170e+00
-3.244232160979239499e+00
-3.241089460074877415e+00
-3.237937231039906383e+00
-3.234777650089596168e+00
-3.231608522106780512e+00
-3.228432031861492746e+00
-3.225245976412902671e+00
-3.222052549140536737e+00
-3.218849539237698565e+00
-3.215639148748421938e+00
-3.212419158957343424e+00
-3.209191780628335877e+00
-3.205954787093728608e+00
-3.202710397892900129e+00
-3.199456378361691833e+00
-3.196194956870718418e+00
-3.192923890714546964e+00
-3.189645417151031559e+00
-3.186357285387874327e+00
-3.183061741626587171e+00
-3.179756526941546646e+00
-3.176443896534687727e+00
-3.173121583299987059e+00
-3.169791851496604362e+00
-3.166452425790369674e+00
-3.163105579554883029e+00
-3.159749029179135249e+00
-3.156385057208734413e+00
-3.153011371706453847e+00
-3.149630264447615513e+00
-3.146239435118627803e+00
-3.142841184782668940e+00
-3.139433204698780955e+00
-3.136017805276257953e+00
-3.132592669295056087e+00
-3.129160116569294825e+00
-3.125717821347225645e+00
-3.122268112906725790e+00
-3.118808656910909693e+00
-3.115341792160688072e+00
-3.111865175679775941e+00
-3.108381155851667632e+00
-3.104887381005587255e+00
-3.101386209167496411e+00
-3.097875279916218361e+00
-3.094356960980289895e+00
-3.090828883131277127e+00
-3.087293423860909769e+00
-3.083748205075798943e+00
-3.080195614091680856e+00
-3.076633263891619396e+00
-3.073063551676628702e+00
-3.069484081446679724e+00
-3.065897260349546460e+00
-3.062300683341780516e+00
-3.058696767579963893e+00
-3.055083098915814421e+00
-3.051462104576931900e+00
-3.047831361247989257e+00
-3.044193306290342793e+00
-3.040545507158487482e+00
-3.036890411410561263e+00
-3.033225577206716483e+00
-3.029553462365293104e+00
-3.025871615687165672e+00
-3.022182505314745526e+00
-3.018483670623504533e+00
-3.014777590144238406e+00
-3.011061793760107186e+00
-3.007338770454983212e+00
-3.003606040551744627e+00
-2.999866103552507379e+00
-2.996116470150911315e+00
-2.992359650432906193e+00
-2.988593145393097839e+00
-2.984819475767330754e+00
-2.981036132780123804e+00
-2.977245647883868251e+00
-2.973445502461099732e+00
-2.969638238747789316e+00
-2.965821328211622809e+00
-2.961997323939598470e+00
-2.958163687410613196e+00
-2.954322982630915639e+00
-2.950472661015603570e+00
-2.946615297558725644e+00
-2.942748333535575522e+00
-2.938874354997250915e+00
-2.934990793002188791e+00
-2.931100244728213067e+00
-2.927200130938861555e+00
-2.923293060009116928e+00
-2.919376442328300403e+00
-2.915452897539537958e+00
-2.911519825577802756e+00
-2.907579857425788283e+00
-2.903630382482936589e+00
-2.899674043143711799e+00
-2.895708218189532168e+00
-2.891735561499629181e+00
-2.887753441153903644e+00
-2.883764522589826296e+00
-2.879766163101232568e+00
-2.875761039758087723e+00
-2.871746498982482354e+00
-2.867725229551819854e+00
-2.863694566929669172e+00
-2.859657211676490896e+00
-2.855610488209516795e+00
-2.851557108948655994e+00
-2.847494387175708574e+00
-2.843425047247288173e+00
-2.839346391219585986e+00
-2.835261155463897342e+00
-2.831166630719447408e+00
-2.827065565451039930e+00
-2.822955238988492432e+00
-2.818838411969676994e+00
-2.814712352221462321e+00
-2.810579832635212050e+00
-2.806438109439917117e+00
-2.802289967861955944e+00
-2.798132652436471357e+00
-2.793968960806964219e+00
-2.789796125717594055e+00
-2.785616957312251341e+00
-2.781428676445574677e+00
-2.777234105846035028e+00
-2.773030454379179055e+00
-2.768820557443110175e+00
-2.764601611813397142e+00
-2.760376465643932686e+00
-2.756142303518277714e+00
-2.751901986433065606e+00
-2.747652686676579137e+00
-2.743397278176463061e+00
-2.739132920820930739e+00
-2.734862501557942416e+00
-2.730583167769918163e+00
-2.726297819515197229e+00
-2.722003591563314728e+00
-2.717703397174581870e+00
-2.713394358397049899e+00
-2.709079401785545294e+00
-2.704755636556888110e+00
-2.700426002654221946e+00
-2.696087596352016114e+00
-2.691743371076647851e+00
-2.687390410047781675e+00
-2.683031680271231956e+00
-2.678664251798002827e+00
-2.674291105310734107e+00
-2.669909297576731344e+00
-2.665521823054099126e+00
-2.661125725109793283e+00
-2.656724012077495090e+00
-2.652313713805731332e+00
-2.647897852605161084e+00
-2.643473444686546436e+00
-2.639043526440109755e+00
-2.634605100318102355e+00
-2.630161216894419063e+00
-2.625708864740424531e+00
-2.621251108719258038e+00
-2.616784923397557083e+00
-2.612313388034795292e+00
-2.607833463067678714e+00
-2.603348242260294931e+00
-2.598854671792644844e+00
-2.594355860043546791e+00
-2.589848738807896567e+00
-2.585336431190767836e+00
-2.580815854472057413e+00
-2.576290146596261987e+00
-2.571756210196789461e+00
-2.567217198172277559e+00
-2.562669998376533531e+00
-2.558117778778747464e+00
-2.553557412318449238e+00
-2.548992082153378913e+00
-2.544418646172498466e+00
-2.539840302841889663e+00
-2.535253894861752233e+00
-2.530662636128151899e+00
-2.526063354012814788e+00
-2.521459277965035994e+00
-2.516847219886561682e+00
-2.512230424905133930e+00
-2.507605689309239771e+00
-2.502976274032024939e+00
-2.498338959603744414e+00
-2.493697022891816051e+00
-2.489047228521350519e+00
-2.484392869424956629e+00
-2.479730694173863714e+00
-2.475064011898642224e+00
-2.470389554966100132e+00
-2.465710648839496422e+00
-2.461024009528821388e+00
-2.456332978966863312e+00
-2.451634256652257982e+00
-2.446931201126310462e+00
-2.442220495219923571e+00
-2.437505514224006298e+00
-2.432782924143230385e+00
-2.428056117161375926e+00
-2.423321742296399073e+00
-2.418583208770416881e+00
-2.413837148452047998e+00
-2.409086987749529118e+00
-2.404329341217465110e+00
-2.399567652600146150e+00
-2.394798518971288814e+00
-2.390025401563662832e+00
-2.385244879801061924e+00
-2.380460432559417416e+00
-2.375668621441214601e+00
-2.370872943122817045e+00
-2.366069941211889738e+00
-2.361263130344787964e+00
-2.356449035958395832e+00
-2.351631190811323435e+00
-2.346806101991316229e+00
-2.341977320544074370e+00
-2.337141335027381750e+00
-2.332301714941547477e+00
-2.327454930131143573e+00
-2.322604568721175156e+00
-2.317747081657208330e+00
-2.312886075861858792e+00
-2.308017983193427103e+00
-2.303146429547639595e+00
-2.298267827504592908e+00
-2.293385822111756678e+00
-2.288496806477309242e+00
-2.283604444981788273e+00
-2.278705111065135291e+00
-2.273802488625378260e+00
-2.268892931234960386e+00
-2.263980142496841541e+00
-2.259060455913930010e+00
-2.254137594984533255e+00
-2.249207872937105446e+00
-2.244275033358965388e+00
-2.239335368996200337e+00
-2.234392643721899940e+00
-2.229443129588822181e+00
-2.224490610956026959e+00
-2.219531338968802725e+00
-2.214569118675523640e+00
-2.209600180096887634e+00
-2.204628349177520263e+00
-2.199649834592855235e+00
-2.194668483394153657e+00
-2.189680482687833774e+00
-2.184689700845635407e+00
-2.179692303177827029e+00
-2.174692179594039487e+00
-2.169685473377766627e+00
-2.164676096197812427e+00
-2.159660169076619063e+00
-2.154641625667141014e+00
-2.149616564493000315e+00
-2.144588941420106032e+00
-2.139554832231818082e+00
-2.134518215239665562e+00
-2.129475143241471358e+00
-2.124429617231263556e+00
-2.119377666772062963e+00
-2.114323315781250656e+00
-2.109262570334096143e+00
-2.104199477516320194e+00
-2.099130019658185908e+00
-2.094058267263179118e+00
-2.088980178655317488e+00
-2.083899848009523659e+00
-2.078813209377956106e+00
-2.073724380865190398e+00
-2.068629271981767381e+00
-2.063532025024592986e+00
-2.058428524688177497e+00
-2.053322937729296527e+00
-2.048211123747533779e+00
-2.043097274231721272e+00
-2.037977223403097504e+00
-2.032855187759404991e+00
-2.027726975855302705e+00
-2.022596829479688108e+00
-2.017460531227285081e+00
-2.012322348465349187e+00
-2.007178037530562342e+00
-2.002031891660830176e+00
-1.996879640631561426e+00
-1.991725603848954584e+00
-1.986565484218576039e+00
-1.981403627618238295e+00
-1.976235709769722515e+00
-1.971066103331021724e+00
-1.965890456520848373e+00
-1.960713169091865327e+00
-1.955529861434581740e+00
-1.950344960716710707e+00
-1.945154059169652339e+00
-1.939961611702394118e+00
-1.934763182050583064e+00
-1.929563253196923345e+00
-1.924357360038345677e+00
-1.919150013969987079e+00
-1.913936720700990302e+00
-1.908722020384017171e+00
-1.903501389184966808e+00
-1.898279396365793348e+00
-1.893051488187029063e+00
-1.887822263378367671e+00
-1.882587137926251097e+00
-1.877350740393437079e+00
-1.872108456116608588e+00
-1.866864943864037452e+00
-1.861615557939911847e+00
-1.856364987697685098e+00
-1.851108556019093854e+00
-1.845850983229942122e+00
-1.840587560391818034e+00
-1.835323039197803263e+00
-1.830052678484297424e+00
-1.824781261714162772e+00
-1.819504015085581683e+00
-1.814225754241798327e+00
-1.808941672321711103e+00
-1.803656617567966913e+00
-1.798365749630708166e+00
-1.793073949779215415e+00
-1.787776343737067508e+00
-1.782477846236184993e+00
-1.777173548626878041e+00
-1.771868399548669926e+00
-1.766557455522965059e+00
-1.761245699550861854e+00
-1.755928152859977276e+00
-1.750609833276512317e+00
-1.745285726259851566e+00
-1.739960884934338203e+00
-1.734630258507005696e+00
-1.729298935883300858e+00
-1.723961829523742884e+00
-1.718624064608025082e+00
-1.713280516345579096e+00
-1.707936346694092000e+00
-1.702586393096598094e+00
-1.697235854803168742e+00
-1.691879530964478295e+00
-1.686522658648338391e+00
-1.681159998175684400e+00
-1.675796824968957655e+00
-1.670427859970413431e+00
-1.665058417505532740e+00
-1.659683178577183060e+00
-1.654307496974352754e+00
-1.648926013187435480e+00
-1.643544121041882633e+00
-1.638156419929736707e+00
-1.632768344298653806e+00
-1.627374451843663028e+00
-1.621980218233319615e+00
-1.616580158853395011e+00
-1.611179791205743728e+00
-1.605773587740894737e+00
-1.600367108420155171e+00
-1.594954782118645831e+00
-1.589542211897593260e+00
-1.584123782401859248e+00
-1.578705140447917321e+00
-1.573280625780321573e+00
-1.567855929641315482e+00
-1.562425346189467268e+00
-1.556994611779018101e+00
-1.551557974280939778e+00
-1.546121215863765608e+00
-1.540678537392522252e+00
-1.535235767569165466e+00
-1.529787059517221381e+00
-1.524338289208460040e+00
-1.518883561271739513e+00
-1.513428799702605021e+00
-1.507968059863861843e+00
-1.502507314547295136e+00
-1.497040569059292281e+00
-1.491573845779169627e+00
-1.486101099147209892e+00
-1.480628401941135763e+00
-1.475149656905020201e+00
-1.469670988046273941e+00
-1.464186245561990063e+00
-1.458701605541188551e+00
-1.453210864761691257e+00
-1.447720252267706176e+00
-1.442223510523227503e+00
-1.436726922423555708e+00
-1.431224175201237347e+00
-1.425721606521662910e+00
-1.420212847444460413e+00
-1.414704291348028553e+00
-1.409189512152955848e+00
-1.403674959918209897e+00
-1.398154150433698506e+00
-1.392633591432083318e+00
-1.387106739554541335e+00
-1.381580161227097703e+00
-1.376047252896684725e+00
-1.370514640729701306e+00
-1.364975659905044214e+00
-1.359436997404928515e+00
-1.353891926036909332e+00
-1.348347194704074603e+00
-1.342796012708681541e+00
-1.337245192010245942e+00
-1.331687877240329776e+00
-1.326130944581880744e+00
-1.320567472797505637e+00
-1.315004403493785112e+00
-1.309434748331884890e+00
-1.303865515576027478e+00
-1.298289648518220263e+00
-1.292714223350015068e+00
-1.287132113689570367e+00
-1.281550464962126767e+00
-1.275962079769286106e+00
-1.270374174114426991e+00
-1.264779478200126706e+00
-1.259185279992371731e+00
-1.253584235870816022e+00
-1.247983707189566305e+00
-1.242376275038721944e+00
-1.236769375628990586e+00
-1.231155513249541311e+00
-1.225542200480990163e+00
-1.219921863253495387e+00
-1.214302092077375717e+00
-1.208675232917394426e+00
-1.203048955821883315e+00
-1.197415525133149750e+00
-1.191782692096323037e+00
-1.186142637721761206e+00
-1.180503196162702606e+00
-1.174856463333118661e+00
-1.169210358060609911e+00
-1.163556889341024192e+00
-1.157904062499872655e+00
-1.152243797733364383e+00
-1.146584188748160926e+00
-1.140917064996897379e+00
-1.135250610513156122e+00
-1.129576561996952666e+00
-1.123903195819419443e+00
-1.118222153850744860e+00
-1.112541806878684758e+00
-1.106853699795018242e+00
-1.101166299954356997e+00
-1.095471053047049503e+00
-1.089776525219187331e+00
-1.084074060658565264e+00
-1.078372326605608000e+00
-1.072662563362698718e+00
-1.066953541648953063e+00
-1.061236395412854527e+00
-1.055520001322382440e+00
-1.049795384413664046e+00
-1.044071529863512593e+00
-1.038339351143150235e+00
-1.032607944592140337e+00
-1.026868109365460802e+00
-1.021129055718301482e+00
-1.015381465633977909e+00
-1.009634666140182935e+00
-1.003879219084041097e+00
-9.981245712315129914e-01
-9.923611612142893001e-01
-9.865985586172227872e-01
-9.808270756563586268e-01
-9.750564079369067327e-01
-9.692767379319007226e-01
-9.634978905954820760e-01
-9.577099151962764623e-01
-9.519227694997552947e-01
-9.461263659675227533e-01
-9.403307987802451695e-01
-9.345258398404805433e-01
-9.287217234970317481e-01
-9.229080771840921793e-01
-9.170952793288729143e-01
-9.112728088213959410e-01
-9.054511922439041349e-01
-8.996197556905973780e-01
-8.937891781511603240e-01
-8.879486284859765544e-01
-8.821089425309789345e-01
-8.762591272772881634e-01
-8.704101800430905644e-01
-8.645509411057925586e-01
-8.586925741107492849e-01
-8.528237475552350455e-01
-8.469557964787489679e-01
-8.410772122961936992e-01
-8.351995067436773779e-01
-8.293109886010687770e-01
-8.234233518540263752e-01
-8.175247168280650456e-01
-8.116269655778316494e-01
-8.057180238712305931e-01
-7.998099679351384772e-01
-7.938905225739125715e-01
-7.879719645925575833e-01
-7.820418111028389907e-01
-7.761125462166246214e-01
-7.701714722789445577e-01
-7.642312877823175254e-01
-7.582790728618119536e-01
-7.523277478333075807e-01
-7.463641627833441650e-01
-7.404014676891094160e-01
-7.344262743262990334e-01
-7.284519705949236146e-01
-7.224649212425939826e-01
-7.164787608083875714e-01
-7.104795978057514283e-01
-7.044813226178596732e-01
-6.984697777917830974e-01
-6.924591192854803179e-01
-6.864349133806693093e-01
-6.804115919078340680e-01
-6.743744339720233461e-01
-6.683381581857369413e-01
-6.622877449050681431e-01
-6.562382110948856706e-01
-6.501742260740609458e-01
-6.441111174459844824e-01
-6.380332304279499045e-01
-6.319562163238761077e-01
-6.258640823420751342e-01
-6.197728173917940175e-01
-6.136660758480320110e-01
-6.075601990468064706e-01
-6.014384727059467473e-01
-5.953176064089235053e-01
-5.891805003012546837e-01
-5.830442491255477533e-01
-5.768913493458792674e-01
-5.707392989692606777e-01
-5.645701713600085325e-01
-5.584018872038714054e-01
-5.522160759086316428e-01
-5.460311016909001891e-01
-5.398281275610887775e-01
-5.336259837027822472e-01
-5.274053425394606975e-01
-5.211855244057793657e-01
-5.149466850136973362e-01
-5.087086609678141969e-01
-5.024510629966418840e-01
-4.961942722404329431e-01
-4.899173237831350169e-01
-4.836411739548883149e-01
-4.773442488678418805e-01
-4.710481133620166849e-01
-4.647305482659529474e-01
-4.584137632332543899e-01
-4.520748541452592750e-01
-4.457367151241936609e-01
-4.393757136630933591e-01
-4.330154717844300061e-01
-4.266315808790356878e-01
-4.202484385733374905e-01
-4.138408075899003835e-01
-4.074339137140425837e-01
-4.010016329007582980e-01
-3.945700771815550678e-01
-3.881121713065580625e-01
-3.816549779774117135e-01
-3.751703990075812012e-01
-3.686865194864748507e-01
-3.621741381200338505e-01
-3.556624425404001366e-01
-3.491210383586731414e-01
-3.425803057199444668e-01
-3.360085556655025285e-01
-3.294374623094449839e-01
-3.228339271186722037e-01
-3.162310331600049484e-01
-3.095941412746513466e-01
-3.029578745105270809e-01
-2.962859028539797102e-01
-2.896145395377561771e-01
-2.829055903525320992e-01
-2.761972320285008831e-01
-2.694492047110912947e-01
-2.627017500458833088e-01
-2.559123065502363348e-01
-2.491234167325225290e-01
-2.422899385942042239e-01
-2.354569943544957411e-01
-2.285765286338526658e-01
-2.216965761822256853e-01
-2.147657665068095079e-01
-2.078354485688891085e-01
-2.008504457581936076e-01
-1.938659121919712180e-01
-1.868222562998750058e-01
-1.797790461288781838e-01
-1.726715074799007321e-01
-1.655643899171668765e-01
-1.583867496147387810e-01
-1.512095045558096429e-01
-1.439542426108752771e-01
-1.366993487426524934e-01
-1.293571854919069730e-01
-1.220153616841406913e-01
-1.145745547041196744e-01
-1.071340568866119142e-01
-9.957926534483566017e-02
-9.202475080602051660e-02
-8.433507404755462289e-02
-7.664563994130713098e-02
-6.879091286114313863e-02
-6.093639144992870488e-02
-5.286924648354380391e-02
-4.480226689856622174e-02
-3.643749620826480101e-02
-2.807284615652649862e-02
-1.921173249202623792e-02
-1.035068779852216236e-02
-3.757100284706278095e-15
